"area_fips","own_code","industry_code","agglvl_code","size_code","year","qtr","disclosure_code","area_title","own_title","industry_title","agglvl_title","size_title","annual_avg_estabs_count","annual_avg_emplvl","total_annual_wages","taxable_annual_wages","annual_contributions","annual_avg_wkly_wage","avg_annual_pay","lq_disclosure_code","lq_annual_avg_estabs_count","lq_annual_avg_emplvl","lq_total_annual_wages","lq_taxable_annual_wages","lq_annual_contributions","lq_annual_avg_wkly_wage","lq_avg_annual_pay","oty_disclosure_code","oty_annual_avg_estabs_count_chg","oty_annual_avg_estabs_count_pct_chg","oty_annual_avg_emplvl_chg","oty_annual_avg_emplvl_pct_chg","oty_total_annual_wages_chg","oty_total_annual_wages_pct_chg","oty_taxable_annual_wages_chg","oty_taxable_annual_wages_pct_chg","oty_annual_contributions_chg","oty_annual_contributions_pct_chg","oty_annual_avg_wkly_wage_chg","oty_annual_avg_wkly_wage_pct_chg","oty_avg_annual_pay_chg","oty_avg_annual_pay_pct_chg"
"06065","0","10","70","0","2022","A","","Riverside County, California","Total Covered","10 Total, all industries","County, Total Covered","All establishment sizes",75672,805582,44700044395,6263173618,195283545,1067,55488,"",1.00,1.00,1.00,1.00,1.00,1.00,1.00,"",2528,3.5,44029,5.8,3762630270,9.2,237537300,3.9,-22737662,-10.4,33,3.2,1733,3.2
"06065","1","10","71","0","2022","A","","Riverside County, California","Federal Government","10 Total, all industries","County, Total -- by ownership sector","All establishment sizes",115,7433,684630298,0,0,1771,92112,"",0.29,0.48,0.61,0.00,0.00,1.25,1.25,"",-4,-3.4,-13,-0.2,21634886,3.3,0,0.0,0,0.0,59,3.4,3075,3.5
"06065","1","102","72","0","2022","A","","Riverside County, California","Federal Government","102 Service-providing","County, by Domain -- by ownership sector","All establishment sizes",115,7433,684630298,0,0,1771,92112,"",0.29,0.49,0.62,0.00,0.00,1.25,1.25,"",-4,-3.4,-13,-0.2,21634886,3.3,0,0.0,0,0.0,59,3.4,3075,3.5
"06065","1","1021","73","0","2022","A","","Riverside County, California","Federal Government","1021 Trade, transportation, and utilities","County, by Supersector -- by ownership sector","All establishment sizes",45,2493,164734324,0,0,1271,66088,"",0.23,0.70,0.83,0.00,0.00,1.20,1.20,"",0,0.0,-7,-0.3,-5650918,-3.3,0,0.0,0,0.0,-40,-3.1,-2068,-3.0
"06065","1","1023","73","0","2022","A","","Riverside County, California","Federal Government","1023 Financial activities","County, by Supersector -- by ownership sector","All establishment sizes",1,9,873261,0,0,1849,96139,"",0.19,0.13,0.13,0.00,0.00,0.93,0.93,"",0,0.0,0,0.0,21164,2.5,0,0.0,0,0.0,77,4.3,4020,4.4
"06065","1","1024","73","0","2022","A","","Riverside County, California","Federal Government","1024 Professional and business services","County, by Supersector -- by ownership sector","All establishment sizes",2,50,4710181,0,0,1830,95155,"",0.21,0.13,0.17,0.00,0.00,1.26,1.26,"",0,0.0,2,4.2,90404,2.0,0,0.0,0,0.0,-18,-1.0,-924,-1.0
"06065","1","1025","73","0","2022","A","","Riverside County, California","Federal Government","1025 Education and health services","County, by Supersector -- by ownership sector","All establishment sizes",1,12,996591,0,0,1554,80805,"",0.11,0.01,0.01,0.00,0.00,1.09,1.09,"",0,0.0,-3,-20.0,-418763,-29.6,0,0.0,0,0.0,-241,-13.4,-12515,-13.4
"06065","1","1026","73","0","2022","A","","Riverside County, California","Federal Government","1026 Leisure and hospitality","County, by Supersector -- by ownership sector","All establishment sizes",7,54,1739231,0,0,622,32358,"",0.73,0.22,0.16,0.00,0.00,0.71,0.71,"",0,0.0,-2,-3.6,97296,5.9,0,0.0,0,0.0,58,10.3,3038,10.4
"06065","1","1027","73","0","2022","A","","Riverside County, California","Federal Government","1027 Other services","County, by Supersector -- by ownership sector","All establishment sizes",1,64,4292715,0,0,1297,67425,"",0.96,2.47,3.40,0.00,0.00,1.38,1.38,"",0,0.0,-1,-1.5,253615,6.3,0,0.0,0,0.0,97,8.1,5045,8.1
"06065","1","1028","73","0","2022","A","","Riverside County, California","Federal Government","1028 Public administration","County, by Supersector -- by ownership sector","All establishment sizes",58,4752,507283995,0,0,2053,106761,"",0.35,0.56,0.73,0.00,0.00,1.31,1.31,"",-4,-6.5,-1,0.0,27242088,5.7,0,0.0,0,0.0,111,5.7,5765,5.7
"06065","1","44-45","74","0","2022","A","","Riverside County, California","Federal Government","NAICS 44-45 Retail trade","County, NAICS Sector -- by ownership sector","All establishment sizes",1,52,2617118,0,0,973,50572,"",0.21,0.24,0.40,0.00,0.00,1.72,1.72,"",0,0.0,-1,-1.9,41210,1.6,0,0.0,0,0.0,41,4.4,2122,4.4
"06065","1","445","75","0","2022","A","","Riverside County, California","Federal Government","NAICS 445 Food and beverage retailers","County, NAICS 3-digit -- by ownership sector","All establishment sizes",1,52,2617118,0,0,973,50572,"",0.74,0.97,1.29,0.00,0.00,1.34,1.34,"",0,0.0,-1,-1.9,41210,1.6,0,0.0,0,0.0,41,4.4,2122,4.4
"06065","1","4451","76","0","2022","A","","Riverside County, California","Federal Government","NAICS 4451 Grocery and convenience retailers","County, NAICS 4-digit -- by ownership sector","All establishment sizes",1,52,2617118,0,0,973,50572,"",0.74,0.97,1.29,0.00,0.00,1.34,1.34,"",0,0.0,-1,-1.9,41210,1.6,0,0.0,0,0.0,41,4.4,2122,4.4
"06065","1","44511","77","0","2022","A","","Riverside County, California","Federal Government","NAICS 44511 Supermarkets and other grocery retailers (except convenience retailers)","County, NAICS 5-digit -- by ownership sector","All establishment sizes",1,52,2617118,0,0,973,50572,"",0.86,1.03,1.35,0.00,0.00,1.32,1.32,"",0,0.0,-1,-1.9,41210,1.6,0,0.0,0,0.0,41,4.4,2122,4.4
"06065","1","445110","78","0","2022","A","","Riverside County, California","Federal Government","NAICS 445110 Supermarkets and other grocery retailers (except convenience retailers)","County, NAICS 6-digit -- by ownership sector","All establishment sizes",1,52,2617118,0,0,973,50572,"",0.86,1.03,1.35,0.00,0.00,1.32,1.32,"",0,0.0,-1,-1.9,41210,1.6,0,0.0,0,0.0,41,4.4,2122,4.4
"06065","1","48-49","74","0","2022","A","","Riverside County, California","Federal Government","NAICS 48-49 Transportation and warehousing","County, NAICS Sector -- by ownership sector","All establishment sizes",44,2441,162117206,0,0,1277,66417,"",0.23,0.74,0.88,0.00,0.00,1.19,1.19,"",0,0.0,-6,-0.2,-5692128,-3.4,0,0.0,0,0.0,-42,-3.2,-2168,-3.2
"06065","1","491","75","0","2022","A","","Riverside County, California","Federal Government","NAICS 491 Postal service","County, NAICS 3-digit -- by ownership sector","All establishment sizes",44,2441,162117206,0,0,1277,66417,"",0.23,0.76,0.92,0.00,0.00,1.22,1.22,"",0,0.0,-6,-0.2,-5692128,-3.4,0,0.0,0,0.0,-42,-3.2,-2168,-3.2
"06065","1","4911","76","0","2022","A","","Riverside County, California","Federal Government","NAICS 4911 Postal service","County, NAICS 4-digit -- by ownership sector","All establishment sizes",44,2441,162117206,0,0,1277,66417,"",0.23,0.76,0.92,0.00,0.00,1.22,1.22,"",0,0.0,-6,-0.2,-5692128,-3.4,0,0.0,0,0.0,-42,-3.2,-2168,-3.2
"06065","1","49111","77","0","2022","A","","Riverside County, California","Federal Government","NAICS 49111 Postal service","County, NAICS 5-digit -- by ownership sector","All establishment sizes",44,2441,162117206,0,0,1277,66417,"",0.23,0.76,0.92,0.00,0.00,1.22,1.22,"",0,0.0,-6,-0.2,-5692128,-3.4,0,0.0,0,0.0,-42,-3.2,-2168,-3.2
"06065","1","491110","78","0","2022","A","","Riverside County, California","Federal Government","NAICS 491110 Postal service","County, NAICS 6-digit -- by ownership sector","All establishment sizes",44,2441,162117206,0,0,1277,66417,"",0.23,0.76,0.92,0.00,0.00,1.22,1.22,"",0,0.0,-6,-0.2,-5692128,-3.4,0,0.0,0,0.0,-42,-3.2,-2168,-3.2
"06065","1","52","74","0","2022","A","","Riverside County, California","Federal Government","NAICS 52 Finance and insurance","County, NAICS Sector -- by ownership sector","All establishment sizes",1,9,873261,0,0,1849,96139,"",0.19,0.13,0.13,0.00,0.00,0.93,0.93,"",0,0.0,0,0.0,21164,2.5,0,0.0,0,0.0,77,4.3,4020,4.4
"06065","1","522","75","0","2022","A","","Riverside County, California","Federal Government","NAICS 522 Credit intermediation and related activities","County, NAICS 3-digit -- by ownership sector","All establishment sizes",1,9,873261,0,0,1849,96139,"",0.24,0.27,0.31,0.00,0.00,1.15,1.15,"",0,0.0,0,0.0,21164,2.5,0,0.0,0,0.0,77,4.3,4020,4.4
"06065","1","5222","76","0","2022","A","","Riverside County, California","Federal Government","NAICS 5222 Nondepository credit intermediation","County, NAICS 4-digit -- by ownership sector","All establishment sizes",1,9,873261,0,0,1849,96139,"",0.24,0.27,0.31,0.00,0.00,1.15,1.15,"",0,0.0,0,0.0,21164,2.5,0,0.0,0,0.0,77,4.3,4020,4.4
"06065","1","52229","77","0","2022","A","","Riverside County, California","Federal Government","NAICS 52229 Other nondepository credit intermediation","County, NAICS 5-digit -- by ownership sector","All establishment sizes",1,9,873261,0,0,1849,96139,"",0.24,0.27,0.31,0.00,0.00,1.15,1.15,"",0,0.0,0,0.0,21164,2.5,0,0.0,0,0.0,77,4.3,4020,4.4
"06065","1","522292","78","0","2022","A","","Riverside County, California","Federal Government","NAICS 522292 Real estate credit","County, NAICS 6-digit -- by ownership sector","All establishment sizes",1,9,873261,0,0,1849,96139,"",0.52,0.55,0.76,0.00,0.00,1.38,1.38,"",0,0.0,0,0.0,21164,2.5,0,0.0,0,0.0,77,4.3,4020,4.4
"06065","1","54","74","0","2022","A","","Riverside County, California","Federal Government","NAICS 54 Professional, scientific, and technical services","County, NAICS Sector -- by ownership sector","All establishment sizes",2,49,4697589,0,0,1834,95383,"",0.24,0.14,0.17,0.00,0.00,1.25,1.25,"",0,0.0,1,2.1,77812,1.7,0,0.0,0,0.0,-14,-0.8,-696,-0.7
"06065","1","541","75","0","2022","A","","Riverside County, California","Federal Government","NAICS 541 Professional, scientific, and technical services","County, NAICS 3-digit -- by ownership sector","All establishment sizes",2,49,4697589,0,0,1834,95383,"",0.24,0.14,0.17,0.00,0.00,1.25,1.25,"",0,0.0,1,2.1,77812,1.7,0,0.0,0,0.0,-14,-0.8,-696,-0.7
"06065","1","5413","76","0","2022","A","","Riverside County, California","Federal Government","NAICS 5413 Architectural, engineering, and related services","County, NAICS 4-digit -- by ownership sector","All establishment sizes",1,35,3291807,0,0,1830,95185,"",0.19,0.12,0.16,0.00,0.00,1.30,1.30,"",0,0.0,1,2.9,-91837,-2.7,0,0.0,0,0.0,-65,-3.4,-3368,-3.4
"06065","1","54133","77","0","2022","A","","Riverside County, California","Federal Government","NAICS 54133 Engineering services","County, NAICS 5-digit -- by ownership sector","All establishment sizes",1,35,3291807,0,0,1830,95185,"",0.19,0.13,0.16,0.00,0.00,1.30,1.30,"",0,0.0,1,2.9,-91837,-2.7,0,0.0,0,0.0,-65,-3.4,-3368,-3.4
"06065","1","541330","78","0","2022","A","","Riverside County, California","Federal Government","NAICS 541330 Engineering services","County, NAICS 6-digit -- by ownership sector","All establishment sizes",1,35,3291807,0,0,1830,95185,"",0.19,0.13,0.16,0.00,0.00,1.30,1.30,"",0,0.0,1,2.9,-91837,-2.7,0,0.0,0,0.0,-65,-3.4,-3368,-3.4
"06065","1","5417","76","0","2022","A","","Riverside County, California","Federal Government","NAICS 5417 Scientific research and development services","County, NAICS 4-digit -- by ownership sector","All establishment sizes",1,15,1405782,0,0,1843,95849,"",1.52,0.39,0.37,0.00,0.00,0.97,0.97,"",0,0.0,1,7.1,169649,13.7,0,0.0,0,0.0,114,6.6,5948,6.6
"06065","1","54171","77","0","2022","A","","Riverside County, California","Federal Government","NAICS 54171 Research and development in the physical, engineering, and life sciences","County, NAICS 5-digit -- by ownership sector","All establishment sizes",1,15,1405782,0,0,1843,95849,"",1.54,0.39,0.37,0.00,0.00,0.97,0.97,"",0,0.0,1,7.1,169649,13.7,0,0.0,0,0.0,114,6.6,5948,6.6
"06065","1","541715","78","0","2022","A","","Riverside County, California","Federal Government","NAICS 541715 Research and development in the physical, engineering, and life sciences (except nanotechnology and biotechnology)","County, NAICS 6-digit -- by ownership sector","All establishment sizes",1,15,1405782,0,0,1843,95849,"",1.83,0.55,0.49,0.00,0.00,0.92,0.92,"",0,0.0,1,7.1,169649,13.7,0,0.0,0,0.0,114,6.6,5948,6.6
"06065","1","56","74","0","2022","A","","Riverside County, California","Federal Government","NAICS 56 Administrative and support and waste management and remediation services","County, NAICS Sector -- by ownership sector","All establishment sizes",0,0,12592,0,0,969,50368,"",0.00,0.00,0.04,0.00,0.00,1.34,1.34,"N",0,0,0,0,0,0,0,0,0,0,0,0,0,0
"06065","1","561","75","0","2022","A","","Riverside County, California","Federal Government","NAICS 561 Administrative and support services","County, NAICS 3-digit -- by ownership sector","All establishment sizes",0,0,12592,0,0,969,50368,"",0.00,0.00,0.04,0.00,0.00,1.34,1.34,"N",0,0,0,0,0,0,0,0,0,0,0,0,0,0
"06065","1","5615","76","0","2022","A","","Riverside County, California","Federal Government","NAICS 5615 Travel arrangement and reservation services","County, NAICS 4-digit -- by ownership sector","All establishment sizes",0,0,12592,0,0,969,50368,"",0.00,0.00,0.17,0.00,0.00,1.86,1.86,"N",0,0,0,0,0,0,0,0,0,0,0,0,0,0
"06065","1","56152","77","0","2022","A","","Riverside County, California","Federal Government","NAICS 56152 Tour operators","County, NAICS 5-digit -- by ownership sector","All establishment sizes",0,0,12592,0,0,969,50368,"",0.00,0.00,1.12,0.00,0.00,1.97,1.97,"N",0,0,0,0,0,0,0,0,0,0,0,0,0,0
"06065","1","561520","78","0","2022","A","","Riverside County, California","Federal Government","NAICS 561520 Tour operators","County, NAICS 6-digit -- by ownership sector","All establishment sizes",0,0,12592,0,0,969,50368,"",0.00,0.00,1.12,0.00,0.00,1.97,1.97,"N",0,0,0,0,0,0,0,0,0,0,0,0,0,0
"06065","1","62","74","0","2022","A","","Riverside County, California","Federal Government","NAICS 62 Health care and social assistance","County, NAICS Sector -- by ownership sector","All establishment sizes",1,12,996591,0,0,1554,80805,"",0.12,0.01,0.01,0.00,0.00,1.08,1.08,"",0,0.0,-3,-20.0,-418763,-29.6,0,0.0,0,0.0,-241,-13.4,-12515,-13.4
"06065","1","622","75","0","2022","A","","Riverside County, California","Federal Government","NAICS 622 Hospitals","County, NAICS 3-digit -- by ownership sector","All establishment sizes",1,12,996591,0,0,1554,80805,"",0.38,0.01,0.01,0.00,0.00,1.06,1.06,"",0,0.0,-3,-20.0,-418763,-29.6,0,0.0,0,0.0,-241,-13.4,-12515,-13.4
"06065","1","6221","76","0","2022","A","","Riverside County, California","Federal Government","NAICS 6221 General medical and surgical hospitals","County, NAICS 4-digit -- by ownership sector","All establishment sizes",1,12,996591,0,0,1554,80805,"",0.38,0.01,0.01,0.00,0.00,1.06,1.06,"",0,0.0,-3,-20.0,-418763,-29.6,0,0.0,0,0.0,-241,-13.4,-12515,-13.4
"06065","1","62211","77","0","2022","A","","Riverside County, California","Federal Government","NAICS 62211 General medical and surgical hospitals","County, NAICS 5-digit -- by ownership sector","All establishment sizes",1,12,996591,0,0,1554,80805,"",0.38,0.01,0.01,0.00,0.00,1.06,1.06,"",0,0.0,-3,-20.0,-418763,-29.6,0,0.0,0,0.0,-241,-13.4,-12515,-13.4
"06065","1","622110","78","0","2022","A","","Riverside County, California","Federal Government","NAICS 622110 General medical and surgical hospitals","County, NAICS 6-digit -- by ownership sector","All establishment sizes",1,12,996591,0,0,1554,80805,"",0.38,0.01,0.01,0.00,0.00,1.06,1.06,"",0,0.0,-3,-20.0,-418763,-29.6,0,0.0,0,0.0,-241,-13.4,-12515,-13.4
"06065","1","71","74","0","2022","A","","Riverside County, California","Federal Government","NAICS 71 Arts, entertainment, and recreation","County, NAICS Sector -- by ownership sector","All establishment sizes",2,6,261251,0,0,826,42945,"",0.28,0.03,0.03,0.00,0.00,0.87,0.87,"",0,0.0,0,0.0,31263,13.6,0,0.0,0,0.0,118,16.7,6147,16.7
"06065","1","713","75","0","2022","A","","Riverside County, California","Federal Government","NAICS 713 Amusement, gambling, and recreation industries","County, NAICS 3-digit -- by ownership sector","All establishment sizes",2,6,261251,0,0,826,42945,"",0.56,0.08,0.13,0.00,0.00,1.62,1.62,"",0,0.0,0,0.0,31263,13.6,0,0.0,0,0.0,118,16.7,6147,16.7
"06065","1","7139","76","0","2022","A","","Riverside County, California","Federal Government","NAICS 7139 Other amusement and recreation industries","County, NAICS 4-digit -- by ownership sector","All establishment sizes",2,6,261251,0,0,826,42945,"",0.56,0.08,0.13,0.00,0.00,1.62,1.62,"",0,0.0,0,0.0,31263,13.6,0,0.0,0,0.0,118,16.7,6147,16.7
"06065","1","71394","77","0","2022","A","","Riverside County, California","Federal Government","NAICS 71394 Fitness and recreational sports centers","County, NAICS 5-digit -- by ownership sector","All establishment sizes",1,1,26033,0,0,501,26033,"",0.91,0.03,0.03,0.00,0.00,0.97,0.97,"",0,0.0,0,0.0,2716,11.6,0,0.0,0,0.0,53,11.8,2716,11.6
"06065","1","713940","78","0","2022","A","","Riverside County, California","Federal Government","NAICS 713940 Fitness and recreational sports centers","County, NAICS 6-digit -- by ownership sector","All establishment sizes",1,1,26033,0,0,501,26033,"",0.91,0.03,0.03,0.00,0.00,0.97,0.97,"",0,0.0,0,0.0,2716,11.6,0,0.0,0,0.0,53,11.8,2716,11.6
"06065","1","71399","77","0","2022","A","","Riverside County, California","Federal Government","NAICS 71399 All other amusement and recreation industries","County, NAICS 5-digit -- by ownership sector","All establishment sizes",1,5,235218,0,0,890,46272,"",0.78,0.16,0.29,0.00,0.00,1.71,1.71,"",0,0.0,0,0.0,28547,13.8,0,0.0,0,0.0,133,17.6,6906,17.5
"06065","1","713990","78","0","2022","A","","Riverside County, California","Federal Government","NAICS 713990 All other amusement and recreation industries","County, NAICS 6-digit -- by ownership sector","All establishment sizes",1,5,235218,0,0,890,46272,"",0.78,0.16,0.29,0.00,0.00,1.71,1.71,"",0,0.0,0,0.0,28547,13.8,0,0.0,0,0.0,133,17.6,6906,17.5
"06065","1","72","74","0","2022","A","","Riverside County, California","Federal Government","NAICS 72 Accommodation and food services","County, NAICS Sector -- by ownership sector","All establishment sizes",5,48,1477980,0,0,596,31007,"",1.95,1.23,1.41,0.00,0.00,1.15,1.15,"",0,0.0,-2,-4.0,66033,4.7,0,0.0,0,0.0,50,9.2,2626,9.3
"06065","1","721","75","0","2022","A","","Riverside County, California","Federal Government","NAICS 721 Accommodation","County, NAICS 3-digit -- by ownership sector","All establishment sizes",2,33,1070056,0,0,620,32263,"",1.49,1.39,1.53,0.00,0.00,1.09,1.09,"",0,0.0,-3,-8.3,29556,2.8,0,0.0,0,0.0,68,12.3,3560,12.4
"06065","1","7211","76","0","2022","A","","Riverside County, California","Federal Government","NAICS 7211 Traveler accommodation","County, NAICS 4-digit -- by ownership sector","All establishment sizes",1,30,970394,0,0,619,32168,"",1.21,1.78,1.83,0.00,0.00,1.02,1.02,"",0,0.0,-4,-11.8,5478,0.6,0,0.0,0,0.0,76,14.0,3927,13.9
"06065","1","72119","77","0","2022","A","","Riverside County, California","Federal Government","NAICS 72119 Other traveler accommodation","County, NAICS 5-digit -- by ownership sector","All establishment sizes",1,30,970394,0,0,619,32168,"",1.79,2.88,3.50,0.00,0.00,1.21,1.21,"",0,0.0,-4,-11.8,5478,0.6,0,0.0,0,0.0,76,14.0,3927,13.9
"06065","1","721199","78","0","2022","A","","Riverside County, California","Federal Government","NAICS 721199 All other traveler accommodation","County, NAICS 6-digit -- by ownership sector","All establishment sizes",1,30,970394,0,0,619,32168,"",1.79,2.88,3.50,0.00,0.00,1.21,1.21,"",0,0.0,-4,-11.8,5478,0.6,0,0.0,0,0.0,76,14.0,3927,13.9
"06065","1","7212","76","0","2022","A","","Riverside County, California","Federal Government","NAICS 7212 Rv (recreational vehicle) parks and recreational camps","County, NAICS 4-digit -- by ownership sector","All establishment sizes",1,3,99662,0,0,639,33221,"",2.67,3.16,4.05,0.00,0.00,1.28,1.28,"",0,0.0,1,50.0,24078,31.9,0,0.0,0,0.0,-59,-8.5,-3059,-8.4
"06065","1","72121","77","0","2022","A","","Riverside County, California","Federal Government","NAICS 72121 Rv (recreational vehicle) parks and recreational camps","County, NAICS 5-digit -- by ownership sector","All establishment sizes",1,3,99662,0,0,639,33221,"",2.67,3.16,4.05,0.00,0.00,1.28,1.28,"",0,0.0,1,50.0,24078,31.9,0,0.0,0,0.0,-59,-8.5,-3059,-8.4
"06065","1","721211","78","0","2022","A","","Riverside County, California","Federal Government","NAICS 721211 Rv (recreational vehicle) parks and campgrounds","County, NAICS 6-digit -- by ownership sector","All establishment sizes",1,3,99662,0,0,639,33221,"",2.67,3.16,4.05,0.00,0.00,1.28,1.28,"",0,0.0,1,50.0,24078,31.9,0,0.0,0,0.0,-59,-8.5,-3059,-8.4
"06065","1","722","75","0","2022","A","","Riverside County, California","Federal Government","NAICS 722 Food services and drinking places","County, NAICS 3-digit -- by ownership sector","All establishment sizes",3,15,407924,0,0,541,28133,"",2.47,0.97,1.16,0.00,0.00,1.24,1.24,"",0,0.0,1,7.1,36477,9.8,0,0.0,0,0.0,12,2.3,618,2.2
"06065","1","7225","76","0","2022","A","","Riverside County, California","Federal Government","NAICS 7225 Restaurants and other eating places","County, NAICS 4-digit -- by ownership sector","All establishment sizes",3,15,407924,0,0,541,28133,"",2.66,1.08,1.34,0.00,0.00,1.28,1.28,"",0,0.0,1,7.1,36477,9.8,0,0.0,0,0.0,12,2.3,618,2.2
"06065","1","72251","77","0","2022","A","","Riverside County, California","Federal Government","NAICS 72251 Restaurants and other eating places","County, NAICS 5-digit -- by ownership sector","All establishment sizes",3,15,407924,0,0,541,28133,"",2.66,1.08,1.34,0.00,0.00,1.28,1.28,"",0,0.0,1,7.1,36477,9.8,0,0.0,0,0.0,12,2.3,618,2.2
"06065","1","722511","78","0","2022","A","","Riverside County, California","Federal Government","NAICS 722511 Full-service restaurants","County, NAICS 6-digit -- by ownership sector","All establishment sizes",1,7,105405,0,0,293,15239,"",1.36,0.69,0.47,0.00,0.00,0.68,0.68,"",0,0.0,1,16.7,30690,41.1,0,0.0,0,0.0,36,14.0,1857,13.9
"06065","1","722515","78","0","2022","A","","Riverside County, California","Federal Government","NAICS 722515 Snack and nonalcoholic beverage bars","County, NAICS 6-digit -- by ownership sector","All establishment sizes",2,8,302519,0,0,767,39893,"",7.61,10.20,16.37,0.00,0.00,1.69,1.69,"",0,0.0,0,0.0,5787,2.0,0,0.0,0,0.0,46,6.4,2411,6.4
"06065","1","81","74","0","2022","A","","Riverside County, California","Federal Government","NAICS 81 Other services (except public administration)","County, NAICS Sector -- by ownership sector","All establishment sizes",1,64,4292715,0,0,1297,67425,"",0.96,2.47,3.40,0.00,0.00,1.38,1.38,"",0,0.0,-1,-1.5,253615,6.3,0,0.0,0,0.0,97,8.1,5045,8.1
"06065","1","812","75","0","2022","A","","Riverside County, California","Federal Government","NAICS 812 Personal and laundry services","County, NAICS 3-digit -- by ownership sector","All establishment sizes",1,64,4292715,0,0,1297,67425,"",1.81,7.91,10.37,0.00,0.00,1.32,1.32,"",0,0.0,-1,-1.5,253615,6.3,0,0.0,0,0.0,97,8.1,5045,8.1
"06065","1","8122","76","0","2022","A","","Riverside County, California","Federal Government","NAICS 8122 Death care services","County, NAICS 4-digit -- by ownership sector","All establishment sizes",1,64,4292715,0,0,1297,67425,"",2.06,8.05,10.47,0.00,0.00,1.31,1.31,"",0,0.0,-1,-1.5,253615,6.3,0,0.0,0,0.0,97,8.1,5045,8.1
"06065","1","81222","77","0","2022","A","","Riverside County, California","Federal Government","NAICS 81222 Cemeteries and crematories","County, NAICS 5-digit -- by ownership sector","All establishment sizes",1,64,4292715,0,0,1297,67425,"",2.06,8.05,10.47,0.00,0.00,1.31,1.31,"",0,0.0,-1,-1.5,253615,6.3,0,0.0,0,0.0,97,8.1,5045,8.1
"06065","1","812220","78","0","2022","A","","Riverside County, California","Federal Government","NAICS 812220 Cemeteries and crematories","County, NAICS 6-digit -- by ownership sector","All establishment sizes",1,64,4292715,0,0,1297,67425,"",2.06,8.05,10.47,0.00,0.00,1.31,1.31,"",0,0.0,-1,-1.5,253615,6.3,0,0.0,0,0.0,97,8.1,5045,8.1
"06065","1","92","74","0","2022","A","","Riverside County, California","Federal Government","NAICS 92 Public administration","County, NAICS Sector -- by ownership sector","All establishment sizes",58,4752,507283995,0,0,2053,106761,"",0.35,0.56,0.73,0.00,0.00,1.31,1.31,"",-4,-6.5,-1,0.0,27242088,5.7,0,0.0,0,0.0,111,5.7,5765,5.7
"06065","1","921","75","0","2022","A","","Riverside County, California","Federal Government","NAICS 921 Executive, legislative, and other general government support","County, NAICS 3-digit -- by ownership sector","All establishment sizes",8,178,15822596,0,0,1709,88891,"",0.74,0.22,0.26,0.00,0.00,1.15,1.15,"",1,14.3,6,3.5,1767231,12.6,0,0.0,0,0.0,141,9.0,7332,9.0
"06065","1","9211","76","0","2022","A","","Riverside County, California","Federal Government","NAICS 9211 Executive, legislative, and other general government support","County, NAICS 4-digit -- by ownership sector","All establishment sizes",8,178,15822596,0,0,1709,88891,"",0.74,0.22,0.26,0.00,0.00,1.15,1.15,"",1,14.3,6,3.5,1767231,12.6,0,0.0,0,0.0,141,9.0,7332,9.0
"06065","1","92113","77","0","2022","A","","Riverside County, California","Federal Government","NAICS 92113 Public finance activities","County, NAICS 5-digit -- by ownership sector","All establishment sizes",1,20,2130361,0,0,2101,109249,"",0.28,0.04,0.05,0.00,0.00,1.44,1.44,"",0,0.0,5,33.3,324098,17.9,0,0.0,0,0.0,-164,-7.2,-8551,-7.3
"06065","1","921130","78","0","2022","A","","Riverside County, California","Federal Government","NAICS 921130 Public finance activities","County, NAICS 6-digit -- by ownership sector","All establishment sizes",1,20,2130361,0,0,2101,109249,"",0.28,0.04,0.05,0.00,0.00,1.44,1.44,"",0,0.0,5,33.3,324098,17.9,0,0.0,0,0.0,-164,-7.2,-8551,-7.3
"06065","1","92119","77","0","2022","A","","Riverside County, California","Federal Government","NAICS 92119 Other general government support","County, NAICS 5-digit -- by ownership sector","All establishment sizes",7,159,13692235,0,0,1661,86386,"",0.99,0.91,0.93,0.00,0.00,1.02,1.02,"",1,16.7,2,1.3,1443133,11.8,0,0.0,0,0.0,161,10.7,8366,10.7
"06065","1","921190","78","0","2022","A","","Riverside County, California","Federal Government","NAICS 921190 Other general government support","County, NAICS 6-digit -- by ownership sector","All establishment sizes",7,159,13692235,0,0,1661,86386,"",0.99,0.91,0.93,0.00,0.00,1.02,1.02,"",1,16.7,2,1.3,1443133,11.8,0,0.0,0,0.0,161,10.7,8366,10.7
"06065","1","922","75","0","2022","A","","Riverside County, California","Federal Government","NAICS 922 Justice, public order, and safety activities","County, NAICS 3-digit -- by ownership sector","All establishment sizes",20,994,129570763,0,0,2506,130320,"",0.92,0.70,0.99,0.00,0.00,1.41,1.41,"",0,0.0,59,6.3,12217624,10.4,0,0.0,0,0.0,93,3.9,4853,3.9
"06065","1","9221","76","0","2022","A","","Riverside County, California","Federal Government","NAICS 9221 Justice, public order, and safety activities","County, NAICS 4-digit -- by ownership sector","All establishment sizes",20,994,129570763,0,0,2506,130320,"",0.92,0.70,0.99,0.00,0.00,1.41,1.41,"",0,0.0,59,6.3,12217624,10.4,0,0.0,0,0.0,93,3.9,4853,3.9
"06065","1","92211","77","0","2022","A","","Riverside County, California","Federal Government","NAICS 92211 Courts","County, NAICS 5-digit -- by ownership sector","All establishment sizes",5,117,11612051,0,0,1910,99319,"",1.33,0.66,0.80,0.00,0.00,1.21,1.21,"",0,0.0,2,1.7,496515,4.5,0,0.0,0,0.0,57,3.1,2942,3.1
"06065","1","922110","78","0","2022","A","","Riverside County, California","Federal Government","NAICS 922110 Courts","County, NAICS 6-digit -- by ownership sector","All establishment sizes",5,117,11612051,0,0,1910,99319,"",1.33,0.66,0.80,0.00,0.00,1.21,1.21,"",0,0.0,2,1.7,496515,4.5,0,0.0,0,0.0,57,3.1,2942,3.1
"06065","1","92212","77","0","2022","A","","Riverside County, California","Federal Government","NAICS 92212 Police protection","County, NAICS 5-digit -- by ownership sector","All establishment sizes",12,834,112691732,0,0,2600,135203,"",1.07,1.08,1.49,0.00,0.00,1.38,1.37,"",0,0.0,60,7.8,11537144,11.4,0,0.0,0,0.0,87,3.5,4540,3.5
"06065","1","922120","78","0","2022","A","","Riverside County, California","Federal Government","NAICS 922120 Police protection","County, NAICS 6-digit -- by ownership sector","All establishment sizes",12,834,112691732,0,0,2600,135203,"",1.07,1.08,1.49,0.00,0.00,1.38,1.37,"",0,0.0,60,7.8,11537144,11.4,0,0.0,0,0.0,87,3.5,4540,3.5
"06065","1","92213","77","0","2022","A","","Riverside County, California","Federal Government","NAICS 92213 Legal counsel and prosecution","County, NAICS 5-digit -- by ownership sector","All establishment sizes",2,18,2923949,0,0,3153,163960,"",0.89,0.15,0.24,0.00,0.00,1.59,1.59,"",0,0.0,-1,-5.3,15569,0.5,0,0.0,0,0.0,143,4.8,7455,4.8
"06065","1","922130","78","0","2022","A","","Riverside County, California","Federal Government","NAICS 922130 Legal counsel and prosecution","County, NAICS 6-digit -- by ownership sector","All establishment sizes",2,18,2923949,0,0,3153,163960,"",0.89,0.15,0.24,0.00,0.00,1.59,1.59,"",0,0.0,-1,-5.3,15569,0.5,0,0.0,0,0.0,143,4.8,7455,4.8
"06065","1","92219","77","0","2022","A","","Riverside County, California","Federal Government","NAICS 92219 Other justice, public order, and safety activities","County, NAICS 5-digit -- by ownership sector","All establishment sizes",1,26,2343031,0,0,1733,90117,"",0.27,0.16,0.17,0.00,0.00,1.01,1.01,"",0,0.0,-1,-3.7,168396,7.7,0,0.0,0,0.0,198,12.9,10314,12.9
"06065","1","922190","78","0","2022","A","","Riverside County, California","Federal Government","NAICS 922190 Other justice, public order, and safety activities","County, NAICS 6-digit -- by ownership sector","All establishment sizes",1,26,2343031,0,0,1733,90117,"",0.27,0.16,0.17,0.00,0.00,1.01,1.01,"",0,0.0,-1,-3.7,168396,7.7,0,0.0,0,0.0,198,12.9,10314,12.9
"06065","1","923","75","0","2022","A","","Riverside County, California","Federal Government","NAICS 923 Administration of human resource programs","County, NAICS 3-digit -- by ownership sector","All establishment sizes",4,282,24651568,0,0,1679,87288,"",0.23,0.25,0.26,0.00,0.00,1.03,1.03,"",-2,-33.3,-9,-3.1,308882,1.3,0,0.0,0,0.0,72,4.5,3732,4.5
"06065","1","9231","76","0","2022","A","","Riverside County, California","Federal Government","NAICS 9231 Administration of human resource programs","County, NAICS 4-digit -- by ownership sector","All establishment sizes",4,282,24651568,0,0,1679,87288,"",0.23,0.25,0.26,0.00,0.00,1.03,1.03,"",-2,-33.3,-9,-3.1,308882,1.3,0,0.0,0,0.0,72,4.5,3732,4.5
"06065","1","92312","77","0","2022","A","","Riverside County, California","Federal Government","NAICS 92312 Administration of public health programs","County, NAICS 5-digit -- by ownership sector","All establishment sizes",1,59,4661644,0,0,1526,79347,"",0.23,0.17,0.13,0.00,0.00,0.78,0.78,"",0,0.0,-5,-7.8,-175981,-3.6,0,0.0,0,0.0,74,5.1,3857,5.1
"06065","1","923120","78","0","2022","A","","Riverside County, California","Federal Government","NAICS 923120 Administration of public health programs","County, NAICS 6-digit -- by ownership sector","All establishment sizes",1,59,4661644,0,0,1526,79347,"",0.23,0.17,0.13,0.00,0.00,0.78,0.78,"",0,0.0,-5,-7.8,-175981,-3.6,0,0.0,0,0.0,74,5.1,3857,5.1
"06065","1","92313","77","0","2022","A","","Riverside County, California","Federal Government","NAICS 92313 Administration of human resource programs (except education, public health, and veterans' affairs programs)","County, NAICS 5-digit -- by ownership sector","All establishment sizes",3,224,19989924,0,0,1719,89374,"",0.31,0.62,0.73,0.00,0.00,1.17,1.17,"",-2,-40.0,-3,-1.3,484863,2.5,0,0.0,0,0.0,68,4.1,3543,4.1
"06065","1","923130","78","0","2022","A","","Riverside County, California","Federal Government","NAICS 923130 Administration of human resource programs (except education, public health, and veterans' affairs programs)","County, NAICS 6-digit -- by ownership sector","All establishment sizes",3,224,19989924,0,0,1719,89374,"",0.31,0.62,0.73,0.00,0.00,1.17,1.17,"",-2,-40.0,-3,-1.3,484863,2.5,0,0.0,0,0.0,68,4.1,3543,4.1
"06065","1","924","75","0","2022","A","","Riverside County, California","Federal Government","NAICS 924 Administration of environmental quality programs","County, NAICS 3-digit -- by ownership sector","All establishment sizes",8,344,36111009,0,0,2021,105076,"",0.23,0.67,0.93,0.00,0.00,1.39,1.39,"",-1,-11.1,10,3.0,5193510,16.8,0,0.0,0,0.0,243,13.7,12601,13.6
"06065","1","9241","76","0","2022","A","","Riverside County, California","Federal Government","NAICS 9241 Administration of environmental quality programs","County, NAICS 4-digit -- by ownership sector","All establishment sizes",8,344,36111009,0,0,2021,105076,"",0.23,0.67,0.93,0.00,0.00,1.39,1.39,"",-1,-11.1,10,3.0,5193510,16.8,0,0.0,0,0.0,243,13.7,12601,13.6
"06065","1","92412","77","0","2022","A","","Riverside County, California","Federal Government","NAICS 92412 Administration of conservation programs","County, NAICS 5-digit -- by ownership sector","All establishment sizes",8,344,36111009,0,0,2021,105076,"",0.25,0.81,1.21,0.00,0.00,1.49,1.49,"",-1,-11.1,10,3.0,5193510,16.8,0,0.0,0,0.0,243,13.7,12601,13.6
"06065","1","924120","78","0","2022","A","","Riverside County, California","Federal Government","NAICS 924120 Administration of conservation programs","County, NAICS 6-digit -- by ownership sector","All establishment sizes",8,344,36111009,0,0,2021,105076,"",0.25,0.81,1.21,0.00,0.00,1.49,1.49,"",-1,-11.1,10,3.0,5193510,16.8,0,0.0,0,0.0,243,13.7,12601,13.6
"06065","1","926","75","0","2022","A","","Riverside County, California","Federal Government","NAICS 926 Administration of economic programs","County, NAICS 3-digit -- by ownership sector","All establishment sizes",13,412,36434397,0,0,1701,88433,"",0.21,0.32,0.34,0.00,0.00,1.05,1.05,"",-1,-7.1,27,7.0,5210193,16.7,0,0.0,0,0.0,143,9.2,7401,9.1
"06065","1","9261","76","0","2022","A","","Riverside County, California","Federal Government","NAICS 9261 Administration of economic programs","County, NAICS 4-digit -- by ownership sector","All establishment sizes",13,412,36434397,0,0,1701,88433,"",0.21,0.32,0.34,0.00,0.00,1.05,1.05,"",-1,-7.1,27,7.0,5210193,16.7,0,0.0,0,0.0,143,9.2,7401,9.1
"06065","1","92611","77","0","2022","A","","Riverside County, California","Federal Government","NAICS 92611 Administration of general economic programs","County, NAICS 5-digit -- by ownership sector","All establishment sizes",5,64,3010525,0,0,899,46735,"",0.18,0.25,0.14,0.00,0.00,0.55,0.55,"",1,25.0,-20,-23.8,-572406,-16.0,0,0.0,0,0.0,76,9.2,3954,9.2
"06065","1","926110","78","0","2022","A","","Riverside County, California","Federal Government","NAICS 926110 Administration of general economic programs","County, NAICS 6-digit -- by ownership sector","All establishment sizes",5,64,3010525,0,0,899,46735,"",0.18,0.25,0.14,0.00,0.00,0.55,0.55,"",1,25.0,-20,-23.8,-572406,-16.0,0,0.0,0,0.0,76,9.2,3954,9.2
"06065","1","92612","77","0","2022","A","","Riverside County, California","Federal Government","NAICS 92612 Regulation and administration of transportation programs","County, NAICS 5-digit -- by ownership sector","All establishment sizes",6,280,26887297,0,0,1847,96026,"",0.80,0.48,0.60,0.00,0.00,1.25,1.25,"",-1,-14.3,37,15.2,4781421,21.6,0,0.0,0,0.0,96,5.5,4962,5.4
"06065","1","926120","78","0","2022","A","","Riverside County, California","Federal Government","NAICS 926120 Regulation and administration of transportation programs","County, NAICS 6-digit -- by ownership sector","All establishment sizes",6,280,26887297,0,0,1847,96026,"",0.80,0.48,0.60,0.00,0.00,1.25,1.25,"",-1,-14.3,37,15.2,4781421,21.6,0,0.0,0,0.0,96,5.5,4962,5.4
"06065","1","92614","77","0","2022","A","","Riverside County, California","Federal Government","NAICS 92614 Regulation of agricultural marketing and commodities","County, NAICS 5-digit -- by ownership sector","All establishment sizes",3,68,6536575,0,0,1860,96719,"",0.15,0.29,0.39,0.00,0.00,1.37,1.37,"",0,0.0,9,15.3,1001178,18.1,0,0.0,0,0.0,51,2.8,2633,2.8
"06065","1","926140","78","0","2022","A","","Riverside County, California","Federal Government","NAICS 926140 Regulation of agricultural marketing and commodities","County, NAICS 6-digit -- by ownership sector","All establishment sizes",3,68,6536575,0,0,1860,96719,"",0.15,0.29,0.39,0.00,0.00,1.37,1.37,"",0,0.0,9,15.3,1001178,18.1,0,0.0,0,0.0,51,2.8,2633,2.8
"06065","1","928","75","0","2022","A","","Riverside County, California","Federal Government","NAICS 928 National security and international affairs","County, NAICS 3-digit -- by ownership sector","All establishment sizes",6,2541,264693662,0,0,2003,104159,"",0.38,0.80,1.10,0.00,0.00,1.37,1.37,"",0,0.0,-93,-3.5,2544648,1.0,0,0.0,0,0.0,89,4.6,4650,4.7
"06065","1","9281","76","0","2022","A","","Riverside County, California","Federal Government","NAICS 9281 National security and international affairs","County, NAICS 4-digit -- by ownership sector","All establishment sizes",6,2541,264693662,0,0,2003,104159,"",0.38,0.80,1.10,0.00,0.00,1.37,1.37,"",0,0.0,-93,-3.5,2544648,1.0,0,0.0,0,0.0,89,4.6,4650,4.7
"06065","1","92811","77","0","2022","A","","Riverside County, California","Federal Government","NAICS 92811 National security","County, NAICS 5-digit -- by ownership sector","All establishment sizes",4,2527,263036726,0,0,2002,104080,"",0.33,0.86,1.19,0.00,0.00,1.39,1.39,"",0,0.0,-104,-4.0,1211699,0.5,0,0.0,0,0.0,89,4.7,4580,4.6
"06065","1","928110","78","0","2022","A","","Riverside County, California","Federal Government","NAICS 928110 National security","County, NAICS 6-digit -- by ownership sector","All establishment sizes",4,2527,263036726,0,0,2002,104080,"",0.33,0.86,1.19,0.00,0.00,1.39,1.39,"",0,0.0,-104,-4.0,1211699,0.5,0,0.0,0,0.0,89,4.7,4580,4.6
"06065","1","92812","77","0","2022","A","","Riverside County, California","Federal Government","NAICS 92812 International affairs","County, NAICS 5-digit -- by ownership sector","All establishment sizes",2,14,1656936,0,0,2276,118353,"",0.53,0.07,0.08,0.00,0.00,1.24,1.24,"",0,0.0,11,366.7,1332949,411.4,0,0.0,0,0.0,199,9.6,10357,9.6
"06065","1","928120","78","0","2022","A","","Riverside County, California","Federal Government","NAICS 928120 International affairs","County, NAICS 6-digit -- by ownership sector","All establishment sizes",2,14,1656936,0,0,2276,118353,"",0.53,0.07,0.08,0.00,0.00,1.24,1.24,"",0,0.0,11,366.7,1332949,411.4,0,0.0,0,0.0,199,9.6,10357,9.6
"06065","2","10","71","0","2022","A","","Riverside County, California","State Government","10 Total, all industries","County, Total -- by ownership sector","All establishment sizes",246,12513,971242639,0,0,1493,77619,"",0.53,0.51,0.69,0.00,0.00,1.35,1.34,"",-9,-3.5,-108,-0.9,-36650629,-3.6,0,0.0,0,0.0,-43,-2.8,-2237,-2.8
"06065","2","102","72","0","2022","A","","Riverside County, California","State Government","102 Service-providing","County, by Domain -- by ownership sector","All establishment sizes",246,12513,971242639,0,0,1493,77619,"",0.54,0.52,0.70,0.00,0.00,1.34,1.34,"",-9,-3.5,-108,-0.9,-36650629,-3.6,0,0.0,0,0.0,-43,-2.8,-2237,-2.8
"06065","2","1024","73","0","2022","A","","Riverside County, California","State Government","1024 Professional and business services","County, by Supersector -- by ownership sector","All establishment sizes",1,38,3051349,0,0,1527,79428,"",0.13,0.19,0.25,0.00,0.00,1.28,1.28,"N",0,0.0,0,0,0,0,0,0,0,0,0,0,0,0
"06065","2","1025","73","0","2022","A","","Riverside County, California","State Government","1025 Education and health services","County, by Supersector -- by ownership sector","All establishment sizes",43,5277,463346906,0,0,1689,87812,"",0.44,0.38,0.58,0.00,0.00,1.51,1.51,"N",0,0.0,0,0,0,0,0,0,0,0,0,0,0,0
"06065","2","1028","73","0","2022","A","","Riverside County, California","State Government","1028 Public administration","County, by Supersector -- by ownership sector","All establishment sizes",203,7198,504844384,0,0,1349,70138,"",0.61,0.76,0.93,0.00,0.00,1.22,1.22,"",-8,-3.8,-208,-2.8,-16806023,-3.2,0,0.0,0,0.0,-6,-0.4,-299,-0.4
"06065","2","56","74","0","2022","A","","Riverside County, California","State Government","NAICS 56 Administrative and support and waste management and remediation services","County, NAICS Sector -- by ownership sector","All establishment sizes",1,38,3051349,0,0,1527,79428,"",0.27,0.65,1.06,0.00,0.00,1.62,1.62,"N",0,0.0,0,0,0,0,0,0,0,0,0,0,0,0
"06065","2","561","75","0","2022","A","","Riverside County, California","State Government","NAICS 561 Administrative and support services","County, NAICS 3-digit -- by ownership sector","All establishment sizes",1,38,3051349,0,0,1527,79428,"",0.28,0.67,1.10,0.00,0.00,1.63,1.63,"N",0,0.0,0,0,0,0,0,0,0,0,0,0,0,0
"06065","2","5613","76","0","2022","A","","Riverside County, California","State Government","NAICS 5613 Employment services","County, NAICS 4-digit -- by ownership sector","All establishment sizes",1,38,3051349,0,0,1527,79428,"",0.37,1.82,3.13,0.00,0.00,1.70,1.70,"N",0,0.0,0,0,0,0,0,0,0,0,0,0,0,0
"06065","2","56131","77","0","2022","A","","Riverside County, California","State Government","NAICS 56131 Employment placement agencies and executive search services","County, NAICS 5-digit -- by ownership sector","All establishment sizes",1,38,3051349,0,0,1527,79428,"",0.37,1.82,3.13,0.00,0.00,1.70,1.70,"N",0,0.0,0,0,0,0,0,0,0,0,0,0,0,0
"06065","2","561311","78","0","2022","A","","Riverside County, California","State Government","NAICS 561311 Employment placement agencies","County, NAICS 6-digit -- by ownership sector","All establishment sizes",1,38,3051349,0,0,1527,79428,"",0.37,1.82,3.13,0.00,0.00,1.70,1.70,"N",0,0.0,0,0,0,0,0,0,0,0,0,0,0,0
"06065","2","61","74","0","2022","A","","Riverside County, California","State Government","NAICS 61 Educational services","County, NAICS Sector -- by ownership sector","All establishment sizes",30,5086,455749108,0,0,1723,89604,"",0.56,0.49,0.76,0.00,0.00,1.56,1.56,"N",0,0.0,0,0,0,0,0,0,0,0,0,0,0,0
"06065","2","611","75","0","2022","A","","Riverside County, California","State Government","NAICS 611 Educational services","County, NAICS 3-digit -- by ownership sector","All establishment sizes",30,5086,455749108,0,0,1723,89604,"",0.56,0.49,0.76,0.00,0.00,1.56,1.56,"N",0,0.0,0,0,0,0,0,0,0,0,0,0,0,0
"06065","2","6111","76","0","2022","A","","Riverside County, California","State Government","NAICS 6111 Elementary and secondary schools","County, NAICS 4-digit -- by ownership sector","All establishment sizes",29,190,12248902,0,0,1237,64327,"",4.78,0.59,0.85,0.00,0.00,1.43,1.43,"",0,0.0,8,4.4,926021,8.2,0,0.0,0,0.0,38,3.2,1971,3.2
"06065","2","61111","77","0","2022","A","","Riverside County, California","State Government","NAICS 61111 Elementary and secondary schools","County, NAICS 5-digit -- by ownership sector","All establishment sizes",29,190,12248902,0,0,1237,64327,"",4.78,0.59,0.85,0.00,0.00,1.43,1.43,"",0,0.0,8,4.4,926021,8.2,0,0.0,0,0.0,38,3.2,1971,3.2
"06065","2","611110","78","0","2022","A","","Riverside County, California","State Government","NAICS 611110 Elementary and secondary schools","County, NAICS 6-digit -- by ownership sector","All establishment sizes",29,190,12248902,0,0,1237,64327,"",4.78,0.59,0.85,0.00,0.00,1.43,1.43,"",0,0.0,8,4.4,926021,8.2,0,0.0,0,0.0,38,3.2,1971,3.2
"06065","2","6113","76","0","2022","A","","Riverside County, California","State Government","NAICS 6113 Colleges, universities, and professional schools","County, NAICS 4-digit -- by ownership sector","All establishment sizes",1,4896,443500206,0,0,1742,90587,"",0.03,0.55,0.82,0.00,0.00,1.49,1.49,"N",0,0.0,0,0,0,0,0,0,0,0,0,0,0,0
"06065","2","61131","77","0","2022","A","","Riverside County, California","State Government","NAICS 61131 Colleges, universities, and professional schools","County, NAICS 5-digit -- by ownership sector","All establishment sizes",1,4896,443500206,0,0,1742,90587,"",0.03,0.55,0.82,0.00,0.00,1.49,1.49,"N",0,0.0,0,0,0,0,0,0,0,0,0,0,0,0
"06065","2","611310","78","0","2022","A","","Riverside County, California","State Government","NAICS 611310 Colleges, universities, and professional schools","County, NAICS 6-digit -- by ownership sector","All establishment sizes",1,4896,443500206,0,0,1742,90587,"",0.03,0.55,0.82,0.00,0.00,1.49,1.49,"N",0,0.0,0,0,0,0,0,0,0,0,0,0,0,0
"06065","2","62","74","0","2022","A","","Riverside County, California","State Government","NAICS 62 Health care and social assistance","County, NAICS Sector -- by ownership sector","All establishment sizes",13,190,7597798,0,0,768,39918,"",0.29,0.06,0.04,0.00,0.00,0.67,0.67,"",0,0.0,5,2.7,-770981,-9.2,0,0.0,0,0.0,-102,-11.7,-5298,-11.7
"06065","2","622","75","0","2022","A","","Riverside County, California","State Government","NAICS 622 Hospitals","County, NAICS 3-digit -- by ownership sector","All establishment sizes",12,189,7492269,0,0,761,39572,"",1.61,0.09,0.05,0.00,0.00,0.61,0.61,"N",0,0.0,0,0,0,0,0,0,0,0,0,0,0,0
"06065","2","6222","76","0","2022","A","","Riverside County, California","State Government","NAICS 6222 Psychiatric and substance abuse hospitals","County, NAICS 4-digit -- by ownership sector","All establishment sizes",12,189,7492269,0,0,761,39572,"",1.86,0.33,0.22,0.00,0.00,0.68,0.68,"N",0,0.0,0,0,0,0,0,0,0,0,0,0,0,0
"06065","2","62221","77","0","2022","A","","Riverside County, California","State Government","NAICS 62221 Psychiatric and substance abuse hospitals","County, NAICS 5-digit -- by ownership sector","All establishment sizes",12,189,7492269,0,0,761,39572,"",1.86,0.33,0.22,0.00,0.00,0.68,0.68,"N",0,0.0,0,0,0,0,0,0,0,0,0,0,0,0
"06065","2","622210","78","0","2022","A","","Riverside County, California","State Government","NAICS 622210 Psychiatric and substance abuse hospitals","County, NAICS 6-digit -- by ownership sector","All establishment sizes",12,189,7492269,0,0,761,39572,"",1.86,0.33,0.22,0.00,0.00,0.68,0.68,"N",0,0.0,0,0,0,0,0,0,0,0,0,0,0,0
"06065","2","624","75","0","2022","A","","Riverside County, California","State Government","NAICS 624 Social assistance","County, NAICS 3-digit -- by ownership sector","All establishment sizes",1,1,105529,0,0,2029,105529,"",0.06,0.00,0.00,0.00,0.00,2.28,2.28,"N",0,0.0,0,0,0,0,0,0,0,0,0,0,0,0
"06065","2","6243","76","0","2022","A","","Riverside County, California","State Government","NAICS 6243 Vocational rehabilitation services","County, NAICS 4-digit -- by ownership sector","All establishment sizes",1,1,105529,0,0,2029,105529,"",0.23,0.02,0.04,0.00,0.00,2.33,2.33,"N",0,0.0,0,0,0,0,0,0,0,0,0,0,0,0
"06065","2","62431","77","0","2022","A","","Riverside County, California","State Government","NAICS 62431 Vocational rehabilitation services","County, NAICS 5-digit -- by ownership sector","All establishment sizes",1,1,105529,0,0,2029,105529,"",0.23,0.02,0.04,0.00,0.00,2.33,2.33,"N",0,0.0,0,0,0,0,0,0,0,0,0,0,0,0
"06065","2","624310","78","0","2022","A","","Riverside County, California","State Government","NAICS 624310 Vocational rehabilitation services","County, NAICS 6-digit -- by ownership sector","All establishment sizes",1,1,105529,0,0,2029,105529,"",0.23,0.02,0.04,0.00,0.00,2.33,2.33,"N",0,0.0,0,0,0,0,0,0,0,0,0,0,0,0
"06065","2","92","74","0","2022","A","","Riverside County, California","State Government","NAICS 92 Public administration","County, NAICS Sector -- by ownership sector","All establishment sizes",203,7198,504844384,0,0,1349,70138,"",0.61,0.76,0.93,0.00,0.00,1.22,1.22,"",-8,-3.8,-208,-2.8,-16806023,-3.2,0,0.0,0,0.0,-6,-0.4,-299,-0.4
"06065","2","921","75","0","2022","A","","Riverside County, California","State Government","NAICS 921 Executive, legislative, and other general government support","County, NAICS 3-digit -- by ownership sector","All establishment sizes",4,160,15297748,0,0,1835,95412,"",0.10,0.13,0.20,0.00,0.00,1.52,1.52,"",0,0.0,25,18.5,3191416,26.4,0,0.0,0,0.0,116,6.7,6011,6.7
"06065","2","9211","76","0","2022","A","","Riverside County, California","State Government","NAICS 9211 Executive, legislative, and other general government support","County, NAICS 4-digit -- by ownership sector","All establishment sizes",4,160,15297748,0,0,1835,95412,"",0.10,0.13,0.20,0.00,0.00,1.52,1.52,"",0,0.0,25,18.5,3191416,26.4,0,0.0,0,0.0,116,6.7,6011,6.7
"06065","2","92113","77","0","2022","A","","Riverside County, California","State Government","NAICS 92113 Public finance activities","County, NAICS 5-digit -- by ownership sector","All establishment sizes",1,134,13691026,0,0,1960,101918,"",0.06,0.25,0.41,0.00,0.00,1.61,1.61,"N",0,0.0,0,0,0,0,0,0,0,0,0,0,0,0
"06065","2","921130","78","0","2022","A","","Riverside County, California","State Government","NAICS 921130 Public finance activities","County, NAICS 6-digit -- by ownership sector","All establishment sizes",1,134,13691026,0,0,1960,101918,"",0.06,0.25,0.41,0.00,0.00,1.61,1.61,"N",0,0.0,0,0,0,0,0,0,0,0,0,0,0,0
"06065","2","92119","77","0","2022","A","","Riverside County, California","State Government","NAICS 92119 Other general government support","County, NAICS 5-digit -- by ownership sector","All establishment sizes",3,26,1606722,0,0,1188,61797,"",0.17,0.06,0.05,0.00,0.00,0.94,0.94,"N",0,0.0,0,0,0,0,0,0,0,0,0,0,0,0
"06065","2","921190","78","0","2022","A","","Riverside County, California","State Government","NAICS 921190 Other general government support","County, NAICS 6-digit -- by ownership sector","All establishment sizes",3,26,1606722,0,0,1188,61797,"",0.17,0.06,0.05,0.00,0.00,0.94,0.94,"N",0,0.0,0,0,0,0,0,0,0,0,0,0,0,0
"06065","2","922","75","0","2022","A","","Riverside County, California","State Government","NAICS 922 Justice, public order, and safety activities","County, NAICS 3-digit -- by ownership sector","All establishment sizes",140,3812,258093047,0,0,1302,67713,"",1.50,1.08,1.22,0.00,0.00,1.13,1.13,"",-6,-4.1,-92,-2.4,-29716948,-10.3,0,0.0,0,0.0,-116,-8.2,-6004,-8.1
"06065","2","9221","76","0","2022","A","","Riverside County, California","State Government","NAICS 9221 Justice, public order, and safety activities","County, NAICS 4-digit -- by ownership sector","All establishment sizes",140,3812,258093047,0,0,1302,67713,"",1.50,1.08,1.22,0.00,0.00,1.13,1.13,"",-6,-4.1,-92,-2.4,-29716948,-10.3,0,0.0,0,0.0,-116,-8.2,-6004,-8.1
"06065","2","92212","77","0","2022","A","","Riverside County, California","State Government","NAICS 92212 Police protection","County, NAICS 5-digit -- by ownership sector","All establishment sizes",12,339,28488979,0,0,1615,83956,"",0.71,0.63,0.73,0.00,0.00,1.16,1.16,"",0,0.0,-10,-2.9,1319699,4.9,0,0.0,0,0.0,119,8.0,6181,7.9
"06065","2","922120","78","0","2022","A","","Riverside County, California","State Government","NAICS 922120 Police protection","County, NAICS 6-digit -- by ownership sector","All establishment sizes",12,339,28488979,0,0,1615,83956,"",0.71,0.63,0.73,0.00,0.00,1.16,1.16,"",0,0.0,-10,-2.9,1319699,4.9,0,0.0,0,0.0,119,8.0,6181,7.9
"06065","2","92213","77","0","2022","A","","Riverside County, California","State Government","NAICS 92213 Legal counsel and prosecution","County, NAICS 5-digit -- by ownership sector","All establishment sizes",3,33,3665089,0,0,2109,109678,"",0.23,0.11,0.19,0.00,0.00,1.79,1.79,"N",-1,-25.0,0,0,0,0,0,0,0,0,0,0,0,0
"06065","2","922130","78","0","2022","A","","Riverside County, California","State Government","NAICS 922130 Legal counsel and prosecution","County, NAICS 6-digit -- by ownership sector","All establishment sizes",3,33,3665089,0,0,2109,109678,"",0.23,0.11,0.19,0.00,0.00,1.79,1.79,"N",-1,-25.0,0,0,0,0,0,0,0,0,0,0,0,0
"06065","2","92214","77","0","2022","A","","Riverside County, California","State Government","NAICS 92214 Correctional institutions","County, NAICS 5-digit -- by ownership sector","All establishment sizes",122,3367,216966826,0,0,1239,64441,"",4.69,1.78,2.05,0.00,0.00,1.15,1.15,"",-5,-3.9,-74,-2.2,-30447473,-12.3,0,0.0,0,0.0,-144,-10.4,-7456,-10.4
"06065","2","922140","78","0","2022","A","","Riverside County, California","State Government","NAICS 922140 Correctional institutions","County, NAICS 6-digit -- by ownership sector","All establishment sizes",122,3367,216966826,0,0,1239,64441,"",4.69,1.78,2.05,0.00,0.00,1.15,1.15,"",-5,-3.9,-74,-2.2,-30447473,-12.3,0,0.0,0,0.0,-144,-10.4,-7456,-10.4
"06065","2","92215","77","0","2022","A","","Riverside County, California","State Government","NAICS 92215 Parole offices and probation offices","County, NAICS 5-digit -- by ownership sector","All establishment sizes",3,72,8972153,0,0,2399,124758,"",0.48,0.68,1.64,0.00,0.00,2.41,2.41,"",0,0.0,-4,-5.3,-272779,-3.0,0,0.0,0,0.0,62,2.7,3247,2.7
"06065","2","922150","78","0","2022","A","","Riverside County, California","State Government","NAICS 922150 Parole offices and probation offices","County, NAICS 6-digit -- by ownership sector","All establishment sizes",3,72,8972153,0,0,2399,124758,"",0.48,0.68,1.64,0.00,0.00,2.41,2.41,"",0,0.0,-4,-5.3,-272779,-3.0,0,0.0,0,0.0,62,2.7,3247,2.7
"06065","2","923","75","0","2022","A","","Riverside County, California","State Government","NAICS 923 Administration of human resource programs","County, NAICS 3-digit -- by ownership sector","All establishment sizes",18,1448,108768765,0,0,1444,75108,"",0.25,0.67,0.93,0.00,0.00,1.39,1.39,"",-2,-10.0,-83,-5.4,4334134,4.2,0,0.0,0,0.0,132,10.1,6898,10.1
"06065","2","9231","76","0","2022","A","","Riverside County, California","State Government","NAICS 9231 Administration of human resource programs","County, NAICS 4-digit -- by ownership sector","All establishment sizes",18,1448,108768765,0,0,1444,75108,"",0.25,0.67,0.93,0.00,0.00,1.39,1.39,"",-2,-10.0,-83,-5.4,4334134,4.2,0,0.0,0,0.0,132,10.1,6898,10.1
"06065","2","92311","77","0","2022","A","","Riverside County, California","State Government","NAICS 92311 Administration of education programs","County, NAICS 5-digit -- by ownership sector","All establishment sizes",3,653,48257599,0,0,1421,73883,"",0.38,2.77,3.29,0.00,0.00,1.19,1.19,"N",0,0.0,0,0,0,0,0,0,0,0,0,0,0,0
"06065","2","923110","78","0","2022","A","","Riverside County, California","State Government","NAICS 923110 Administration of education programs","County, NAICS 6-digit -- by ownership sector","All establishment sizes",3,653,48257599,0,0,1421,73883,"",0.38,2.77,3.29,0.00,0.00,1.19,1.19,"N",0,0.0,0,0,0,0,0,0,0,0,0,0,0,0
"06065","2","92313","77","0","2022","A","","Riverside County, California","State Government","NAICS 92313 Administration of human resource programs (except education, public health, and veterans' affairs programs)","County, NAICS 5-digit -- by ownership sector","All establishment sizes",15,795,60511166,0,0,1464,76115,"",0.41,0.68,1.00,0.00,0.00,1.46,1.46,"N",-2,-11.8,0,0,0,0,0,0,0,0,0,0,0,0
"06065","2","923130","78","0","2022","A","","Riverside County, California","State Government","NAICS 923130 Administration of human resource programs (except education, public health, and veterans' affairs programs)","County, NAICS 6-digit -- by ownership sector","All establishment sizes",15,795,60511166,0,0,1464,76115,"",0.41,0.68,1.00,0.00,0.00,1.46,1.46,"N",-2,-11.8,0,0,0,0,0,0,0,0,0,0,0,0
"06065","2","924","75","0","2022","A","","Riverside County, California","State Government","NAICS 924 Administration of environmental quality programs","County, NAICS 3-digit -- by ownership sector","All establishment sizes",17,1314,97431303,0,0,1426,74130,"",0.37,1.69,2.34,0.00,0.00,1.39,1.39,"",1,6.2,-48,-3.5,5086571,5.5,0,0.0,0,0.0,122,9.4,6333,9.3
"06065","2","9241","76","0","2022","A","","Riverside County, California","State Government","NAICS 9241 Administration of environmental quality programs","County, NAICS 4-digit -- by ownership sector","All establishment sizes",17,1314,97431303,0,0,1426,74130,"",0.37,1.69,2.34,0.00,0.00,1.39,1.39,"",1,6.2,-48,-3.5,5086571,5.5,0,0.0,0,0.0,122,9.4,6333,9.3
"06065","2","92412","77","0","2022","A","","Riverside County, California","State Government","NAICS 92412 Administration of conservation programs","County, NAICS 5-digit -- by ownership sector","All establishment sizes",17,1314,97431303,0,0,1426,74130,"",0.45,2.36,3.66,0.00,0.00,1.55,1.55,"",1,6.2,-48,-3.5,5086571,5.5,0,0.0,0,0.0,122,9.4,6333,9.3
"06065","2","924120","78","0","2022","A","","Riverside County, California","State Government","NAICS 924120 Administration of conservation programs","County, NAICS 6-digit -- by ownership sector","All establishment sizes",17,1314,97431303,0,0,1426,74130,"",0.45,2.36,3.66,0.00,0.00,1.55,1.55,"",1,6.2,-48,-3.5,5086571,5.5,0,0.0,0,0.0,122,9.4,6333,9.3
"06065","2","926","75","0","2022","A","","Riverside County, California","State Government","NAICS 926 Administration of economic programs","County, NAICS 3-digit -- by ownership sector","All establishment sizes",23,458,25032038,0,0,1052,54695,"",0.32,0.29,0.28,0.00,0.00,0.96,0.96,"",-1,-4.2,-15,-3.2,77321,0.3,0,0.0,0,0.0,38,3.7,1946,3.7
"06065","2","9261","76","0","2022","A","","Riverside County, California","State Government","NAICS 9261 Administration of economic programs","County, NAICS 4-digit -- by ownership sector","All establishment sizes",23,458,25032038,0,0,1052,54695,"",0.32,0.29,0.28,0.00,0.00,0.96,0.96,"",-1,-4.2,-15,-3.2,77321,0.3,0,0.0,0,0.0,38,3.7,1946,3.7
"06065","2","92612","77","0","2022","A","","Riverside County, California","State Government","NAICS 92612 Regulation and administration of transportation programs","County, NAICS 5-digit -- by ownership sector","All establishment sizes",13,311,16145088,0,0,999,51927,"",0.50,0.33,0.29,0.00,0.00,0.88,0.88,"",0,0.0,-10,-3.1,-183010,-1.1,0,0.0,0,0.0,20,2.0,1021,2.0
"06065","2","926120","78","0","2022","A","","Riverside County, California","State Government","NAICS 926120 Regulation and administration of transportation programs","County, NAICS 6-digit -- by ownership sector","All establishment sizes",13,311,16145088,0,0,999,51927,"",0.50,0.33,0.29,0.00,0.00,0.88,0.88,"",0,0.0,-10,-3.1,-183010,-1.1,0,0.0,0,0.0,20,2.0,1021,2.0
"06065","2","92614","77","0","2022","A","","Riverside County, California","State Government","NAICS 92614 Regulation of agricultural marketing and commodities","County, NAICS 5-digit -- by ownership sector","All establishment sizes",6,96,3944941,0,0,792,41200,"",0.30,0.55,0.51,0.00,0.00,0.93,0.93,"",-1,-14.3,-2,-2.0,339043,9.4,0,0.0,0,0.0,85,12.0,4436,12.1
"06065","2","926140","78","0","2022","A","","Riverside County, California","State Government","NAICS 926140 Regulation of agricultural marketing and commodities","County, NAICS 6-digit -- by ownership sector","All establishment sizes",6,96,3944941,0,0,792,41200,"",0.30,0.55,0.51,0.00,0.00,0.93,0.93,"",-1,-14.3,-2,-2.0,339043,9.4,0,0.0,0,0.0,85,12.0,4436,12.1
"06065","2","92615","77","0","2022","A","","Riverside County, California","State Government","NAICS 92615 Regulation, licensing, and inspection of miscellaneous commercial sectors","County, NAICS 5-digit -- by ownership sector","All establishment sizes",4,51,4942009,0,0,1864,96902,"",0.23,0.19,0.32,0.00,0.00,1.73,1.73,"",0,0.0,-3,-5.6,-78712,-1.6,0,0.0,0,0.0,84,4.7,4354,4.7
"06065","2","926150","78","0","2022","A","","Riverside County, California","State Government","NAICS 926150 Regulation, licensing, and inspection of miscellaneous commercial sectors","County, NAICS 6-digit -- by ownership sector","All establishment sizes",4,51,4942009,0,0,1864,96902,"",0.23,0.19,0.32,0.00,0.00,1.73,1.73,"",0,0.0,-3,-5.6,-78712,-1.6,0,0.0,0,0.0,84,4.7,4354,4.7
"06065","2","928","75","0","2022","A","","Riverside County, California","State Government","NAICS 928 National security and international affairs","County, NAICS 3-digit -- by ownership sector","All establishment sizes",1,6,221483,0,0,730,37969,"",0.21,0.06,0.05,0.00,0.00,0.87,0.87,"N",1,100.0,0,0,0,0,0,0,0,0,0,0,0,0
"06065","2","9281","76","0","2022","A","","Riverside County, California","State Government","NAICS 9281 National security and international affairs","County, NAICS 4-digit -- by ownership sector","All establishment sizes",1,6,221483,0,0,730,37969,"",0.21,0.06,0.05,0.00,0.00,0.87,0.87,"N",1,100.0,0,0,0,0,0,0,0,0,0,0,0,0
"06065","2","92812","77","0","2022","A","","Riverside County, California","State Government","NAICS 92812 International affairs","County, NAICS 5-digit -- by ownership sector","All establishment sizes",1,6,221483,0,0,730,37969,"N",38.06,0,0,0,0,0,0,"N",1,100.0,0,0,0,0,0,0,0,0,0,0,0,0
"06065","2","928120","78","0","2022","A","","Riverside County, California","State Government","NAICS 928120 International affairs","County, NAICS 6-digit -- by ownership sector","All establishment sizes",1,6,221483,0,0,730,37969,"N",38.06,0,0,0,0,0,0,"N",1,100.0,0,0,0,0,0,0,0,0,0,0,0,0
"06065","3","10","71","0","2022","A","","Riverside County, California","Local Government","10 Total, all industries","County, Total -- by ownership sector","All establishment sizes",1006,107636,7942900008,84107514,3693487,1419,73794,"",0.89,1.44,2.20,0.99,3.80,1.52,1.52,"",7,0.7,6545,6.5,737805282,10.2,6767057,8.7,-55258,-1.5,48,3.5,2520,3.5
"06065","3","101","72","0","2022","A","","Riverside County, California","Local Government","101 Goods-producing","County, by Domain -- by ownership sector","All establishment sizes",2,13,701813,124251,1919,1025,53302,"",0.07,0.02,0.03,0.14,0.13,1.12,1.12,"N",0,0.0,0,0,0,0,0,0,0,0,0,0,0,0
"06065","3","1011","73","0","2022","A","","Riverside County, California","Local Government","1011 Natural resources and mining","County, by Supersector -- by ownership sector","All establishment sizes",1,2,87302,27755,472,839,43651,"",2.11,0.27,0.27,0.44,0.22,1.02,1.02,"N",0,0.0,0,0,0,0,0,0,0,0,0,0,0,0
"06065","3","1012","73","0","2022","A","","Riverside County, California","Local Government","1012 Construction","County, by Supersector -- by ownership sector","All establishment sizes",1,11,614511,96496,1447,1058,55031,"",0.04,0.02,0.02,0.13,0.12,1.15,1.15,"N",0,0.0,0,0,0,0,0,0,0,0,0,0,0,0
"06065","3","102","72","0","2022","A","","Riverside County, California","Local Government","102 Service-providing","County, by Domain -- by ownership sector","All establishment sizes",1004,107623,7942198195,83983263,3691568,1419,73796,"",0.91,1.45,2.22,1.00,3.86,1.52,1.52,"N",7,0.7,0,0,0,0,0,0,0,0,0,0,0,0
"06065","3","1021","73","0","2022","A","","Riverside County, California","Local Government","1021 Trade, transportation, and utilities","County, by Supersector -- by ownership sector","All establishment sizes",47,4547,405666010,7607045,213089,1716,89211,"",0.59,1.56,2.28,1.76,3.87,1.46,1.46,"",1,2.2,58,1.3,25434393,6.7,403502,5.6,-23008,-9.7,87,5.3,4506,5.3
"06065","3","1022","73","0","2022","A","","Riverside County, California","Local Government","1022 Information","County, by Supersector -- by ownership sector","All establishment sizes",5,108,6029321,106547,3960,1075,55913,"",0.15,0.17,0.30,0.13,0.46,1.77,1.77,"",0,0.0,14,14.9,1205143,25.0,-8047,-7.0,-1504,-27.5,90,9.1,4683,9.1
"06065","3","1023","73","0","2022","A","","Riverside County, California","Local Government","1023 Financial activities","County, by Supersector -- by ownership sector","All establishment sizes",1,5,541722,28000,420,2084,108344,"",0.08,0.02,0.04,0.02,0.02,2.11,2.11,"N",0,0.0,0,0,0,0,0,0,0,0,0,0,0,0
"06065","3","1024","73","0","2022","A","","Riverside County, California","Local Government","1024 Professional and business services","County, by Supersector -- by ownership sector","All establishment sizes",6,91,8405024,392512,11383,1784,92788,"",0.20,0.18,0.35,0.39,0.45,1.92,1.92,"",1,20.0,13,16.7,1739080,26.1,88001,28.9,1334,13.3,144,8.8,7509,8.8
"06065","3","1025","73","0","2022","A","","Riverside County, California","Local Government","1025 Education and health services","County, by Supersector -- by ownership sector","All establishment sizes",810,60684,4337702646,5283114,158200,1375,71480,"",1.68,1.33,2.06,0.16,0.64,1.55,1.55,"",12,1.5,4203,7.4,447873569,11.5,159789,3.1,-37684,-19.2,51,3.9,2610,3.8
"06065","3","1026","73","0","2022","A","","Riverside County, California","Local Government","1026 Leisure and hospitality","County, by Supersector -- by ownership sector","All establishment sizes",28,12578,695443672,53833938,2597962,1063,55290,"",0.92,6.42,11.07,8.87,16.89,1.73,1.73,"",0,0.0,1309,11.6,91258830,15.1,5851067,12.2,39985,1.6,32,3.1,1675,3.1
"06065","3","1027","73","0","2022","A","","Riverside County, California","Local Government","1027 Other services","County, by Supersector -- by ownership sector","All establishment sizes",12,286,22586294,1321528,38777,1519,78973,"",0.87,1.69,3.15,3.12,4.15,1.87,1.87,"",0,0.0,46,19.2,4661517,26.0,57998,4.6,-17339,-30.9,80,5.6,4131,5.5
"06065","3","1028","73","0","2022","A","","Riverside County, California","Local Government","1028 Public administration","County, by Supersector -- by ownership sector","All establishment sizes",95,29325,2465823506,15410579,667777,1617,84087,"",0.23,1.34,2.10,0.43,1.55,1.57,1.57,"",-1,-1.0,940,3.3,167905196,7.3,184177,1.2,-17375,-2.5,60,3.9,3130,3.9
"06065","3","11","74","0","2022","A","","Riverside County, California","Local Government","NAICS 11 Agriculture, forestry, fishing and hunting","County, NAICS Sector -- by ownership sector","All establishment sizes",1,2,87302,27755,472,839,43651,"N",2.31,0,0,0,0,0,0,"N",0,0.0,0,0,0,0,0,0,0,0,0,0,0,0
"06065","3","115","75","0","2022","A","","Riverside County, California","Local Government","NAICS 115 Support activities for agriculture and forestry","County, NAICS 3-digit -- by ownership sector","All establishment sizes",1,2,87302,27755,472,839,43651,"",4.23,0.92,0.99,3.02,1.99,1.08,1.08,"N",0,0.0,0,0,0,0,0,0,0,0,0,0,0,0
"06065","3","1151","76","0","2022","A","","Riverside County, California","Local Government","NAICS 1151 Support activities for crop production","County, NAICS 4-digit -- by ownership sector","All establishment sizes",1,2,87302,27755,472,839,43651,"",7.25,1.67,1.90,5.06,3.35,1.14,1.14,"N",0,0.0,0,0,0,0,0,0,0,0,0,0,0,0
"06065","3","11511","77","0","2022","A","","Riverside County, California","Local Government","NAICS 11511 Support activities for crop production","County, NAICS 5-digit -- by ownership sector","All establishment sizes",1,2,87302,27755,472,839,43651,"",7.25,1.67,1.90,5.06,3.35,1.14,1.14,"N",0,0.0,0,0,0,0,0,0,0,0,0,0,0,0
"06065","3","115112","78","0","2022","A","","Riverside County, California","Local Government","NAICS 115112 Soil preparation, planting, and cultivating","County, NAICS 6-digit -- by ownership sector","All establishment sizes",1,2,87302,27755,472,839,43651,"N",8.01,0,0,0,0,0,0,"N",0,0.0,0,0,0,0,0,0,0,0,0,0,0,0
"06065","3","22","74","0","2022","A","","Riverside County, California","Local Government","NAICS 22 Utilities","County, NAICS Sector -- by ownership sector","All establishment sizes",31,3162,328843215,4174197,100755,2000,104004,"",0.56,2.40,3.76,1.62,3.66,1.57,1.57,"",0,0.0,11,0.3,15294450,4.9,336022,8.8,-10567,-9.5,86,4.5,4499,4.5
"06065","3","221","75","0","2022","A","","Riverside County, California","Local Government","NAICS 221 Utilities","County, NAICS 3-digit -- by ownership sector","All establishment sizes",31,3162,328843215,4174197,100755,2000,104004,"",0.56,2.40,3.76,1.62,3.66,1.57,1.57,"",0,0.0,11,0.3,15294450,4.9,336022,8.8,-10567,-9.5,86,4.5,4499,4.5
"06065","3","2211","76","0","2022","A","","Riverside County, California","Local Government","NAICS 2211 Electric power generation, transmission and distribution","County, NAICS 4-digit -- by ownership sector","All establishment sizes",3,510,61050275,0,0,2301,119648,"",0.49,1.24,1.77,0.00,0.00,1.43,1.43,"",0,0.0,-1,-0.2,4354959,7.7,0,0.0,0,0.0,167,7.8,8698,7.8
"06065","3","22111","77","0","2022","A","","Riverside County, California","Local Government","NAICS 22111 Electric power generation","County, NAICS 5-digit -- by ownership sector","All establishment sizes",2,378,46061442,0,0,2345,121963,"",1.18,3.37,4.75,0.00,0.00,1.41,1.41,"N",0,0.0,0,0,0,0,0,0,0,0,0,0,0,0
"06065","3","221112","78","0","2022","A","","Riverside County, California","Local Government","NAICS 221112 Fossil fuel electric power generation","County, NAICS 6-digit -- by ownership sector","All establishment sizes",2,378,46061442,0,0,2345,121963,"",1.59,4.65,6.74,0.00,0.00,1.45,1.45,"N",0,0.0,0,0,0,0,0,0,0,0,0,0,0,0
"06065","3","22112","77","0","2022","A","","Riverside County, California","Local Government","NAICS 22112 Electric power transmission, control, and distribution","County, NAICS 5-digit -- by ownership sector","All establishment sizes",1,133,14988833,0,0,2174,113052,"",0.22,0.44,0.61,0.00,0.00,1.37,1.37,"N",0,0.0,0,0,0,0,0,0,0,0,0,0,0,0
"06065","3","221121","78","0","2022","A","","Riverside County, California","Local Government","NAICS 221121 Electric bulk power transmission and control","County, NAICS 6-digit -- by ownership sector","All establishment sizes",1,133,14988833,0,0,2174,113052,"",2.31,3.77,4.93,0.00,0.00,1.31,1.31,"N",0,0.0,0,0,0,0,0,0,0,0,0,0,0,0
"06065","3","2213","76","0","2022","A","","Riverside County, California","Local Government","NAICS 2213 Water, sewage and other systems","County, NAICS 4-digit -- by ownership sector","All establishment sizes",28,2652,267792940,4174197,100755,1942,100994,"",0.59,3.05,5.24,2.15,4.85,1.72,1.72,"",0,0.0,12,0.5,10939491,4.3,336022,8.8,-10567,-9.5,71,3.8,3704,3.8
"06065","3","22131","77","0","2022","A","","Riverside County, California","Local Government","NAICS 22131 Water supply and irrigation systems","County, NAICS 5-digit -- by ownership sector","All establishment sizes",26,2608,264159932,4174197,100755,1948,101285,"",0.81,4.39,7.70,2.99,6.92,1.75,1.75,"N",0,0.0,0,0,0,0,0,0,0,0,0,0,0,0
"06065","3","221310","78","0","2022","A","","Riverside County, California","Local Government","NAICS 221310 Water supply and irrigation systems","County, NAICS 6-digit -- by ownership sector","All establishment sizes",26,2608,264159932,4174197,100755,1948,101285,"",0.81,4.39,7.70,2.99,6.92,1.75,1.75,"N",0,0.0,0,0,0,0,0,0,0,0,0,0,0,0
"06065","3","22132","77","0","2022","A","","Riverside County, California","Local Government","NAICS 22132 Sewage treatment facilities","County, NAICS 5-digit -- by ownership sector","All establishment sizes",2,44,3633008,0,0,1606,83517,"",0.13,0.16,0.22,0.00,0.00,1.38,1.38,"N",0,0.0,0,0,0,0,0,0,0,0,0,0,0,0
"06065","3","221320","78","0","2022","A","","Riverside County, California","Local Government","NAICS 221320 Sewage treatment facilities","County, NAICS 6-digit -- by ownership sector","All establishment sizes",2,44,3633008,0,0,1606,83517,"",0.13,0.16,0.22,0.00,0.00,1.38,1.38,"N",0,0.0,0,0,0,0,0,0,0,0,0,0,0,0
"06065","3","23","74","0","2022","A","","Riverside County, California","Local Government","NAICS 23 Construction","County, NAICS Sector -- by ownership sector","All establishment sizes",1,11,614511,96496,1447,1058,55031,"",0.04,0.02,0.02,0.13,0.12,1.15,1.15,"N",0,0.0,0,0,0,0,0,0,0,0,0,0,0,0
"06065","3","237","75","0","2022","A","","Riverside County, California","Local Government","NAICS 237 Heavy and civil engineering construction","County, NAICS 3-digit -- by ownership sector","All establishment sizes",1,11,614511,96496,1447,1058,55031,"",0.04,0.02,0.02,0.14,0.13,1.16,1.16,"N",0,0.0,0,0,0,0,0,0,0,0,0,0,0,0
"06065","3","2373","76","0","2022","A","","Riverside County, California","Local Government","NAICS 2373 Highway, street, and bridge construction","County, NAICS 4-digit -- by ownership sector","All establishment sizes",1,11,614511,96496,1447,1058,55031,"",0.04,0.02,0.02,0.15,0.16,1.16,1.16,"N",0,0.0,0,0,0,0,0,0,0,0,0,0,0,0
"06065","3","23731","77","0","2022","A","","Riverside County, California","Local Government","NAICS 23731 Highway, street, and bridge construction","County, NAICS 5-digit -- by ownership sector","All establishment sizes",1,11,614511,96496,1447,1058,55031,"",0.04,0.02,0.02,0.15,0.16,1.16,1.16,"N",0,0.0,0,0,0,0,0,0,0,0,0,0,0,0
"06065","3","237310","78","0","2022","A","","Riverside County, California","Local Government","NAICS 237310 Highway, street, and bridge construction","County, NAICS 6-digit -- by ownership sector","All establishment sizes",1,11,614511,96496,1447,1058,55031,"",0.04,0.02,0.02,0.15,0.16,1.16,1.16,"N",0,0.0,0,0,0,0,0,0,0,0,0,0,0,0
"06065","3","42","74","0","2022","A","","Riverside County, California","Local Government","NAICS 42 Wholesale trade","County, NAICS Sector -- by ownership sector","All establishment sizes",0,0,0,0,0,0,0,"",0.00,0.00,0.00,0.00,0.00,0.00,0.00,"N",0,0,0,0,0,0,0,0,0,0,0,0,0,0
"06065","3","423","75","0","2022","A","","Riverside County, California","Local Government","NAICS 423 Merchant wholesalers, durable goods","County, NAICS 3-digit -- by ownership sector","All establishment sizes",0,0,0,0,0,0,0,"",0.00,0.00,0.00,0.00,0.00,0.00,0.00,"N",0,0,0,0,0,0,0,0,0,0,0,0,0,0
"06065","3","4239","76","0","2022","A","","Riverside County, California","Local Government","NAICS 4239 Miscellaneous durable goods merchant wholesalers","County, NAICS 4-digit -- by ownership sector","All establishment sizes",0,0,0,0,0,0,0,"",0.00,0.00,0.00,0.00,0.00,0.00,0.00,"N",0,0,0,0,0,0,0,0,0,0,0,0,0,0
"06065","3","42393","77","0","2022","A","","Riverside County, California","Local Government","NAICS 42393 Recyclable material merchant wholesalers","County, NAICS 5-digit -- by ownership sector","All establishment sizes",0,0,0,0,0,0,0,"N",0.00,0,0,0,0,0,0,"N",0,0,0,0,0,0,0,0,0,0,0,0,0,0
"06065","3","423930","78","0","2022","A","","Riverside County, California","Local Government","NAICS 423930 Recyclable material merchant wholesalers","County, NAICS 6-digit -- by ownership sector","All establishment sizes",0,0,0,0,0,0,0,"N",0.00,0,0,0,0,0,0,"N",0,0,0,0,0,0,0,0,0,0,0,0,0,0
"06065","3","44-45","74","0","2022","A","","Riverside County, California","Local Government","NAICS 44-45 Retail trade","County, NAICS Sector -- by ownership sector","All establishment sizes",3,61,2139163,627619,19761,678,35261,"",0.65,1.19,1.59,2.32,3.95,1.34,1.34,"N",1,50.0,0,0,0,0,0,0,0,0,0,0,0,0
"06065","3","457","75","0","2022","A","","Riverside County, California","Local Government","NAICS 457 Gasoline stations and fuel dealers","County, NAICS 3-digit -- by ownership sector","All establishment sizes",3,61,2139163,627619,19761,678,35261,"",4.43,5.77,7.69,8.52,8.31,1.34,1.34,"N",3,100.0,0,0,0,0,0,0,0,0,0,0,0,0
"06065","3","4571","76","0","2022","A","","Riverside County, California","Local Government","NAICS 4571 Gasoline stations","County, NAICS 4-digit -- by ownership sector","All establishment sizes",3,61,2139163,627619,19761,678,35261,"N",4.52,0,0,0,0,0,0,"N",3,100.0,0,0,0,0,0,0,0,0,0,0,0,0
"06065","3","45711","77","0","2022","A","","Riverside County, California","Local Government","NAICS 45711 Gasoline stations with convenience stores","County, NAICS 5-digit -- by ownership sector","All establishment sizes",3,61,2139163,627619,19761,678,35261,"",4.81,6.10,8.30,9.24,8.81,1.37,1.37,"N",3,100.0,0,0,0,0,0,0,0,0,0,0,0,0
"06065","3","457110","78","0","2022","A","","Riverside County, California","Local Government","NAICS 457110 Gasoline stations with convenience stores","County, NAICS 6-digit -- by ownership sector","All establishment sizes",3,61,2139163,627619,19761,678,35261,"",4.81,6.10,8.30,9.24,8.81,1.37,1.37,"N",3,100.0,0,0,0,0,0,0,0,0,0,0,0,0
"06065","3","48-49","74","0","2022","A","","Riverside County, California","Local Government","NAICS 48-49 Transportation and warehousing","County, NAICS Sector -- by ownership sector","All establishment sizes",13,1325,74683632,2805229,92573,1084,56376,"",0.68,0.86,0.84,1.94,4.14,0.98,0.98,"N",0,0.0,0,0,0,0,0,0,0,0,0,0,0,0
"06065","3","485","75","0","2022","A","","Riverside County, California","Local Government","NAICS 485 Transit and ground passenger transportation","County, NAICS 3-digit -- by ownership sector","All establishment sizes",6,849,46172150,2805229,92573,1046,54368,"",0.52,0.68,0.66,2.63,5.46,0.96,0.96,"",0,0.0,-2,-0.2,5523088,13.6,-46183,-1.6,-15782,-14.6,127,13.8,6583,13.8
"06065","3","4852","76","0","2022","A","","Riverside County, California","Local Government","NAICS 4852 Interurban and rural bus transportation","County, NAICS 4-digit -- by ownership sector","All establishment sizes",1,323,18665108,2805229,92573,1113,57861,"",2.17,11.19,11.39,8.51,20.86,1.02,1.02,"N",0,0.0,0,0,0,0,0,0,0,0,0,0,0,0
"06065","3","48521","77","0","2022","A","","Riverside County, California","Local Government","NAICS 48521 Interurban and rural bus transportation","County, NAICS 5-digit -- by ownership sector","All establishment sizes",1,323,18665108,2805229,92573,1113,57861,"",2.17,11.19,11.39,8.51,20.86,1.02,1.02,"N",0,0.0,0,0,0,0,0,0,0,0,0,0,0,0
"06065","3","485210","78","0","2022","A","","Riverside County, California","Local Government","NAICS 485210 Interurban and rural bus transportation","County, NAICS 6-digit -- by ownership sector","All establishment sizes",1,323,18665108,2805229,92573,1113,57861,"",2.17,11.19,11.39,8.51,20.86,1.02,1.02,"N",0,0.0,0,0,0,0,0,0,0,0,0,0,0,0
"06065","3","4854","76","0","2022","A","","Riverside County, California","Local Government","NAICS 4854 School and employee bus transportation","County, NAICS 4-digit -- by ownership sector","All establishment sizes",5,527,27507042,0,0,1004,52229,"",0.69,1.73,3.01,0.00,0.00,1.74,1.74,"N",0,0.0,0,0,0,0,0,0,0,0,0,0,0,0
"06065","3","48541","77","0","2022","A","","Riverside County, California","Local Government","NAICS 48541 School and employee bus transportation","County, NAICS 5-digit -- by ownership sector","All establishment sizes",5,527,27507042,0,0,1004,52229,"",0.69,1.73,3.01,0.00,0.00,1.74,1.74,"N",0,0.0,0,0,0,0,0,0,0,0,0,0,0,0
"06065","3","485410","78","0","2022","A","","Riverside County, California","Local Government","NAICS 485410 School and employee bus transportation","County, NAICS 6-digit -- by ownership sector","All establishment sizes",5,527,27507042,0,0,1004,52229,"",0.69,1.73,3.01,0.00,0.00,1.74,1.74,"N",0,0.0,0,0,0,0,0,0,0,0,0,0,0,0
"06065","3","487","75","0","2022","A","","Riverside County, California","Local Government","NAICS 487 Scenic and sightseeing transportation","County, NAICS 3-digit -- by ownership sector","All establishment sizes",1,72,5222401,0,0,1405,73041,"",7.61,21.05,39.14,0.00,0.00,1.87,1.87,"N",0,0.0,0,0,0,0,0,0,0,0,0,0,0,0
"06065","3","4879","76","0","2022","A","","Riverside County, California","Local Government","NAICS 4879 Scenic and sightseeing transportation, other","County, NAICS 4-digit -- by ownership sector","All establishment sizes",1,72,5222401,0,0,1405,73041,"",152.23,186.23,234.89,0.00,0.00,1.26,1.26,"N",0,0.0,0,0,0,0,0,0,0,0,0,0,0,0
"06065","3","48799","77","0","2022","A","","Riverside County, California","Local Government","NAICS 48799 Scenic and sightseeing transportation, other","County, NAICS 5-digit -- by ownership sector","All establishment sizes",1,72,5222401,0,0,1405,73041,"",152.23,186.23,234.89,0.00,0.00,1.26,1.26,"N",0,0.0,0,0,0,0,0,0,0,0,0,0,0,0
"06065","3","487990","78","0","2022","A","","Riverside County, California","Local Government","NAICS 487990 Scenic and sightseeing transportation, other","County, NAICS 6-digit -- by ownership sector","All establishment sizes",1,72,5222401,0,0,1405,73041,"",152.23,186.23,234.89,0.00,0.00,1.26,1.26,"N",0,0.0,0,0,0,0,0,0,0,0,0,0,0,0
"06065","3","488","75","0","2022","A","","Riverside County, California","Local Government","NAICS 488 Support activities for transportation","County, NAICS 3-digit -- by ownership sector","All establishment sizes",1,12,763370,0,0,1267,65902,"",0.18,0.05,0.05,0.00,0.00,0.99,0.99,"N",0,0.0,0,0,0,0,0,0,0,0,0,0,0,0
"06065","3","4881","76","0","2022","A","","Riverside County, California","Local Government","NAICS 4881 Support activities for air transportation","County, NAICS 4-digit -- by ownership sector","All establishment sizes",1,12,763370,0,0,1267,65902,"",0.26,0.07,0.07,0.00,0.00,1.03,1.03,"N",0,0.0,0,0,0,0,0,0,0,0,0,0,0,0
"06065","3","48811","77","0","2022","A","","Riverside County, California","Local Government","NAICS 48811 Airport operations","County, NAICS 5-digit -- by ownership sector","All establishment sizes",1,12,763370,0,0,1267,65902,"N",0.26,0,0,0,0,0,0,"N",0,0.0,0,0,0,0,0,0,0,0,0,0,0,0
"06065","3","488119","78","0","2022","A","","Riverside County, California","Local Government","NAICS 488119 Other airport operations","County, NAICS 6-digit -- by ownership sector","All establishment sizes",1,12,763370,0,0,1267,65902,"",0.28,0.07,0.07,0.00,0.00,1.03,1.03,"N",0,0.0,0,0,0,0,0,0,0,0,0,0,0,0
"06065","3","493","75","0","2022","A","","Riverside County, California","Local Government","NAICS 493 Warehousing and storage","County, NAICS 3-digit -- by ownership sector","All establishment sizes",5,392,22525711,0,0,1104,57403,"",3.06,9.41,10.96,0.00,0.00,1.16,1.16,"",0,0.0,17,4.5,2282212,11.3,0,0.0,0,0.0,65,6.3,3372,6.2
"06065","3","4931","76","0","2022","A","","Riverside County, California","Local Government","NAICS 4931 Warehousing and storage","County, NAICS 4-digit -- by ownership sector","All establishment sizes",5,392,22525711,0,0,1104,57403,"",3.06,9.41,10.96,0.00,0.00,1.16,1.16,"",0,0.0,17,4.5,2282212,11.3,0,0.0,0,0.0,65,6.3,3372,6.2
"06065","3","49311","77","0","2022","A","","Riverside County, California","Local Government","NAICS 49311 General warehousing and storage","County, NAICS 5-digit -- by ownership sector","All establishment sizes",5,392,22525711,0,0,1104,57403,"",3.28,9.79,11.40,0.00,0.00,1.16,1.16,"",0,0.0,17,4.5,2282212,11.3,0,0.0,0,0.0,65,6.3,3372,6.2
"06065","3","493110","78","0","2022","A","","Riverside County, California","Local Government","NAICS 493110 General warehousing and storage","County, NAICS 6-digit -- by ownership sector","All establishment sizes",5,392,22525711,0,0,1104,57403,"",3.28,9.79,11.40,0.00,0.00,1.16,1.16,"",0,0.0,17,4.5,2282212,11.3,0,0.0,0,0.0,65,6.3,3372,6.2
"06065","3","51","74","0","2022","A","","Riverside County, California","Local Government","NAICS 51 Information","County, NAICS Sector -- by ownership sector","All establishment sizes",5,108,6029321,106547,3960,1075,55913,"",0.15,0.17,0.30,0.13,0.46,1.77,1.77,"",0,0.0,14,14.9,1205143,25.0,-8047,-7.0,-1504,-27.5,90,9.1,4683,9.1
"06065","3","519","75","0","2022","A","","Riverside County, California","Local Government","NAICS 519 Web search portals, libraries, archives, and other information services","County, NAICS 3-digit -- by ownership sector","All establishment sizes",5,108,6029321,106547,3960,1075,55913,"",0.15,0.17,0.32,0.13,0.49,1.83,1.83,"",0,0.0,14,14.9,1205143,25.0,-8047,-7.0,-1504,-27.5,90,9.1,4683,9.1
"06065","3","5192","76","0","2022","A","","Riverside County, California","Local Government","NAICS 5192 Web search portals, libraries, archives, and other information services","County, NAICS 4-digit -- by ownership sector","All establishment sizes",5,108,6029321,106547,3960,1075,55913,"",0.15,0.17,0.32,0.13,0.49,1.83,1.83,"N",5,100.0,0,0,0,0,0,0,0,0,0,0,0,0
"06065","3","51921","77","0","2022","A","","Riverside County, California","Local Government","NAICS 51921 Libraries and archives","County, NAICS 5-digit -- by ownership sector","All establishment sizes",5,108,6029321,106547,3960,1075,55913,"N",0.15,0,0,0,0,0,0,"N",5,100.0,0,0,0,0,0,0,0,0,0,0,0,0
"06065","3","519210","78","0","2022","A","","Riverside County, California","Local Government","NAICS 519210 Libraries and archives","County, NAICS 6-digit -- by ownership sector","All establishment sizes",5,108,6029321,106547,3960,1075,55913,"N",0.15,0,0,0,0,0,0,"N",5,100.0,0,0,0,0,0,0,0,0,0,0,0,0
"06065","3","52","74","0","2022","A","","Riverside County, California","Local Government","NAICS 52 Finance and insurance","County, NAICS Sector -- by ownership sector","All establishment sizes",1,5,541722,28000,420,2084,108344,"",0.81,0.08,0.13,0.08,0.06,1.49,1.49,"N",0,0.0,0,0,0,0,0,0,0,0,0,0,0,0
"06065","3","524","75","0","2022","A","","Riverside County, California","Local Government","NAICS 524 Insurance carriers and related activities","County, NAICS 3-digit -- by ownership sector","All establishment sizes",1,5,541722,28000,420,2084,108344,"",1.77,0.11,0.17,0.24,0.10,1.52,1.52,"N",0,0.0,0,0,0,0,0,0,0,0,0,0,0,0
"06065","3","5241","76","0","2022","A","","Riverside County, California","Local Government","NAICS 5241 Insurance carriers","County, NAICS 4-digit -- by ownership sector","All establishment sizes",1,5,541722,28000,420,2084,108344,"",4.01,0.15,0.22,0.31,0.10,1.52,1.52,"N",0,0.0,0,0,0,0,0,0,0,0,0,0,0,0
"06065","3","52412","77","0","2022","A","","Riverside County, California","Local Government","NAICS 52412 Direct insurance (except life, health, and medical) carriers","County, NAICS 5-digit -- by ownership sector","All establishment sizes",1,5,541722,28000,420,2084,108344,"",8.01,0.67,0.94,27.25,30.82,1.40,1.39,"N",0,0.0,0,0,0,0,0,0,0,0,0,0,0,0
"06065","3","524128","78","0","2022","A","","Riverside County, California","Local Government","NAICS 524128 Other direct insurance (except life, health, and medical) carriers","County, NAICS 6-digit -- by ownership sector","All establishment sizes",1,5,541722,28000,420,2084,108344,"",152.23,186.23,234.89,319.60,178.24,1.26,1.26,"N",0,0.0,0,0,0,0,0,0,0,0,0,0,0,0
"06065","3","54","74","0","2022","A","","Riverside County, California","Local Government","NAICS 54 Professional, scientific, and technical services","County, NAICS Sector -- by ownership sector","All establishment sizes",4,83,7849668,392512,11383,1828,95051,"",0.53,0.75,1.15,1.51,2.62,1.54,1.54,"N",0,0.0,0,0,0,0,0,0,0,0,0,0,0,0
"06065","3","541","75","0","2022","A","","Riverside County, California","Local Government","NAICS 541 Professional, scientific, and technical services","County, NAICS 3-digit -- by ownership sector","All establishment sizes",4,83,7849668,392512,11383,1828,95051,"",0.53,0.75,1.15,1.51,2.62,1.54,1.54,"N",0,0.0,0,0,0,0,0,0,0,0,0,0,0,0
"06065","3","5416","76","0","2022","A","","Riverside County, California","Local Government","NAICS 5416 Management, scientific, and technical consulting services","County, NAICS 4-digit -- by ownership sector","All establishment sizes",4,83,7849668,392512,11383,1828,95051,"",4.09,8.03,11.05,14.71,11.02,1.38,1.38,"N",0,0.0,0,0,0,0,0,0,0,0,0,0,0,0
"06065","3","54161","77","0","2022","A","","Riverside County, California","Local Government","NAICS 54161 Management consulting services","County, NAICS 5-digit -- by ownership sector","All establishment sizes",3,81,7849668,392512,11383,1858,96611,"",4.81,10.27,14.47,27.78,19.38,1.41,1.40,"N",0,0.0,0,0,0,0,0,0,0,0,0,0,0,0
"06065","3","541611","78","0","2022","A","","Riverside County, California","Local Government","NAICS 541611 Administrative management and general management consulting services","County, NAICS 6-digit -- by ownership sector","All establishment sizes",1,48,4715417,392512,11383,1879,97729,"",2.58,9.86,13.50,33.16,20.20,1.36,1.36,"N",0,0.0,0,0,0,0,0,0,0,0,0,0,0,0
"06065","3","541612","78","0","2022","A","","Riverside County, California","Local Government","NAICS 541612 Human resources consulting services","County, NAICS 6-digit -- by ownership sector","All establishment sizes",1,33,3134251,0,0,1826,94977,"",6.34,12.37,18.60,0.00,0.00,1.50,1.50,"N",0,0.0,0,0,0,0,0,0,0,0,0,0,0,0
"06065","3","541614","78","0","2022","A","","Riverside County, California","Local Government","NAICS 541614 Process, physical distribution, and logistics consulting services","County, NAICS 6-digit -- by ownership sector","All establishment sizes",1,0,0,0,0,0,0,"",25.37,0.00,0.00,0.00,0.00,0.00,0.00,"N",0,0.0,0,0,0,0,0,0,0,0,0,0,0,0
"06065","3","54169","77","0","2022","A","","Riverside County, California","Local Government","NAICS 54169 Other scientific and technical consulting services","County, NAICS 5-digit -- by ownership sector","All establishment sizes",1,1,0,0,0,0,0,"",4.23,0.55,0.00,0.00,0.00,0.00,0.00,"N",0,0.0,0,0,0,0,0,0,0,0,0,0,0,0
"06065","3","541690","78","0","2022","A","","Riverside County, California","Local Government","NAICS 541690 Other scientific and technical consulting services","County, NAICS 6-digit -- by ownership sector","All establishment sizes",1,1,0,0,0,0,0,"",4.23,0.55,0.00,0.00,0.00,0.00,0.00,"N",0,0.0,0,0,0,0,0,0,0,0,0,0,0,0
"06065","3","56","74","0","2022","A","","Riverside County, California","Local Government","NAICS 56 Administrative and support and waste management and remediation services","County, NAICS Sector -- by ownership sector","All establishment sizes",2,8,555356,0,0,1335,69420,"",0.09,0.02,0.03,0.00,0.00,1.56,1.56,"N",1,100.0,0,0,0,0,0,0,0,0,0,0,0,0
"06065","3","561","75","0","2022","A","","Riverside County, California","Local Government","NAICS 561 Administrative and support services","County, NAICS 3-digit -- by ownership sector","All establishment sizes",2,8,555356,0,0,1335,69420,"",0.13,0.03,0.05,0.00,0.00,1.55,1.55,"N",1,100.0,0,0,0,0,0,0,0,0,0,0,0,0
"06065","3","5612","76","0","2022","A","","Riverside County, California","Local Government","NAICS 5612 Facilities support services","County, NAICS 4-digit -- by ownership sector","All establishment sizes",1,0,0,0,0,0,0,"",0.86,0.00,0.00,0.00,0.00,0.00,0.00,"N",1,100.0,0,0,0,0,0,0,0,0,0,0,0,0
"06065","3","56121","77","0","2022","A","","Riverside County, California","Local Government","NAICS 56121 Facilities support services","County, NAICS 5-digit -- by ownership sector","All establishment sizes",1,0,0,0,0,0,0,"",0.86,0.00,0.00,0.00,0.00,0.00,0.00,"N",1,100.0,0,0,0,0,0,0,0,0,0,0,0,0
"06065","3","561210","78","0","2022","A","","Riverside County, California","Local Government","NAICS 561210 Facilities support services","County, NAICS 6-digit -- by ownership sector","All establishment sizes",1,0,0,0,0,0,0,"",0.86,0.00,0.00,0.00,0.00,0.00,0.00,"N",1,100.0,0,0,0,0,0,0,0,0,0,0,0,0
"06065","3","5614","76","0","2022","A","","Riverside County, California","Local Government","NAICS 5614 Business support services","County, NAICS 4-digit -- by ownership sector","All establishment sizes",1,8,555356,0,0,1335,69420,"",1.54,0.85,1.11,0.00,0.00,1.31,1.31,"N",0,0.0,0,0,0,0,0,0,0,0,0,0,0,0
"06065","3","56143","77","0","2022","A","","Riverside County, California","Local Government","NAICS 56143 Business service centers","County, NAICS 5-digit -- by ownership sector","All establishment sizes",1,8,555356,0,0,1335,69420,"N",21.75,0,0,0,0,0,0,"N",0,0.0,0,0,0,0,0,0,0,0,0,0,0,0
"06065","3","561439","78","0","2022","A","","Riverside County, California","Local Government","NAICS 561439 Other business service centers (including copy shops)","County, NAICS 6-digit -- by ownership sector","All establishment sizes",1,8,555356,0,0,1335,69420,"N",21.75,0,0,0,0,0,0,"N",0,0.0,0,0,0,0,0,0,0,0,0,0,0,0
"06065","3","61","74","0","2022","A","","Riverside County, California","Local Government","NAICS 61 Educational services","County, NAICS Sector -- by ownership sector","All establishment sizes",799,56710,3965610711,2002006,66778,1345,69928,"",1.84,1.39,2.16,0.07,0.35,1.56,1.56,"N",12,1.5,0,0,0,0,0,0,0,0,0,0,0,0
"06065","3","611","75","0","2022","A","","Riverside County, California","Local Government","NAICS 611 Educational services","County, NAICS 3-digit -- by ownership sector","All establishment sizes",799,56710,3965610711,2002006,66778,1345,69928,"",1.84,1.39,2.16,0.07,0.35,1.56,1.56,"N",12,1.5,0,0,0,0,0,0,0,0,0,0,0,0
"06065","3","6111","76","0","2022","A","","Riverside County, California","Local Government","NAICS 6111 Elementary and secondary schools","County, NAICS 4-digit -- by ownership sector","All establishment sizes",782,52275,3640540446,2002006,66778,1339,69642,"",1.87,1.37,2.12,0.08,0.39,1.55,1.55,"",12,1.6,4047,8.4,389006834,12.0,80161,4.2,-13494,-16.8,42,3.2,2223,3.3
"06065","3","61111","77","0","2022","A","","Riverside County, California","Local Government","NAICS 61111 Elementary and secondary schools","County, NAICS 5-digit -- by ownership sector","All establishment sizes",782,52275,3640540446,2002006,66778,1339,69642,"",1.87,1.37,2.12,0.08,0.39,1.55,1.55,"",12,1.6,4047,8.4,389006834,12.0,80161,4.2,-13494,-16.8,42,3.2,2223,3.3
"06065","3","611110","78","0","2022","A","","Riverside County, California","Local Government","NAICS 611110 Elementary and secondary schools","County, NAICS 6-digit -- by ownership sector","All establishment sizes",782,52275,3640540446,2002006,66778,1339,69642,"",1.87,1.37,2.12,0.08,0.39,1.55,1.55,"",12,1.6,4047,8.4,389006834,12.0,80161,4.2,-13494,-16.8,42,3.2,2223,3.3
"06065","3","6112","76","0","2022","A","","Riverside County, California","Local Government","NAICS 6112 Junior colleges","County, NAICS 4-digit -- by ownership sector","All establishment sizes",13,4386,322075007,0,0,1412,73426,"",1.42,2.18,3.80,0.00,0.00,1.74,1.74,"",0,0.0,45,1.0,19237276,6.4,0,0.0,0,0.0,70,5.2,3665,5.3
"06065","3","61121","77","0","2022","A","","Riverside County, California","Local Government","NAICS 61121 Junior colleges","County, NAICS 5-digit -- by ownership sector","All establishment sizes",13,4386,322075007,0,0,1412,73426,"",1.42,2.18,3.80,0.00,0.00,1.74,1.74,"",0,0.0,45,1.0,19237276,6.4,0,0.0,0,0.0,70,5.2,3665,5.3
"06065","3","611210","78","0","2022","A","","Riverside County, California","Local Government","NAICS 611210 Junior colleges","County, NAICS 6-digit -- by ownership sector","All establishment sizes",13,4386,322075007,0,0,1412,73426,"",1.42,2.18,3.80,0.00,0.00,1.74,1.74,"",0,0.0,45,1.0,19237276,6.4,0,0.0,0,0.0,70,5.2,3665,5.3
"06065","3","6116","76","0","2022","A","","Riverside County, California","Local Government","NAICS 6116 Other schools and instruction","County, NAICS 4-digit -- by ownership sector","All establishment sizes",2,43,2659118,0,0,1178,61246,"",1.53,1.19,2.25,0.00,0.00,1.86,1.86,"N",0,0.0,0,0,0,0,0,0,0,0,0,0,0,0
"06065","3","61169","77","0","2022","A","","Riverside County, California","Local Government","NAICS 61169 All other schools and instruction","County, NAICS 5-digit -- by ownership sector","All establishment sizes",2,43,2659118,0,0,1178,61246,"",2.62,2.24,3.77,0.00,0.00,1.67,1.67,"N",0,0.0,0,0,0,0,0,0,0,0,0,0,0,0
"06065","3","611691","78","0","2022","A","","Riverside County, California","Local Government","NAICS 611691 Exam preparation and tutoring","County, NAICS 6-digit -- by ownership sector","All establishment sizes",2,43,2659118,0,0,1178,61246,"",5.97,4.48,7.17,0.00,0.00,1.58,1.58,"N",0,0.0,0,0,0,0,0,0,0,0,0,0,0,0
"06065","3","6117","76","0","2022","A","","Riverside County, California","Local Government","NAICS 6117 Educational support services","County, NAICS 4-digit -- by ownership sector","All establishment sizes",2,5,336140,0,0,1293,67228,"",0.79,0.03,0.04,0.00,0.00,1.76,1.76,"N",0,0.0,0,0,0,0,0,0,0,0,0,0,0,0
"06065","3","61171","77","0","2022","A","","Riverside County, California","Local Government","NAICS 61171 Educational support services","County, NAICS 5-digit -- by ownership sector","All establishment sizes",2,5,336140,0,0,1293,67228,"",0.79,0.03,0.04,0.00,0.00,1.76,1.76,"N",0,0.0,0,0,0,0,0,0,0,0,0,0,0,0
"06065","3","611710","78","0","2022","A","","Riverside County, California","Local Government","NAICS 611710 Educational support services","County, NAICS 6-digit -- by ownership sector","All establishment sizes",2,5,336140,0,0,1293,67228,"",0.79,0.03,0.04,0.00,0.00,1.76,1.76,"N",0,0.0,0,0,0,0,0,0,0,0,0,0,0,0
"06065","3","62","74","0","2022","A","","Riverside County, California","Local Government","NAICS 62 Health care and social assistance","County, NAICS Sector -- by ownership sector","All establishment sizes",11,3974,372091935,3281108,91422,1801,93632,"",0.24,0.81,1.36,0.51,1.69,1.67,1.67,"N",0,0.0,0,0,0,0,0,0,0,0,0,0,0,0
"06065","3","621","75","0","2022","A","","Riverside County, California","Local Government","NAICS 621 Ambulatory health care services","County, NAICS 3-digit -- by ownership sector","All establishment sizes",5,284,21432656,2428596,70429,1450,75379,"",0.35,0.71,1.03,2.34,4.71,1.44,1.44,"N",0,0.0,0,0,0,0,0,0,0,0,0,0,0,0
"06065","3","6211","76","0","2022","A","","Riverside County, California","Local Government","NAICS 6211 Offices of physicians","County, NAICS 4-digit -- by ownership sector","All establishment sizes",5,284,21432656,2428596,70429,1450,75379,"",1.00,2.47,2.70,8.01,16.35,1.09,1.09,"N",0,0.0,0,0,0,0,0,0,0,0,0,0,0,0
"06065","3","62111","77","0","2022","A","","Riverside County, California","Local Government","NAICS 62111 Offices of physicians","County, NAICS 5-digit -- by ownership sector","All establishment sizes",5,284,21432656,2428596,70429,1450,75379,"",1.00,2.47,2.70,8.01,16.35,1.09,1.09,"N",0,0.0,0,0,0,0,0,0,0,0,0,0,0,0
"06065","3","621112","78","0","2022","A","","Riverside County, California","Local Government","NAICS 621112 Offices of physicians, mental health specialists","County, NAICS 6-digit -- by ownership sector","All establishment sizes",5,284,21432656,2428596,70429,1450,75379,"",47.57,120.20,167.48,268.95,154.32,1.39,1.39,"N",0,0.0,0,0,0,0,0,0,0,0,0,0,0,0
"06065","3","622","75","0","2022","A","","Riverside County, California","Local Government","NAICS 622 Hospitals","County, NAICS 3-digit -- by ownership sector","All establishment sizes",2,3681,350235885,838510,20125,1830,95143,"",0.23,1.02,1.62,0.24,1.03,1.58,1.58,"N",0,0.0,0,0,0,0,0,0,0,0,0,0,0,0
"06065","3","6221","76","0","2022","A","","Riverside County, California","Local Government","NAICS 6221 General medical and surgical hospitals","County, NAICS 4-digit -- by ownership sector","All establishment sizes",2,3681,350235885,838510,20125,1830,95143,"",0.23,1.03,1.63,0.24,1.04,1.58,1.58,"N",0,0.0,0,0,0,0,0,0,0,0,0,0,0,0
"06065","3","62211","77","0","2022","A","","Riverside County, California","Local Government","NAICS 62211 General medical and surgical hospitals","County, NAICS 5-digit -- by ownership sector","All establishment sizes",2,3681,350235885,838510,20125,1830,95143,"",0.23,1.03,1.63,0.24,1.04,1.58,1.58,"N",0,0.0,0,0,0,0,0,0,0,0,0,0,0,0
"06065","3","622110","78","0","2022","A","","Riverside County, California","Local Government","NAICS 622110 General medical and surgical hospitals","County, NAICS 6-digit -- by ownership sector","All establishment sizes",2,3681,350235885,838510,20125,1830,95143,"",0.23,1.03,1.63,0.24,1.04,1.58,1.58,"N",0,0.0,0,0,0,0,0,0,0,0,0,0,0,0
"06065","3","624","75","0","2022","A","","Riverside County, California","Local Government","NAICS 624 Social assistance","County, NAICS 3-digit -- by ownership sector","All establishment sizes",4,9,423394,14002,868,958,49811,"",0.22,0.02,0.02,0.01,0.05,1.17,1.17,"",0,0.0,2,28.6,106909,33.8,3389,31.9,210,31.9,45,4.9,2338,4.9
"06065","3","6243","76","0","2022","A","","Riverside County, California","Local Government","NAICS 6243 Vocational rehabilitation services","County, NAICS 4-digit -- by ownership sector","All establishment sizes",1,2,79865,14002,868,878,45637,"",0.77,0.07,0.08,0.08,0.42,1.31,1.31,"N",0,0.0,0,0,0,0,0,0,0,0,0,0,0,0
"06065","3","62431","77","0","2022","A","","Riverside County, California","Local Government","NAICS 62431 Vocational rehabilitation services","County, NAICS 5-digit -- by ownership sector","All establishment sizes",1,2,79865,14002,868,878,45637,"",0.77,0.07,0.08,0.08,0.42,1.31,1.31,"N",0,0.0,0,0,0,0,0,0,0,0,0,0,0,0
"06065","3","624310","78","0","2022","A","","Riverside County, California","Local Government","NAICS 624310 Vocational rehabilitation services","County, NAICS 6-digit -- by ownership sector","All establishment sizes",1,2,79865,14002,868,878,45637,"",0.77,0.07,0.08,0.08,0.42,1.31,1.31,"N",0,0.0,0,0,0,0,0,0,0,0,0,0,0,0
"06065","3","6244","76","0","2022","A","","Riverside County, California","Local Government","NAICS 6244 Child care services","County, NAICS 4-digit -- by ownership sector","All establishment sizes",3,7,343529,0,0,979,50893,"",0.76,0.13,0.19,0.00,0.00,1.53,1.53,"N",0,0.0,0,0,0,0,0,0,0,0,0,0,0,0
"06065","3","62441","77","0","2022","A","","Riverside County, California","Local Government","NAICS 62441 Child care services","County, NAICS 5-digit -- by ownership sector","All establishment sizes",3,7,343529,0,0,979,50893,"",0.76,0.13,0.19,0.00,0.00,1.53,1.53,"N",0,0.0,0,0,0,0,0,0,0,0,0,0,0,0
"06065","3","624410","78","0","2022","A","","Riverside County, California","Local Government","NAICS 624410 Child care services","County, NAICS 6-digit -- by ownership sector","All establishment sizes",3,7,343529,0,0,979,50893,"",0.76,0.13,0.19,0.00,0.00,1.53,1.53,"N",0,0.0,0,0,0,0,0,0,0,0,0,0,0,0
"06065","3","71","74","0","2022","A","","Riverside County, California","Local Government","NAICS 71 Arts, entertainment, and recreation","County, NAICS Sector -- by ownership sector","All establishment sizes",15,3412,175543012,25314625,1258517,989,51445,"",0.58,2.35,4.02,6.21,14.69,1.71,1.71,"",0,0.0,598,21.3,30927395,21.4,4394229,21.0,65891,5.5,1,0.1,44,0.1
"06065","3","711","75","0","2022","A","","Riverside County, California","Local Government","NAICS 711 Performing arts, spectator sports, and related industries","County, NAICS 3-digit -- by ownership sector","All establishment sizes",1,7,189574,0,0,527,27408,"",0.89,0.20,0.20,0.00,0.00,0.98,0.98,"N",0,0.0,0,0,0,0,0,0,0,0,0,0,0,0
"06065","3","7113","76","0","2022","A","","Riverside County, California","Local Government","NAICS 7113 Promoters of performing arts, sports, and similar events","County, NAICS 4-digit -- by ownership sector","All establishment sizes",1,7,189574,0,0,527,27408,"",1.07,0.25,0.25,0.00,0.00,1.01,1.01,"N",0,0.0,0,0,0,0,0,0,0,0,0,0,0,0
"06065","3","71131","77","0","2022","A","","Riverside County, California","Local Government","NAICS 71131 Promoters of performing arts, sports, and similar events with facilities","County, NAICS 5-digit -- by ownership sector","All establishment sizes",1,7,189574,0,0,527,27408,"N",1.13,0,0,0,0,0,0,"N",0,0.0,0,0,0,0,0,0,0,0,0,0,0,0
"06065","3","711310","78","0","2022","A","","Riverside County, California","Local Government","NAICS 711310 Promoters of performing arts, sports, and similar events with facilities","County, NAICS 6-digit -- by ownership sector","All establishment sizes",1,7,189574,0,0,527,27408,"N",1.13,0,0,0,0,0,0,"N",0,0.0,0,0,0,0,0,0,0,0,0,0,0,0
"06065","3","712","75","0","2022","A","","Riverside County, California","Local Government","NAICS 712 Museums, historical sites, and similar institutions","County, NAICS 3-digit -- by ownership sector","All establishment sizes",1,9,880439,0,0,1992,103581,"",0.21,0.05,0.16,0.00,0.00,3.65,3.65,"N",0,0.0,0,0,0,0,0,0,0,0,0,0,0,0
"06065","3","7121","76","0","2022","A","","Riverside County, California","Local Government","NAICS 7121 Museums, historical sites, and similar institutions","County, NAICS 4-digit -- by ownership sector","All establishment sizes",1,9,880439,0,0,1992,103581,"",0.21,0.05,0.16,0.00,0.00,3.65,3.65,"N",0,0.0,0,0,0,0,0,0,0,0,0,0,0,0
"06065","3","71211","77","0","2022","A","","Riverside County, California","Local Government","NAICS 71211 Museums","County, NAICS 5-digit -- by ownership sector","All establishment sizes",1,9,880439,0,0,1992,103581,"",0.91,0.67,1.83,0.00,0.00,2.92,2.91,"N",0,0.0,0,0,0,0,0,0,0,0,0,0,0,0
"06065","3","712110","78","0","2022","A","","Riverside County, California","Local Government","NAICS 712110 Museums","County, NAICS 6-digit -- by ownership sector","All establishment sizes",1,9,880439,0,0,1992,103581,"",0.91,0.67,1.83,0.00,0.00,2.92,2.91,"N",0,0.0,0,0,0,0,0,0,0,0,0,0,0,0
"06065","3","713","75","0","2022","A","","Riverside County, California","Local Government","NAICS 713 Amusement, gambling, and recreation industries","County, NAICS 3-digit -- by ownership sector","All establishment sizes",13,3397,174472999,25314625,1258517,988,51363,"",0.65,2.79,4.71,6.54,15.20,1.69,1.69,"",0,0.0,599,21.4,30878013,21.5,4394229,21.0,65891,5.5,1,0.1,36,0.1
"06065","3","7132","76","0","2022","A","","Riverside County, California","Local Government","NAICS 7132 Gambling industries","County, NAICS 4-digit -- by ownership sector","All establishment sizes",9,3147,167762843,23374061,1220343,1025,53306,"",3.78,5.67,7.48,7.43,17.79,1.32,1.32,"",0,0.0,545,20.9,29329544,21.2,3844989,19.7,60364,5.2,2,0.2,112,0.2
"06065","3","71321","77","0","2022","A","","Riverside County, California","Local Government","NAICS 71321 Casinos (except casino hotels)","County, NAICS 5-digit -- by ownership sector","All establishment sizes",7,3055,161716115,22589853,1173414,1018,52938,"",4.20,6.01,7.88,8.47,18.13,1.31,1.31,"N",0,0.0,0,0,0,0,0,0,0,0,0,0,0,0
"06065","3","713210","78","0","2022","A","","Riverside County, California","Local Government","NAICS 713210 Casinos (except casino hotels)","County, NAICS 6-digit -- by ownership sector","All establishment sizes",7,3055,161716115,22589853,1173414,1018,52938,"",4.20,6.01,7.88,8.47,18.13,1.31,1.31,"N",0,0.0,0,0,0,0,0,0,0,0,0,0,0,0
"06065","3","71329","77","0","2022","A","","Riverside County, California","Local Government","NAICS 71329 Other gambling industries","County, NAICS 5-digit -- by ownership sector","All establishment sizes",2,92,6046728,784208,46929,1259,65488,"",2.85,1.97,3.22,1.65,12.10,1.62,1.62,"N",0,0.0,0,0,0,0,0,0,0,0,0,0,0,0
"06065","3","713290","78","0","2022","A","","Riverside County, California","Local Government","NAICS 713290 Other gambling industries","County, NAICS 6-digit -- by ownership sector","All establishment sizes",2,92,6046728,784208,46929,1259,65488,"",2.85,1.97,3.22,1.65,12.10,1.62,1.62,"N",0,0.0,0,0,0,0,0,0,0,0,0,0,0,0
"06065","3","7139","76","0","2022","A","","Riverside County, California","Local Government","NAICS 7139 Other amusement and recreation industries","County, NAICS 4-digit -- by ownership sector","All establishment sizes",4,250,6710156,1940564,38174,517,26876,"",0.23,0.38,0.46,2.68,2.69,1.21,1.21,"",0,0.0,55,28.2,1548469,30.0,549240,39.5,5527,16.9,9,1.8,440,1.7
"06065","3","71394","77","0","2022","A","","Riverside County, California","Local Government","NAICS 71394 Fitness and recreational sports centers","County, NAICS 5-digit -- by ownership sector","All establishment sizes",1,10,179989,0,0,352,18304,"",0.13,0.04,0.04,0.00,0.00,0.98,0.98,"N",0,0.0,0,0,0,0,0,0,0,0,0,0,0,0
"06065","3","713940","78","0","2022","A","","Riverside County, California","Local Government","NAICS 713940 Fitness and recreational sports centers","County, NAICS 6-digit -- by ownership sector","All establishment sizes",1,10,179989,0,0,352,18304,"",0.13,0.04,0.04,0.00,0.00,0.98,0.98,"N",0,0.0,0,0,0,0,0,0,0,0,0,0,0,0
"06065","3","71399","77","0","2022","A","","Riverside County, California","Local Government","NAICS 71399 All other amusement and recreation industries","County, NAICS 5-digit -- by ownership sector","All establishment sizes",3,240,6530167,1940564,38174,524,27228,"",0.38,0.68,0.74,5.85,6.23,1.10,1.10,"N",0,0.0,0,0,0,0,0,0,0,0,0,0,0,0
"06065","3","713990","78","0","2022","A","","Riverside County, California","Local Government","NAICS 713990 All other amusement and recreation industries","County, NAICS 6-digit -- by ownership sector","All establishment sizes",3,240,6530167,1940564,38174,524,27228,"",0.38,0.68,0.74,5.85,6.23,1.10,1.10,"N",0,0.0,0,0,0,0,0,0,0,0,0,0,0,0
"06065","3","72","74","0","2022","A","","Riverside County, California","Local Government","NAICS 72 Accommodation and food services","County, NAICS Sector -- by ownership sector","All establishment sizes",13,9166,519900660,28519313,1339445,1091,56721,"",2.81,18.05,27.18,14.32,19.66,1.51,1.51,"",0,0.0,711,8.4,60331435,13.1,1456838,5.4,-25906,-1.9,46,4.4,2369,4.4
"06065","3","721","75","0","2022","A","","Riverside County, California","Local Government","NAICS 721 Accommodation","County, NAICS 3-digit -- by ownership sector","All establishment sizes",8,8673,501584051,28519313,1339445,1112,57836,"",6.77,19.39,28.28,15.14,20.17,1.46,1.46,"",0,0.0,735,9.3,58475795,13.2,1456838,5.4,-25906,-1.9,39,3.6,2018,3.6
"06065","3","7211","76","0","2022","A","","Riverside County, California","Local Government","NAICS 7211 Traveler accommodation","County, NAICS 4-digit -- by ownership sector","All establishment sizes",6,8653,500768978,28338861,1335588,1113,57872,"",6.57,19.45,28.33,15.10,20.24,1.46,1.46,"N",0,0.0,0,0,0,0,0,0,0,0,0,0,0,0
"06065","3","72112","77","0","2022","A","","Riverside County, California","Local Government","NAICS 72112 Casino hotels","County, NAICS 5-digit -- by ownership sector","All establishment sizes",6,8653,500768978,28338861,1335588,1113,57872,"",9.23,20.28,29.22,16.19,20.54,1.44,1.44,"N",0,0.0,0,0,0,0,0,0,0,0,0,0,0,0
"06065","3","721120","78","0","2022","A","","Riverside County, California","Local Government","NAICS 721120 Casino hotels","County, NAICS 6-digit -- by ownership sector","All establishment sizes",6,8653,500768978,28338861,1335588,1113,57872,"",9.23,20.28,29.22,16.19,20.54,1.44,1.44,"N",0,0.0,0,0,0,0,0,0,0,0,0,0,0,0
"06065","3","7212","76","0","2022","A","","Riverside County, California","Local Government","NAICS 7212 Rv (recreational vehicle) parks and recreational camps","County, NAICS 4-digit -- by ownership sector","All establishment sizes",2,20,815073,180452,3857,804,41799,"N",7.43,0,0,0,0,0,0,"N",0,0.0,0,0,0,0,0,0,0,0,0,0,0,0
"06065","3","72121","77","0","2022","A","","Riverside County, California","Local Government","NAICS 72121 Rv (recreational vehicle) parks and recreational camps","County, NAICS 5-digit -- by ownership sector","All establishment sizes",2,20,815073,180452,3857,804,41799,"N",7.43,0,0,0,0,0,0,"N",0,0.0,0,0,0,0,0,0,0,0,0,0,0,0
"06065","3","721211","78","0","2022","A","","Riverside County, California","Local Government","NAICS 721211 Rv (recreational vehicle) parks and campgrounds","County, NAICS 6-digit -- by ownership sector","All establishment sizes",2,20,815073,180452,3857,804,41799,"",8.46,11.50,20.13,35.02,19.21,1.80,1.80,"N",0,0.0,0,0,0,0,0,0,0,0,0,0,0,0
"06065","3","722","75","0","2022","A","","Riverside County, California","Local Government","NAICS 722 Food services and drinking places","County, NAICS 3-digit -- by ownership sector","All establishment sizes",5,493,18316609,0,0,714,37128,"",1.46,8.13,13.18,0.00,0.00,1.62,1.62,"",0,0.0,-24,-4.6,1855640,11.3,0,0.0,0,0.0,102,16.7,5289,16.6
"06065","3","7223","76","0","2022","A","","Riverside County, California","Local Government","NAICS 7223 Special food services","County, NAICS 4-digit -- by ownership sector","All establishment sizes",2,57,4494326,0,0,1505,78276,"N",1.81,0,0,0,0,0,0,"N",0,0.0,0,0,0,0,0,0,0,0,0,0,0,0
"06065","3","72231","77","0","2022","A","","Riverside County, California","Local Government","NAICS 72231 Food service contractors","County, NAICS 5-digit -- by ownership sector","All establishment sizes",2,57,4494326,0,0,1505,78276,"N",1.81,0,0,0,0,0,0,"N",0,0.0,0,0,0,0,0,0,0,0,0,0,0,0
"06065","3","722310","78","0","2022","A","","Riverside County, California","Local Government","NAICS 722310 Food service contractors","County, NAICS 6-digit -- by ownership sector","All establishment sizes",2,57,4494326,0,0,1505,78276,"N",1.81,0,0,0,0,0,0,"N",0,0.0,0,0,0,0,0,0,0,0,0,0,0,0
"06065","3","7225","76","0","2022","A","","Riverside County, California","Local Government","NAICS 7225 Restaurants and other eating places","County, NAICS 4-digit -- by ownership sector","All establishment sizes",3,436,13822283,0,0,610,31709,"",1.36,11.88,16.85,0.00,0.00,1.42,1.42,"N",0,0.0,0,0,0,0,0,0,0,0,0,0,0,0
"06065","3","72251","77","0","2022","A","","Riverside County, California","Local Government","NAICS 72251 Restaurants and other eating places","County, NAICS 5-digit -- by ownership sector","All establishment sizes",3,436,13822283,0,0,610,31709,"",1.36,11.88,16.85,0.00,0.00,1.42,1.42,"N",0,0.0,0,0,0,0,0,0,0,0,0,0,0,0
"06065","3","722514","78","0","2022","A","","Riverside County, California","Local Government","NAICS 722514 Cafeterias, grill buffets, and buffets","County, NAICS 6-digit -- by ownership sector","All establishment sizes",3,436,13822283,0,0,610,31709,"",1.55,15.39,23.91,0.00,0.00,1.55,1.55,"N",0,0.0,0,0,0,0,0,0,0,0,0,0,0,0
"06065","3","81","74","0","2022","A","","Riverside County, California","Local Government","NAICS 81 Other services (except public administration)","County, NAICS Sector -- by ownership sector","All establishment sizes",12,286,22586294,1321528,38777,1519,78973,"",0.87,1.69,3.15,3.12,4.15,1.87,1.87,"",0,0.0,46,19.2,4661517,26.0,57998,4.6,-17339,-30.9,80,5.6,4131,5.5
"06065","3","811","75","0","2022","A","","Riverside County, California","Local Government","NAICS 811 Repair and maintenance","County, NAICS 3-digit -- by ownership sector","All establishment sizes",1,84,6987131,0,0,1593,82851,"",0.26,1.18,2.17,0.00,0.00,1.84,1.84,"N",0,0.0,0,0,0,0,0,0,0,0,0,0,0,0
"06065","3","8111","76","0","2022","A","","Riverside County, California","Local Government","NAICS 8111 Automotive repair and maintenance","County, NAICS 4-digit -- by ownership sector","All establishment sizes",1,84,6987131,0,0,1593,82851,"",0.28,1.44,2.73,0.00,0.00,1.89,1.89,"N",0,0.0,0,0,0,0,0,0,0,0,0,0,0,0
"06065","3","81111","77","0","2022","A","","Riverside County, California","Local Government","NAICS 81111 Automotive mechanical and electrical repair and maintenance","County, NAICS 5-digit -- by ownership sector","All establishment sizes",1,84,6987131,0,0,1593,82851,"N",0.28,0,0,0,0,0,0,"N",0,0.0,0,0,0,0,0,0,0,0,0,0,0,0
"06065","3","811111","78","0","2022","A","","Riverside County, California","Local Government","NAICS 811111 General automotive repair","County, NAICS 6-digit -- by ownership sector","All establishment sizes",1,84,6987131,0,0,1593,82851,"N",0.29,0,0,0,0,0,0,"N",0,0.0,0,0,0,0,0,0,0,0,0,0,0,0
"06065","3","812","75","0","2022","A","","Riverside County, California","Local Government","NAICS 812 Personal and laundry services","County, NAICS 3-digit -- by ownership sector","All establishment sizes",8,61,2584378,487429,16604,819,42600,"",1.17,1.65,2.01,6.52,8.80,1.23,1.23,"N",0,0.0,0,0,0,0,0,0,0,0,0,0,0,0
"06065","3","8122","76","0","2022","A","","Riverside County, California","Local Government","NAICS 8122 Death care services","County, NAICS 4-digit -- by ownership sector","All establishment sizes",8,61,2584378,487429,16604,819,42600,"",1.66,4.43,7.01,12.61,13.80,1.59,1.59,"N",0,0.0,0,0,0,0,0,0,0,0,0,0,0,0
"06065","3","81221","77","0","2022","A","","Riverside County, California","Local Government","NAICS 81221 Funeral homes and funeral services","County, NAICS 5-digit -- by ownership sector","All establishment sizes",1,7,281128,54140,2653,821,42703,"",76.11,144.85,204.63,233.92,153.08,1.42,1.42,"N",0,0.0,0,0,0,0,0,0,0,0,0,0,0,0
"06065","3","812210","78","0","2022","A","","Riverside County, California","Local Government","NAICS 812210 Funeral homes and funeral services","County, NAICS 6-digit -- by ownership sector","All establishment sizes",1,7,281128,54140,2653,821,42703,"",76.11,144.85,204.63,233.92,153.08,1.42,1.42,"N",0,0.0,0,0,0,0,0,0,0,0,0,0,0,0
"06065","3","81222","77","0","2022","A","","Riverside County, California","Local Government","NAICS 81222 Cemeteries and crematories","County, NAICS 5-digit -- by ownership sector","All establishment sizes",7,54,2303250,433289,13951,819,42587,"",1.46,3.93,6.27,11.28,11.77,1.59,1.59,"",0,0.0,6,12.5,561746,32.3,138986,47.2,4536,48.2,120,17.2,6243,17.2
"06065","3","812220","78","0","2022","A","","Riverside County, California","Local Government","NAICS 812220 Cemeteries and crematories","County, NAICS 6-digit -- by ownership sector","All establishment sizes",7,54,2303250,433289,13951,819,42587,"",1.46,3.93,6.27,11.28,11.77,1.59,1.59,"",0,0.0,6,12.5,561746,32.3,138986,47.2,4536,48.2,120,17.2,6243,17.2
"06065","3","813","75","0","2022","A","","Riverside County, California","Local Government","NAICS 813 Religious, grantmaking, civic, professional, and similar organizations","County, NAICS 3-digit -- by ownership sector","All establishment sizes",3,141,13014785,834099,22173,1775,92303,"",0.98,2.31,4.88,2.57,3.03,2.11,2.11,"",0,0.0,39,38.2,3562072,37.7,-101117,-10.8,-22419,-50.3,-3,-0.2,-144,-0.2
"06065","3","8132","76","0","2022","A","","Riverside County, California","Local Government","NAICS 8132 Grantmaking and giving services","County, NAICS 4-digit -- by ownership sector","All establishment sizes",1,11,1358772,84000,2604,2306,119892,"",3.46,1.19,4.64,2.06,2.88,3.78,3.78,"N",0,0.0,0,0,0,0,0,0,0,0,0,0,0,0
"06065","3","81321","77","0","2022","A","","Riverside County, California","Local Government","NAICS 81321 Grantmaking and giving services","County, NAICS 5-digit -- by ownership sector","All establishment sizes",1,11,1358772,84000,2604,2306,119892,"",3.46,1.19,4.64,2.06,2.88,3.78,3.78,"N",0,0.0,0,0,0,0,0,0,0,0,0,0,0,0
"06065","3","813211","78","0","2022","A","","Riverside County, California","Local Government","NAICS 813211 Grantmaking foundations","County, NAICS 6-digit -- by ownership sector","All establishment sizes",1,11,1358772,84000,2604,2306,119892,"",6.34,9.94,24.95,9.60,36.25,2.43,2.43,"N",0,0.0,0,0,0,0,0,0,0,0,0,0,0,0
"06065","3","8134","76","0","2022","A","","Riverside County, California","Local Government","NAICS 8134 Civic and social organizations","County, NAICS 4-digit -- by ownership sector","All establishment sizes",1,79,7002919,708897,17014,1710,88926,"N",2.77,0,0,0,0,0,0,"N",0,0.0,0,0,0,0,0,0,0,0,0,0,0,0
"06065","3","81341","77","0","2022","A","","Riverside County, California","Local Government","NAICS 81341 Civic and social organizations","County, NAICS 5-digit -- by ownership sector","All establishment sizes",1,79,7002919,708897,17014,1710,88926,"N",2.77,0,0,0,0,0,0,"N",0,0.0,0,0,0,0,0,0,0,0,0,0,0,0
"06065","3","813410","78","0","2022","A","","Riverside County, California","Local Government","NAICS 813410 Civic and social organizations","County, NAICS 6-digit -- by ownership sector","All establishment sizes",1,79,7002919,708897,17014,1710,88926,"N",2.77,0,0,0,0,0,0,"N",0,0.0,0,0,0,0,0,0,0,0,0,0,0,0
"06065","3","8139","76","0","2022","A","","Riverside County, California","Local Government","NAICS 8139 Business, professional, labor, political, and similar organizations","County, NAICS 4-digit -- by ownership sector","All establishment sizes",1,51,4653094,41202,2555,1757,91386,"",0.87,4.37,6.75,0.54,2.33,1.54,1.54,"N",0,0.0,0,0,0,0,0,0,0,0,0,0,0,0
"06065","3","81391","77","0","2022","A","","Riverside County, California","Local Government","NAICS 81391 Business associations","County, NAICS 5-digit -- by ownership sector","All establishment sizes",1,51,4653094,41202,2555,1757,91386,"",1.32,7.22,11.00,1.80,7.43,1.53,1.53,"N",0,0.0,0,0,0,0,0,0,0,0,0,0,0,0
"06065","3","813910","78","0","2022","A","","Riverside County, California","Local Government","NAICS 813910 Business associations","County, NAICS 6-digit -- by ownership sector","All establishment sizes",1,51,4653094,41202,2555,1757,91386,"",1.32,7.22,11.00,1.80,7.43,1.53,1.53,"N",0,0.0,0,0,0,0,0,0,0,0,0,0,0,0
"06065","3","92","74","0","2022","A","","Riverside County, California","Local Government","NAICS 92 Public administration","County, NAICS Sector -- by ownership sector","All establishment sizes",95,29325,2465823506,15410579,667777,1617,84087,"",0.23,1.34,2.10,0.43,1.55,1.57,1.57,"",-1,-1.0,940,3.3,167905196,7.3,184177,1.2,-17375,-2.5,60,3.9,3130,3.9
"06065","3","921","75","0","2022","A","","Riverside County, California","Local Government","NAICS 921 Executive, legislative, and other general government support","County, NAICS 3-digit -- by ownership sector","All establishment sizes",57,8964,709744484,11700626,550902,1523,79178,"",0.24,0.62,1.03,0.43,1.71,1.66,1.66,"",0,0.0,429,5.0,69150568,10.8,-285407,-2.4,-20845,-3.6,80,5.5,4120,5.5
"06065","3","9211","76","0","2022","A","","Riverside County, California","Local Government","NAICS 9211 Executive, legislative, and other general government support","County, NAICS 4-digit -- by ownership sector","All establishment sizes",57,8964,709744484,11700626,550902,1523,79178,"",0.24,0.62,1.03,0.43,1.71,1.66,1.66,"",0,0.0,429,5.0,69150568,10.8,-285407,-2.4,-20845,-3.6,80,5.5,4120,5.5
"06065","3","92111","77","0","2022","A","","Riverside County, California","Local Government","NAICS 92111 Executive offices","County, NAICS 5-digit -- by ownership sector","All establishment sizes",3,129,9681971,0,0,1449,75346,"",0.10,0.13,0.21,0.00,0.00,1.59,1.59,"N",0,0.0,0,0,0,0,0,0,0,0,0,0,0,0
"06065","3","921110","78","0","2022","A","","Riverside County, California","Local Government","NAICS 921110 Executive offices","County, NAICS 6-digit -- by ownership sector","All establishment sizes",3,129,9681971,0,0,1449,75346,"",0.10,0.13,0.21,0.00,0.00,1.59,1.59,"N",0,0.0,0,0,0,0,0,0,0,0,0,0,0,0
"06065","3","92112","77","0","2022","A","","Riverside County, California","Local Government","NAICS 92112 Legislative bodies","County, NAICS 5-digit -- by ownership sector","All establishment sizes",5,1001,65652050,1952334,39047,1261,65581,"",0.27,0.70,0.91,4.65,3.40,1.30,1.30,"",0,0.0,-11,-1.1,7299724,12.5,-882198,-31.1,-28981,-42.6,152,13.7,7892,13.7
"06065","3","921120","78","0","2022","A","","Riverside County, California","Local Government","NAICS 921120 Legislative bodies","County, NAICS 6-digit -- by ownership sector","All establishment sizes",5,1001,65652050,1952334,39047,1261,65581,"",0.27,0.70,0.91,4.65,3.40,1.30,1.30,"",0,0.0,-11,-1.1,7299724,12.5,-882198,-31.1,-28981,-42.6,152,13.7,7892,13.7
"06065","3","92113","77","0","2022","A","","Riverside County, California","Local Government","NAICS 92113 Public finance activities","County, NAICS 5-digit -- by ownership sector","All establishment sizes",1,55,5380532,0,0,1890,98275,"",0.06,0.14,0.26,0.00,0.00,1.81,1.81,"N",0,0.0,0,0,0,0,0,0,0,0,0,0,0,0
"06065","3","921130","78","0","2022","A","","Riverside County, California","Local Government","NAICS 921130 Public finance activities","County, NAICS 6-digit -- by ownership sector","All establishment sizes",1,55,5380532,0,0,1890,98275,"",0.06,0.14,0.26,0.00,0.00,1.81,1.81,"N",0,0.0,0,0,0,0,0,0,0,0,0,0,0,0
"06065","3","92114","77","0","2022","A","","Riverside County, California","Local Government","NAICS 92114 Executive and legislative offices, combined","County, NAICS 5-digit -- by ownership sector","All establishment sizes",33,4768,459091619,1008939,33669,1852,96283,"",0.24,0.51,1.04,0.06,0.27,2.03,2.03,"",0,0.0,334,7.5,49318813,12.0,127297,14.4,1142,3.5,75,4.2,3860,4.2
"06065","3","921140","78","0","2022","A","","Riverside County, California","Local Government","NAICS 921140 Executive and legislative offices, combined","County, NAICS 6-digit -- by ownership sector","All establishment sizes",33,4768,459091619,1008939,33669,1852,96283,"",0.24,0.51,1.04,0.06,0.27,2.03,2.03,"",0,0.0,334,7.5,49318813,12.0,127297,14.4,1142,3.5,75,4.2,3860,4.2
"06065","3","92115","77","0","2022","A","","Riverside County, California","Local Government","NAICS 92115 American indian and alaska native tribal governments","County, NAICS 5-digit -- by ownership sector","All establishment sizes",11,1040,70570022,8739353,478186,1305,67867,"",1.54,1.73,2.63,1.60,3.75,1.52,1.52,"",0,0.0,63,6.4,7637669,12.1,469494,5.7,6994,1.5,66,5.3,3459,5.4
"06065","3","921150","78","0","2022","A","","Riverside County, California","Local Government","NAICS 921150 American indian and alaska native tribal governments","County, NAICS 6-digit -- by ownership sector","All establishment sizes",11,1040,70570022,8739353,478186,1305,67867,"",1.54,1.73,2.63,1.60,3.75,1.52,1.52,"",0,0.0,63,6.4,7637669,12.1,469494,5.7,6994,1.5,66,5.3,3459,5.4
"06065","3","92119","77","0","2022","A","","Riverside County, California","Local Government","NAICS 92119 Other general government support","County, NAICS 5-digit -- by ownership sector","All establishment sizes",4,1972,99368290,0,0,969,50400,"",0.13,1.21,1.30,0.00,0.00,1.07,1.07,"N",0,0.0,0,0,0,0,0,0,0,0,0,0,0,0
"06065","3","921190","78","0","2022","A","","Riverside County, California","Local Government","NAICS 921190 Other general government support","County, NAICS 6-digit -- by ownership sector","All establishment sizes",4,1972,99368290,0,0,969,50400,"",0.13,1.21,1.30,0.00,0.00,1.07,1.07,"N",0,0.0,0,0,0,0,0,0,0,0,0,0,0,0
"06065","3","922","75","0","2022","A","","Riverside County, California","Local Government","NAICS 922 Justice, public order, and safety activities","County, NAICS 3-digit -- by ownership sector","All establishment sizes",10,7480,809067446,180208,8110,2080,108162,"",0.11,1.49,2.31,0.04,0.19,1.55,1.55,"",0,0.0,133,1.8,48064152,6.3,79587,79.1,4286,112.1,88,4.4,4584,4.4
"06065","3","9221","76","0","2022","A","","Riverside County, California","Local Government","NAICS 9221 Justice, public order, and safety activities","County, NAICS 4-digit -- by ownership sector","All establishment sizes",10,7480,809067446,180208,8110,2080,108162,"",0.11,1.49,2.31,0.04,0.19,1.55,1.55,"",0,0.0,133,1.8,48064152,6.3,79587,79.1,4286,112.1,88,4.4,4584,4.4
"06065","3","92211","77","0","2022","A","","Riverside County, California","Local Government","NAICS 92211 Courts","County, NAICS 5-digit -- by ownership sector","All establishment sizes",3,1988,204041955,0,0,1974,102624,"",0.24,4.91,10.20,0.00,0.00,2.08,2.08,"N",0,0.0,0,0,0,0,0,0,0,0,0,0,0,0
"06065","3","922110","78","0","2022","A","","Riverside County, California","Local Government","NAICS 922110 Courts","County, NAICS 6-digit -- by ownership sector","All establishment sizes",3,1988,204041955,0,0,1974,102624,"",0.24,4.91,10.20,0.00,0.00,2.08,2.08,"N",0,0.0,0,0,0,0,0,0,0,0,0,0,0,0
"06065","3","92212","77","0","2022","A","","Riverside County, California","Local Government","NAICS 92212 Police protection","County, NAICS 5-digit -- by ownership sector","All establishment sizes",3,2880,359785614,0,0,2402,124929,"",0.13,1.28,2.36,0.00,0.00,1.84,1.84,"N",0,0.0,0,0,0,0,0,0,0,0,0,0,0,0
"06065","3","922120","78","0","2022","A","","Riverside County, California","Local Government","NAICS 922120 Police protection","County, NAICS 6-digit -- by ownership sector","All establishment sizes",3,2880,359785614,0,0,2402,124929,"",0.13,1.28,2.36,0.00,0.00,1.84,1.84,"N",0,0.0,0,0,0,0,0,0,0,0,0,0,0,0
"06065","3","92214","77","0","2022","A","","Riverside County, California","Local Government","NAICS 92214 Correctional institutions","County, NAICS 5-digit -- by ownership sector","All establishment sizes",1,2086,185976227,0,0,1715,89176,"",0.25,6.81,10.41,0.00,0.00,1.53,1.53,"N",0,0.0,0,0,0,0,0,0,0,0,0,0,0,0
"06065","3","922140","78","0","2022","A","","Riverside County, California","Local Government","NAICS 922140 Correctional institutions","County, NAICS 6-digit -- by ownership sector","All establishment sizes",1,2086,185976227,0,0,1715,89176,"",0.25,6.81,10.41,0.00,0.00,1.53,1.53,"N",0,0.0,0,0,0,0,0,0,0,0,0,0,0,0
"06065","3","92216","77","0","2022","A","","Riverside County, California","Local Government","NAICS 92216 Fire protection","County, NAICS 5-digit -- by ownership sector","All establishment sizes",3,527,59263650,180208,8110,2165,112562,"",0.08,0.46,0.72,0.08,0.35,1.56,1.56,"",0,0.0,25,5.0,517462,0.9,79587,79.1,4286,112.1,-88,-3.9,-4579,-3.9
"06065","3","922160","78","0","2022","A","","Riverside County, California","Local Government","NAICS 922160 Fire protection","County, NAICS 6-digit -- by ownership sector","All establishment sizes",3,527,59263650,180208,8110,2165,112562,"",0.08,0.46,0.72,0.08,0.35,1.56,1.56,"",0,0.0,25,5.0,517462,0.9,79587,79.1,4286,112.1,-88,-3.9,-4579,-3.9
"06065","3","923","75","0","2022","A","","Riverside County, California","Local Government","NAICS 923 Administration of human resource programs","County, NAICS 3-digit -- by ownership sector","All establishment sizes",4,7798,555522740,0,0,1370,71238,"",0.28,6.81,8.74,0.00,0.00,1.28,1.28,"",0,0.0,260,3.4,30319768,5.8,0,0.0,0,0.0,30,2.2,1562,2.2
"06065","3","9231","76","0","2022","A","","Riverside County, California","Local Government","NAICS 9231 Administration of human resource programs","County, NAICS 4-digit -- by ownership sector","All establishment sizes",4,7798,555522740,0,0,1370,71238,"",0.28,6.81,8.74,0.00,0.00,1.28,1.28,"",0,0.0,260,3.4,30319768,5.8,0,0.0,0,0.0,30,2.2,1562,2.2
"06065","3","92311","77","0","2022","A","","Riverside County, California","Local Government","NAICS 92311 Administration of education programs","County, NAICS 5-digit -- by ownership sector","All establishment sizes",1,436,40460312,0,0,1786,92870,"",0.56,3.34,7.24,0.00,0.00,2.17,2.17,"N",0,0.0,0,0,0,0,0,0,0,0,0,0,0,0
"06065","3","923110","78","0","2022","A","","Riverside County, California","Local Government","NAICS 923110 Administration of education programs","County, NAICS 6-digit -- by ownership sector","All establishment sizes",1,436,40460312,0,0,1786,92870,"",0.56,3.34,7.24,0.00,0.00,2.17,2.17,"N",0,0.0,0,0,0,0,0,0,0,0,0,0,0,0
"06065","3","92312","77","0","2022","A","","Riverside County, California","Local Government","NAICS 92312 Administration of public health programs","County, NAICS 5-digit -- by ownership sector","All establishment sizes",1,2546,204375182,0,0,1544,80268,"",0.13,6.17,8.98,0.00,0.00,1.46,1.46,"N",0,0.0,0,0,0,0,0,0,0,0,0,0,0,0
"06065","3","923120","78","0","2022","A","","Riverside County, California","Local Government","NAICS 923120 Administration of public health programs","County, NAICS 6-digit -- by ownership sector","All establishment sizes",1,2546,204375182,0,0,1544,80268,"",0.13,6.17,8.98,0.00,0.00,1.46,1.46,"N",0,0.0,0,0,0,0,0,0,0,0,0,0,0,0
"06065","3","92313","77","0","2022","A","","Riverside County, California","Local Government","NAICS 92313 Administration of human resource programs (except education, public health, and veterans' affairs programs)","County, NAICS 5-digit -- by ownership sector","All establishment sizes",2,4816,310687246,0,0,1241,64508,"",0.58,8.18,8.93,0.00,0.00,1.09,1.09,"N",0,0.0,0,0,0,0,0,0,0,0,0,0,0,0
"06065","3","923130","78","0","2022","A","","Riverside County, California","Local Government","NAICS 923130 Administration of human resource programs (except education, public health, and veterans' affairs programs)","County, NAICS 6-digit -- by ownership sector","All establishment sizes",2,4816,310687246,0,0,1241,64508,"",0.58,8.18,8.93,0.00,0.00,1.09,1.09,"N",0,0.0,0,0,0,0,0,0,0,0,0,0,0,0
"06065","3","924","75","0","2022","A","","Riverside County, California","Local Government","NAICS 924 Administration of environmental quality programs","County, NAICS 3-digit -- by ownership sector","All establishment sizes",14,1200,71387732,2735691,64137,1144,59477,"",0.51,2.26,2.54,3.73,5.24,1.12,1.12,"",0,0.0,105,9.6,5882156,9.0,416957,18.0,4912,8.3,-7,-0.6,-350,-0.6
"06065","3","9241","76","0","2022","A","","Riverside County, California","Local Government","NAICS 9241 Administration of environmental quality programs","County, NAICS 4-digit -- by ownership sector","All establishment sizes",14,1200,71387732,2735691,64137,1144,59477,"",0.51,2.26,2.54,3.73,5.24,1.12,1.12,"",0,0.0,105,9.6,5882156,9.0,416957,18.0,4912,8.3,-7,-0.6,-350,-0.6
"06065","3","92411","77","0","2022","A","","Riverside County, California","Local Government","NAICS 92411 Administration of air and water resource and solid waste management programs","County, NAICS 5-digit -- by ownership sector","All establishment sizes",7,529,44365003,238021,4047,1612,83813,"",0.64,1.71,2.16,0.80,0.94,1.27,1.27,"",0,0.0,1,0.2,1966959,4.6,-11905,-4.8,-952,-19.0,67,4.3,3488,4.3
"06065","3","924110","78","0","2022","A","","Riverside County, California","Local Government","NAICS 924110 Administration of air and water resource and solid waste management programs","County, NAICS 6-digit -- by ownership sector","All establishment sizes",7,529,44365003,238021,4047,1612,83813,"",0.64,1.71,2.16,0.80,0.94,1.27,1.27,"",0,0.0,1,0.2,1966959,4.6,-11905,-4.8,-952,-19.0,67,4.3,3488,4.3
"06065","3","92412","77","0","2022","A","","Riverside County, California","Local Government","NAICS 92412 Administration of conservation programs","County, NAICS 5-digit -- by ownership sector","All establishment sizes",7,671,27022729,2497670,60090,775,40277,"",0.42,3.05,3.57,5.75,7.59,1.17,1.17,"",0,0.0,104,18.3,3915197,16.9,428862,20.7,5864,10.8,-9,-1.1,-471,-1.2
"06065","3","924120","78","0","2022","A","","Riverside County, California","Local Government","NAICS 924120 Administration of conservation programs","County, NAICS 6-digit -- by ownership sector","All establishment sizes",7,671,27022729,2497670,60090,775,40277,"",0.42,3.05,3.57,5.75,7.59,1.17,1.17,"",0,0.0,104,18.3,3915197,16.9,428862,20.7,5864,10.8,-9,-1.1,-471,-1.2
"06065","3","925","75","0","2022","A","","Riverside County, California","Local Government","NAICS 925 Administration of housing programs, urban planning, and community development","County, NAICS 3-digit -- by ownership sector","All establishment sizes",3,202,15098265,0,0,1436,74682,"",0.12,0.47,0.70,0.00,0.00,1.48,1.48,"",0,0.0,14,7.4,290155,2.0,0,0.0,0,0.0,-79,-5.2,-4085,-5.2
"06065","3","9251","76","0","2022","A","","Riverside County, California","Local Government","NAICS 9251 Administration of housing programs, urban planning, and community development","County, NAICS 4-digit -- by ownership sector","All establishment sizes",3,202,15098265,0,0,1436,74682,"",0.12,0.47,0.70,0.00,0.00,1.48,1.48,"",0,0.0,14,7.4,290155,2.0,0,0.0,0,0.0,-79,-5.2,-4085,-5.2
"06065","3","92511","77","0","2022","A","","Riverside County, California","Local Government","NAICS 92511 Administration of housing programs","County, NAICS 5-digit -- by ownership sector","All establishment sizes",1,82,6271334,0,0,1471,76480,"",0.06,0.31,0.45,0.00,0.00,1.47,1.47,"N",0,0.0,0,0,0,0,0,0,0,0,0,0,0,0
"06065","3","925110","78","0","2022","A","","Riverside County, California","Local Government","NAICS 925110 Administration of housing programs","County, NAICS 6-digit -- by ownership sector","All establishment sizes",1,82,6271334,0,0,1471,76480,"",0.06,0.31,0.45,0.00,0.00,1.47,1.47,"N",0,0.0,0,0,0,0,0,0,0,0,0,0,0,0
"06065","3","92512","77","0","2022","A","","Riverside County, California","Local Government","NAICS 92512 Administration of urban planning and community and rural development","County, NAICS 5-digit -- by ownership sector","All establishment sizes",2,120,8826931,0,0,1413,73456,"",0.23,0.75,1.14,0.00,0.00,1.53,1.53,"N",0,0.0,0,0,0,0,0,0,0,0,0,0,0,0
"06065","3","925120","78","0","2022","A","","Riverside County, California","Local Government","NAICS 925120 Administration of urban planning and community and rural development","County, NAICS 6-digit -- by ownership sector","All establishment sizes",2,120,8826931,0,0,1413,73456,"",0.23,0.75,1.14,0.00,0.00,1.53,1.53,"N",0,0.0,0,0,0,0,0,0,0,0,0,0,0,0
"06065","3","926","75","0","2022","A","","Riverside County, California","Local Government","NAICS 926 Administration of economic programs","County, NAICS 3-digit -- by ownership sector","All establishment sizes",7,3680,305002839,794054,44628,1594,82883,"",0.38,10.05,13.50,1.18,3.28,1.34,1.34,"",-1,-12.5,-2,-0.1,14198397,4.9,-26960,-3.3,-5728,-11.4,75,4.9,3905,4.9
"06065","3","9261","76","0","2022","A","","Riverside County, California","Local Government","NAICS 9261 Administration of economic programs","County, NAICS 4-digit -- by ownership sector","All establishment sizes",7,3680,305002839,794054,44628,1594,82883,"",0.38,10.05,13.50,1.18,3.28,1.34,1.34,"",-1,-12.5,-2,-0.1,14198397,4.9,-26960,-3.3,-5728,-11.4,75,4.9,3905,4.9
"06065","3","92611","77","0","2022","A","","Riverside County, California","Local Government","NAICS 92611 Administration of general economic programs","County, NAICS 5-digit -- by ownership sector","All establishment sizes",1,2431,200286378,0,0,1585,82394,"",0.25,37.17,50.36,0.00,0.00,1.36,1.36,"N",0,0.0,0,0,0,0,0,0,0,0,0,0,0,0
"06065","3","926110","78","0","2022","A","","Riverside County, California","Local Government","NAICS 926110 Administration of general economic programs","County, NAICS 6-digit -- by ownership sector","All establishment sizes",1,2431,200286378,0,0,1585,82394,"",0.25,37.17,50.36,0.00,0.00,1.36,1.36,"N",0,0.0,0,0,0,0,0,0,0,0,0,0,0,0
"06065","3","92612","77","0","2022","A","","Riverside County, California","Local Government","NAICS 92612 Regulation and administration of transportation programs","County, NAICS 5-digit -- by ownership sector","All establishment sizes",3,884,70151688,0,0,1526,79342,"",1.14,6.24,7.00,0.00,0.00,1.12,1.12,"",-1,-25.0,-26,-2.9,2220589,3.3,-11624,-100.0,-174,-100.0,90,6.3,4665,6.2
"06065","3","926120","78","0","2022","A","","Riverside County, California","Local Government","NAICS 926120 Regulation and administration of transportation programs","County, NAICS 6-digit -- by ownership sector","All establishment sizes",3,884,70151688,0,0,1526,79342,"",1.14,6.24,7.00,0.00,0.00,1.12,1.12,"",-1,-25.0,-26,-2.9,2220589,3.3,-11624,-100.0,-174,-100.0,90,6.3,4665,6.2
"06065","3","92613","77","0","2022","A","","Riverside County, California","Local Government","NAICS 92613 Regulation and administration of communications, electric, gas, and other utilities","County, NAICS 5-digit -- by ownership sector","All establishment sizes",3,365,34564773,794054,44628,1822,94720,"",1.05,5.39,8.41,7.98,14.60,1.56,1.56,"N",0,0.0,0,0,0,0,0,0,0,0,0,0,0,0
"06065","3","926130","78","0","2022","A","","Riverside County, California","Local Government","NAICS 926130 Regulation and administration of communications, electric, gas, and other utilities","County, NAICS 6-digit -- by ownership sector","All establishment sizes",3,365,34564773,794054,44628,1822,94720,"",1.05,5.39,8.41,7.98,14.60,1.56,1.56,"N",0,0.0,0,0,0,0,0,0,0,0,0,0,0,0
"06065","5","10","71","0","2022","A","","Riverside County, California","Private","10 Total, all industries","County, Total -- by ownership sector","All establishment sizes",74305,678000,35101271450,6179066104,191590058,996,51772,"",1.01,0.98,0.91,1.01,0.99,0.93,0.93,"",2533,3.5,37605,5.9,3039840731,9.5,230770243,3.9,-22682404,-10.6,33,3.4,1707,3.4
"06065","5","101","72","0","2022","A","","Riverside County, California","Private","101 Goods-producing","County, by Domain -- by ownership sector","All establishment sizes",8115,130481,8324280532,1363254891,51482413,1227,63797,"",0.87,1.09,1.15,1.09,1.05,1.05,1.05,"",273,3.5,4095,3.2,630025947,8.2,35698954,2.7,-6933738,-11.9,56,4.8,2918,4.8
"06065","5","1011","73","0","2022","A","","Riverside County, California","Private","1011 Natural resources and mining","County, by Supersector -- by ownership sector","All establishment sizes",506,11732,478618391,150852051,6677673,785,40795,"",0.54,1.20,0.93,1.40,1.44,0.77,0.77,"",-4,-0.8,-74,-0.6,14957496,3.2,2382182,1.6,-472121,-6.6,30,4.0,1522,3.9
"06065","5","1012","73","0","2022","A","","Riverside County, California","Private","1012 Construction","County, by Supersector -- by ownership sector","All establishment sizes",5827,73858,4986159381,815929443,31205627,1298,67510,"",0.98,1.78,2.07,1.76,1.33,1.16,1.16,"",253,4.5,2913,4.1,439216366,9.7,34210929,4.4,-3863120,-11.0,65,5.3,3419,5.3
"06065","5","1013","73","0","2022","A","","Riverside County, California","Private","1013 Manufacturing","County, by Supersector -- by ownership sector","All establishment sizes",1782,44891,2859502760,396473397,13599113,1225,63699,"",0.71,0.66,0.66,0.58,0.65,1.01,1.01,"",23,1.3,1257,2.9,175852085,6.6,-894157,-0.2,-2598497,-16.0,42,3.6,2196,3.6
"06065","5","102","72","0","2022","A","","Riverside County, California","Private","102 Service-providing","County, by Domain -- by ownership sector","All establishment sizes",66190,547519,26776990918,4815811213,140107645,941,48906,"",1.03,0.96,0.86,0.98,0.97,0.89,0.89,"",2260,3.5,33510,6.5,2409814784,9.9,195071289,4.2,-15748666,-10.1,29,3.2,1500,3.2
"06065","5","1021","73","0","2022","A","","Riverside County, California","Private","1021 Trade, transportation, and utilities","County, by Supersector -- by ownership sector","All establishment sizes",9754,197038,10226693536,1715374596,46954590,998,51902,"",0.73,1.29,1.46,1.24,1.27,1.13,1.13,"",404,4.3,9909,5.3,867761666,9.3,28601596,1.7,-7903742,-14.4,36,3.7,1889,3.8
"06065","5","1022","73","0","2022","A","","Riverside County, California","Private","1022 Information","County, by Supersector -- by ownership sector","All establishment sizes",449,5580,384500385,42069947,1767968,1325,68902,"",0.26,0.34,0.20,0.23,0.28,0.60,0.60,"",-30,-6.3,251,4.7,-19721235,-4.9,182220,0.4,-223324,-11.2,-134,-9.2,-6958,-9.2
"06065","5","1023","73","0","2022","A","","Riverside County, California","Private","1023 Financial activities","County, by Supersector -- by ownership sector","All establishment sizes",4539,22529,1633691752,187238166,6570846,1395,72515,"",0.67,0.49,0.38,0.41,0.50,0.78,0.78,"",134,3.0,1154,5.4,81158281,5.2,10888702,6.2,-901714,-12.1,-2,-0.1,-118,-0.2
"06065","5","1024","73","0","2022","A","","Riverside County, California","Private","1024 Professional and business services","County, by Supersector -- by ownership sector","All establishment sizes",7709,78504,4261034919,809550167,27687933,1044,54278,"",0.51,0.65,0.47,0.63,0.64,0.73,0.73,"",392,5.4,1269,1.6,216726066,5.4,-14134695,-1.7,-4337807,-13.5,37,3.7,1914,3.7
"06065","5","1025","73","0","2022","A","","Riverside County, California","Private","1025 Education and health services","County, by Supersector -- by ownership sector","All establishment sizes",34735,120972,6264454845,912256417,24804686,996,51784,"",2.64,0.96,1.03,1.28,1.28,1.07,1.07,"",902,2.7,6366,5.6,584419070,10.3,60274440,7.1,-1598790,-6.1,43,4.5,2222,4.5
"06065","5","1026","73","0","2022","A","","Riverside County, California","Private","1026 Leisure and hospitality","County, by Supersector -- by ownership sector","All establishment sizes",5098,100876,3036319294,947122806,25974916,579,30099,"",0.83,1.20,1.48,1.42,1.34,1.24,1.24,"",235,4.8,12232,13.8,530580232,21.2,88438478,10.3,-609142,-2.3,35,6.4,1832,6.5
"06065","5","1027","73","0","2022","A","","Riverside County, California","Private","1027 Other services","County, by Supersector -- by ownership sector","All establishment sizes",3859,21985,967014039,201100300,6309357,846,43986,"",0.68,0.93,1.06,1.05,1.11,1.14,1.14,"",178,4.8,2304,11.7,146121755,17.8,19900053,11.0,-205347,-3.2,44,5.5,2277,5.5
"06065","5","1029","73","0","2022","A","","Riverside County, California","Private","1029 Unclassified","County, by Supersector -- by ownership sector","All establishment sizes",48,36,3282148,1098814,37349,1774,92238,"",0.02,0.02,0.03,0.06,0.04,1.56,1.56,"",45,1500.0,25,227.3,2768949,539.5,920495,516.2,31200,507.4,841,90.1,43747,90.2
"06065","5","11","74","0","2022","A","","Riverside County, California","Private","NAICS 11 Agriculture, forestry, fishing and hunting","County, NAICS Sector -- by ownership sector","All establishment sizes",480,11262,435606018,146643818,6528193,744,38679,"",0.65,1.67,1.87,2.03,2.05,1.12,1.12,"",-7,-1.4,-127,-1.1,8764222,2.1,1718486,1.2,-472770,-6.8,23,3.2,1199,3.2
"06065","5","111","75","0","2022","A","","Riverside County, California","Private","NAICS 111 Crop production","County, NAICS 3-digit -- by ownership sector","All establishment sizes",242,4889,208571034,51546049,2143355,820,42664,"",0.72,1.66,2.15,1.68,1.63,1.29,1.29,"",-1,-0.4,-94,-1.9,-1413740,-0.7,-1196946,-2.3,-203088,-8.7,10,1.2,524,1.2
"06065","5","1111","76","0","2022","A","N","Riverside County, California","Private","NAICS 1111 Oilseed and grain farming","County, NAICS 4-digit -- by ownership sector","All establishment sizes",3,0,0,0,0,0,0,"N",0.03,0,0,0,0,0,0,"N",1,50.0,0,0,0,0,0,0,0,0,0,0,0,0
"06065","5","11114","77","0","2022","A","N","Riverside County, California","Private","NAICS 11114 Wheat farming","County, NAICS 5-digit -- by ownership sector","All establishment sizes",2,0,0,0,0,0,0,"N",0.15,0,0,0,0,0,0,"N",0,0.0,0,0,0,0,0,0,0,0,0,0,0,0
"06065","5","111140","78","0","2022","A","N","Riverside County, California","Private","NAICS 111140 Wheat farming","County, NAICS 6-digit -- by ownership sector","All establishment sizes",2,0,0,0,0,0,0,"N",0.15,0,0,0,0,0,0,"N",0,0.0,0,0,0,0,0,0,0,0,0,0,0,0
"06065","5","11119","77","0","2022","A","N","Riverside County, California","Private","NAICS 11119 Other grain farming","County, NAICS 5-digit -- by ownership sector","All establishment sizes",1,0,0,0,0,0,0,"N",0.03,0,0,0,0,0,0,"N",1,100.0,0,0,0,0,0,0,0,0,0,0,0,0
"06065","5","111199","78","0","2022","A","N","Riverside County, California","Private","NAICS 111199 All other grain farming","County, NAICS 6-digit -- by ownership sector","All establishment sizes",1,0,0,0,0,0,0,"N",0.11,0,0,0,0,0,0,"N",1,100.0,0,0,0,0,0,0,0,0,0,0,0,0
"06065","5","1112","76","0","2022","A","N","Riverside County, California","Private","NAICS 1112 Vegetable and melon farming","County, NAICS 4-digit -- by ownership sector","All establishment sizes",41,0,0,0,0,0,0,"N",1.18,0,0,0,0,0,0,"N",2,5.1,0,0,0,0,0,0,0,0,0,0,0,0
"06065","5","11121","77","0","2022","A","N","Riverside County, California","Private","NAICS 11121 Vegetable and melon farming","County, NAICS 5-digit -- by ownership sector","All establishment sizes",41,0,0,0,0,0,0,"N",1.18,0,0,0,0,0,0,"N",2,5.1,0,0,0,0,0,0,0,0,0,0,0,0
"06065","5","111211","78","0","2022","A","N","Riverside County, California","Private","NAICS 111211 Potato farming","County, NAICS 6-digit -- by ownership sector","All establishment sizes",2,0,0,0,0,0,0,"N",0.29,0,0,0,0,0,0,"N",1,100.0,0,0,0,0,0,0,0,0,0,0,0,0
"06065","5","111219","78","0","2022","A","","Riverside County, California","Private","NAICS 111219 Other vegetable (except potato) and melon farming","County, NAICS 6-digit -- by ownership sector","All establishment sizes",39,656,25429026,6944056,339274,746,38774,"",1.40,1.83,2.05,2.07,1.72,1.12,1.12,"",1,2.6,-10,-1.5,-658942,-2.5,-368493,-5.0,-32463,-8.7,-7,-0.9,-402,-1.0
"06065","5","1113","76","0","2022","A","","Riverside County, California","Private","NAICS 1113 Fruit and tree nut farming","County, NAICS 4-digit -- by ownership sector","All establishment sizes",82,1274,52756901,16438190,935735,797,41421,"",1.19,1.46,2.09,1.83,1.99,1.43,1.43,"",-8,-8.9,88,7.4,4606401,9.6,1019833,6.6,45780,5.1,16,2.0,816,2.0
"06065","5","11131","77","0","2022","A","N","Riverside County, California","Private","NAICS 11131 Orange groves","County, NAICS 5-digit -- by ownership sector","All establishment sizes",5,0,0,0,0,0,0,"N",2.04,0,0,0,0,0,0,"N",-1,-16.7,0,0,0,0,0,0,0,0,0,0,0,0
"06065","5","111310","78","0","2022","A","N","Riverside County, California","Private","NAICS 111310 Orange groves","County, NAICS 6-digit -- by ownership sector","All establishment sizes",5,0,0,0,0,0,0,"N",2.04,0,0,0,0,0,0,"N",-1,-16.7,0,0,0,0,0,0,0,0,0,0,0,0
"06065","5","11132","77","0","2022","A","N","Riverside County, California","Private","NAICS 11132 Citrus (except orange) groves","County, NAICS 5-digit -- by ownership sector","All establishment sizes",11,0,0,0,0,0,0,"N",5.81,0,0,0,0,0,0,"N",-3,-21.4,0,0,0,0,0,0,0,0,0,0,0,0
"06065","5","111320","78","0","2022","A","N","Riverside County, California","Private","NAICS 111320 Citrus (except orange) groves","County, NAICS 6-digit -- by ownership sector","All establishment sizes",11,0,0,0,0,0,0,"N",5.81,0,0,0,0,0,0,"N",-3,-21.4,0,0,0,0,0,0,0,0,0,0,0,0
"06065","5","11133","77","0","2022","A","","Riverside County, California","Private","NAICS 11133 Noncitrus fruit and tree nut farming","County, NAICS 5-digit -- by ownership sector","All establishment sizes",66,979,39773992,13676717,781562,781,40634,"",1.02,1.16,1.65,1.56,1.70,1.42,1.42,"",-4,-5.7,58,6.3,2503523,6.7,1375208,11.2,69993,9.8,2,0.3,148,0.4
"06065","5","111331","78","0","2022","A","N","Riverside County, California","Private","NAICS 111331 Apple orchards","County, NAICS 6-digit -- by ownership sector","All establishment sizes",1,0,0,0,0,0,0,"N",0.10,0,0,0,0,0,0,"N",0,0.0,0,0,0,0,0,0,0,0,0,0,0,0
"06065","5","111332","78","0","2022","A","","Riverside County, California","Private","NAICS 111332 Grape vineyards","County, NAICS 6-digit -- by ownership sector","All establishment sizes",13,545,24435812,8808457,526838,862,44843,"",1.06,4.11,5.79,7.28,6.99,1.41,1.41,"",-3,-18.8,42,8.3,1753549,7.7,1017577,13.1,60103,12.9,-5,-0.6,-236,-0.5
"06065","5","111333","78","0","2022","A","N","Riverside County, California","Private","NAICS 111333 Strawberry farming","County, NAICS 6-digit -- by ownership sector","All establishment sizes",2,0,0,0,0,0,0,"N",0.65,0,0,0,0,0,0,"N",-1,-33.3,0,0,0,0,0,0,0,0,0,0,0,0
"06065","5","111335","78","0","2022","A","N","Riverside County, California","Private","NAICS 111335 Tree nut farming","County, NAICS 6-digit -- by ownership sector","All establishment sizes",1,0,0,0,0,0,0,"N",0.07,0,0,0,0,0,0,"N",0,0.0,0,0,0,0,0,0,0,0,0,0,0,0
"06065","5","111336","78","0","2022","A","","Riverside County, California","Private","NAICS 111336 Fruit and tree nut combination farming","County, NAICS 6-digit -- by ownership sector","All establishment sizes",5,22,971798,180937,6119,869,45200,"",1.67,0.59,0.84,0.48,0.34,1.46,1.46,"",-1,-16.7,7,46.7,476555,96.2,17662,10.8,385,6.7,244,39.0,12725,39.2
"06065","5","111339","78","0","2022","A","","Riverside County, California","Private","NAICS 111339 Other noncitrus fruit farming","County, NAICS 6-digit -- by ownership sector","All establishment sizes",44,362,12969985,4262516,236940,689,35845,"",3.00,2.53,3.51,2.51,2.81,1.39,1.39,"",0,0.0,12,3.4,427354,3.4,345649,8.8,14118,6.3,1,0.1,52,0.1
"06065","5","1114","76","0","2022","A","","Riverside County, California","Private","NAICS 1114 Greenhouse, nursery, and floriculture production","County, NAICS 4-digit -- by ownership sector","All establishment sizes",69,2093,89997267,19948698,549957,827,43003,"",1.05,2.18,2.79,2.10,1.55,1.28,1.28,"",1,1.5,-218,-9.4,-9475744,-9.5,-1955240,-8.9,-169975,-23.6,-1,-0.1,-33,-0.1
"06065","5","11141","77","0","2022","A","","Riverside County, California","Private","NAICS 11141 Food crops grown under cover","County, NAICS 5-digit -- by ownership sector","All establishment sizes",19,142,5722705,1614316,51483,776,40372,"",1.07,0.55,0.62,0.55,0.45,1.12,1.12,"",3,18.8,-16,-10.1,-488103,-7.9,-107350,-6.2,-4727,-8.4,18,2.4,938,2.4
"06065","5","111411","78","0","2022","A","","Riverside County, California","Private","NAICS 111411 Mushroom production","County, NAICS 6-digit -- by ownership sector","All establishment sizes",5,25,814166,269795,6082,616,32033,"",2.71,0.47,0.43,0.63,0.45,0.89,0.89,"",2,66.7,1,4.2,25644,3.3,-6207,-2.2,-1084,-15.1,-5,-0.8,-261,-0.8
"06065","5","111419","78","0","2022","A","","Riverside County, California","Private","NAICS 111419 Other food crops grown under cover","County, NAICS 6-digit -- by ownership sector","All establishment sizes",14,116,4908539,1344521,45401,811,42194,"",0.88,0.57,0.67,0.54,0.45,1.17,1.17,"",1,7.7,-17,-12.8,-513747,-9.5,-101143,-7.0,-3643,-7.4,27,3.4,1450,3.6
"06065","5","11142","77","0","2022","A","","Riverside County, California","Private","NAICS 11142 Nursery and floriculture production","County, NAICS 5-digit -- by ownership sector","All establishment sizes",50,1951,84274562,18334382,498474,831,43194,"",1.04,2.77,3.65,2.77,2.08,1.32,1.32,"",-2,-3.8,-203,-9.4,-8987641,-9.6,-1847890,-9.2,-165248,-24.9,-2,-0.2,-105,-0.2
"06065","5","111421","78","0","2022","A","","Riverside County, California","Private","NAICS 111421 Nursery and tree production","County, NAICS 6-digit -- by ownership sector","All establishment sizes",40,1589,68647322,15133452,399058,831,43204,"",1.19,3.42,4.40,3.39,2.36,1.29,1.29,"",-2,-4.8,-198,-11.1,-9785728,-12.5,-1934117,-11.3,-143247,-26.4,-13,-1.5,-685,-1.6
"06065","5","111422","78","0","2022","A","","Riverside County, California","Private","NAICS 111422 Floriculture production","County, NAICS 6-digit -- by ownership sector","All establishment sizes",10,362,15627240,3200930,99416,830,43149,"",0.69,1.51,2.09,1.49,1.41,1.38,1.38,"",0,0.0,-5,-1.4,798087,5.4,86227,2.8,-22001,-18.1,53,6.8,2724,6.7
"06065","5","1119","76","0","2022","A","","Riverside County, California","Private","NAICS 1119 Other crop farming","County, NAICS 4-digit -- by ownership sector","All establishment sizes",49,847,39558334,8007469,310553,898,46690,"",0.65,2.31,3.01,1.82,1.91,1.30,1.30,"",4,8.9,38,4.7,3694554,10.3,-8477,-0.1,-50483,-14.0,46,5.4,2364,5.3
"06065","5","11192","77","0","2022","A","","Riverside County, California","Private","NAICS 11192 Cotton farming","County, NAICS 5-digit -- by ownership sector","All establishment sizes",4,72,3627971,764622,29960,971,50505,"",0.23,1.31,1.91,2.01,2.32,1.46,1.46,"",0,0.0,3,4.3,342013,10.4,-1995,-0.3,-5179,-14.7,51,5.5,2651,5.5
"06065","5","111920","78","0","2022","A","","Riverside County, California","Private","NAICS 111920 Cotton farming","County, NAICS 6-digit -- by ownership sector","All establishment sizes",4,72,3627971,764622,29960,971,50505,"",0.23,1.31,1.91,2.01,2.32,1.46,1.46,"",0,0.0,3,4.3,342013,10.4,-1995,-0.3,-5179,-14.7,51,5.5,2651,5.5
"06065","5","11194","77","0","2022","A","","Riverside County, California","Private","NAICS 11194 Hay farming","County, NAICS 5-digit -- by ownership sector","All establishment sizes",19,430,22343022,4084114,182663,1000,51991,"",1.61,8.83,12.65,6.84,8.61,1.43,1.43,"",2,11.8,15,3.6,2322368,11.6,104764,2.6,-31433,-14.7,72,7.8,3729,7.7
"06065","5","111940","78","0","2022","A","","Riverside County, California","Private","NAICS 111940 Hay farming","County, NAICS 6-digit -- by ownership sector","All establishment sizes",19,430,22343022,4084114,182663,1000,51991,"",1.61,8.83,12.65,6.84,8.61,1.43,1.43,"",2,11.8,15,3.6,2322368,11.6,104764,2.6,-31433,-14.7,72,7.8,3729,7.7
"06065","5","11199","77","0","2022","A","","Riverside County, California","Private","NAICS 11199 All other crop farming","County, NAICS 5-digit -- by ownership sector","All establishment sizes",26,346,13587341,3158733,97930,756,39308,"",0.62,1.47,1.67,0.98,0.81,1.14,1.14,"",2,8.3,20,6.1,1030173,8.2,-111246,-3.4,-13871,-12.4,14,1.9,740,1.9
"06065","5","111998","78","0","2022","A","","Riverside County, California","Private","NAICS 111998 All other miscellaneous crop farming","County, NAICS 6-digit -- by ownership sector","All establishment sizes",26,346,13587341,3158733,97930,756,39308,"",0.69,1.56,1.78,1.06,0.84,1.14,1.14,"",2,8.3,20,6.1,1030173,8.2,-111246,-3.4,-13871,-12.4,14,1.9,740,1.9
"06065","5","112","75","0","2022","A","","Riverside County, California","Private","NAICS 112 Animal production and aquaculture","County, NAICS 3-digit -- by ownership sector","All establishment sizes",72,608,27564794,5685745,134457,872,45362,"",0.39,0.43,0.52,0.37,0.51,1.22,1.22,"",0,0.0,-13,-2.1,1679958,6.5,-242308,-4.1,-30217,-18.3,70,8.7,3646,8.7
"06065","5","1121","76","0","2022","A","","Riverside County, California","Private","NAICS 1121 Cattle ranching and farming","County, NAICS 4-digit -- by ownership sector","All establishment sizes",22,393,18533036,3702439,80281,906,47108,"",0.19,0.46,0.61,0.40,0.53,1.34,1.34,"",-1,-4.3,-9,-2.2,1250039,7.2,-38832,-1.0,-17669,-18.0,78,9.4,4062,9.4
"06065","5","11211","77","0","2022","A","","Riverside County, California","Private","NAICS 11211 Beef cattle ranching and farming, including feedlots","County, NAICS 5-digit -- by ownership sector","All establishment sizes",5,11,283098,74918,1594,480,24979,"",0.07,0.04,0.03,0.03,0.03,0.70,0.70,"",0,0.0,0,0.0,5083,1.8,-43224,-36.6,-1169,-42.3,-6,-1.2,-295,-1.2
"06065","5","112111","78","0","2022","A","","Riverside County, California","Private","NAICS 112111 Beef cattle ranching and farming","County, NAICS 6-digit -- by ownership sector","All establishment sizes",5,11,283098,74918,1594,480,24979,"",0.08,0.05,0.04,0.03,0.04,0.75,0.75,"",0,0.0,0,0.0,5083,1.8,-43224,-36.6,-1169,-42.3,-6,-1.2,-295,-1.2
"06065","5","11212","77","0","2022","A","","Riverside County, California","Private","NAICS 11212 Dairy cattle and milk production","County, NAICS 5-digit -- by ownership sector","All establishment sizes",17,382,18249938,3627521,78687,919,47764,"",0.37,0.68,0.92,0.59,0.79,1.37,1.37,"",-1,-5.6,-9,-2.3,1244956,7.3,4392,0.1,-16500,-17.3,82,9.8,4217,9.7
"06065","5","112120","78","0","2022","A","","Riverside County, California","Private","NAICS 112120 Dairy cattle and milk production","County, NAICS 6-digit -- by ownership sector","All establishment sizes",17,382,18249938,3627521,78687,919,47764,"",0.37,0.68,0.92,0.59,0.79,1.37,1.37,"",-1,-5.6,-9,-2.3,1244956,7.3,4392,0.1,-16500,-17.3,82,9.8,4217,9.7
"06065","5","1123","76","0","2022","A","","Riverside County, California","Private","NAICS 1123 Poultry and egg production","County, NAICS 4-digit -- by ownership sector","All establishment sizes",7,86,3415161,825501,21019,767,39905,"",0.44,0.37,0.34,0.33,0.46,0.94,0.94,"",1,16.7,1,1.2,376198,12.4,-83930,-9.2,-7918,-27.4,75,10.8,3941,11.0
"06065","5","11231","77","0","2022","A","","Riverside County, California","Private","NAICS 11231 Chicken egg production","County, NAICS 5-digit -- by ownership sector","All establishment sizes",4,79,3271035,751830,17947,799,41537,"",0.75,0.71,0.71,0.65,0.73,1.00,1.00,"N",0,0.0,0,0,0,0,0,0,0,0,0,0,0,0
"06065","5","112310","78","0","2022","A","","Riverside County, California","Private","NAICS 112310 Chicken egg production","County, NAICS 6-digit -- by ownership sector","All establishment sizes",4,79,3271035,751830,17947,799,41537,"",0.75,0.71,0.71,0.65,0.73,1.00,1.00,"N",0,0.0,0,0,0,0,0,0,0,0,0,0,0,0
"06065","5","11239","77","0","2022","A","","Riverside County, California","Private","NAICS 11239 Other poultry production","County, NAICS 5-digit -- by ownership sector","All establishment sizes",3,7,144126,73671,3072,406,21092,"",2.62,0.75,0.43,0.90,1.40,0.58,0.58,"N",0,0.0,0,0,0,0,0,0,0,0,0,0,0,0
"06065","5","112390","78","0","2022","A","","Riverside County, California","Private","NAICS 112390 Other poultry production","County, NAICS 6-digit -- by ownership sector","All establishment sizes",3,7,144126,73671,3072,406,21092,"",2.62,0.75,0.43,0.90,1.40,0.58,0.58,"N",0,0.0,0,0,0,0,0,0,0,0,0,0,0,0
"06065","5","1124","76","0","2022","A","","Riverside County, California","Private","NAICS 1124 Sheep and goat farming","County, NAICS 4-digit -- by ownership sector","All establishment sizes",3,20,656863,180436,2707,624,32438,"",1.17,2.29,2.55,1.97,1.38,1.10,1.10,"",0,0.0,-1,-4.8,-19290,-2.9,-324,-0.2,-5,-0.2,5,0.8,240,0.7
"06065","5","11241","77","0","2022","A","N","Riverside County, California","Private","NAICS 11241 Sheep farming","County, NAICS 5-digit -- by ownership sector","All establishment sizes",2,0,0,0,0,0,0,"N",1.19,0,0,0,0,0,0,"N",0,0.0,0,0,0,0,0,0,0,0,0,0,0,0
"06065","5","112410","78","0","2022","A","N","Riverside County, California","Private","NAICS 112410 Sheep farming","County, NAICS 6-digit -- by ownership sector","All establishment sizes",2,0,0,0,0,0,0,"N",1.19,0,0,0,0,0,0,"N",0,0.0,0,0,0,0,0,0,0,0,0,0,0,0
"06065","5","11242","77","0","2022","A","N","Riverside County, California","Private","NAICS 11242 Goat farming","County, NAICS 5-digit -- by ownership sector","All establishment sizes",1,0,0,0,0,0,0,"N",1.11,0,0,0,0,0,0,"N",0,0.0,0,0,0,0,0,0,0,0,0,0,0,0
"06065","5","112420","78","0","2022","A","N","Riverside County, California","Private","NAICS 112420 Goat farming","County, NAICS 6-digit -- by ownership sector","All establishment sizes",1,0,0,0,0,0,0,"N",1.11,0,0,0,0,0,0,"N",0,0.0,0,0,0,0,0,0,0,0,0,0,0,0
"06065","5","1125","76","0","2022","A","","Riverside County, California","Private","NAICS 1125 Aquaculture","County, NAICS 4-digit -- by ownership sector","All establishment sizes",8,44,1991737,370836,11491,881,45787,"",1.23,1.09,1.26,0.78,0.87,1.17,1.17,"",0,0.0,-1,-2.2,38763,2.0,-28086,-7.0,-2002,-14.8,40,4.8,2064,4.7
"06065","5","11251","77","0","2022","A","","Riverside County, California","Private","NAICS 11251 Aquaculture","County, NAICS 5-digit -- by ownership sector","All establishment sizes",8,44,1991737,370836,11491,881,45787,"",1.23,1.09,1.26,0.78,0.87,1.17,1.17,"",0,0.0,-1,-2.2,38763,2.0,-28086,-7.0,-2002,-14.8,40,4.8,2064,4.7
"06065","5","112511","78","0","2022","A","N","Riverside County, California","Private","NAICS 112511 Finfish farming and fish hatcheries","County, NAICS 6-digit -- by ownership sector","All establishment sizes",7,0,0,0,0,0,0,"N",2.27,0,0,0,0,0,0,"N",0,0.0,0,0,0,0,0,0,0,0,0,0,0,0
"06065","5","112512","78","0","2022","A","N","Riverside County, California","Private","NAICS 112512 Shellfish farming","County, NAICS 6-digit -- by ownership sector","All establishment sizes",1,0,0,0,0,0,0,"N",0.46,0,0,0,0,0,0,"N",0,0.0,0,0,0,0,0,0,0,0,0,0,0,0
"06065","5","1129","76","0","2022","A","","Riverside County, California","Private","NAICS 1129 Other animal production","County, NAICS 4-digit -- by ownership sector","All establishment sizes",32,65,2967997,606533,18959,879,45720,"",1.21,0.56,0.63,0.58,0.69,1.13,1.13,"",0,0.0,-4,-5.8,34248,1.2,-91136,-13.1,-2623,-12.2,59,7.2,3099,7.3
"06065","5","11291","77","0","2022","A","","Riverside County, California","Private","NAICS 11291 Apiculture","County, NAICS 5-digit -- by ownership sector","All establishment sizes",9,24,910289,234825,8295,737,38328,"",1.73,1.18,1.23,1.07,1.32,1.05,1.05,"",0,0.0,1,4.3,149308,19.6,41044,21.2,2181,35.7,108,17.2,5598,17.1
"06065","5","112910","78","0","2022","A","","Riverside County, California","Private","NAICS 112910 Apiculture","County, NAICS 6-digit -- by ownership sector","All establishment sizes",9,24,910289,234825,8295,737,38328,"",1.73,1.18,1.23,1.07,1.32,1.05,1.05,"",0,0.0,1,4.3,149308,19.6,41044,21.2,2181,35.7,108,17.2,5598,17.1
"06065","5","11292","77","0","2022","A","","Riverside County, California","Private","NAICS 11292 Horses and other equine production","County, NAICS 5-digit -- by ownership sector","All establishment sizes",11,17,644528,187544,5722,726,37728,"",1.12,0.53,0.59,0.72,0.99,1.11,1.11,"",0,0.0,-6,-26.1,-173403,-21.2,-129910,-40.9,-3917,-40.6,52,7.7,2674,7.6
"06065","5","112920","78","0","2022","A","","Riverside County, California","Private","NAICS 112920 Horses and other equine production","County, NAICS 6-digit -- by ownership sector","All establishment sizes",11,17,644528,187544,5722,726,37728,"",1.12,0.53,0.59,0.72,0.99,1.11,1.11,"",0,0.0,-6,-26.1,-173403,-21.2,-129910,-40.9,-3917,-40.6,52,7.7,2674,7.6
"06065","5","11299","77","0","2022","A","","Riverside County, California","Private","NAICS 11299 All other animal production","County, NAICS 5-digit -- by ownership sector","All establishment sizes",11,24,1413180,184164,4942,1128,58679,"",1.01,0.39,0.51,0.35,0.33,1.29,1.29,"",-1,-8.3,2,9.1,58343,4.3,-2270,-1.2,-887,-15.2,-43,-3.7,-2213,-3.6
"06065","5","112990","78","0","2022","A","","Riverside County, California","Private","NAICS 112990 All other animal production","County, NAICS 6-digit -- by ownership sector","All establishment sizes",11,24,1413180,184164,4942,1128,58679,"",1.01,0.39,0.51,0.35,0.33,1.29,1.29,"",-1,-8.3,2,9.1,58343,4.3,-2270,-1.2,-887,-15.2,-43,-3.7,-2213,-3.6
"06065","5","113","75","0","2022","A","N","Riverside County, California","Private","NAICS 113 Forestry and logging","County, NAICS 3-digit -- by ownership sector","All establishment sizes",1,0,0,0,0,0,0,"N",0.02,0,0,0,0,0,0,"N",-1,-50.0,0,0,0,0,0,0,0,0,0,0,0,0
"06065","5","1132","76","0","2022","A","N","Riverside County, California","Private","NAICS 1132 Forest nurseries and gathering of forest products","County, NAICS 4-digit -- by ownership sector","All establishment sizes",1,0,0,0,0,0,0,"N",0.44,0,0,0,0,0,0,"N",0,0.0,0,0,0,0,0,0,0,0,0,0,0,0
"06065","5","11321","77","0","2022","A","N","Riverside County, California","Private","NAICS 11321 Forest nurseries and gathering of forest products","County, NAICS 5-digit -- by ownership sector","All establishment sizes",1,0,0,0,0,0,0,"N",0.44,0,0,0,0,0,0,"N",0,0.0,0,0,0,0,0,0,0,0,0,0,0,0
"06065","5","113210","78","0","2022","A","N","Riverside County, California","Private","NAICS 113210 Forest nurseries and gathering of forest products","County, NAICS 6-digit -- by ownership sector","All establishment sizes",1,0,0,0,0,0,0,"N",0.44,0,0,0,0,0,0,"N",0,0.0,0,0,0,0,0,0,0,0,0,0,0,0
"06065","5","114","75","0","2022","A","N","Riverside County, California","Private","NAICS 114 Fishing, hunting and trapping","County, NAICS 3-digit -- by ownership sector","All establishment sizes",2,0,0,0,0,0,0,"N",0.11,0,0,0,0,0,0,"N",1,100.0,0,0,0,0,0,0,0,0,0,0,0,0
"06065","5","1141","76","0","2022","A","N","Riverside County, California","Private","NAICS 1141 Fishing","County, NAICS 4-digit -- by ownership sector","All establishment sizes",1,0,0,0,0,0,0,"N",0.07,0,0,0,0,0,0,"N",1,100.0,0,0,0,0,0,0,0,0,0,0,0,0
"06065","5","11411","77","0","2022","A","N","Riverside County, California","Private","NAICS 11411 Fishing","County, NAICS 5-digit -- by ownership sector","All establishment sizes",1,0,0,0,0,0,0,"N",0.07,0,0,0,0,0,0,"N",1,100.0,0,0,0,0,0,0,0,0,0,0,0,0
"06065","5","114112","78","0","2022","A","N","Riverside County, California","Private","NAICS 114112 Shellfish fishing","County, NAICS 6-digit -- by ownership sector","All establishment sizes",1,0,0,0,0,0,0,"N",0.14,0,0,0,0,0,0,"N",1,100.0,0,0,0,0,0,0,0,0,0,0,0,0
"06065","5","1142","76","0","2022","A","N","Riverside County, California","Private","NAICS 1142 Hunting and trapping","County, NAICS 4-digit -- by ownership sector","All establishment sizes",1,0,0,0,0,0,0,"N",0.27,0,0,0,0,0,0,"N",0,0.0,0,0,0,0,0,0,0,0,0,0,0,0
"06065","5","11421","77","0","2022","A","N","Riverside County, California","Private","NAICS 11421 Hunting and trapping","County, NAICS 5-digit -- by ownership sector","All establishment sizes",1,0,0,0,0,0,0,"N",0.27,0,0,0,0,0,0,"N",0,0.0,0,0,0,0,0,0,0,0,0,0,0,0
"06065","5","114210","78","0","2022","A","N","Riverside County, California","Private","NAICS 114210 Hunting and trapping","County, NAICS 6-digit -- by ownership sector","All establishment sizes",1,0,0,0,0,0,0,"N",0.27,0,0,0,0,0,0,"N",0,0.0,0,0,0,0,0,0,0,0,0,0,0,0
"06065","5","115","75","0","2022","A","","Riverside County, California","Private","NAICS 115 Support activities for agriculture and forestry","County, NAICS 3-digit -- by ownership sector","All establishment sizes",163,5725,197278828,89095264,4231978,663,34459,"",1.15,2.74,2.88,4.03,2.99,1.05,1.05,"",-5,-3.0,-12,-0.2,8693995,4.6,3201410,3.7,-237611,-5.3,31,4.9,1587,4.8
"06065","5","1151","76","0","2022","A","","Riverside County, California","Private","NAICS 1151 Support activities for crop production","County, NAICS 4-digit -- by ownership sector","All establishment sizes",112,5550,189999444,87562229,4197349,658,34234,"",1.36,3.06,3.32,4.66,3.18,1.08,1.08,"",-6,-5.1,-13,-0.2,8339597,4.6,3156212,3.7,-235335,-5.3,30,4.8,1580,4.8
"06065","5","11511","77","0","2022","A","","Riverside County, California","Private","NAICS 11511 Support activities for crop production","County, NAICS 5-digit -- by ownership sector","All establishment sizes",112,5550,189999444,87562229,4197349,658,34234,"",1.36,3.06,3.32,4.66,3.18,1.08,1.08,"",-6,-5.1,-13,-0.2,8339597,4.6,3156212,3.7,-235335,-5.3,30,4.8,1580,4.8
"06065","5","115111","78","0","2022","A","N","Riverside County, California","Private","NAICS 115111 Cotton ginning","County, NAICS 6-digit -- by ownership sector","All establishment sizes",1,0,0,0,0,0,0,"N",0.28,0,0,0,0,0,0,"N",0,0.0,0,0,0,0,0,0,0,0,0,0,0,0
"06065","5","115112","78","0","2022","A","","Riverside County, California","Private","NAICS 115112 Soil preparation, planting, and cultivating","County, NAICS 6-digit -- by ownership sector","All establishment sizes",21,295,13482188,3190325,97033,880,45780,"",0.82,1.92,2.19,2.21,1.40,1.15,1.15,"",3,16.7,5,1.7,-52118,-0.4,-4942,-0.2,-17499,-15.3,-16,-1.8,-836,-1.8
"06065","5","115113","78","0","2022","A","N","Riverside County, California","Private","NAICS 115113 Crop harvesting, primarily by machine","County, NAICS 6-digit -- by ownership sector","All establishment sizes",2,0,0,0,0,0,0,"N",0.27,0,0,0,0,0,0,"N",0,0.0,0,0,0,0,0,0,0,0,0,0,0,0
"06065","5","115114","78","0","2022","A","","Riverside County, California","Private","NAICS 115114 Postharvest crop activities (except cotton ginning)","County, NAICS 6-digit -- by ownership sector","All establishment sizes",23,895,42901464,10109284,457993,922,47957,"",1.56,1.94,2.41,1.95,1.58,1.24,1.24,"",-2,-8.0,-56,-5.9,-792939,-1.8,-1073270,-9.6,-91794,-16.7,38,4.3,1999,4.3
"06065","5","115115","78","0","2022","A","","Riverside County, California","Private","NAICS 115115 Farm labor contractors and crew leaders","County, NAICS 6-digit -- by ownership sector","All establishment sizes",51,3967,115462702,69245762,3400658,560,29108,"",2.64,3.99,4.54,6.82,3.99,1.14,1.14,"",-4,-7.3,188,5.0,13978053,13.8,6171538,9.8,2183,0.1,44,8.5,2254,8.4
"06065","5","115116","78","0","2022","A","","Riverside County, California","Private","NAICS 115116 Farm management services","County, NAICS 6-digit -- by ownership sector","All establishment sizes",14,250,11939682,2244684,69789,920,47854,"",1.22,2.34,2.79,2.22,1.49,1.20,1.20,"",-3,-17.6,-2,-0.8,360430,3.1,-65927,-2.9,-12213,-14.9,37,4.2,1920,4.2
"06065","5","1152","76","0","2022","A","N","Riverside County, California","Private","NAICS 1152 Support activities for animal production","County, NAICS 4-digit -- by ownership sector","All establishment sizes",50,0,0,0,0,0,0,"N",1.24,0,0,0,0,0,0,"N",1,2.0,0,0,0,0,0,0,0,0,0,0,0,0
"06065","5","11521","77","0","2022","A","N","Riverside County, California","Private","NAICS 11521 Support activities for animal production","County, NAICS 5-digit -- by ownership sector","All establishment sizes",50,0,0,0,0,0,0,"N",1.24,0,0,0,0,0,0,"N",1,2.0,0,0,0,0,0,0,0,0,0,0,0,0
"06065","5","115210","78","0","2022","A","N","Riverside County, California","Private","NAICS 115210 Support activities for animal production","County, NAICS 6-digit -- by ownership sector","All establishment sizes",50,0,0,0,0,0,0,"N",1.24,0,0,0,0,0,0,"N",1,2.0,0,0,0,0,0,0,0,0,0,0,0,0
"06065","5","1153","76","0","2022","A","N","Riverside County, California","Private","NAICS 1153 Support activities for forestry","County, NAICS 4-digit -- by ownership sector","All establishment sizes",2,0,0,0,0,0,0,"N",0.11,0,0,0,0,0,0,"N",1,100.0,0,0,0,0,0,0,0,0,0,0,0,0
"06065","5","11531","77","0","2022","A","N","Riverside County, California","Private","NAICS 11531 Support activities for forestry","County, NAICS 5-digit -- by ownership sector","All establishment sizes",2,0,0,0,0,0,0,"N",0.11,0,0,0,0,0,0,"N",1,100.0,0,0,0,0,0,0,0,0,0,0,0,0
"06065","5","115310","78","0","2022","A","N","Riverside County, California","Private","NAICS 115310 Support activities for forestry","County, NAICS 6-digit -- by ownership sector","All establishment sizes",2,0,0,0,0,0,0,"N",0.11,0,0,0,0,0,0,"N",1,100.0,0,0,0,0,0,0,0,0,0,0,0,0
"06065","5","21","74","0","2022","A","","Riverside County, California","Private","NAICS 21 Mining, quarrying, and oil and gas extraction","County, NAICS Sector -- by ownership sector","All establishment sizes",26,470,43012373,4208233,149480,1760,91499,"",0.13,0.16,0.15,0.12,0.10,0.98,0.98,"",3,13.0,52,12.4,6193274,16.8,663696,18.7,649,0.4,65,3.8,3345,3.8
"06065","5","212","75","0","2022","A","","Riverside County, California","Private","NAICS 212 Mining (except oil and gas)","County, NAICS 3-digit -- by ownership sector","All establishment sizes",19,411,39292980,3688612,133105,1841,95720,"",0.39,0.42,0.56,0.30,0.27,1.32,1.32,"",1,5.6,44,12.0,5503396,16.3,614282,20.0,325,0.2,70,4.0,3629,3.9
"06065","5","2122","76","0","2022","A","N","Riverside County, California","Private","NAICS 2122 Metal ore mining","County, NAICS 4-digit -- by ownership sector","All establishment sizes",1,0,0,0,0,0,0,"N",0.21,0,0,0,0,0,0,"N",1,100.0,0,0,0,0,0,0,0,0,0,0,0,0
"06065","5","21222","77","0","2022","A","N","Riverside County, California","Private","NAICS 21222 Gold ore and silver ore mining","County, NAICS 5-digit -- by ownership sector","All establishment sizes",1,0,0,0,0,0,0,"N",0.67,0,0,0,0,0,0,"N",1,100.0,0,0,0,0,0,0,0,0,0,0,0,0
"06065","5","212220","78","0","2022","A","N","Riverside County, California","Private","NAICS 212220 Gold ore and silver ore mining","County, NAICS 6-digit -- by ownership sector","All establishment sizes",1,0,0,0,0,0,0,"N",0.67,0,0,0,0,0,0,"N",1,100.0,0,0,0,0,0,0,0,0,0,0,0,0
"06065","5","2123","76","0","2022","A","N","Riverside County, California","Private","NAICS 2123 Nonmetallic mineral mining and quarrying","County, NAICS 4-digit -- by ownership sector","All establishment sizes",18,0,0,0,0,0,0,"N",0.46,0,0,0,0,0,0,"N",0,0.0,0,0,0,0,0,0,0,0,0,0,0,0
"06065","5","21231","77","0","2022","A","","Riverside County, California","Private","NAICS 21231 Stone mining and quarrying","County, NAICS 5-digit -- by ownership sector","All establishment sizes",5,50,3604102,464534,22454,1391,72323,"",0.30,0.22,0.26,0.21,0.17,1.22,1.22,"N",-1,-16.7,0,0,0,0,0,0,0,0,0,0,0,0
"06065","5","212311","78","0","2022","A","N","Riverside County, California","Private","NAICS 212311 Dimension stone mining and quarrying","County, NAICS 6-digit -- by ownership sector","All establishment sizes",1,0,0,0,0,0,0,"N",0.27,0,0,0,0,0,0,"N",-1,-50.0,0,0,0,0,0,0,0,0,0,0,0,0
"06065","5","212313","78","0","2022","A","N","Riverside County, California","Private","NAICS 212313 Crushed and broken granite mining and quarrying","County, NAICS 6-digit -- by ownership sector","All establishment sizes",1,0,0,0,0,0,0,"N",0.53,0,0,0,0,0,0,"N",0,0.0,0,0,0,0,0,0,0,0,0,0,0,0
"06065","5","212319","78","0","2022","A","","Riverside County, California","Private","NAICS 212319 Other crushed and broken stone mining and quarrying","County, NAICS 6-digit -- by ownership sector","All establishment sizes",3,33,2299699,302955,12751,1350,70220,"",0.92,0.80,0.88,0.57,0.41,1.11,1.11,"",0,0.0,-1,-2.9,-130397,-5.4,-2222,-0.7,-2013,-13.6,-8,-0.6,-388,-0.5
"06065","5","21232","77","0","2022","A","","Riverside County, California","Private","NAICS 21232 Sand, gravel, clay, and ceramic and refractory minerals mining and quarrying","County, NAICS 5-digit -- by ownership sector","All establishment sizes",12,350,35088463,3113992,107465,1926,100157,"",0.62,1.50,2.43,1.11,0.61,1.62,1.62,"",3,33.3,41,13.3,5264708,17.7,554274,21.7,935,0.9,67,3.6,3510,3.6
"06065","5","212321","78","0","2022","A","","Riverside County, California","Private","NAICS 212321 Construction sand and gravel mining","County, NAICS 6-digit -- by ownership sector","All establishment sizes",10,304,31411560,2722110,91014,1990,103498,"",0.60,1.88,3.19,1.27,0.63,1.70,1.70,"",3,42.9,42,16.0,4995135,18.9,533622,24.4,4790,5.6,50,2.6,2608,2.6
"06065","5","212322","78","0","2022","A","N","Riverside County, California","Private","NAICS 212322 Industrial sand mining","County, NAICS 6-digit -- by ownership sector","All establishment sizes",1,0,0,0,0,0,0,"N",0.68,0,0,0,0,0,0,"N",0,0.0,0,0,0,0,0,0,0,0,0,0,0,0
"06065","5","212323","78","0","2022","A","N","Riverside County, California","Private","NAICS 212323 Kaolin, clay, and ceramic and refractory minerals mining","County, NAICS 6-digit -- by ownership sector","All establishment sizes",1,0,0,0,0,0,0,"N",0.82,0,0,0,0,0,0,"N",1,100.0,0,0,0,0,0,0,0,0,0,0,0,0
"06065","5","21239","77","0","2022","A","N","Riverside County, California","Private","NAICS 21239 Other nonmetallic mineral mining and quarrying","County, NAICS 5-digit -- by ownership sector","All establishment sizes",2,0,0,0,0,0,0,"N",0.66,0,0,0,0,0,0,"N",0,0.0,0,0,0,0,0,0,0,0,0,0,0,0
"06065","5","212390","78","0","2022","A","N","Riverside County, California","Private","NAICS 212390 Other nonmetallic mineral mining and quarrying","County, NAICS 6-digit -- by ownership sector","All establishment sizes",2,0,0,0,0,0,0,"N",0.66,0,0,0,0,0,0,"N",2,100.0,0,0,0,0,0,0,0,0,0,0,0,0
"06065","5","213","75","0","2022","A","","Riverside County, California","Private","NAICS 213 Support activities for mining","County, NAICS 3-digit -- by ownership sector","All establishment sizes",7,60,3719393,519621,16375,1200,62423,"",0.06,0.04,0.03,0.03,0.02,0.77,0.77,"",1,16.7,9,17.6,689878,22.8,49414,10.5,324,2.0,52,4.5,2728,4.6
"06065","5","2131","76","0","2022","A","","Riverside County, California","Private","NAICS 2131 Support activities for mining","County, NAICS 4-digit -- by ownership sector","All establishment sizes",7,60,3719393,519621,16375,1200,62423,"",0.06,0.04,0.03,0.03,0.02,0.77,0.77,"",1,16.7,9,17.6,689878,22.8,49414,10.5,324,2.0,52,4.5,2728,4.6
"06065","5","21311","77","0","2022","A","","Riverside County, California","Private","NAICS 21311 Support activities for mining","County, NAICS 5-digit -- by ownership sector","All establishment sizes",7,60,3719393,519621,16375,1200,62423,"",0.06,0.04,0.03,0.03,0.02,0.77,0.77,"",1,16.7,9,17.6,689878,22.8,49414,10.5,324,2.0,52,4.5,2728,4.6
"06065","5","213111","78","0","2022","A","","Riverside County, California","Private","NAICS 213111 Drilling oil and gas wells","County, NAICS 6-digit -- by ownership sector","All establishment sizes",4,52,3306732,437736,13380,1227,63795,"",0.29,0.20,0.15,0.14,0.09,0.75,0.75,"N",0,0.0,0,0,0,0,0,0,0,0,0,0,0,0
"06065","5","213112","78","0","2022","A","","Riverside County, California","Private","NAICS 213112 Support activities for oil and gas operations","County, NAICS 6-digit -- by ownership sector","All establishment sizes",3,8,412661,81885,2995,1024,53247,"",0.03,0.01,0.00,0.01,0.01,0.66,0.66,"N",1,50.0,0,0,0,0,0,0,0,0,0,0,0,0
"06065","5","22","74","0","2022","A","","Riverside County, California","Private","NAICS 22 Utilities","County, NAICS Sector -- by ownership sector","All establishment sizes",78,1480,186566271,10811065,338625,2424,126065,"",0.54,0.50,0.64,0.38,0.56,1.28,1.28,"",3,4.0,66,4.7,7211355,4.0,-452223,-4.0,-92162,-21.4,-15,-0.6,-755,-0.6
"06065","5","221","75","0","2022","A","","Riverside County, California","Private","NAICS 221 Utilities","County, NAICS 3-digit -- by ownership sector","All establishment sizes",78,1480,186566271,10811065,338625,2424,126065,"",0.54,0.50,0.64,0.38,0.56,1.28,1.28,"",3,4.0,66,4.7,7211355,4.0,-452223,-4.0,-92162,-21.4,-15,-0.6,-755,-0.6
"06065","5","2211","76","0","2022","A","","Riverside County, California","Private","NAICS 2211 Electric power generation, transmission and distribution","County, NAICS 4-digit -- by ownership sector","All establishment sizes",43,879,122330966,7023435,257149,2675,139118,"",0.53,0.42,0.57,0.35,0.62,1.35,1.35,"",8,22.9,46,5.5,2586753,2.2,-350225,-4.7,-85974,-25.1,-89,-3.2,-4618,-3.2
"06065","5","22111","77","0","2022","A","N","Riverside County, California","Private","NAICS 22111 Electric power generation","County, NAICS 5-digit -- by ownership sector","All establishment sizes",40,0,0,0,0,0,0,"N",1.12,0,0,0,0,0,0,"N",8,25.0,0,0,0,0,0,0,0,0,0,0,0,0
"06065","5","221112","78","0","2022","A","N","Riverside County, California","Private","NAICS 221112 Fossil fuel electric power generation","County, NAICS 6-digit -- by ownership sector","All establishment sizes",9,0,0,0,0,0,0,"N",0.75,0,0,0,0,0,0,"N",1,12.5,0,0,0,0,0,0,0,0,0,0,0,0
"06065","5","221114","78","0","2022","A","","Riverside County, California","Private","NAICS 221114 Solar electric power generation","County, NAICS 6-digit -- by ownership sector","All establishment sizes",17,63,3639817,954807,32669,1118,58160,"",1.74,1.24,0.73,1.63,1.32,0.59,0.59,"",6,54.5,42,200.0,2378405,188.6,642737,206.0,21834,201.5,-56,-4.8,-2876,-4.7
"06065","5","221115","78","0","2022","A","","Riverside County, California","Private","NAICS 221115 Wind electric power generation","County, NAICS 6-digit -- by ownership sector","All establishment sizes",11,133,12467461,951894,39450,1804,93799,"",2.93,2.98,3.01,1.84,2.18,1.01,1.01,"",2,22.2,51,62.2,3855515,44.8,83637,9.6,-7549,-16.1,-210,-10.4,-10906,-10.4
"06065","5","221117","78","0","2022","A","N","Riverside County, California","Private","NAICS 221117 Biomass electric power generation","County, NAICS 6-digit -- by ownership sector","All establishment sizes",1,0,0,0,0,0,0,"N",0.86,0,0,0,0,0,0,"N",0,0.0,0,0,0,0,0,0,0,0,0,0,0,0
"06065","5","221118","78","0","2022","A","N","Riverside County, California","Private","NAICS 221118 Other electric power generation","County, NAICS 6-digit -- by ownership sector","All establishment sizes",2,0,0,0,0,0,0,"N",0.62,0,0,0,0,0,0,"N",0,0.0,0,0,0,0,0,0,0,0,0,0,0,0
"06065","5","22112","77","0","2022","A","N","Riverside County, California","Private","NAICS 22112 Electric power transmission, control, and distribution","County, NAICS 5-digit -- by ownership sector","All establishment sizes",3,0,0,0,0,0,0,"N",0.07,0,0,0,0,0,0,"N",0,0.0,0,0,0,0,0,0,0,0,0,0,0,0
"06065","5","221121","78","0","2022","A","N","Riverside County, California","Private","NAICS 221121 Electric bulk power transmission and control","County, NAICS 6-digit -- by ownership sector","All establishment sizes",2,0,0,0,0,0,0,"N",0.39,0,0,0,0,0,0,"N",0,0.0,0,0,0,0,0,0,0,0,0,0,0,0
"06065","5","221122","78","0","2022","A","N","Riverside County, California","Private","NAICS 221122 Electric power distribution","County, NAICS 6-digit -- by ownership sector","All establishment sizes",1,0,0,0,0,0,0,"N",0.02,0,0,0,0,0,0,"N",0,0.0,0,0,0,0,0,0,0,0,0,0,0,0
"06065","5","2212","76","0","2022","A","N","Riverside County, California","Private","NAICS 2212 Natural gas distribution","County, NAICS 4-digit -- by ownership sector","All establishment sizes",13,0,0,0,0,0,0,"N",0.61,0,0,0,0,0,0,"N",-4,-23.5,0,0,0,0,0,0,0,0,0,0,0,0
"06065","5","22121","77","0","2022","A","N","Riverside County, California","Private","NAICS 22121 Natural gas distribution","County, NAICS 5-digit -- by ownership sector","All establishment sizes",13,0,0,0,0,0,0,"N",0.61,0,0,0,0,0,0,"N",-4,-23.5,0,0,0,0,0,0,0,0,0,0,0,0
"06065","5","221210","78","0","2022","A","N","Riverside County, California","Private","NAICS 221210 Natural gas distribution","County, NAICS 6-digit -- by ownership sector","All establishment sizes",13,0,0,0,0,0,0,"N",0.61,0,0,0,0,0,0,"N",-4,-23.5,0,0,0,0,0,0,0,0,0,0,0,0
"06065","5","2213","76","0","2022","A","N","Riverside County, California","Private","NAICS 2213 Water, sewage and other systems","County, NAICS 4-digit -- by ownership sector","All establishment sizes",23,0,0,0,0,0,0,"N",0.55,0,0,0,0,0,0,"N",0,0.0,0,0,0,0,0,0,0,0,0,0,0,0
"06065","5","22131","77","0","2022","A","N","Riverside County, California","Private","NAICS 22131 Water supply and irrigation systems","County, NAICS 5-digit -- by ownership sector","All establishment sizes",23,0,0,0,0,0,0,"N",0.63,0,0,0,0,0,0,"N",0,0.0,0,0,0,0,0,0,0,0,0,0,0,0
"06065","5","221310","78","0","2022","A","N","Riverside County, California","Private","NAICS 221310 Water supply and irrigation systems","County, NAICS 6-digit -- by ownership sector","All establishment sizes",23,0,0,0,0,0,0,"N",0.63,0,0,0,0,0,0,"N",0,0.0,0,0,0,0,0,0,0,0,0,0,0,0
"06065","5","23","74","0","2022","A","","Riverside County, California","Private","NAICS 23 Construction","County, NAICS Sector -- by ownership sector","All establishment sizes",5827,73858,4986159381,815929443,31205627,1298,67510,"",0.98,1.78,2.07,1.76,1.33,1.16,1.16,"",253,4.5,2913,4.1,439216366,9.7,34210929,4.4,-3863120,-11.0,65,5.3,3419,5.3
"06065","5","236","75","0","2022","A","","Riverside County, California","Private","NAICS 236 Construction of buildings","County, NAICS 3-digit -- by ownership sector","All establishment sizes",1509,11301,843712236,123117713,4757971,1436,74660,"",0.81,1.20,1.41,1.17,1.00,1.17,1.17,"",58,4.0,389,3.6,53163071,6.7,1449761,1.2,-712206,-13.0,43,3.1,2209,3.0
"06065","5","2361","76","0","2022","A","","Riverside County, California","Private","NAICS 2361 Residential building construction","County, NAICS 4-digit -- by ownership sector","All establishment sizes",1209,7186,503422291,79233428,2790320,1347,70053,"",0.83,1.46,1.85,1.47,1.42,1.26,1.26,"",55,4.8,243,3.5,31623637,6.7,379233,0.5,-455544,-14.0,40,3.1,2102,3.1
"06065","5","23611","77","0","2022","A","","Riverside County, California","Private","NAICS 23611 Residential building construction","County, NAICS 5-digit -- by ownership sector","All establishment sizes",1209,7186,503422291,79233428,2790320,1347,70053,"",0.83,1.46,1.85,1.47,1.42,1.26,1.26,"",55,4.8,243,3.5,31623637,6.7,379233,0.5,-455544,-14.0,40,3.1,2102,3.1
"06065","5","236115","78","0","2022","A","","Riverside County, California","Private","NAICS 236115 New single-family housing construction (except for-sale builders)","County, NAICS 6-digit -- by ownership sector","All establishment sizes",516,3467,226583603,37963452,1360340,1257,65358,"",0.86,1.66,1.84,1.59,1.71,1.11,1.11,"",4,0.8,61,1.8,7011743,3.2,-2340702,-5.8,-349434,-20.4,17,1.4,890,1.4
"06065","5","236116","78","0","2022","A","","Riverside County, California","Private","NAICS 236116 New multifamily housing construction (except for-sale builders)","County, NAICS 6-digit -- by ownership sector","All establishment sizes",8,45,2421296,536052,25942,1033,53707,"",0.26,0.20,0.14,0.21,0.24,0.68,0.68,"",0,0.0,5,12.5,280602,13.1,149708,38.7,12652,95.2,10,1.0,522,1.0
"06065","5","236117","78","0","2022","A","","Riverside County, California","Private","NAICS 236117 New housing for-sale builders","County, NAICS 6-digit -- by ownership sector","All establishment sizes",11,578,97483544,5082842,165083,3244,168681,"",0.32,1.97,3.56,1.55,1.68,1.81,1.81,"",1,10.0,42,7.8,6916238,7.6,444785,9.6,-21957,-11.7,-3,-0.1,-157,-0.1
"06065","5","236118","78","0","2022","A","","Riverside County, California","Private","NAICS 236118 Residential remodelers","County, NAICS 6-digit -- by ownership sector","All establishment sizes",675,3097,176933848,35651082,1238955,1099,57140,"",0.86,1.34,1.69,1.47,1.29,1.26,1.26,"",51,8.2,136,4.6,17415054,10.9,2125442,6.3,-96805,-7.2,63,6.1,3261,6.1
"06065","5","2362","76","0","2022","A","","Riverside County, California","Private","NAICS 2362 Nonresidential building construction","County, NAICS 4-digit -- by ownership sector","All establishment sizes",300,4114,340289945,43884285,1967651,1591,82708,"",0.74,0.92,1.05,0.86,0.70,1.14,1.14,"",3,1.0,146,3.7,21539434,6.8,1070528,2.5,-256662,-11.5,46,3.0,2383,3.0
"06065","5","23621","77","0","2022","A","","Riverside County, California","Private","NAICS 23621 Industrial building construction","County, NAICS 5-digit -- by ownership sector","All establishment sizes",20,218,16271815,2144365,112067,1438,74784,"",0.47,0.28,0.28,0.23,0.17,1.02,1.02,"",1,5.3,-8,-3.5,-1615407,-9.0,-16550,-0.8,-7073,-5.9,-86,-5.6,-4451,-5.6
"06065","5","236210","78","0","2022","A","","Riverside County, California","Private","NAICS 236210 Industrial building construction","County, NAICS 6-digit -- by ownership sector","All establishment sizes",20,218,16271815,2144365,112067,1438,74784,"",0.47,0.28,0.28,0.23,0.17,1.02,1.02,"",1,5.3,-8,-3.5,-1615407,-9.0,-16550,-0.8,-7073,-5.9,-86,-5.6,-4451,-5.6
"06065","5","23622","77","0","2022","A","","Riverside County, California","Private","NAICS 23622 Commercial and institutional building construction","County, NAICS 5-digit -- by ownership sector","All establishment sizes",280,3897,324018130,41739920,1855584,1599,83151,"",0.77,1.06,1.21,1.00,0.85,1.14,1.14,"",1,0.4,154,4.1,23154841,7.7,1087078,2.7,-249589,-11.9,53,3.4,2760,3.4
"06065","5","236220","78","0","2022","A","","Riverside County, California","Private","NAICS 236220 Commercial and institutional building construction","County, NAICS 6-digit -- by ownership sector","All establishment sizes",280,3897,324018130,41739920,1855584,1599,83151,"",0.77,1.06,1.21,1.00,0.85,1.14,1.14,"",1,0.4,154,4.1,23154841,7.7,1087078,2.7,-249589,-11.9,53,3.4,2760,3.4
"06065","5","237","75","0","2022","A","","Riverside County, California","Private","NAICS 237 Heavy and civil engineering construction","County, NAICS 3-digit -- by ownership sector","All establishment sizes",266,9174,864156194,93082895,4440492,1812,94201,"",0.73,1.60,2.19,1.38,0.99,1.37,1.37,"",12,4.7,568,6.6,86731593,11.2,8682687,10.3,-39067,-0.9,75,4.3,3867,4.3
"06065","5","2371","76","0","2022","A","","Riverside County, California","Private","NAICS 2371 Utility system construction","County, NAICS 4-digit -- by ownership sector","All establishment sizes",143,5500,465976036,57154835,2606693,1629,84724,"",0.76,1.83,2.28,1.61,1.27,1.24,1.24,"",7,5.1,707,14.8,80354720,20.8,8728515,18.0,89802,3.6,82,5.3,4263,5.3
"06065","5","23711","77","0","2022","A","","Riverside County, California","Private","NAICS 23711 Water and sewer line and related structures construction","County, NAICS 5-digit -- by ownership sector","All establishment sizes",85,2324,210411420,26041944,1239740,1741,90551,"",1.02,2.21,3.32,2.30,2.00,1.50,1.50,"",4,4.9,224,10.7,33787844,19.1,4805532,22.6,67896,5.8,124,7.7,6448,7.7
"06065","5","237110","78","0","2022","A","","Riverside County, California","Private","NAICS 237110 Water and sewer line and related structures construction","County, NAICS 6-digit -- by ownership sector","All establishment sizes",85,2324,210411420,26041944,1239740,1741,90551,"",1.02,2.21,3.32,2.30,2.00,1.50,1.50,"",4,4.9,224,10.7,33787844,19.1,4805532,22.6,67896,5.8,124,7.7,6448,7.7
"06065","5","23712","77","0","2022","A","","Riverside County, California","Private","NAICS 23712 Oil and gas pipeline and related structures construction","County, NAICS 5-digit -- by ownership sector","All establishment sizes",9,742,49648358,7365293,295359,1287,66934,"",0.32,1.05,0.98,0.82,0.42,0.94,0.94,"N",2,28.6,0,0,0,0,0,0,0,0,0,0,0,0
"06065","5","237120","78","0","2022","A","","Riverside County, California","Private","NAICS 237120 Oil and gas pipeline and related structures construction","County, NAICS 6-digit -- by ownership sector","All establishment sizes",9,742,49648358,7365293,295359,1287,66934,"",0.32,1.05,0.98,0.82,0.42,0.94,0.94,"N",2,28.6,0,0,0,0,0,0,0,0,0,0,0,0
"06065","5","23713","77","0","2022","A","","Riverside County, California","Private","NAICS 23713 Power and communication line and related structures construction","County, NAICS 5-digit -- by ownership sector","All establishment sizes",50,2435,205916258,23747598,1071594,1627,84583,"",0.65,1.96,2.27,1.58,1.45,1.15,1.15,"N",1,2.0,0,0,0,0,0,0,0,0,0,0,0,0
"06065","5","237130","78","0","2022","A","","Riverside County, California","Private","NAICS 237130 Power and communication line and related structures construction","County, NAICS 6-digit -- by ownership sector","All establishment sizes",50,2435,205916258,23747598,1071594,1627,84583,"",0.65,1.96,2.27,1.58,1.45,1.15,1.15,"N",1,2.0,0,0,0,0,0,0,0,0,0,0,0,0
"06065","5","2372","76","0","2022","A","","Riverside County, California","Private","NAICS 2372 Land subdivision","County, NAICS 4-digit -- by ownership sector","All establishment sizes",35,416,47864625,3568447,123680,2214,115105,"",0.89,2.09,2.62,1.80,2.15,1.25,1.25,"",2,6.1,9,2.2,7083115,17.4,157799,4.6,-2242,-1.8,289,15.0,14987,15.0
"06065","5","23721","77","0","2022","A","","Riverside County, California","Private","NAICS 23721 Land subdivision","County, NAICS 5-digit -- by ownership sector","All establishment sizes",35,416,47864625,3568447,123680,2214,115105,"",0.89,2.09,2.62,1.80,2.15,1.25,1.25,"",2,6.1,9,2.2,7083115,17.4,157799,4.6,-2242,-1.8,289,15.0,14987,15.0
"06065","5","237210","78","0","2022","A","","Riverside County, California","Private","NAICS 237210 Land subdivision","County, NAICS 6-digit -- by ownership sector","All establishment sizes",35,416,47864625,3568447,123680,2214,115105,"",0.89,2.09,2.62,1.80,2.15,1.25,1.25,"",2,6.1,9,2.2,7083115,17.4,157799,4.6,-2242,-1.8,289,15.0,14987,15.0
"06065","5","2373","76","0","2022","A","","Riverside County, California","Private","NAICS 2373 Highway, street, and bridge construction","County, NAICS 4-digit -- by ownership sector","All establishment sizes",60,2859,311566436,28041907,1517499,2096,108974,"",0.77,1.53,2.52,1.24,0.79,1.64,1.64,"",5,9.1,-33,-1.1,12898357,4.3,1101684,4.1,-22237,-1.4,110,5.5,5685,5.5
"06065","5","23731","77","0","2022","A","","Riverside County, California","Private","NAICS 23731 Highway, street, and bridge construction","County, NAICS 5-digit -- by ownership sector","All establishment sizes",60,2859,311566436,28041907,1517499,2096,108974,"",0.77,1.53,2.52,1.24,0.79,1.64,1.64,"",5,9.1,-33,-1.1,12898357,4.3,1101684,4.1,-22237,-1.4,110,5.5,5685,5.5
"06065","5","237310","78","0","2022","A","","Riverside County, California","Private","NAICS 237310 Highway, street, and bridge construction","County, NAICS 6-digit -- by ownership sector","All establishment sizes",60,2859,311566436,28041907,1517499,2096,108974,"",0.77,1.53,2.52,1.24,0.79,1.64,1.64,"",5,9.1,-33,-1.1,12898357,4.3,1101684,4.1,-22237,-1.4,110,5.5,5685,5.5
"06065","5","2379","76","0","2022","A","","Riverside County, California","Private","NAICS 2379 Other heavy and civil engineering construction","County, NAICS 4-digit -- by ownership sector","All establishment sizes",29,399,38749097,4317706,192620,1869,97197,"",0.48,0.61,0.83,0.57,0.42,1.36,1.36,"",0,0.0,-116,-22.5,-13604599,-26.0,-1305311,-23.2,-104390,-35.1,-88,-4.5,-4559,-4.5
"06065","5","23799","77","0","2022","A","","Riverside County, California","Private","NAICS 23799 Other heavy and civil engineering construction","County, NAICS 5-digit -- by ownership sector","All establishment sizes",29,399,38749097,4317706,192620,1869,97197,"",0.48,0.61,0.83,0.57,0.42,1.36,1.36,"",0,0.0,-116,-22.5,-13604599,-26.0,-1305311,-23.2,-104390,-35.1,-88,-4.5,-4559,-4.5
"06065","5","237990","78","0","2022","A","","Riverside County, California","Private","NAICS 237990 Other heavy and civil engineering construction","County, NAICS 6-digit -- by ownership sector","All establishment sizes",29,399,38749097,4317706,192620,1869,97197,"",0.48,0.61,0.83,0.57,0.42,1.36,1.36,"",0,0.0,-116,-22.5,-13604599,-26.0,-1305311,-23.2,-104390,-35.1,-88,-4.5,-4559,-4.5
"06065","5","238","75","0","2022","A","","Riverside County, California","Private","NAICS 238 Specialty trade contractors","County, NAICS 3-digit -- by ownership sector","All establishment sizes",4052,53384,3278290951,599728835,22007164,1181,61410,"",1.09,2.03,2.31,2.06,1.55,1.14,1.14,"",183,4.7,1956,3.8,299321702,10.0,24078481,4.2,-3111847,-12.4,67,6.0,3485,6.0
"06065","5","2381","76","0","2022","A","","Riverside County, California","Private","NAICS 2381 Building foundation and exterior contractors","County, NAICS 4-digit -- by ownership sector","All establishment sizes",757,16445,932883620,200285732,7241684,1091,56726,"",1.02,3.23,3.64,3.47,2.52,1.13,1.13,"",70,10.2,877,5.6,91761646,10.9,9607371,5.0,-1256201,-14.8,52,5.0,2699,5.0
"06065","5","23811","77","0","2022","A","","Riverside County, California","Private","NAICS 23811 Poured concrete structure contractors","County, NAICS 5-digit -- by ownership sector","All establishment sizes",165,4640,302531934,52395133,2011049,1254,65200,"",1.07,3.51,4.41,3.47,2.68,1.25,1.25,"",10,6.5,271,6.2,33533027,12.5,944452,1.8,-328895,-14.1,70,5.9,3630,5.9
"06065","5","238111","78","0","2022","A","","Riverside County, California","Private","NAICS 238111 Residential poured foundation contractors","County, NAICS 6-digit -- by ownership sector","All establishment sizes",122,2080,113628141,23547149,729165,1050,54625,"",1.09,3.22,3.82,3.08,2.06,1.19,1.19,"",9,8.0,70,3.5,9094663,8.7,-920915,-3.8,-197810,-21.3,50,5.0,2610,5.0
"06065","5","238112","78","0","2022","A","","Riverside County, California","Private","NAICS 238112 Nonresidential poured foundation contractors","County, NAICS 6-digit -- by ownership sector","All establishment sizes",43,2560,188903793,28847984,1281884,1419,73793,"",1.02,3.80,4.86,3.87,3.23,1.28,1.28,"",1,2.4,201,8.5,24438364,14.9,1865367,6.9,-131085,-9.3,78,5.8,4085,5.9
"06065","5","23812","77","0","2022","A","","Riverside County, California","Private","NAICS 23812 Steel and precast concrete contractors","County, NAICS 5-digit -- by ownership sector","All establishment sizes",44,1095,73383118,12867687,525748,1289,67011,"",1.22,2.35,2.68,2.30,1.57,1.14,1.14,"",-3,-6.4,85,8.4,605051,0.8,732424,6.0,-24058,-4.4,-97,-7.0,-5076,-7.0
"06065","5","238121","78","0","2022","A","","Riverside County, California","Private","NAICS 238121 Residential structural steel contractors","County, NAICS 6-digit -- by ownership sector","All establishment sizes",22,473,26846484,5271946,184762,1092,56768,"",2.27,6.41,6.97,6.52,4.68,1.09,1.09,"",-2,-8.3,58,14.0,2028905,8.2,539086,11.4,-14231,-7.2,-57,-5.0,-2973,-5.0
"06065","5","238122","78","0","2022","A","","Riverside County, California","Private","NAICS 238122 Nonresidential structural steel contractors","County, NAICS 6-digit -- by ownership sector","All establishment sizes",22,622,46536634,7595741,340986,1438,74798,"",0.83,1.58,1.98,1.58,1.16,1.25,1.25,"",-1,-4.3,28,4.7,-1423854,-3.0,193338,2.6,-9827,-2.8,-114,-7.3,-5921,-7.3
"06065","5","23813","77","0","2022","A","","Riverside County, California","Private","NAICS 23813 Framing contractors","County, NAICS 5-digit -- by ownership sector","All establishment sizes",83,5605,235751090,79452974,2750292,809,42061,"",1.07,12.03,11.69,13.79,13.22,0.97,0.97,"",13,18.6,185,3.4,21866298,10.2,3824300,5.1,-736452,-21.1,50,6.6,2595,6.6
"06065","5","238131","78","0","2022","A","","Riverside County, California","Private","NAICS 238131 Residential framing contractors","County, NAICS 6-digit -- by ownership sector","All establishment sizes",66,5038,206917248,73808987,2527837,790,41075,"",0.98,13.59,13.60,16.22,16.82,1.00,1.00,"",10,17.9,179,3.7,16467139,8.6,3309596,4.7,-731886,-22.5,36,4.8,1880,4.8
"06065","5","238132","78","0","2022","A","","Riverside County, California","Private","NAICS 238132 Nonresidential framing contractors","County, NAICS 6-digit -- by ownership sector","All establishment sizes",16,567,28833842,5643987,222455,977,50816,"",1.54,5.95,5.82,4.67,3.85,0.98,0.98,"",2,14.3,6,1.1,5399159,23.0,514704,10.0,-4566,-2.0,173,21.5,9006,21.5
"06065","5","23814","77","0","2022","A","","Riverside County, California","Private","NAICS 23814 Masonry contractors","County, NAICS 5-digit -- by ownership sector","All establishment sizes",119,1894,110726250,21094034,746279,1124,58472,"",0.91,2.52,3.20,2.48,1.37,1.27,1.27,"",1,0.8,70,3.8,8339067,8.1,694544,3.4,-139957,-15.8,45,4.2,2344,4.2
"06065","5","238141","78","0","2022","A","","Riverside County, California","Private","NAICS 238141 Residential masonry contractors","County, NAICS 6-digit -- by ownership sector","All establishment sizes",90,1364,75851620,14978809,483236,1070,55630,"",0.91,3.56,4.86,3.51,2.35,1.37,1.37,"",-1,-1.1,54,4.1,6861903,9.9,450634,3.1,-117278,-19.5,57,5.6,2953,5.6
"06065","5","238142","78","0","2022","A","","Riverside County, California","Private","NAICS 238142 Nonresidential masonry contractors","County, NAICS 6-digit -- by ownership sector","All establishment sizes",29,530,34874630,6115225,263043,1265,65781,"",0.90,1.44,1.83,1.44,0.77,1.28,1.28,"",2,7.4,15,2.9,1477164,4.4,243910,4.2,-22679,-7.9,17,1.4,869,1.3
"06065","5","23815","77","0","2022","A","","Riverside County, California","Private","NAICS 23815 Glass and glazing contractors","County, NAICS 5-digit -- by ownership sector","All establishment sizes",80,642,46689315,6668377,276536,1398,72678,"",1.62,1.66,2.26,1.64,1.49,1.36,1.36,"",9,12.7,9,1.4,1991926,4.5,387220,6.2,-28947,-9.5,39,2.9,2029,2.9
"06065","5","238151","78","0","2022","A","","Riverside County, California","Private","NAICS 238151 Residential glass and glazing contractors","County, NAICS 6-digit -- by ownership sector","All establishment sizes",56,352,20719915,3520593,127926,1133,58933,"",1.97,2.50,3.25,2.52,2.53,1.30,1.30,"",9,19.1,41,13.2,3332934,19.2,572270,19.4,4266,3.4,58,5.4,3026,5.4
"06065","5","238152","78","0","2022","A","","Riverside County, California","Private","NAICS 238152 Nonresidential glass and glazing contractors","County, NAICS 6-digit -- by ownership sector","All establishment sizes",23,291,25969400,3147784,148610,1717,89293,"",1.10,1.18,1.81,1.18,1.10,1.53,1.53,"",-1,-4.2,-31,-9.6,-1341008,-4.9,-185050,-5.6,-33213,-18.3,84,5.1,4390,5.2
"06065","5","23816","77","0","2022","A","","Riverside County, California","Private","NAICS 23816 Roofing contractors","County, NAICS 5-digit -- by ownership sector","All establishment sizes",183,2011,130549327,21298726,630934,1249,64928,"",0.98,1.66,2.14,1.66,1.06,1.29,1.29,"",32,21.2,194,10.7,20247363,18.4,1872512,9.6,-34388,-5.2,82,7.0,4222,7.0
"06065","5","238161","78","0","2022","A","","Riverside County, California","Private","NAICS 238161 Residential roofing contractors","County, NAICS 6-digit -- by ownership sector","All establishment sizes",165,1786,115850990,18818869,550326,1248,64884,"",1.12,2.78,3.90,2.74,2.21,1.41,1.41,"",30,22.2,190,11.9,19886979,20.7,1764252,10.3,-1643,-0.3,92,8.0,4756,7.9
"06065","5","238162","78","0","2022","A","","Riverside County, California","Private","NAICS 238162 Nonresidential roofing contractors","County, NAICS 6-digit -- by ownership sector","All establishment sizes",18,225,14698337,2479857,80608,1255,65278,"",0.46,0.40,0.47,0.41,0.23,1.19,1.19,"",2,12.5,4,1.8,360384,2.5,108260,4.6,-32745,-28.9,7,0.6,400,0.6
"06065","5","23817","77","0","2022","A","","Riverside County, California","Private","NAICS 23817 Siding contractors","County, NAICS 5-digit -- by ownership sector","All establishment sizes",20,117,6498199,1443680,71281,1072,55739,"",0.35,0.52,0.65,0.51,0.65,1.25,1.25,"",4,25.0,51,77.3,3600974,124.3,778152,116.9,39068,121.3,231,27.5,12007,27.5
"06065","5","238171","78","0","2022","A","N","Riverside County, California","Private","NAICS 238171 Residential siding contractors","County, NAICS 6-digit -- by ownership sector","All establishment sizes",18,0,0,0,0,0,0,"N",0.34,0,0,0,0,0,0,"N",3,20.0,0,0,0,0,0,0,0,0,0,0,0,0
"06065","5","238172","78","0","2022","A","N","Riverside County, California","Private","NAICS 238172 Nonresidential siding contractors","County, NAICS 6-digit -- by ownership sector","All establishment sizes",2,0,0,0,0,0,0,"N",0.52,0,0,0,0,0,0,"N",1,100.0,0,0,0,0,0,0,0,0,0,0,0,0
"06065","5","23819","77","0","2022","A","","Riverside County, California","Private","NAICS 23819 Other building exterior contractors","County, NAICS 5-digit -- by ownership sector","All establishment sizes",64,442,26754387,5065121,229565,1164,60530,"",1.26,1.66,1.89,1.65,1.66,1.14,1.14,"",4,6.7,12,2.8,1577940,6.3,373767,8.0,-2572,-1.1,39,3.5,2014,3.4
"06065","5","238191","78","0","2022","A","","Riverside County, California","Private","NAICS 238191 Other residential exterior contractors","County, NAICS 6-digit -- by ownership sector","All establishment sizes",52,255,13646497,3029395,116321,1028,53481,"",1.78,2.28,2.54,2.45,2.42,1.11,1.11,"",4,8.3,1,0.4,430889,3.3,494,0.0,-23813,-17.0,28,2.8,1502,2.9
"06065","5","238192","78","0","2022","A","","Riverside County, California","Private","NAICS 238192 Other nonresidential exterior contractors","County, NAICS 6-digit -- by ownership sector","All establishment sizes",12,187,13107890,2035726,113244,1349,70158,"",0.55,1.22,1.49,1.11,1.25,1.23,1.23,"",0,0.0,11,6.2,1147051,9.6,373273,22.5,21241,23.1,42,3.2,2199,3.2
"06065","5","2382","76","0","2022","A","","Riverside County, California","Private","NAICS 2382 Building equipment contractors","County, NAICS 4-digit -- by ownership sector","All establishment sizes",1617,18737,1264014127,197348240,7468360,1297,67462,"",1.10,1.47,1.71,1.42,1.19,1.16,1.16,"",53,3.4,273,1.5,104321158,9.0,9295702,4.9,-940689,-11.2,89,7.4,4654,7.4
"06065","5","23821","77","0","2022","A","","Riverside County, California","Private","NAICS 23821 Electrical and wiring contractors","County, NAICS 5-digit -- by ownership sector","All establishment sizes",702,7682,528343392,84043193,3236773,1323,68780,"",1.13,1.41,1.66,1.40,1.14,1.18,1.18,"",32,4.8,-192,-2.4,31241964,6.3,836673,1.0,-584858,-15.3,109,9.0,5649,8.9
"06065","5","238211","78","0","2022","A","","Riverside County, California","Private","NAICS 238211 Residential electrical contractors","County, NAICS 6-digit -- by ownership sector","All establishment sizes",504,4670,297850248,51220304,1756214,1227,63782,"",1.34,2.51,3.29,2.50,2.52,1.31,1.31,"",33,7.0,-211,-4.3,18078476,6.5,-1653388,-3.1,-524482,-23.0,125,11.3,6466,11.3
"06065","5","238212","78","0","2022","A","","Riverside County, California","Private","NAICS 238212 Nonresidential electrical contractors","County, NAICS 6-digit -- by ownership sector","All establishment sizes",198,3012,230493144,32822889,1480559,1472,76529,"",0.80,0.84,1.01,0.83,0.70,1.20,1.20,"",-1,-0.5,19,0.6,13163488,6.1,2490061,8.2,-60376,-3.9,76,5.4,3914,5.4
"06065","5","23822","77","0","2022","A","","Riverside County, California","Private","NAICS 23822 Plumbing and hvac contractors","County, NAICS 5-digit -- by ownership sector","All establishment sizes",860,10597,704206888,108652308,4057488,1278,66453,"",1.12,1.63,1.94,1.55,1.36,1.19,1.19,"",16,1.9,407,4.0,68673695,10.8,7529248,7.4,-363633,-8.2,79,6.6,4086,6.6
"06065","5","238221","78","0","2022","A","","Riverside County, California","Private","NAICS 238221 Residential plumbing and hvac contractors","County, NAICS 6-digit -- by ownership sector","All establishment sizes",716,8048,514618550,82345300,2951595,1230,63941,"",1.24,2.34,3.07,2.28,2.53,1.31,1.31,"",19,2.7,215,2.7,41328309,8.7,3951251,5.0,-384425,-11.5,68,5.9,3516,5.8
"06065","5","238222","78","0","2022","A","","Riverside County, California","Private","NAICS 238222 Nonresidential plumbing and hvac contractors","County, NAICS 6-digit -- by ownership sector","All establishment sizes",144,2549,189588338,26307008,1105893,1430,74385,"",0.75,0.83,0.97,0.78,0.61,1.16,1.16,"",-3,-2.0,191,8.1,27345386,16.9,3577997,15.7,20792,1.9,107,8.1,5568,8.1
"06065","5","23829","77","0","2022","A","","Riverside County, California","Private","NAICS 23829 Other building equipment contractors","County, NAICS 5-digit -- by ownership sector","All establishment sizes",55,458,31463847,4652739,174099,1322,68723,"",0.70,0.57,0.55,0.51,0.38,0.97,0.97,"",5,10.0,58,14.5,4405499,16.3,929781,25.0,7802,4.7,20,1.5,1021,1.5
"06065","5","238291","78","0","2022","A","","Riverside County, California","Private","NAICS 238291 Other residential equipment contractors","County, NAICS 6-digit -- by ownership sector","All establishment sizes",24,106,5181528,1034363,39762,945,49114,"",1.28,1.19,1.24,1.09,1.11,1.04,1.04,"",2,9.1,12,12.8,504564,10.8,167625,19.3,-625,-1.5,-14,-1.5,-774,-1.6
"06065","5","238292","78","0","2022","A","","Riverside County, California","Private","NAICS 238292 Other nonresidential equipment contractors","County, NAICS 6-digit -- by ownership sector","All establishment sizes",31,352,26282319,3618376,134337,1435,74595,"",0.52,0.49,0.50,0.44,0.32,1.01,1.01,"",3,10.7,46,15.0,3900935,17.4,762156,26.7,8427,6.7,28,2.0,1433,2.0
"06065","5","2383","76","0","2022","A","","Riverside County, California","Private","NAICS 2383 Building finishing contractors","County, NAICS 4-digit -- by ownership sector","All establishment sizes",1083,12196,655596492,138042248,4742926,1034,53754,"",1.21,2.72,3.09,2.79,2.01,1.13,1.13,"",35,3.3,578,5.0,55740412,9.3,4080425,3.0,-594113,-11.1,41,4.1,2124,4.1
"06065","5","23831","77","0","2022","A","","Riverside County, California","Private","NAICS 23831 Drywall and insulation contractors","County, NAICS 5-digit -- by ownership sector","All establishment sizes",199,5798,310682177,70123006,2282067,1030,53586,"",1.39,4.41,4.57,4.55,2.77,1.04,1.04,"",0,0.0,283,5.1,18026930,6.2,678533,1.0,-422148,-15.6,9,0.9,518,1.0
"06065","5","238311","78","0","2022","A","","Riverside County, California","Private","NAICS 238311 Residential drywall contractors","County, NAICS 6-digit -- by ownership sector","All establishment sizes",155,4611,243938614,56315258,1737083,1017,52902,"",1.51,7.32,8.68,7.80,6.88,1.19,1.19,"",0,0.0,22,0.5,11936088,5.1,-1042871,-1.8,-374441,-17.7,45,4.6,2349,4.6
"06065","5","238312","78","0","2022","A","","Riverside County, California","Private","NAICS 238312 Nonresidential drywall contractors","County, NAICS 6-digit -- by ownership sector","All establishment sizes",44,1187,66743563,13807748,544984,1082,56245,"",1.09,1.74,1.68,1.69,0.95,0.97,0.97,"",0,0.0,262,28.3,6090842,10.0,1721404,14.2,-47707,-8.0,-178,-14.1,-9296,-14.2
"06065","5","23832","77","0","2022","A","","Riverside County, California","Private","NAICS 23832 Painting and wall covering contractors","County, NAICS 5-digit -- by ownership sector","All establishment sizes",279,1614,81966256,19018691,643125,977,50779,"",1.02,1.46,1.75,1.57,1.08,1.20,1.20,"",2,0.7,-74,-4.4,3731872,4.8,148330,0.8,-84548,-11.6,85,9.5,4420,9.5
"06065","5","238321","78","0","2022","A","","Riverside County, California","Private","NAICS 238321 Residential painting contractors","County, NAICS 6-digit -- by ownership sector","All establishment sizes",246,1106,51615560,13143105,434524,897,46665,"",1.07,1.59,2.02,1.75,1.55,1.27,1.27,"",0,0.0,-74,-6.3,1742545,3.5,144587,1.1,-39695,-8.4,84,10.3,4406,10.4
"06065","5","238322","78","0","2022","A","","Riverside County, California","Private","NAICS 238322 Nonresidential painting contractors","County, NAICS 6-digit -- by ownership sector","All establishment sizes",32,508,30350696,5875586,208601,1149,59736,"",0.72,1.23,1.43,1.28,0.66,1.16,1.16,"",2,6.7,1,0.2,1989327,7.0,3743,0.1,-44853,-17.7,74,6.9,3842,6.9
"06065","5","23833","77","0","2022","A","","Riverside County, California","Private","NAICS 23833 Flooring contractors","County, NAICS 5-digit -- by ownership sector","All establishment sizes",173,796,44175279,8987673,303985,1068,55531,"",1.37,1.83,2.13,1.93,1.56,1.16,1.16,"",11,6.8,41,5.4,4198649,10.5,911815,11.3,7949,2.7,50,4.9,2582,4.9
"06065","5","238331","78","0","2022","A","","Riverside County, California","Private","NAICS 238331 Residential flooring contractors","County, NAICS 6-digit -- by ownership sector","All establishment sizes",153,569,29761726,6409082,215981,1006,52336,"",1.47,1.97,2.43,2.08,2.08,1.23,1.23,"",11,7.7,10,1.8,1266023,4.4,374466,6.2,-4013,-1.8,26,2.7,1383,2.7
"06065","5","238332","78","0","2022","A","","Riverside County, California","Private","NAICS 238332 Nonresidential flooring contractors","County, NAICS 6-digit -- by ownership sector","All establishment sizes",20,227,14413553,2578591,88004,1222,63542,"",0.91,1.55,1.69,1.62,0.97,1.09,1.09,"",0,0.0,31,15.8,2932626,25.5,537349,26.3,11962,15.7,94,8.3,4891,8.3
"06065","5","23834","77","0","2022","A","","Riverside County, California","Private","NAICS 23834 Tile and terrazzo contractors","County, NAICS 5-digit -- by ownership sector","All establishment sizes",138,1255,71151682,13542505,563643,1090,56691,"",1.97,4.10,5.15,4.07,4.22,1.26,1.26,"",9,7.0,203,19.3,14501987,25.6,2209442,19.5,35475,6.7,54,5.2,2820,5.2
"06065","5","238341","78","0","2022","A","","Riverside County, California","Private","NAICS 238341 Residential tile and terrazzo contractors","County, NAICS 6-digit -- by ownership sector","All establishment sizes",124,1107,60600130,11885634,472961,1053,54739,"",2.01,4.73,6.12,4.77,5.80,1.29,1.29,"",9,7.8,249,29.0,16823615,38.4,2815859,31.0,71802,17.9,72,7.3,3742,7.3
"06065","5","238342","78","0","2022","A","","Riverside County, California","Private","NAICS 238342 Nonresidential tile and terrazzo contractors","County, NAICS 6-digit -- by ownership sector","All establishment sizes",14,148,10551552,1656871,90682,1371,71294,"",1.64,2.04,2.69,1.98,1.75,1.32,1.32,"",0,0.0,-45,-23.3,-2321628,-18.0,-606417,-26.8,-36327,-28.6,89,6.9,4651,7.0
"06065","5","23835","77","0","2022","A","","Riverside County, California","Private","NAICS 23835 Finish carpentry contractors","County, NAICS 5-digit -- by ownership sector","All establishment sizes",216,2242,119771977,21039990,758389,1027,53424,"",1.02,2.61,2.98,2.29,2.12,1.14,1.14,"",7,3.3,61,2.8,10887037,10.0,-766518,-3.5,-152111,-16.7,67,7.0,3509,7.0
"06065","5","238351","78","0","2022","A","","Riverside County, California","Private","NAICS 238351 Residential finish carpentry contractors","County, NAICS 6-digit -- by ownership sector","All establishment sizes",191,2044,107318661,19019111,670948,1010,52504,"",1.02,3.03,3.60,2.66,2.84,1.19,1.19,"",8,4.4,65,3.3,10081308,10.4,-729438,-3.7,-142186,-17.5,65,6.9,3374,6.9
"06065","5","238352","78","0","2022","A","","Riverside County, California","Private","NAICS 238352 Nonresidential finish carpentry contractors","County, NAICS 6-digit -- by ownership sector","All establishment sizes",24,198,12453316,2020879,87441,1210,62922,"",0.95,1.08,1.19,0.99,0.72,1.11,1.11,"",-3,-11.1,-4,-2.0,805729,6.9,-37080,-1.8,-9925,-10.2,102,9.2,5332,9.3
"06065","5","23839","77","0","2022","A","","Riverside County, California","Private","NAICS 23839 Other building finishing contractors","County, NAICS 5-digit -- by ownership sector","All establishment sizes",79,492,27849121,5330383,191717,1089,56642,"",1.16,1.09,1.23,1.11,0.77,1.14,1.14,"",6,8.2,64,15.0,4393937,18.7,898823,20.3,21270,12.5,35,3.3,1851,3.4
"06065","5","238391","78","0","2022","A","","Riverside County, California","Private","NAICS 238391 Other residential finishing contractors","County, NAICS 6-digit -- by ownership sector","All establishment sizes",52,290,16495361,2944770,88371,1094,56913,"",1.35,1.46,1.79,1.43,1.10,1.22,1.22,"",5,10.6,42,16.9,2306766,16.3,533151,22.1,6259,7.6,-5,-0.5,-241,-0.4
"06065","5","238392","78","0","2022","A","","Riverside County, California","Private","NAICS 238392 Other nonresidential finishing contractors","County, NAICS 6-digit -- by ownership sector","All establishment sizes",27,202,11353760,2385613,103346,1082,56253,"",0.91,0.79,0.85,0.88,0.62,1.08,1.08,"",1,3.8,22,12.2,2087171,22.5,365672,18.1,15011,17.0,91,9.2,4724,9.2
"06065","5","2389","76","0","2022","A","","Riverside County, California","Private","NAICS 2389 Other specialty trade contractors","County, NAICS 4-digit -- by ownership sector","All establishment sizes",596,6006,425796712,64052615,2554194,1363,70899,"",0.99,1.50,2.00,1.42,0.94,1.34,1.34,"",26,4.6,229,4.0,47498486,12.6,1094983,1.7,-320844,-11.2,104,8.3,5413,8.3
"06065","5","23891","77","0","2022","A","","Riverside County, California","Private","NAICS 23891 Site preparation contractors","County, NAICS 5-digit -- by ownership sector","All establishment sizes",230,2326,166904622,25222089,1070564,1380,71766,"",0.87,1.14,1.53,1.07,0.80,1.34,1.34,"",7,3.1,123,5.6,13083377,8.5,1267526,5.3,-101078,-8.6,37,2.8,1945,2.8
"06065","5","238911","78","0","2022","A","","Riverside County, California","Private","NAICS 238911 Residential site preparation contractors","County, NAICS 6-digit -- by ownership sector","All establishment sizes",142,1333,93385864,14296939,587680,1347,70066,"",0.92,1.77,2.62,1.58,1.35,1.48,1.48,"",5,3.6,50,3.9,6762669,7.8,151987,1.1,-91377,-13.5,49,3.8,2559,3.8
"06065","5","238912","78","0","2022","A","","Riverside County, California","Private","NAICS 238912 Nonresidential site preparation contractors","County, NAICS 6-digit -- by ownership sector","All establishment sizes",87,993,73518758,10925150,482884,1424,74049,"",0.78,0.78,1.00,0.75,0.54,1.29,1.29,"",1,1.2,73,7.9,6320708,9.4,1115539,11.4,-9701,-2.0,19,1.4,1001,1.4
"06065","5","23899","77","0","2022","A","","Riverside County, California","Private","NAICS 23899 All other specialty trade contractors","County, NAICS 5-digit -- by ownership sector","All establishment sizes",367,3680,258892090,38830526,1483630,1353,70351,"",1.08,1.87,2.50,1.80,1.06,1.34,1.34,"",20,5.8,106,3.0,34415109,15.3,-172543,-0.4,-219766,-12.9,145,12.0,7537,12.0
"06065","5","238991","78","0","2022","A","","Riverside County, California","Private","NAICS 238991 All other residential trade contractors","County, NAICS 6-digit -- by ownership sector","All establishment sizes",295,2369,141626177,24992719,930550,1150,59789,"",1.29,2.41,3.14,2.38,1.50,1.30,1.30,"",16,5.7,-14,-0.6,10954336,8.4,-881475,-3.4,-154684,-14.3,95,9.0,4946,9.0
"06065","5","238992","78","0","2022","A","","Riverside County, California","Private","NAICS 238992 All other nonresidential trade contractors","County, NAICS 6-digit -- by ownership sector","All establishment sizes",72,1311,117265913,13837807,553080,1720,89431,"",0.64,1.33,2.01,1.24,0.71,1.52,1.52,"",4,5.9,120,10.1,23460773,25.0,708932,5.4,-65082,-10.5,205,13.5,10669,13.5
"06065","5","31-33","74","0","2022","A","","Riverside County, California","Private","NAICS 31-33 Manufacturing","County, NAICS Sector -- by ownership sector","All establishment sizes",1782,44891,2859502760,396473397,13599113,1225,63699,"",0.71,0.66,0.66,0.58,0.65,1.01,1.01,"",23,1.3,1257,2.9,175852085,6.6,-894157,-0.2,-2598497,-16.0,42,3.6,2196,3.6
"06065","5","311","75","0","2022","A","","Riverside County, California","Private","NAICS 311 Food manufacturing","County, NAICS 3-digit -- by ownership sector","All establishment sizes",138,3771,245664919,35196659,1079931,1253,65144,"",0.54,0.42,0.59,0.36,0.40,1.42,1.42,"",5,3.8,249,7.1,39033817,18.9,2422880,7.4,-130943,-10.8,125,11.1,6474,11.0
"06065","5","3111","76","0","2022","A","","Riverside County, California","Private","NAICS 3111 Animal food manufacturing","County, NAICS 4-digit -- by ownership sector","All establishment sizes",12,166,10192288,1525909,38410,1181,61399,"",0.68,0.43,0.47,0.38,0.42,1.08,1.08,"",0,0.0,-5,-2.9,236105,2.4,-2643,-0.2,-12638,-24.8,61,5.4,3147,5.4
"06065","5","31111","77","0","2022","A","","Riverside County, California","Private","NAICS 31111 Animal food manufacturing","County, NAICS 5-digit -- by ownership sector","All establishment sizes",12,166,10192288,1525909,38410,1181,61399,"",0.68,0.43,0.47,0.38,0.42,1.08,1.08,"",0,0.0,-5,-2.9,236105,2.4,-2643,-0.2,-12638,-24.8,61,5.4,3147,5.4
"06065","5","311111","78","0","2022","A","","Riverside County, California","Private","NAICS 311111 Dog and cat food manufacturing","County, NAICS 6-digit -- by ownership sector","All establishment sizes",5,95,6321732,883825,19937,1284,66779,"",0.94,0.50,0.57,0.45,0.42,1.15,1.15,"",1,25.0,1,1.1,5807,0.1,102985,13.2,-2922,-12.8,-13,-1.0,-651,-1.0
"06065","5","311119","78","0","2022","A","","Riverside County, California","Private","NAICS 311119 Other animal food manufacturing","County, NAICS 6-digit -- by ownership sector","All establishment sizes",7,71,3870556,642084,18473,1043,54260,"",0.57,0.37,0.36,0.31,0.42,0.98,0.98,"",-1,-12.5,-6,-7.8,230298,6.3,-105628,-14.1,-9716,-34.5,137,15.1,7137,15.1
"06065","5","3112","76","0","2022","A","N","Riverside County, California","Private","NAICS 3112 Grain and oilseed milling","County, NAICS 4-digit -- by ownership sector","All establishment sizes",2,0,0,0,0,0,0,"N",0.26,0,0,0,0,0,0,"N",0,0.0,0,0,0,0,0,0,0,0,0,0,0,0
"06065","5","31122","77","0","2022","A","N","Riverside County, California","Private","NAICS 31122 Starch and vegetable fats and oils manufacturing","County, NAICS 5-digit -- by ownership sector","All establishment sizes",1,0,0,0,0,0,0,"N",0.30,0,0,0,0,0,0,"N",0,0.0,0,0,0,0,0,0,0,0,0,0,0,0
"06065","5","311224","78","0","2022","A","N","Riverside County, California","Private","NAICS 311224 Soybean and other oilseed processing","County, NAICS 6-digit -- by ownership sector","All establishment sizes",1,0,0,0,0,0,0,"N",0.63,0,0,0,0,0,0,"N",0,0.0,0,0,0,0,0,0,0,0,0,0,0,0
"06065","5","31123","77","0","2022","A","N","Riverside County, California","Private","NAICS 31123 Breakfast cereal manufacturing","County, NAICS 5-digit -- by ownership sector","All establishment sizes",1,0,0,0,0,0,0,"N",1.01,0,0,0,0,0,0,"N",0,0.0,0,0,0,0,0,0,0,0,0,0,0,0
"06065","5","311230","78","0","2022","A","N","Riverside County, California","Private","NAICS 311230 Breakfast cereal manufacturing","County, NAICS 6-digit -- by ownership sector","All establishment sizes",1,0,0,0,0,0,0,"N",1.01,0,0,0,0,0,0,"N",0,0.0,0,0,0,0,0,0,0,0,0,0,0,0
"06065","5","3113","76","0","2022","A","N","Riverside County, California","Private","NAICS 3113 Sugar and confectionery product manufacturing","County, NAICS 4-digit -- by ownership sector","All establishment sizes",5,0,0,0,0,0,0,"N",0.34,0,0,0,0,0,0,"N",0,0.0,0,0,0,0,0,0,0,0,0,0,0,0
"06065","5","31134","77","0","2022","A","N","Riverside County, California","Private","NAICS 31134 Nonchocolate confectionery manufacturing","County, NAICS 5-digit -- by ownership sector","All establishment sizes",2,0,0,0,0,0,0,"N",0.47,0,0,0,0,0,0,"N",0,0.0,0,0,0,0,0,0,0,0,0,0,0,0
"06065","5","311340","78","0","2022","A","N","Riverside County, California","Private","NAICS 311340 Nonchocolate confectionery manufacturing","County, NAICS 6-digit -- by ownership sector","All establishment sizes",2,0,0,0,0,0,0,"N",0.47,0,0,0,0,0,0,"N",0,0.0,0,0,0,0,0,0,0,0,0,0,0,0
"06065","5","31135","77","0","2022","A","N","Riverside County, California","Private","NAICS 31135 Chocolate and confectionery manufacturing","County, NAICS 5-digit -- by ownership sector","All establishment sizes",3,0,0,0,0,0,0,"N",0.31,0,0,0,0,0,0,"N",0,0.0,0,0,0,0,0,0,0,0,0,0,0,0
"06065","5","311352","78","0","2022","A","N","Riverside County, California","Private","NAICS 311352 Confectionery manufacturing from purchased chocolate","County, NAICS 6-digit -- by ownership sector","All establishment sizes",3,0,0,0,0,0,0,"N",0.39,0,0,0,0,0,0,"N",0,0.0,0,0,0,0,0,0,0,0,0,0,0,0
"06065","5","3114","76","0","2022","A","","Riverside County, California","Private","NAICS 3114 Fruit and vegetable preserving and specialty food manufacturing","County, NAICS 4-digit -- by ownership sector","All establishment sizes",16,1046,97210503,9576569,303888,1787,92898,"",0.92,1.10,2.13,0.83,0.64,1.94,1.94,"",1,6.7,146,16.2,30110742,44.9,1225296,14.7,-24737,-7.5,353,24.6,18350,24.6
"06065","5","31141","77","0","2022","A","","Riverside County, California","Private","NAICS 31141 Frozen food manufacturing","County, NAICS 5-digit -- by ownership sector","All establishment sizes",12,603,45924390,5544209,174514,1464,76139,"",1.69,1.18,1.98,0.84,0.81,1.67,1.67,"",2,20.0,107,21.6,6107381,15.3,1112436,25.1,5630,3.3,-80,-5.2,-4124,-5.1
"06065","5","311411","78","0","2022","A","N","Riverside County, California","Private","NAICS 311411 Frozen fruit, juice, and vegetable manufacturing","County, NAICS 6-digit -- by ownership sector","All establishment sizes",3,0,0,0,0,0,0,"N",1.53,0,0,0,0,0,0,"N",1,50.0,0,0,0,0,0,0,0,0,0,0,0,0
"06065","5","311412","78","0","2022","A","N","Riverside County, California","Private","NAICS 311412 Frozen specialty food manufacturing","County, NAICS 6-digit -- by ownership sector","All establishment sizes",9,0,0,0,0,0,0,"N",1.75,0,0,0,0,0,0,"N",1,12.5,0,0,0,0,0,0,0,0,0,0,0,0
"06065","5","31142","77","0","2022","A","","Riverside County, California","Private","NAICS 31142 Fruit and vegetable canning, pickling, and drying","County, NAICS 5-digit -- by ownership sector","All establishment sizes",4,443,51286113,4032360,129374,2225,115705,"",0.39,1.00,2.28,0.82,0.50,2.29,2.29,"",-1,-20.0,39,9.7,24003361,88.0,112860,2.9,-30367,-19.0,926,71.3,48173,71.3
"06065","5","311421","78","0","2022","A","","Riverside County, California","Private","NAICS 311421 Fruit and vegetable canning","County, NAICS 6-digit -- by ownership sector","All establishment sizes",4,443,51286113,4032360,129374,2225,115705,"",0.55,1.44,3.28,1.27,0.69,2.28,2.28,"",-1,-20.0,39,9.7,24003361,88.0,112860,2.9,-30367,-19.0,926,71.3,48173,71.3
"06065","5","3115","76","0","2022","A","N","Riverside County, California","Private","NAICS 3115 Dairy product manufacturing","County, NAICS 4-digit -- by ownership sector","All establishment sizes",4,0,0,0,0,0,0,"N",0.24,0,0,0,0,0,0,"N",1,33.3,0,0,0,0,0,0,0,0,0,0,0,0
"06065","5","31151","77","0","2022","A","N","Riverside County, California","Private","NAICS 31151 Dairy product (except frozen) manufacturing","County, NAICS 5-digit -- by ownership sector","All establishment sizes",1,0,0,0,0,0,0,"N",0.09,0,0,0,0,0,0,"N",0,0.0,0,0,0,0,0,0,0,0,0,0,0,0
"06065","5","311511","78","0","2022","A","N","Riverside County, California","Private","NAICS 311511 Fluid milk manufacturing","County, NAICS 6-digit -- by ownership sector","All establishment sizes",1,0,0,0,0,0,0,"N",0.21,0,0,0,0,0,0,"N",0,0.0,0,0,0,0,0,0,0,0,0,0,0,0
"06065","5","31152","77","0","2022","A","N","Riverside County, California","Private","NAICS 31152 Ice cream and frozen dessert manufacturing","County, NAICS 5-digit -- by ownership sector","All establishment sizes",3,0,0,0,0,0,0,"N",0.58,0,0,0,0,0,0,"N",1,50.0,0,0,0,0,0,0,0,0,0,0,0,0
"06065","5","311520","78","0","2022","A","N","Riverside County, California","Private","NAICS 311520 Ice cream and frozen dessert manufacturing","County, NAICS 6-digit -- by ownership sector","All establishment sizes",3,0,0,0,0,0,0,"N",0.58,0,0,0,0,0,0,"N",1,50.0,0,0,0,0,0,0,0,0,0,0,0,0
"06065","5","3116","76","0","2022","A","","Riverside County, California","Private","NAICS 3116 Animal slaughtering and processing","County, NAICS 4-digit -- by ownership sector","All establishment sizes",6,537,30580295,5074792,211332,1096,56991,"",0.21,0.19,0.25,0.17,0.37,1.34,1.34,"",1,20.0,45,9.1,2193759,7.7,484143,10.5,-36056,-14.6,-14,-1.3,-754,-1.3
"06065","5","31161","77","0","2022","A","","Riverside County, California","Private","NAICS 31161 Animal slaughtering and processing","County, NAICS 5-digit -- by ownership sector","All establishment sizes",6,537,30580295,5074792,211332,1096,56991,"",0.21,0.19,0.25,0.17,0.37,1.34,1.34,"",1,20.0,45,9.1,2193759,7.7,484143,10.5,-36056,-14.6,-14,-1.3,-754,-1.3
"06065","5","311611","78","0","2022","A","N","Riverside County, California","Private","NAICS 311611 Animal (except poultry) slaughtering","County, NAICS 6-digit -- by ownership sector","All establishment sizes",1,0,0,0,0,0,0,"N",0.10,0,0,0,0,0,0,"N",0,0.0,0,0,0,0,0,0,0,0,0,0,0,0
"06065","5","311612","78","0","2022","A","N","Riverside County, California","Private","NAICS 311612 Meat processed from carcasses","County, NAICS 6-digit -- by ownership sector","All establishment sizes",3,0,0,0,0,0,0,"N",0.24,0,0,0,0,0,0,"N",1,50.0,0,0,0,0,0,0,0,0,0,0,0,0
"06065","5","311613","78","0","2022","A","N","Riverside County, California","Private","NAICS 311613 Rendering and meat byproduct processing","County, NAICS 6-digit -- by ownership sector","All establishment sizes",1,0,0,0,0,0,0,"N",0.72,0,0,0,0,0,0,"N",0,0.0,0,0,0,0,0,0,0,0,0,0,0,0
"06065","5","311615","78","0","2022","A","N","Riverside County, California","Private","NAICS 311615 Poultry processing","County, NAICS 6-digit -- by ownership sector","All establishment sizes",1,0,0,0,0,0,0,"N",0.19,0,0,0,0,0,0,"N",0,0.0,0,0,0,0,0,0,0,0,0,0,0,0
"06065","5","3117","76","0","2022","A","N","Riverside County, California","Private","NAICS 3117 Seafood product preparation and packaging","County, NAICS 4-digit -- by ownership sector","All establishment sizes",0,0,0,0,0,0,0,"N",0.00,0,0,0,0,0,0,"N",0,0.0,0,0,0,0,0,0,0,0,0,0,0,0
"06065","5","31171","77","0","2022","A","N","Riverside County, California","Private","NAICS 31171 Seafood product preparation and packaging","County, NAICS 5-digit -- by ownership sector","All establishment sizes",0,0,0,0,0,0,0,"N",0.00,0,0,0,0,0,0,"N",0,0.0,0,0,0,0,0,0,0,0,0,0,0,0
"06065","5","311710","78","0","2022","A","N","Riverside County, California","Private","NAICS 311710 Seafood product preparation and packaging","County, NAICS 6-digit -- by ownership sector","All establishment sizes",0,0,0,0,0,0,0,"N",0.00,0,0,0,0,0,0,"N",0,0.0,0,0,0,0,0,0,0,0,0,0,0,0
"06065","5","3118","76","0","2022","A","","Riverside County, California","Private","NAICS 3118 Bakeries and tortilla manufacturing","County, NAICS 4-digit -- by ownership sector","All establishment sizes",70,1398,67983672,13580921,340342,935,48644,"",0.71,0.80,1.05,0.82,0.72,1.31,1.32,"",2,2.9,61,4.6,2958784,4.6,751095,5.9,-22567,-6.2,0,0.0,15,0.0
"06065","5","31181","77","0","2022","A","","Riverside County, California","Private","NAICS 31181 Bread and bakery product manufacturing","County, NAICS 5-digit -- by ownership sector","All establishment sizes",61,965,44427953,9301448,226678,885,46043,"",0.70,0.73,0.96,0.76,0.65,1.32,1.32,"",2,3.4,30,3.2,1014019,2.3,291697,3.2,-24587,-9.8,-8,-0.9,-381,-0.8
"06065","5","311811","78","0","2022","A","N","Riverside County, California","Private","NAICS 311811 Retail bakeries","County, NAICS 6-digit -- by ownership sector","All establishment sizes",37,0,0,0,0,0,0,"N",0.64,0,0,0,0,0,0,"N",4,12.1,0,0,0,0,0,0,0,0,0,0,0,0
"06065","5","311812","78","0","2022","A","","Riverside County, California","Private","NAICS 311812 Commercial bakeries","County, NAICS 6-digit -- by ownership sector","All establishment sizes",22,592,32552385,5762146,123957,1057,54979,"",0.81,0.80,1.04,0.78,0.60,1.29,1.29,"",-1,-4.3,-36,-5.7,-1751025,-5.1,-300744,-5.0,-34446,-21.7,6,0.6,327,0.6
"06065","5","311813","78","0","2022","A","N","Riverside County, California","Private","NAICS 311813 Frozen cakes, pies, and other pastries manufacturing","County, NAICS 6-digit -- by ownership sector","All establishment sizes",3,0,0,0,0,0,0,"N",1.51,0,0,0,0,0,0,"N",0,0.0,0,0,0,0,0,0,0,0,0,0,0,0
"06065","5","31182","77","0","2022","A","","Riverside County, California","Private","NAICS 31182 Cookie, cracker, and pasta manufacturing","County, NAICS 5-digit -- by ownership sector","All establishment sizes",4,179,9236197,1845344,54702,994,51695,"",0.50,0.57,0.64,0.55,0.51,1.13,1.13,"",-1,-20.0,26,17.0,1031659,12.6,480006,35.2,14846,37.2,-37,-3.6,-1900,-3.5
"06065","5","311821","78","0","2022","A","N","Riverside County, California","Private","NAICS 311821 Cookie and cracker manufacturing","County, NAICS 6-digit -- by ownership sector","All establishment sizes",2,0,0,0,0,0,0,"N",0.42,0,0,0,0,0,0,"N",-1,-33.3,0,0,0,0,0,0,0,0,0,0,0,0
"06065","5","311824","78","0","2022","A","N","Riverside County, California","Private","NAICS 311824 Dry pasta, dough, and flour mixes manufacturing from purchased flour","County, NAICS 6-digit -- by ownership sector","All establishment sizes",2,0,0,0,0,0,0,"N",0.61,0,0,0,0,0,0,"N",0,0.0,0,0,0,0,0,0,0,0,0,0,0,0
"06065","5","31183","77","0","2022","A","","Riverside County, California","Private","NAICS 31183 Tortilla manufacturing","County, NAICS 5-digit -- by ownership sector","All establishment sizes",5,254,14319522,2434129,58962,1084,56376,"",1.54,2.37,3.52,2.75,3.18,1.48,1.48,"",0,0.0,5,2.0,913106,6.8,-20608,-0.8,-12826,-17.9,48,4.6,2517,4.7
"06065","5","311830","78","0","2022","A","","Riverside County, California","Private","NAICS 311830 Tortilla manufacturing","County, NAICS 6-digit -- by ownership sector","All establishment sizes",5,254,14319522,2434129,58962,1084,56376,"",1.54,2.37,3.52,2.75,3.18,1.48,1.48,"",0,0.0,5,2.0,913106,6.8,-20608,-0.8,-12826,-17.9,48,4.6,2517,4.7
"06065","5","3119","76","0","2022","A","","Riverside County, California","Private","NAICS 3119 Other food manufacturing","County, NAICS 4-digit -- by ownership sector","All establishment sizes",23,438,25676210,4084279,143611,1126,58566,"",0.48,0.33,0.39,0.30,0.35,1.21,1.21,"",0,0.0,14,3.3,2411788,10.4,-33333,-0.8,-26451,-15.6,71,6.7,3697,6.7
"06065","5","31191","77","0","2022","A","N","Riverside County, California","Private","NAICS 31191 Snack food manufacturing","County, NAICS 5-digit -- by ownership sector","All establishment sizes",2,0,0,0,0,0,0,"N",0.30,0,0,0,0,0,0,"N",0,0.0,0,0,0,0,0,0,0,0,0,0,0,0
"06065","5","311911","78","0","2022","A","N","Riverside County, California","Private","NAICS 311911 Roasted nuts and peanut butter manufacturing","County, NAICS 6-digit -- by ownership sector","All establishment sizes",0,0,0,0,0,0,0,"N",0.00,0,0,0,0,0,0,"N",0,0,0,0,0,0,0,0,0,0,0,0,0,0
"06065","5","311919","78","0","2022","A","N","Riverside County, California","Private","NAICS 311919 Other snack food manufacturing","County, NAICS 6-digit -- by ownership sector","All establishment sizes",2,0,0,0,0,0,0,"N",0.44,0,0,0,0,0,0,"N",0,0.0,0,0,0,0,0,0,0,0,0,0,0,0
"06065","5","31192","77","0","2022","A","","Riverside County, California","Private","NAICS 31192 Coffee and tea manufacturing","County, NAICS 5-digit -- by ownership sector","All establishment sizes",4,71,2492304,685265,24251,680,35352,"",0.42,0.50,0.38,0.42,0.55,0.77,0.76,"",-1,-20.0,24,51.1,940444,60.6,179566,35.5,6737,38.5,38,5.9,1979,5.9
"06065","5","311920","78","0","2022","A","","Riverside County, California","Private","NAICS 311920 Coffee and tea manufacturing","County, NAICS 6-digit -- by ownership sector","All establishment sizes",4,71,2492304,685265,24251,680,35352,"",0.42,0.50,0.38,0.42,0.55,0.77,0.76,"",-1,-20.0,24,51.1,940444,60.6,179566,35.5,6737,38.5,38,5.9,1979,5.9
"06065","5","31193","77","0","2022","A","N","Riverside County, California","Private","NAICS 31193 Flavoring syrup and concentrate manufacturing","County, NAICS 5-digit -- by ownership sector","All establishment sizes",1,0,0,0,0,0,0,"N",0.53,0,0,0,0,0,0,"N",0,0.0,0,0,0,0,0,0,0,0,0,0,0,0
"06065","5","311930","78","0","2022","A","N","Riverside County, California","Private","NAICS 311930 Flavoring syrup and concentrate manufacturing","County, NAICS 6-digit -- by ownership sector","All establishment sizes",1,0,0,0,0,0,0,"N",0.53,0,0,0,0,0,0,"N",0,0.0,0,0,0,0,0,0,0,0,0,0,0,0
"06065","5","31194","77","0","2022","A","N","Riverside County, California","Private","NAICS 31194 Seasoning and dressing manufacturing","County, NAICS 5-digit -- by ownership sector","All establishment sizes",7,0,0,0,0,0,0,"N",0.92,0,0,0,0,0,0,"N",0,0.0,0,0,0,0,0,0,0,0,0,0,0,0
"06065","5","311941","78","0","2022","A","N","Riverside County, California","Private","NAICS 311941 Mayonnaise, dressing, and other prepared sauce manufacturing","County, NAICS 6-digit -- by ownership sector","All establishment sizes",3,0,0,0,0,0,0,"N",0.98,0,0,0,0,0,0,"N",0,0.0,0,0,0,0,0,0,0,0,0,0,0,0
"06065","5","311942","78","0","2022","A","N","Riverside County, California","Private","NAICS 311942 Spice and extract manufacturing","County, NAICS 6-digit -- by ownership sector","All establishment sizes",4,0,0,0,0,0,0,"N",0.88,0,0,0,0,0,0,"N",0,0.0,0,0,0,0,0,0,0,0,0,0,0,0
"06065","5","31199","77","0","2022","A","","Riverside County, California","Private","NAICS 31199 All other food manufacturing","County, NAICS 5-digit -- by ownership sector","All establishment sizes",9,266,17176812,2436961,90669,1244,64676,"",0.40,0.48,0.70,0.42,0.53,1.48,1.48,"",1,12.5,-13,-4.7,1369912,8.7,53209,2.2,-22972,-20.2,156,14.3,8088,14.3
"06065","5","311991","78","0","2022","A","N","Riverside County, California","Private","NAICS 311991 Perishable prepared food manufacturing","County, NAICS 6-digit -- by ownership sector","All establishment sizes",7,0,0,0,0,0,0,"N",0.63,0,0,0,0,0,0,"N",1,16.7,0,0,0,0,0,0,0,0,0,0,0,0
"06065","5","311999","78","0","2022","A","N","Riverside County, California","Private","NAICS 311999 All other miscellaneous food manufacturing","County, NAICS 6-digit -- by ownership sector","All establishment sizes",2,0,0,0,0,0,0,"N",0.17,0,0,0,0,0,0,"N",0,0.0,0,0,0,0,0,0,0,0,0,0,0,0
"06065","5","312","75","0","2022","A","","Riverside County, California","Private","NAICS 312 Beverage and tobacco product manufacturing","County, NAICS 3-digit -- by ownership sector","All establishment sizes",87,2430,115825300,23464386,720874,917,47663,"",0.84,1.40,1.46,1.51,1.34,1.04,1.04,"",4,4.8,-111,-4.4,-5949939,-4.9,-1394486,-5.6,-208784,-22.5,-5,-0.5,-266,-0.6
"06065","5","3121","76","0","2022","A","","Riverside County, California","Private","NAICS 3121 Beverage manufacturing","County, NAICS 4-digit -- by ownership sector","All establishment sizes",87,2430,115825300,23464386,720874,917,47663,"",0.86,1.45,1.54,1.57,1.39,1.06,1.06,"",4,4.8,-111,-4.4,-5949939,-4.9,-1394486,-5.6,-208784,-22.5,-5,-0.5,-266,-0.6
"06065","5","31211","77","0","2022","A","","Riverside County, California","Private","NAICS 31211 Soft drink and ice manufacturing","County, NAICS 5-digit -- by ownership sector","All establishment sizes",12,622,43166749,6316005,253013,1336,69446,"",0.76,1.09,1.45,1.17,1.38,1.34,1.33,"",3,33.3,-194,-23.8,-11392231,-20.9,-1032824,-14.1,-55825,-18.1,51,4.0,2612,3.9
"06065","5","312111","78","0","2022","A","","Riverside County, California","Private","NAICS 312111 Soft drink manufacturing","County, NAICS 6-digit -- by ownership sector","All establishment sizes",6,391,26968225,4033042,136592,1326,68972,"",0.77,0.91,1.18,1.01,1.07,1.29,1.29,"N",3,100.0,0,0,0,0,0,0,0,0,0,0,0,0
"06065","5","312112","78","0","2022","A","N","Riverside County, California","Private","NAICS 312112 Bottled water manufacturing","County, NAICS 6-digit -- by ownership sector","All establishment sizes",4,0,0,0,0,0,0,"N",0.87,0,0,0,0,0,0,"N",0,0.0,0,0,0,0,0,0,0,0,0,0,0,0
"06065","5","312113","78","0","2022","A","N","Riverside County, California","Private","NAICS 312113 Ice manufacturing","County, NAICS 6-digit -- by ownership sector","All establishment sizes",2,0,0,0,0,0,0,"N",0.57,0,0,0,0,0,0,"N",0,0.0,0,0,0,0,0,0,0,0,0,0,0,0
"06065","5","31212","77","0","2022","A","N","Riverside County, California","Private","NAICS 31212 Breweries","County, NAICS 5-digit -- by ownership sector","All establishment sizes",26,0,0,0,0,0,0,"N",0.69,0,0,0,0,0,0,"N",1,4.0,0,0,0,0,0,0,0,0,0,0,0,0
"06065","5","312120","78","0","2022","A","N","Riverside County, California","Private","NAICS 312120 Breweries","County, NAICS 6-digit -- by ownership sector","All establishment sizes",26,0,0,0,0,0,0,"N",0.69,0,0,0,0,0,0,"N",1,4.0,0,0,0,0,0,0,0,0,0,0,0,0
"06065","5","31213","77","0","2022","A","","Riverside County, California","Private","NAICS 31213 Wineries","County, NAICS 5-digit -- by ownership sector","All establishment sizes",46,1385,53368033,13178878,353828,741,38540,"",1.27,3.40,3.12,4.14,2.46,0.92,0.92,"",0,0.0,69,5.2,6964244,15.0,-201797,-1.5,-113541,-24.3,63,9.3,3268,9.3
"06065","5","312130","78","0","2022","A","","Riverside County, California","Private","NAICS 312130 Wineries","County, NAICS 6-digit -- by ownership sector","All establishment sizes",46,1385,53368033,13178878,353828,741,38540,"",1.27,3.40,3.12,4.14,2.46,0.92,0.92,"",0,0.0,69,5.2,6964244,15.0,-201797,-1.5,-113541,-24.3,63,9.3,3268,9.3
"06065","5","31214","77","0","2022","A","N","Riverside County, California","Private","NAICS 31214 Distilleries","County, NAICS 5-digit -- by ownership sector","All establishment sizes",3,0,0,0,0,0,0,"N",0.28,0,0,0,0,0,0,"N",0,0.0,0,0,0,0,0,0,0,0,0,0,0,0
"06065","5","312140","78","0","2022","A","N","Riverside County, California","Private","NAICS 312140 Distilleries","County, NAICS 6-digit -- by ownership sector","All establishment sizes",3,0,0,0,0,0,0,"N",0.28,0,0,0,0,0,0,"N",0,0.0,0,0,0,0,0,0,0,0,0,0,0,0
"06065","5","313","75","0","2022","A","N","Riverside County, California","Private","NAICS 313 Textile mills","County, NAICS 3-digit -- by ownership sector","All establishment sizes",3,0,0,0,0,0,0,"N",0.17,0,0,0,0,0,0,"N",-1,-25.0,0,0,0,0,0,0,0,0,0,0,0,0
"06065","5","3131","76","0","2022","A","N","Riverside County, California","Private","NAICS 3131 Fiber, yarn, and thread mills","County, NAICS 4-digit -- by ownership sector","All establishment sizes",1,0,0,0,0,0,0,"N",0.40,0,0,0,0,0,0,"N",0,0.0,0,0,0,0,0,0,0,0,0,0,0,0
"06065","5","31311","77","0","2022","A","N","Riverside County, California","Private","NAICS 31311 Fiber, yarn, and thread mills","County, NAICS 5-digit -- by ownership sector","All establishment sizes",1,0,0,0,0,0,0,"N",0.40,0,0,0,0,0,0,"N",0,0.0,0,0,0,0,0,0,0,0,0,0,0,0
"06065","5","313110","78","0","2022","A","N","Riverside County, California","Private","NAICS 313110 Fiber, yarn, and thread mills","County, NAICS 6-digit -- by ownership sector","All establishment sizes",1,0,0,0,0,0,0,"N",0.40,0,0,0,0,0,0,"N",0,0.0,0,0,0,0,0,0,0,0,0,0,0,0
"06065","5","3133","76","0","2022","A","N","Riverside County, California","Private","NAICS 3133 Textile and fabric finishing and fabric coating mills","County, NAICS 4-digit -- by ownership sector","All establishment sizes",2,0,0,0,0,0,0,"N",0.24,0,0,0,0,0,0,"N",-1,-33.3,0,0,0,0,0,0,0,0,0,0,0,0
"06065","5","31331","77","0","2022","A","N","Riverside County, California","Private","NAICS 31331 Textile and fabric finishing mills","County, NAICS 5-digit -- by ownership sector","All establishment sizes",2,0,0,0,0,0,0,"N",0.28,0,0,0,0,0,0,"N",-1,-33.3,0,0,0,0,0,0,0,0,0,0,0,0
"06065","5","313310","78","0","2022","A","N","Riverside County, California","Private","NAICS 313310 Textile and fabric finishing mills","County, NAICS 6-digit -- by ownership sector","All establishment sizes",2,0,0,0,0,0,0,"N",0.28,0,0,0,0,0,0,"N",-1,-33.3,0,0,0,0,0,0,0,0,0,0,0,0
"06065","5","314","75","0","2022","A","","Riverside County, California","Private","NAICS 314 Textile product mills","County, NAICS 3-digit -- by ownership sector","All establishment sizes",25,493,23756259,4786083,161645,926,48171,"",0.59,0.88,1.07,0.96,1.10,1.22,1.22,"",1,4.2,64,14.9,4056105,20.6,700644,17.1,-6780,-4.0,42,4.8,2223,4.8
"06065","5","3141","76","0","2022","A","N","Riverside County, California","Private","NAICS 3141 Textile furnishings mills","County, NAICS 4-digit -- by ownership sector","All establishment sizes",2,0,0,0,0,0,0,"N",0.19,0,0,0,0,0,0,"N",0,0.0,0,0,0,0,0,0,0,0,0,0,0,0
"06065","5","31412","77","0","2022","A","N","Riverside County, California","Private","NAICS 31412 Curtain and linen mills","County, NAICS 5-digit -- by ownership sector","All establishment sizes",2,0,0,0,0,0,0,"N",0.25,0,0,0,0,0,0,"N",0,0.0,0,0,0,0,0,0,0,0,0,0,0,0
"06065","5","314120","78","0","2022","A","N","Riverside County, California","Private","NAICS 314120 Curtain and linen mills","County, NAICS 6-digit -- by ownership sector","All establishment sizes",2,0,0,0,0,0,0,"N",0.25,0,0,0,0,0,0,"N",0,0.0,0,0,0,0,0,0,0,0,0,0,0,0
"06065","5","3149","76","0","2022","A","N","Riverside County, California","Private","NAICS 3149 Other textile product mills","County, NAICS 4-digit -- by ownership sector","All establishment sizes",23,0,0,0,0,0,0,"N",0.73,0,0,0,0,0,0,"N",1,4.5,0,0,0,0,0,0,0,0,0,0,0,0
"06065","5","31491","77","0","2022","A","N","Riverside County, California","Private","NAICS 31491 Textile bag and canvas mills","County, NAICS 5-digit -- by ownership sector","All establishment sizes",11,0,0,0,0,0,0,"N",0.99,0,0,0,0,0,0,"N",1,10.0,0,0,0,0,0,0,0,0,0,0,0,0
"06065","5","314910","78","0","2022","A","N","Riverside County, California","Private","NAICS 314910 Textile bag and canvas mills","County, NAICS 6-digit -- by ownership sector","All establishment sizes",11,0,0,0,0,0,0,"N",0.99,0,0,0,0,0,0,"N",1,10.0,0,0,0,0,0,0,0,0,0,0,0,0
"06065","5","31499","77","0","2022","A","","Riverside County, California","Private","NAICS 31499 All other textile product mills","County, NAICS 5-digit -- by ownership sector","All establishment sizes",12,268,10391682,2471074,59133,745,38715,"",0.59,1.40,1.43,1.35,1.42,1.02,1.02,"",0,0.0,47,21.3,1806556,21.0,363749,17.3,-8670,-12.8,-1,-0.1,-73,-0.2
"06065","5","314999","78","0","2022","A","","Riverside County, California","Private","NAICS 314999 All other miscellaneous textile product mills","County, NAICS 6-digit -- by ownership sector","All establishment sizes",12,268,10391682,2471074,59133,745,38715,"",0.62,1.66,1.77,1.64,1.68,1.06,1.06,"",0,0.0,47,21.3,1806556,21.0,363749,17.3,-8670,-12.8,-1,-0.1,-73,-0.2
"06065","5","315","75","0","2022","A","","Riverside County, California","Private","NAICS 315 Apparel manufacturing","County, NAICS 3-digit -- by ownership sector","All establishment sizes",20,139,5409198,1314097,35467,751,39032,"",0.46,0.28,0.26,0.32,0.22,0.92,0.92,"",1,5.3,20,16.8,892903,19.8,143681,12.3,-1053,-2.9,21,2.9,1053,2.8
"06065","5","3152","76","0","2022","A","N","Riverside County, California","Private","NAICS 3152 Cut and sew apparel manufacturing","County, NAICS 4-digit -- by ownership sector","All establishment sizes",17,0,0,0,0,0,0,"N",0.51,0,0,0,0,0,0,"N",-1,-5.6,0,0,0,0,0,0,0,0,0,0,0,0
"06065","5","31521","77","0","2022","A","N","Riverside County, California","Private","NAICS 31521 Cut and sew apparel contractors","County, NAICS 5-digit -- by ownership sector","All establishment sizes",9,0,0,0,0,0,0,"N",0.54,0,0,0,0,0,0,"N",-1,-10.0,0,0,0,0,0,0,0,0,0,0,0,0
"06065","5","315210","78","0","2022","A","N","Riverside County, California","Private","NAICS 315210 Cut and sew apparel contractors","County, NAICS 6-digit -- by ownership sector","All establishment sizes",9,0,0,0,0,0,0,"N",0.54,0,0,0,0,0,0,"N",-1,-10.0,0,0,0,0,0,0,0,0,0,0,0,0
"06065","5","31525","77","0","2022","A","N","Riverside County, California","Private","NAICS 31525 Cut and sew apparel manufacturing (except contractors)","County, NAICS 5-digit -- by ownership sector","All establishment sizes",8,0,0,0,0,0,0,"N",0.48,0,0,0,0,0,0,"N",8,100.0,0,0,0,0,0,0,0,0,0,0,0,0
"06065","5","315250","78","0","2022","A","N","Riverside County, California","Private","NAICS 315250 Cut and sew apparel manufacturing (except contractors)","County, NAICS 6-digit -- by ownership sector","All establishment sizes",8,0,0,0,0,0,0,"N",0.48,0,0,0,0,0,0,"N",8,100.0,0,0,0,0,0,0,0,0,0,0,0,0
"06065","5","3159","76","0","2022","A","N","Riverside County, California","Private","NAICS 3159 Apparel accessories and other apparel manufacturing","County, NAICS 4-digit -- by ownership sector","All establishment sizes",3,0,0,0,0,0,0,"N",0.38,0,0,0,0,0,0,"N",2,200.0,0,0,0,0,0,0,0,0,0,0,0,0
"06065","5","31599","77","0","2022","A","N","Riverside County, California","Private","NAICS 31599 Apparel accessories and other apparel manufacturing","County, NAICS 5-digit -- by ownership sector","All establishment sizes",3,0,0,0,0,0,0,"N",0.38,0,0,0,0,0,0,"N",2,200.0,0,0,0,0,0,0,0,0,0,0,0,0
"06065","5","315990","78","0","2022","A","N","Riverside County, California","Private","NAICS 315990 Apparel accessories and other apparel manufacturing","County, NAICS 6-digit -- by ownership sector","All establishment sizes",3,0,0,0,0,0,0,"N",0.38,0,0,0,0,0,0,"N",2,200.0,0,0,0,0,0,0,0,0,0,0,0,0
"06065","5","316","75","0","2022","A","","Riverside County, California","Private","NAICS 316 Leather and allied product manufacturing","County, NAICS 3-digit -- by ownership sector","All establishment sizes",5,35,1307806,387930,10338,720,37455,"",0.52,0.25,0.21,0.29,0.27,0.86,0.86,"",-1,-16.7,-8,-18.6,-403907,-23.6,-12294,-3.1,-4560,-30.6,-44,-5.8,-2275,-5.7
"06065","5","3161","76","0","2022","A","N","Riverside County, California","Private","NAICS 3161 Leather and hide tanning and finishing","County, NAICS 4-digit -- by ownership sector","All establishment sizes",1,0,0,0,0,0,0,"N",0.77,0,0,0,0,0,0,"N",-1,-50.0,0,0,0,0,0,0,0,0,0,0,0,0
"06065","5","31611","77","0","2022","A","N","Riverside County, California","Private","NAICS 31611 Leather and hide tanning and finishing","County, NAICS 5-digit -- by ownership sector","All establishment sizes",1,0,0,0,0,0,0,"N",0.77,0,0,0,0,0,0,"N",-1,-50.0,0,0,0,0,0,0,0,0,0,0,0,0
"06065","5","316110","78","0","2022","A","N","Riverside County, California","Private","NAICS 316110 Leather and hide tanning and finishing","County, NAICS 6-digit -- by ownership sector","All establishment sizes",1,0,0,0,0,0,0,"N",0.77,0,0,0,0,0,0,"N",-1,-50.0,0,0,0,0,0,0,0,0,0,0,0,0
"06065","5","3162","76","0","2022","A","N","Riverside County, California","Private","NAICS 3162 Footwear manufacturing","County, NAICS 4-digit -- by ownership sector","All establishment sizes",0,0,0,0,0,0,0,"N",0.00,0,0,0,0,0,0,"N",-1,-100.0,0,0,0,0,0,0,0,0,0,0,0,0
"06065","5","31621","77","0","2022","A","N","Riverside County, California","Private","NAICS 31621 Footwear manufacturing","County, NAICS 5-digit -- by ownership sector","All establishment sizes",0,0,0,0,0,0,0,"N",0.00,0,0,0,0,0,0,"N",-1,-100.0,0,0,0,0,0,0,0,0,0,0,0,0
"06065","5","316210","78","0","2022","A","N","Riverside County, California","Private","NAICS 316210 Footwear manufacturing","County, NAICS 6-digit -- by ownership sector","All establishment sizes",0,0,0,0,0,0,0,"N",0.00,0,0,0,0,0,0,"N",-1,-100.0,0,0,0,0,0,0,0,0,0,0,0,0
"06065","5","3169","76","0","2022","A","","Riverside County, California","Private","NAICS 3169 Other leather and allied product manufacturing","County, NAICS 4-digit -- by ownership sector","All establishment sizes",3,33,1248875,363359,9475,737,38329,"",0.50,0.52,0.47,0.64,0.65,0.92,0.92,"",0,0.0,7,26.9,238196,23.6,136710,60.3,2625,38.3,-11,-1.5,-543,-1.4
"06065","5","31699","77","0","2022","A","","Riverside County, California","Private","NAICS 31699 Other leather and allied product manufacturing","County, NAICS 5-digit -- by ownership sector","All establishment sizes",3,33,1248875,363359,9475,737,38329,"",0.50,0.52,0.47,0.64,0.65,0.92,0.92,"",0,0.0,7,26.9,238196,23.6,136710,60.3,2625,38.3,-11,-1.5,-543,-1.4
"06065","5","316990","78","0","2022","A","","Riverside County, California","Private","NAICS 316990 Other leather and allied product manufacturing","County, NAICS 6-digit -- by ownership sector","All establishment sizes",3,33,1248875,363359,9475,737,38329,"",0.50,0.52,0.47,0.64,0.65,0.92,0.92,"N",3,100.0,0,0,0,0,0,0,0,0,0,0,0,0
"06065","5","321","75","0","2022","A","","Riverside County, California","Private","NAICS 321 Wood product manufacturing","County, NAICS 3-digit -- by ownership sector","All establishment sizes",75,2905,168676073,28022402,1027856,1117,58061,"",0.73,1.27,1.57,1.11,1.52,1.24,1.24,"",2,2.7,30,1.0,14152967,9.2,-345099,-1.2,-215150,-17.3,83,8.0,4306,8.0
"06065","5","3211","76","0","2022","A","N","Riverside County, California","Private","NAICS 3211 Sawmills and wood preservation","County, NAICS 4-digit -- by ownership sector","All establishment sizes",1,0,0,0,0,0,0,"N",0.04,0,0,0,0,0,0,"N",0,0.0,0,0,0,0,0,0,0,0,0,0,0,0
"06065","5","32111","77","0","2022","A","N","Riverside County, California","Private","NAICS 32111 Sawmills and wood preservation","County, NAICS 5-digit -- by ownership sector","All establishment sizes",1,0,0,0,0,0,0,"N",0.04,0,0,0,0,0,0,"N",0,0.0,0,0,0,0,0,0,0,0,0,0,0,0
"06065","5","321114","78","0","2022","A","N","Riverside County, California","Private","NAICS 321114 Wood preservation","County, NAICS 6-digit -- by ownership sector","All establishment sizes",1,0,0,0,0,0,0,"N",0.35,0,0,0,0,0,0,"N",0,0.0,0,0,0,0,0,0,0,0,0,0,0,0
"06065","5","3212","76","0","2022","A","N","Riverside County, California","Private","NAICS 3212 Veneer, plywood, and engineered wood product manufacturing","County, NAICS 4-digit -- by ownership sector","All establishment sizes",10,0,0,0,0,0,0,"N",0.86,0,0,0,0,0,0,"N",1,11.1,0,0,0,0,0,0,0,0,0,0,0,0
"06065","5","32121","77","0","2022","A","N","Riverside County, California","Private","NAICS 32121 Veneer, plywood, and engineered wood product manufacturing","County, NAICS 5-digit -- by ownership sector","All establishment sizes",10,0,0,0,0,0,0,"N",0.86,0,0,0,0,0,0,"N",1,11.1,0,0,0,0,0,0,0,0,0,0,0,0
"06065","5","321215","78","0","2022","A","N","Riverside County, California","Private","NAICS 321215 Engineered wood member manufacturing","County, NAICS 6-digit -- by ownership sector","All establishment sizes",10,0,0,0,0,0,0,"N",1.37,0,0,0,0,0,0,"N",10,100.0,0,0,0,0,0,0,0,0,0,0,0,0
"06065","5","3219","76","0","2022","A","","Riverside County, California","Private","NAICS 3219 Other wood product manufacturing","County, NAICS 4-digit -- by ownership sector","All establishment sizes",64,2184,115590033,20801333,720557,1018,52920,"",0.94,1.63,1.93,1.46,1.85,1.18,1.18,"",1,1.6,111,5.4,14099426,13.9,859851,4.3,-116614,-13.9,77,8.2,3966,8.1
"06065","5","32191","77","0","2022","A","","Riverside County, California","Private","NAICS 32191 Millwork","County, NAICS 5-digit -- by ownership sector","All establishment sizes",26,836,44360464,7398551,225077,1020,53063,"",1.14,1.43,1.67,1.06,1.38,1.16,1.16,"",-1,-3.7,-30,-3.5,-146876,-0.3,-387410,-5.0,-54377,-19.5,32,3.2,1679,3.3
"06065","5","321911","78","0","2022","A","N","Riverside County, California","Private","NAICS 321911 Wood window and door manufacturing","County, NAICS 6-digit -- by ownership sector","All establishment sizes",12,0,0,0,0,0,0,"N",1.55,0,0,0,0,0,0,"N",-1,-7.7,0,0,0,0,0,0,0,0,0,0,0,0
"06065","5","321912","78","0","2022","A","N","Riverside County, California","Private","NAICS 321912 Cut stock, resawing lumber, and planing","County, NAICS 6-digit -- by ownership sector","All establishment sizes",1,0,0,0,0,0,0,"N",0.27,0,0,0,0,0,0,"N",0,0.0,0,0,0,0,0,0,0,0,0,0,0,0
"06065","5","321918","78","0","2022","A","","Riverside County, California","Private","NAICS 321918 Other millwork (including flooring)","County, NAICS 6-digit -- by ownership sector","All establishment sizes",13,646,35169865,5610469,164937,1047,54457,"",1.13,3.34,4.33,3.13,3.17,1.29,1.30,"",-1,-7.1,-28,-4.2,-724076,-2.0,-376432,-6.3,-45573,-21.6,23,2.2,1215,2.3
"06065","5","32192","77","0","2022","A","","Riverside County, California","Private","NAICS 32192 Wood container and pallet manufacturing","County, NAICS 5-digit -- by ownership sector","All establishment sizes",17,281,11918016,2777254,99467,815,42375,"",0.83,0.82,0.86,0.83,1.25,1.04,1.04,"",2,13.3,16,6.0,1167482,10.9,40377,1.5,-15684,-13.6,35,4.5,1820,4.5
"06065","5","321920","78","0","2022","A","","Riverside County, California","Private","NAICS 321920 Wood container and pallet manufacturing","County, NAICS 6-digit -- by ownership sector","All establishment sizes",17,281,11918016,2777254,99467,815,42375,"",0.83,0.82,0.86,0.83,1.25,1.04,1.04,"",2,13.3,16,6.0,1167482,10.9,40377,1.5,-15684,-13.6,35,4.5,1820,4.5
"06065","5","32199","77","0","2022","A","","Riverside County, California","Private","NAICS 32199 All other wood product manufacturing","County, NAICS 5-digit -- by ownership sector","All establishment sizes",21,1067,59311553,10625528,396013,1069,55587,"",0.84,2.57,3.05,2.66,2.70,1.19,1.19,"",0,0.0,125,13.3,13078820,28.3,1206884,12.8,-46553,-10.5,125,13.2,6503,13.2
"06065","5","321991","78","0","2022","A","","Riverside County, California","Private","NAICS 321991 Manufactured home (mobile home) manufacturing","County, NAICS 6-digit -- by ownership sector","All establishment sizes",9,839,47057702,8487516,302913,1079,56105,"",3.84,4.91,5.47,5.42,4.97,1.11,1.11,"",-2,-18.2,102,13.8,9968935,26.9,894890,11.8,-32644,-9.7,111,11.5,5775,11.5
"06065","5","321992","78","0","2022","A","N","Riverside County, California","Private","NAICS 321992 Prefabricated wood building manufacturing","County, NAICS 6-digit -- by ownership sector","All establishment sizes",2,0,0,0,0,0,0,"N",0.34,0,0,0,0,0,0,"N",1,100.0,0,0,0,0,0,0,0,0,0,0,0,0
"06065","5","321999","78","0","2022","A","N","Riverside County, California","Private","NAICS 321999 All other miscellaneous wood product manufacturing","County, NAICS 6-digit -- by ownership sector","All establishment sizes",10,0,0,0,0,0,0,"N",0.59,0,0,0,0,0,0,"N",1,11.1,0,0,0,0,0,0,0,0,0,0,0,0
"06065","5","322","75","0","2022","A","","Riverside County, California","Private","NAICS 322 Paper manufacturing","County, NAICS 3-digit -- by ownership sector","All establishment sizes",20,763,47885335,6496841,219734,1207,62739,"",0.56,0.39,0.41,0.34,0.44,1.03,1.03,"",1,5.3,57,8.1,5591424,13.2,74668,1.2,-54416,-19.8,55,4.8,2861,4.8
"06065","5","3221","76","0","2022","A","N","Riverside County, California","Private","NAICS 3221 Pulp, paper, and paperboard mills","County, NAICS 4-digit -- by ownership sector","All establishment sizes",1,0,0,0,0,0,0,"N",0.18,0,0,0,0,0,0,"N",0,0.0,0,0,0,0,0,0,0,0,0,0,0,0
"06065","5","32212","77","0","2022","A","N","Riverside County, California","Private","NAICS 32212 Paper mills","County, NAICS 5-digit -- by ownership sector","All establishment sizes",1,0,0,0,0,0,0,"N",0.31,0,0,0,0,0,0,"N",0,0.0,0,0,0,0,0,0,0,0,0,0,0,0
"06065","5","322120","78","0","2022","A","N","Riverside County, California","Private","NAICS 322120 Paper mills","County, NAICS 6-digit -- by ownership sector","All establishment sizes",1,0,0,0,0,0,0,"N",0.31,0,0,0,0,0,0,"N",1,100.0,0,0,0,0,0,0,0,0,0,0,0,0
"06065","5","3222","76","0","2022","A","N","Riverside County, California","Private","NAICS 3222 Converted paper product manufacturing","County, NAICS 4-digit -- by ownership sector","All establishment sizes",19,0,0,0,0,0,0,"N",0.62,0,0,0,0,0,0,"N",1,5.6,0,0,0,0,0,0,0,0,0,0,0,0
"06065","5","32221","77","0","2022","A","","Riverside County, California","Private","NAICS 32221 Paperboard container manufacturing","County, NAICS 5-digit -- by ownership sector","All establishment sizes",9,396,26779488,3471357,140498,1302,67710,"",0.58,0.47,0.55,0.43,0.61,1.19,1.18,"",0,0.0,10,2.6,1437012,5.7,-40219,-1.1,-23530,-14.3,38,3.0,1985,3.0
"06065","5","322211","78","0","2022","A","N","Riverside County, California","Private","NAICS 322211 Corrugated and solid fiber box manufacturing","County, NAICS 6-digit -- by ownership sector","All establishment sizes",5,0,0,0,0,0,0,"N",0.47,0,0,0,0,0,0,"N",0,0.0,0,0,0,0,0,0,0,0,0,0,0,0
"06065","5","322212","78","0","2022","A","","Riverside County, California","Private","NAICS 322212 Folding paperboard box manufacturing","County, NAICS 6-digit -- by ownership sector","All establishment sizes",3,329,22845004,2853575,126750,1335,69438,"",1.18,2.13,2.71,1.93,3.22,1.27,1.27,"",0,0.0,13,4.1,1343720,6.2,-31218,-1.1,-19989,-13.6,26,2.0,1396,2.1
"06065","5","322219","78","0","2022","A","N","Riverside County, California","Private","NAICS 322219 Other paperboard container manufacturing","County, NAICS 6-digit -- by ownership sector","All establishment sizes",1,0,0,0,0,0,0,"N",0.39,0,0,0,0,0,0,"N",0,0.0,0,0,0,0,0,0,0,0,0,0,0,0
"06065","5","32222","77","0","2022","A","","Riverside County, California","Private","NAICS 32222 Paper bag and coated and treated paper manufacturing","County, NAICS 5-digit -- by ownership sector","All establishment sizes",4,255,13903175,2209447,56942,1047,54451,"",0.58,0.86,0.84,0.75,0.73,0.98,0.98,"N",1,33.3,0,0,0,0,0,0,0,0,0,0,0,0
"06065","5","322220","78","0","2022","A","","Riverside County, California","Private","NAICS 322220 Paper bag and coated and treated paper manufacturing","County, NAICS 6-digit -- by ownership sector","All establishment sizes",4,255,13903175,2209447,56942,1047,54451,"",0.58,0.86,0.84,0.75,0.73,0.98,0.98,"N",1,33.3,0,0,0,0,0,0,0,0,0,0,0,0
"06065","5","32223","77","0","2022","A","N","Riverside County, California","Private","NAICS 32223 Stationery product manufacturing","County, NAICS 5-digit -- by ownership sector","All establishment sizes",2,0,0,0,0,0,0,"N",0.73,0,0,0,0,0,0,"N",0,0.0,0,0,0,0,0,0,0,0,0,0,0,0
"06065","5","322230","78","0","2022","A","N","Riverside County, California","Private","NAICS 322230 Stationery product manufacturing","County, NAICS 6-digit -- by ownership sector","All establishment sizes",2,0,0,0,0,0,0,"N",0.73,0,0,0,0,0,0,"N",0,0.0,0,0,0,0,0,0,0,0,0,0,0,0
"06065","5","32229","77","0","2022","A","N","Riverside County, California","Private","NAICS 32229 Other converted paper product manufacturing","County, NAICS 5-digit -- by ownership sector","All establishment sizes",4,0,0,0,0,0,0,"N",0.77,0,0,0,0,0,0,"N",0,0.0,0,0,0,0,0,0,0,0,0,0,0,0
"06065","5","322291","78","0","2022","A","N","Riverside County, California","Private","NAICS 322291 Sanitary paper product manufacturing","County, NAICS 6-digit -- by ownership sector","All establishment sizes",1,0,0,0,0,0,0,"N",0.63,0,0,0,0,0,0,"N",0,0.0,0,0,0,0,0,0,0,0,0,0,0,0
"06065","5","322299","78","0","2022","A","N","Riverside County, California","Private","NAICS 322299 All other converted paper product manufacturing","County, NAICS 6-digit -- by ownership sector","All establishment sizes",3,0,0,0,0,0,0,"N",0.83,0,0,0,0,0,0,"N",0,0.0,0,0,0,0,0,0,0,0,0,0,0,0
"06065","5","323","75","0","2022","A","","Riverside County, California","Private","NAICS 323 Printing and related support activities","County, NAICS 3-digit -- by ownership sector","All establishment sizes",128,868,42965167,7380052,296008,952,49523,"",0.69,0.43,0.47,0.38,0.53,1.09,1.09,"",5,4.1,14,1.6,3160758,7.9,-415577,-5.3,-63309,-17.6,56,6.2,2923,6.3
"06065","5","3231","76","0","2022","A","","Riverside County, California","Private","NAICS 3231 Printing and related support activities","County, NAICS 4-digit -- by ownership sector","All establishment sizes",128,868,42965167,7380052,296008,952,49523,"",0.69,0.43,0.47,0.38,0.53,1.09,1.09,"",5,4.1,14,1.6,3160758,7.9,-415577,-5.3,-63309,-17.6,56,6.2,2923,6.3
"06065","5","32311","77","0","2022","A","N","Riverside County, California","Private","NAICS 32311 Printing","County, NAICS 5-digit -- by ownership sector","All establishment sizes",127,0,0,0,0,0,0,"N",0.72,0,0,0,0,0,0,"N",5,4.1,0,0,0,0,0,0,0,0,0,0,0,0
"06065","5","323111","78","0","2022","A","","Riverside County, California","Private","NAICS 323111 Commercial printing (except screen and books)","County, NAICS 6-digit -- by ownership sector","All establishment sizes",80,509,25396193,4185588,169394,959,49862,"",0.65,0.36,0.36,0.29,0.43,1.03,1.02,"",0,0.0,6,1.2,2723905,12.0,75144,1.8,-18931,-10.1,92,10.6,4795,10.6
"06065","5","323113","78","0","2022","A","","Riverside County, California","Private","NAICS 323113 Commercial screen printing","County, NAICS 6-digit -- by ownership sector","All establishment sizes",46,337,15664503,3014847,123236,894,46494,"",0.93,0.80,1.10,0.79,1.21,1.37,1.37,"",5,12.2,6,1.8,-24578,-0.2,-502338,-14.3,-44305,-26.4,-16,-1.8,-845,-1.8
"06065","5","323117","78","0","2022","A","N","Riverside County, California","Private","NAICS 323117 Books printing","County, NAICS 6-digit -- by ownership sector","All establishment sizes",1,0,0,0,0,0,0,"N",0.30,0,0,0,0,0,0,"N",0,0.0,0,0,0,0,0,0,0,0,0,0,0,0
"06065","5","32312","77","0","2022","A","N","Riverside County, California","Private","NAICS 32312 Support activities for printing","County, NAICS 5-digit -- by ownership sector","All establishment sizes",1,0,0,0,0,0,0,"N",0.12,0,0,0,0,0,0,"N",0,0.0,0,0,0,0,0,0,0,0,0,0,0,0
"06065","5","323120","78","0","2022","A","N","Riverside County, California","Private","NAICS 323120 Support activities for printing","County, NAICS 6-digit -- by ownership sector","All establishment sizes",1,0,0,0,0,0,0,"N",0.12,0,0,0,0,0,0,"N",0,0.0,0,0,0,0,0,0,0,0,0,0,0,0
"06065","5","324","75","0","2022","A","N","Riverside County, California","Private","NAICS 324 Petroleum and coal products manufacturing","County, NAICS 3-digit -- by ownership sector","All establishment sizes",3,0,0,0,0,0,0,"N",0.19,0,0,0,0,0,0,"N",-1,-25.0,0,0,0,0,0,0,0,0,0,0,0,0
"06065","5","3241","76","0","2022","A","N","Riverside County, California","Private","NAICS 3241 Petroleum and coal products manufacturing","County, NAICS 4-digit -- by ownership sector","All establishment sizes",3,0,0,0,0,0,0,"N",0.19,0,0,0,0,0,0,"N",-1,-25.0,0,0,0,0,0,0,0,0,0,0,0,0
"06065","5","32411","77","0","2022","A","N","Riverside County, California","Private","NAICS 32411 Petroleum refineries","County, NAICS 5-digit -- by ownership sector","All establishment sizes",1,0,0,0,0,0,0,"N",0.24,0,0,0,0,0,0,"N",-1,-50.0,0,0,0,0,0,0,0,0,0,0,0,0
"06065","5","324110","78","0","2022","A","N","Riverside County, California","Private","NAICS 324110 Petroleum refineries","County, NAICS 6-digit -- by ownership sector","All establishment sizes",1,0,0,0,0,0,0,"N",0.24,0,0,0,0,0,0,"N",-1,-50.0,0,0,0,0,0,0,0,0,0,0,0,0
"06065","5","32419","77","0","2022","A","N","Riverside County, California","Private","NAICS 32419 Other petroleum and coal products manufacturing","County, NAICS 5-digit -- by ownership sector","All establishment sizes",2,0,0,0,0,0,0,"N",0.57,0,0,0,0,0,0,"N",0,0.0,0,0,0,0,0,0,0,0,0,0,0,0
"06065","5","324191","78","0","2022","A","N","Riverside County, California","Private","NAICS 324191 Petroleum lubricating oil and grease manufacturing","County, NAICS 6-digit -- by ownership sector","All establishment sizes",2,0,0,0,0,0,0,"N",0.77,0,0,0,0,0,0,"N",0,0.0,0,0,0,0,0,0,0,0,0,0,0,0
"06065","5","325","75","0","2022","A","","Riverside County, California","Private","NAICS 325 Chemical manufacturing","County, NAICS 3-digit -- by ownership sector","All establishment sizes",105,2523,142222026,24754501,744243,1084,56365,"",0.69,0.53,0.34,0.53,0.58,0.65,0.65,"",-3,-2.8,141,5.9,-1246054,-0.9,1239224,5.3,-86030,-10.4,-74,-6.4,-3874,-6.4
"06065","5","3251","76","0","2022","A","","Riverside County, California","Private","NAICS 3251 Basic chemical manufacturing","County, NAICS 4-digit -- by ownership sector","All establishment sizes",7,45,2933811,345112,10598,1261,65560,"",0.29,0.06,0.04,0.05,0.06,0.71,0.71,"",1,16.7,2,4.7,633004,27.5,-21383,-5.8,-1970,-15.7,220,21.1,11423,21.1
"06065","5","32512","77","0","2022","A","N","Riverside County, California","Private","NAICS 32512 Industrial gas manufacturing","County, NAICS 5-digit -- by ownership sector","All establishment sizes",6,0,0,0,0,0,0,"N",1.12,0,0,0,0,0,0,"N",1,20.0,0,0,0,0,0,0,0,0,0,0,0,0
"06065","5","325120","78","0","2022","A","N","Riverside County, California","Private","NAICS 325120 Industrial gas manufacturing","County, NAICS 6-digit -- by ownership sector","All establishment sizes",6,0,0,0,0,0,0,"N",1.12,0,0,0,0,0,0,"N",1,20.0,0,0,0,0,0,0,0,0,0,0,0,0
"06065","5","32519","77","0","2022","A","N","Riverside County, California","Private","NAICS 32519 Other basic organic chemical manufacturing","County, NAICS 5-digit -- by ownership sector","All establishment sizes",1,0,0,0,0,0,0,"N",0.11,0,0,0,0,0,0,"N",0,0.0,0,0,0,0,0,0,0,0,0,0,0,0
"06065","5","325199","78","0","2022","A","N","Riverside County, California","Private","NAICS 325199 All other basic organic chemical manufacturing","County, NAICS 6-digit -- by ownership sector","All establishment sizes",1,0,0,0,0,0,0,"N",0.14,0,0,0,0,0,0,"N",0,0.0,0,0,0,0,0,0,0,0,0,0,0,0
"06065","5","3252","76","0","2022","A","","Riverside County, California","Private","NAICS 3252 Resin, synthetic rubber, and artificial and synthetic fibers and filaments manufacturing","County, NAICS 4-digit -- by ownership sector","All establishment sizes",10,154,13211423,1193512,29235,1652,85928,"",0.82,0.30,0.30,0.28,0.28,1.02,1.02,"",-3,-23.1,-106,-40.8,-5971534,-31.1,-1457351,-55.0,-61682,-67.8,231,16.3,12029,16.3
"06065","5","32521","77","0","2022","A","","Riverside County, California","Private","NAICS 32521 Resin and synthetic rubber manufacturing","County, NAICS 5-digit -- by ownership sector","All establishment sizes",10,154,13211423,1193512,29235,1652,85928,"",0.94,0.41,0.40,0.39,0.34,1.00,1.00,"",-3,-23.1,-106,-40.8,-5971534,-31.1,-1457351,-55.0,-61682,-67.8,231,16.3,12029,16.3
"06065","5","325211","78","0","2022","A","N","Riverside County, California","Private","NAICS 325211 Plastics material and resin manufacturing","County, NAICS 6-digit -- by ownership sector","All establishment sizes",9,0,0,0,0,0,0,"N",0.97,0,0,0,0,0,0,"N",-3,-25.0,0,0,0,0,0,0,0,0,0,0,0,0
"06065","5","325212","78","0","2022","A","N","Riverside County, California","Private","NAICS 325212 Synthetic rubber manufacturing","County, NAICS 6-digit -- by ownership sector","All establishment sizes",1,0,0,0,0,0,0,"N",0.71,0,0,0,0,0,0,"N",0,0.0,0,0,0,0,0,0,0,0,0,0,0,0
"06065","5","3253","76","0","2022","A","","Riverside County, California","Private","NAICS 3253 Pesticide, fertilizer, and other agricultural chemical manufacturing","County, NAICS 4-digit -- by ownership sector","All establishment sizes",10,163,14567355,1383381,35973,1715,89188,"",1.03,0.81,0.90,0.69,0.73,1.11,1.11,"",1,11.1,1,0.6,1614654,12.5,-9884,-0.7,-5699,-13.7,173,11.2,9027,11.3
"06065","5","32531","77","0","2022","A","N","Riverside County, California","Private","NAICS 32531 Fertilizer and compost manufacturing","County, NAICS 5-digit -- by ownership sector","All establishment sizes",8,0,0,0,0,0,0,"N",1.17,0,0,0,0,0,0,"N",1,14.3,0,0,0,0,0,0,0,0,0,0,0,0
"06065","5","325311","78","0","2022","A","N","Riverside County, California","Private","NAICS 325311 Nitrogenous fertilizer manufacturing","County, NAICS 6-digit -- by ownership sector","All establishment sizes",2,0,0,0,0,0,0,"N",0.90,0,0,0,0,0,0,"N",0,0.0,0,0,0,0,0,0,0,0,0,0,0,0
"06065","5","325314","78","0","2022","A","","Riverside County, California","Private","NAICS 325314 Fertilizer (mixing only) manufacturing","County, NAICS 6-digit -- by ownership sector","All establishment sizes",6,111,10017463,990359,18739,1734,90180,"",1.65,2.81,4.48,3.04,1.74,1.59,1.59,"",1,20.0,-6,-5.1,539487,5.7,-44299,-4.3,-5290,-22.0,169,10.8,8824,10.8
"06065","5","32532","77","0","2022","A","N","Riverside County, California","Private","NAICS 32532 Pesticide and other agricultural chemical manufacturing","County, NAICS 5-digit -- by ownership sector","All establishment sizes",2,0,0,0,0,0,0,"N",0.70,0,0,0,0,0,0,"N",0,0.0,0,0,0,0,0,0,0,0,0,0,0,0
"06065","5","325320","78","0","2022","A","N","Riverside County, California","Private","NAICS 325320 Pesticide and other agricultural chemical manufacturing","County, NAICS 6-digit -- by ownership sector","All establishment sizes",2,0,0,0,0,0,0,"N",0.70,0,0,0,0,0,0,"N",0,0.0,0,0,0,0,0,0,0,0,0,0,0,0
"06065","5","3254","76","0","2022","A","","Riverside County, California","Private","NAICS 3254 Pharmaceutical and medicine manufacturing","County, NAICS 4-digit -- by ownership sector","All establishment sizes",20,1091,43325281,11573925,371155,764,39727,"",0.45,0.59,0.23,0.58,0.68,0.39,0.39,"",-1,-4.8,267,32.4,1803979,4.3,2728387,30.8,54642,17.3,-205,-21.2,-10643,-21.1
"06065","5","32541","77","0","2022","A","","Riverside County, California","Private","NAICS 32541 Pharmaceutical and medicine manufacturing","County, NAICS 5-digit -- by ownership sector","All establishment sizes",20,1091,43325281,11573925,371155,764,39727,"",0.45,0.59,0.23,0.58,0.68,0.39,0.39,"",-1,-4.8,267,32.4,1803979,4.3,2728387,30.8,54642,17.3,-205,-21.2,-10643,-21.1
"06065","5","325411","78","0","2022","A","N","Riverside County, California","Private","NAICS 325411 Medicinal and botanical manufacturing","County, NAICS 6-digit -- by ownership sector","All establishment sizes",8,0,0,0,0,0,0,"N",0.89,0,0,0,0,0,0,"N",1,14.3,0,0,0,0,0,0,0,0,0,0,0,0
"06065","5","325412","78","0","2022","A","","Riverside County, California","Private","NAICS 325412 Pharmaceutical preparation manufacturing","County, NAICS 6-digit -- by ownership sector","All establishment sizes",9,739,23579141,8258507,274082,614,31925,"",0.32,0.61,0.18,0.64,0.76,0.30,0.30,"",-2,-18.2,244,49.3,1204714,5.4,2504083,43.5,64198,30.6,-255,-29.3,-13253,-29.3
"06065","5","325414","78","0","2022","A","N","Riverside County, California","Private","NAICS 325414 Biological product (except diagnostic) manufacturing","County, NAICS 6-digit -- by ownership sector","All establishment sizes",4,0,0,0,0,0,0,"N",0.92,0,0,0,0,0,0,"N",1,33.3,0,0,0,0,0,0,0,0,0,0,0,0
"06065","5","3255","76","0","2022","A","","Riverside County, California","Private","NAICS 3255 Paint, coating, and adhesive manufacturing","County, NAICS 4-digit -- by ownership sector","All establishment sizes",16,201,14436016,1791251,66831,1381,71821,"",1.00,0.56,0.60,0.55,0.68,1.07,1.07,"",1,6.7,22,12.3,2062291,16.7,100881,6.0,-17219,-20.5,50,3.8,2630,3.8
"06065","5","32551","77","0","2022","A","N","Riverside County, California","Private","NAICS 32551 Paint and coating manufacturing","County, NAICS 5-digit -- by ownership sector","All establishment sizes",13,0,0,0,0,0,0,"N",1.16,0,0,0,0,0,0,"N",1,8.3,0,0,0,0,0,0,0,0,0,0,0,0
"06065","5","325510","78","0","2022","A","N","Riverside County, California","Private","NAICS 325510 Paint and coating manufacturing","County, NAICS 6-digit -- by ownership sector","All establishment sizes",13,0,0,0,0,0,0,"N",1.16,0,0,0,0,0,0,"N",1,8.3,0,0,0,0,0,0,0,0,0,0,0,0
"06065","5","32552","77","0","2022","A","N","Riverside County, California","Private","NAICS 32552 Adhesive manufacturing","County, NAICS 5-digit -- by ownership sector","All establishment sizes",3,0,0,0,0,0,0,"N",0.64,0,0,0,0,0,0,"N",0,0.0,0,0,0,0,0,0,0,0,0,0,0,0
"06065","5","325520","78","0","2022","A","N","Riverside County, California","Private","NAICS 325520 Adhesive manufacturing","County, NAICS 6-digit -- by ownership sector","All establishment sizes",3,0,0,0,0,0,0,"N",0.64,0,0,0,0,0,0,"N",0,0.0,0,0,0,0,0,0,0,0,0,0,0,0
"06065","5","3256","76","0","2022","A","","Riverside County, California","Private","NAICS 3256 Soap, cleaning compound, and toilet preparation manufacturing","County, NAICS 4-digit -- by ownership sector","All establishment sizes",30,639,39860398,6041834,167016,1200,62404,"",1.20,1.02,1.01,0.97,0.92,0.99,0.99,"",-2,-6.2,33,5.4,2380500,6.4,383088,6.8,-13970,-7.7,10,0.8,530,0.9
"06065","5","32561","77","0","2022","A","","Riverside County, California","Private","NAICS 32561 Soap and cleaning compound manufacturing","County, NAICS 5-digit -- by ownership sector","All establishment sizes",12,86,3990825,820510,19922,895,46540,"",0.89,0.28,0.18,0.28,0.25,0.65,0.65,"",0,0.0,2,2.4,205978,5.4,21799,2.7,-353,-1.7,27,3.1,1393,3.1
"06065","5","325611","78","0","2022","A","","Riverside County, California","Private","NAICS 325611 Soap and other detergent manufacturing","County, NAICS 6-digit -- by ownership sector","All establishment sizes",6,23,904822,239296,7579,759,39483,"",0.84,0.15,0.08,0.17,0.19,0.51,0.51,"",0,0.0,3,15.0,92150,11.3,45843,23.7,1480,24.3,-13,-1.7,-649,-1.6
"06065","5","325612","78","0","2022","A","","Riverside County, California","Private","NAICS 325612 Polish and other sanitation good manufacturing","County, NAICS 6-digit -- by ownership sector","All establishment sizes",6,63,3086003,581214,12343,945,49114,"",1.12,0.48,0.37,0.47,0.36,0.77,0.77,"",0,0.0,-1,-1.6,113828,3.8,-24044,-4.0,-1833,-12.9,46,5.1,2369,5.1
"06065","5","32562","77","0","2022","A","","Riverside County, California","Private","NAICS 32562 Toilet preparation manufacturing","County, NAICS 5-digit -- by ownership sector","All establishment sizes",18,553,35869573,5221324,147094,1247,64864,"",1.56,1.74,2.05,1.58,1.42,1.18,1.18,"",-1,-5.3,31,5.9,2174522,6.5,361289,7.4,-13617,-8.5,5,0.4,304,0.5
"06065","5","325620","78","0","2022","A","","Riverside County, California","Private","NAICS 325620 Toilet preparation manufacturing","County, NAICS 6-digit -- by ownership sector","All establishment sizes",18,553,35869573,5221324,147094,1247,64864,"",1.56,1.74,2.05,1.58,1.42,1.18,1.18,"",-1,-5.3,31,5.9,2174522,6.5,361289,7.4,-13617,-8.5,5,0.4,304,0.5
"06065","5","3259","76","0","2022","A","","Riverside County, California","Private","NAICS 3259 Other chemical product and preparation manufacturing","County, NAICS 4-digit -- by ownership sector","All establishment sizes",13,231,13887742,2425486,63435,1156,60098,"",0.60,0.52,0.47,0.60,0.53,0.91,0.91,"",-1,-7.1,-78,-25.2,-3768948,-21.3,-484514,-16.6,-40132,-38.7,57,5.2,2972,5.2
"06065","5","32599","77","0","2022","A","","Riverside County, California","Private","NAICS 32599 All other chemical product and preparation manufacturing","County, NAICS 5-digit -- by ownership sector","All establishment sizes",13,231,13887742,2425486,63435,1156,60098,"",0.72,0.64,0.57,0.72,0.63,0.90,0.90,"",-1,-7.1,-78,-25.2,-3768948,-21.3,-484514,-16.6,-40132,-38.7,57,5.2,2972,5.2
"06065","5","325991","78","0","2022","A","","Riverside County, California","Private","NAICS 325991 Custom compounding of purchased resins","County, NAICS 6-digit -- by ownership sector","All establishment sizes",3,121,7665814,1286342,20543,1223,63617,"",1.00,1.29,1.44,1.46,0.85,1.12,1.12,"",-1,-25.0,7,6.1,826572,12.1,259461,25.3,531,2.7,68,5.9,3536,5.9
"06065","5","325992","78","0","2022","A","N","Riverside County, California","Private","NAICS 325992 Photographic film, paper, plate, chemical, and copy toner manufacturing","County, NAICS 6-digit -- by ownership sector","All establishment sizes",1,0,0,0,0,0,0,"N",0.68,0,0,0,0,0,0,"N",1,100.0,0,0,0,0,0,0,0,0,0,0,0,0
"06065","5","325998","78","0","2022","A","N","Riverside County, California","Private","NAICS 325998 All other miscellaneous chemical product and preparation manufacturing","County, NAICS 6-digit -- by ownership sector","All establishment sizes",9,0,0,0,0,0,0,"N",0.66,0,0,0,0,0,0,"N",-1,-10.0,0,0,0,0,0,0,0,0,0,0,0,0
"06065","5","326","75","0","2022","A","","Riverside County, California","Private","NAICS 326 Plastics and rubber products manufacturing","County, NAICS 3-digit -- by ownership sector","All establishment sizes",88,4616,270587794,40293286,1283743,1127,58623,"",0.96,1.15,1.33,1.04,1.15,1.15,1.15,"",-2,-2.2,381,9.0,28790250,11.9,1651559,4.3,-172769,-11.9,29,2.6,1522,2.7
"06065","5","3261","76","0","2022","A","","Riverside County, California","Private","NAICS 3261 Plastics product manufacturing","County, NAICS 4-digit -- by ownership sector","All establishment sizes",77,4244,252952558,37603939,1225092,1146,59602,"",0.99,1.29,1.53,1.16,1.31,1.19,1.19,"N",0,0.0,0,0,0,0,0,0,0,0,0,0,0,0
"06065","5","32611","77","0","2022","A","","Riverside County, California","Private","NAICS 32611 Plastics packaging materials and unlaminated film and sheet manufacturing","County, NAICS 5-digit -- by ownership sector","All establishment sizes",6,366,22322322,3235535,55484,1173,61004,"",0.57,0.68,0.77,0.60,0.39,1.14,1.14,"",1,20.0,10,2.8,4079208,22.4,212220,7.0,-3348,-5.7,186,18.8,9687,18.9
"06065","5","326111","78","0","2022","A","N","Riverside County, California","Private","NAICS 326111 Plastics bag and pouch manufacturing","County, NAICS 6-digit -- by ownership sector","All establishment sizes",2,0,0,0,0,0,0,"N",0.60,0,0,0,0,0,0,"N",1,100.0,0,0,0,0,0,0,0,0,0,0,0,0
"06065","5","326112","78","0","2022","A","N","Riverside County, California","Private","NAICS 326112 Plastics packaging film and sheet (including laminated) manufacturing","County, NAICS 6-digit -- by ownership sector","All establishment sizes",2,0,0,0,0,0,0,"N",0.57,0,0,0,0,0,0,"N",0,0.0,0,0,0,0,0,0,0,0,0,0,0,0
"06065","5","326113","78","0","2022","A","N","Riverside County, California","Private","NAICS 326113 Unlaminated plastics film and sheet (except packaging) manufacturing","County, NAICS 6-digit -- by ownership sector","All establishment sizes",2,0,0,0,0,0,0,"N",0.55,0,0,0,0,0,0,"N",0,0.0,0,0,0,0,0,0,0,0,0,0,0,0
"06065","5","32612","77","0","2022","A","","Riverside County, California","Private","NAICS 32612 Plastics pipe, pipe fitting, and unlaminated profile shape manufacturing","County, NAICS 5-digit -- by ownership sector","All establishment sizes",5,282,17491961,2390654,84417,1191,61937,"",0.70,0.97,1.12,0.79,0.93,1.15,1.15,"",0,0.0,71,33.6,6695120,62.0,207711,9.5,15925,23.3,205,20.8,10666,20.8
"06065","5","326121","78","0","2022","A","N","Riverside County, California","Private","NAICS 326121 Unlaminated plastics profile shape manufacturing","County, NAICS 6-digit -- by ownership sector","All establishment sizes",3,0,0,0,0,0,0,"N",0.96,0,0,0,0,0,0,"N",1,50.0,0,0,0,0,0,0,0,0,0,0,0,0
"06065","5","326122","78","0","2022","A","N","Riverside County, California","Private","NAICS 326122 Plastics pipe and pipe fitting manufacturing","County, NAICS 6-digit -- by ownership sector","All establishment sizes",2,0,0,0,0,0,0,"N",0.50,0,0,0,0,0,0,"N",-1,-33.3,0,0,0,0,0,0,0,0,0,0,0,0
"06065","5","32613","77","0","2022","A","N","Riverside County, California","Private","NAICS 32613 Laminated plastics plate, sheet (except packaging), and shape manufacturing","County, NAICS 5-digit -- by ownership sector","All establishment sizes",2,0,0,0,0,0,0,"N",0.72,0,0,0,0,0,0,"N",-3,-60.0,0,0,0,0,0,0,0,0,0,0,0,0
"06065","5","326130","78","0","2022","A","N","Riverside County, California","Private","NAICS 326130 Laminated plastics plate, sheet (except packaging), and shape manufacturing","County, NAICS 6-digit -- by ownership sector","All establishment sizes",2,0,0,0,0,0,0,"N",0.72,0,0,0,0,0,0,"N",-3,-60.0,0,0,0,0,0,0,0,0,0,0,0,0
"06065","5","32614","77","0","2022","A","N","Riverside County, California","Private","NAICS 32614 Polystyrene foam product manufacturing","County, NAICS 5-digit -- by ownership sector","All establishment sizes",4,0,0,0,0,0,0,"N",1.04,0,0,0,0,0,0,"N",0,0.0,0,0,0,0,0,0,0,0,0,0,0,0
"06065","5","326140","78","0","2022","A","N","Riverside County, California","Private","NAICS 326140 Polystyrene foam product manufacturing","County, NAICS 6-digit -- by ownership sector","All establishment sizes",4,0,0,0,0,0,0,"N",1.04,0,0,0,0,0,0,"N",0,0.0,0,0,0,0,0,0,0,0,0,0,0,0
"06065","5","32615","77","0","2022","A","","Riverside County, California","Private","NAICS 32615 Urethane and other foam product (except polystyrene) manufacturing","County, NAICS 5-digit -- by ownership sector","All establishment sizes",8,469,27769165,3800373,163131,1138,59157,"",1.34,2.32,2.98,1.97,2.84,1.28,1.28,"",0,0.0,45,10.6,2928002,11.8,-66392,-1.7,-36105,-18.1,11,1.0,569,1.0
"06065","5","326150","78","0","2022","A","","Riverside County, California","Private","NAICS 326150 Urethane and other foam product (except polystyrene) manufacturing","County, NAICS 6-digit -- by ownership sector","All establishment sizes",8,469,27769165,3800373,163131,1138,59157,"",1.34,2.32,2.98,1.97,2.84,1.28,1.28,"",0,0.0,45,10.6,2928002,11.8,-66392,-1.7,-36105,-18.1,11,1.0,569,1.0
"06065","5","32616","77","0","2022","A","","Riverside County, California","Private","NAICS 32616 Plastics bottle manufacturing","County, NAICS 5-digit -- by ownership sector","All establishment sizes",6,269,12094844,2921619,85252,866,45018,"",1.63,1.41,1.24,1.73,1.62,0.88,0.88,"",0,0.0,-18,-6.3,-1039611,-7.9,-119830,-3.9,-29773,-25.9,-13,-1.5,-694,-1.5
"06065","5","326160","78","0","2022","A","","Riverside County, California","Private","NAICS 326160 Plastics bottle manufacturing","County, NAICS 6-digit -- by ownership sector","All establishment sizes",6,269,12094844,2921619,85252,866,45018,"",1.63,1.41,1.24,1.73,1.62,0.88,0.88,"",0,0.0,-18,-6.3,-1039611,-7.9,-119830,-3.9,-29773,-25.9,-13,-1.5,-694,-1.5
"06065","5","32619","77","0","2022","A","","Riverside County, California","Private","NAICS 32619 Other plastics product manufacturing","County, NAICS 5-digit -- by ownership sector","All establishment sizes",47,2371,142278832,21265765,676459,1154,60008,"",1.08,1.33,1.62,1.20,1.31,1.22,1.22,"",3,6.8,400,20.3,22432203,18.7,3122830,17.2,12536,1.9,-15,-1.3,-794,-1.3
"06065","5","326191","78","0","2022","A","N","Riverside County, California","Private","NAICS 326191 Plastics plumbing fixture manufacturing","County, NAICS 6-digit -- by ownership sector","All establishment sizes",1,0,0,0,0,0,0,"N",0.43,0,0,0,0,0,0,"N",0,0.0,0,0,0,0,0,0,0,0,0,0,0,0
"06065","5","326199","78","0","2022","A","N","Riverside County, California","Private","NAICS 326199 All other plastics product manufacturing","County, NAICS 6-digit -- by ownership sector","All establishment sizes",46,0,0,0,0,0,0,"N",1.12,0,0,0,0,0,0,"N",3,7.0,0,0,0,0,0,0,0,0,0,0,0,0
"06065","5","3262","76","0","2022","A","","Riverside County, California","Private","NAICS 3262 Rubber product manufacturing","County, NAICS 4-digit -- by ownership sector","All establishment sizes",11,372,17635236,2689347,58651,912,47438,"",0.79,0.52,0.46,0.41,0.33,0.89,0.89,"N",-2,-15.4,0,0,0,0,0,0,0,0,0,0,0,0
"06065","5","32629","77","0","2022","A","","Riverside County, California","Private","NAICS 32629 Other rubber product manufacturing","County, NAICS 5-digit -- by ownership sector","All establishment sizes",11,372,17635236,2689347,58651,912,47438,"",1.44,1.31,1.26,1.05,0.78,0.96,0.96,"N",-1,-8.3,0,0,0,0,0,0,0,0,0,0,0,0
"06065","5","326291","78","0","2022","A","N","Riverside County, California","Private","NAICS 326291 Rubber product manufacturing for mechanical use","County, NAICS 6-digit -- by ownership sector","All establishment sizes",2,0,0,0,0,0,0,"N",0.65,0,0,0,0,0,0,"N",0,0.0,0,0,0,0,0,0,0,0,0,0,0,0
"06065","5","326299","78","0","2022","A","N","Riverside County, California","Private","NAICS 326299 All other rubber product manufacturing","County, NAICS 6-digit -- by ownership sector","All establishment sizes",9,0,0,0,0,0,0,"N",1.97,0,0,0,0,0,0,"N",-1,-10.0,0,0,0,0,0,0,0,0,0,0,0,0
"06065","5","327","75","0","2022","A","","Riverside County, California","Private","NAICS 327 Nonmetallic mineral product manufacturing","County, NAICS 3-digit -- by ownership sector","All establishment sizes",88,2924,193388815,25814962,892578,1272,66144,"",0.78,1.31,1.57,1.13,0.97,1.20,1.20,"",2,2.3,251,9.4,27534505,16.6,1308772,5.3,-142510,-13.8,79,6.6,4086,6.6
"06065","5","3271","76","0","2022","A","","Riverside County, California","Private","NAICS 3271 Clay product and refractory manufacturing","County, NAICS 4-digit -- by ownership sector","All establishment sizes",10,300,17794820,2290762,93553,1141,59333,"",1.04,1.53,1.82,1.35,1.41,1.19,1.19,"",0,0.0,13,4.5,539552,3.1,-185881,-7.5,-31023,-24.9,-15,-1.3,-790,-1.3
"06065","5","32711","77","0","2022","A","N","Riverside County, California","Private","NAICS 32711 Pottery, ceramics, and plumbing fixture manufacturing","County, NAICS 5-digit -- by ownership sector","All establishment sizes",1,0,0,0,0,0,0,"N",0.19,0,0,0,0,0,0,"N",0,0.0,0,0,0,0,0,0,0,0,0,0,0,0
"06065","5","327110","78","0","2022","A","N","Riverside County, California","Private","NAICS 327110 Pottery, ceramics, and plumbing fixture manufacturing","County, NAICS 6-digit -- by ownership sector","All establishment sizes",1,0,0,0,0,0,0,"N",0.19,0,0,0,0,0,0,"N",0,0.0,0,0,0,0,0,0,0,0,0,0,0,0
"06065","5","32712","77","0","2022","A","N","Riverside County, California","Private","NAICS 32712 Clay building material and refractories manufacturing","County, NAICS 5-digit -- by ownership sector","All establishment sizes",9,0,0,0,0,0,0,"N",2.05,0,0,0,0,0,0,"N",0,0.0,0,0,0,0,0,0,0,0,0,0,0,0
"06065","5","327120","78","0","2022","A","N","Riverside County, California","Private","NAICS 327120 Clay building material and refractories manufacturing","County, NAICS 6-digit -- by ownership sector","All establishment sizes",9,0,0,0,0,0,0,"N",2.05,0,0,0,0,0,0,"N",0,0.0,0,0,0,0,0,0,0,0,0,0,0,0
"06065","5","3272","76","0","2022","A","","Riverside County, California","Private","NAICS 3272 Glass and glass product manufacturing","County, NAICS 4-digit -- by ownership sector","All establishment sizes",9,405,25642429,3691824,91597,1219,63393,"",0.68,0.92,1.08,0.78,0.64,1.18,1.18,"",0,0.0,35,9.5,3935787,18.1,105010,2.9,-21212,-18.8,92,8.2,4779,8.2
"06065","5","32721","77","0","2022","A","","Riverside County, California","Private","NAICS 32721 Glass and glass product manufacturing","County, NAICS 5-digit -- by ownership sector","All establishment sizes",9,405,25642429,3691824,91597,1219,63393,"",0.68,0.92,1.08,0.78,0.64,1.18,1.18,"",0,0.0,35,9.5,3935787,18.1,105010,2.9,-21212,-18.8,92,8.2,4779,8.2
"06065","5","327211","78","0","2022","A","N","Riverside County, California","Private","NAICS 327211 Flat glass manufacturing","County, NAICS 6-digit -- by ownership sector","All establishment sizes",1,0,0,0,0,0,0,"N",0.82,0,0,0,0,0,0,"N",0,0.0,0,0,0,0,0,0,0,0,0,0,0,0
"06065","5","327215","78","0","2022","A","N","Riverside County, California","Private","NAICS 327215 Glass product manufacturing made of purchased glass","County, NAICS 6-digit -- by ownership sector","All establishment sizes",8,0,0,0,0,0,0,"N",0.99,0,0,0,0,0,0,"N",0,0.0,0,0,0,0,0,0,0,0,0,0,0,0
"06065","5","3273","76","0","2022","A","","Riverside County, California","Private","NAICS 3273 Cement and concrete product manufacturing","County, NAICS 4-digit -- by ownership sector","All establishment sizes",47,1684,110935051,15422350,573848,1267,65882,"",0.78,1.57,1.82,1.38,1.02,1.16,1.16,"",1,2.2,161,10.6,16290289,17.2,1504875,10.8,-64864,-10.2,72,6.0,3732,6.0
"06065","5","32731","77","0","2022","A","N","Riverside County, California","Private","NAICS 32731 Cement manufacturing","County, NAICS 5-digit -- by ownership sector","All establishment sizes",2,0,0,0,0,0,0,"N",0.75,0,0,0,0,0,0,"N",0,0.0,0,0,0,0,0,0,0,0,0,0,0,0
"06065","5","327310","78","0","2022","A","N","Riverside County, California","Private","NAICS 327310 Cement manufacturing","County, NAICS 6-digit -- by ownership sector","All establishment sizes",2,0,0,0,0,0,0,"N",0.75,0,0,0,0,0,0,"N",0,0.0,0,0,0,0,0,0,0,0,0,0,0,0
"06065","5","32732","77","0","2022","A","","Riverside County, California","Private","NAICS 32732 Ready-mix concrete manufacturing","County, NAICS 5-digit -- by ownership sector","All establishment sizes",29,785,55617887,6690696,276060,1362,70843,"",0.79,1.45,1.79,1.14,0.77,1.23,1.23,"",1,3.6,106,15.6,10985773,24.6,1136567,20.5,-15665,-5.4,97,7.7,5079,7.7
"06065","5","327320","78","0","2022","A","","Riverside County, California","Private","NAICS 327320 Ready-mix concrete manufacturing","County, NAICS 6-digit -- by ownership sector","All establishment sizes",29,785,55617887,6690696,276060,1362,70843,"",0.79,1.45,1.79,1.14,0.77,1.23,1.23,"",1,3.6,106,15.6,10985773,24.6,1136567,20.5,-15665,-5.4,97,7.7,5079,7.7
"06065","5","32733","77","0","2022","A","N","Riverside County, California","Private","NAICS 32733 Concrete pipe, brick, and block manufacturing","County, NAICS 5-digit -- by ownership sector","All establishment sizes",6,0,0,0,0,0,0,"N",0.84,0,0,0,0,0,0,"N",1,20.0,0,0,0,0,0,0,0,0,0,0,0,0
"06065","5","327331","78","0","2022","A","","Riverside County, California","Private","NAICS 327331 Concrete block and brick manufacturing","County, NAICS 6-digit -- by ownership sector","All establishment sizes",5,182,12409843,1438156,42463,1312,68248,"",0.91,1.77,2.21,1.39,1.07,1.25,1.25,"",1,25.0,-3,-1.6,-178889,-1.4,-100783,-6.5,-16787,-28.3,3,0.2,170,0.2
"06065","5","327332","78","0","2022","A","N","Riverside County, California","Private","NAICS 327332 Concrete pipe manufacturing","County, NAICS 6-digit -- by ownership sector","All establishment sizes",1,0,0,0,0,0,0,"N",0.61,0,0,0,0,0,0,"N",0,0.0,0,0,0,0,0,0,0,0,0,0,0,0
"06065","5","32739","77","0","2022","A","","Riverside County, California","Private","NAICS 32739 Other concrete product manufacturing","County, NAICS 5-digit -- by ownership sector","All establishment sizes",11,644,37250596,6612234,226745,1113,57872,"",0.80,2.10,2.36,2.16,1.98,1.12,1.12,"",0,0.0,45,7.5,4040977,12.2,356166,5.7,-27059,-10.7,47,4.4,2446,4.4
"06065","5","327390","78","0","2022","A","","Riverside County, California","Private","NAICS 327390 Other concrete product manufacturing","County, NAICS 6-digit -- by ownership sector","All establishment sizes",11,644,37250596,6612234,226745,1113,57872,"",0.80,2.10,2.36,2.16,1.98,1.12,1.12,"",0,0.0,45,7.5,4040977,12.2,356166,5.7,-27059,-10.7,47,4.4,2446,4.4
"06065","5","3279","76","0","2022","A","","Riverside County, California","Private","NAICS 3279 Other nonmetallic mineral product manufacturing","County, NAICS 4-digit -- by ownership sector","All establishment sizes",21,536,39016515,4410026,133580,1401,72860,"",0.75,1.24,1.71,1.03,1.03,1.38,1.38,"",0,0.0,44,8.9,6768877,21.0,-115232,-2.5,-25411,-16.0,142,11.3,7371,11.3
"06065","5","32791","77","0","2022","A","N","Riverside County, California","Private","NAICS 32791 Abrasive product manufacturing","County, NAICS 5-digit -- by ownership sector","All establishment sizes",1,0,0,0,0,0,0,"N",0.40,0,0,0,0,0,0,"N",0,0.0,0,0,0,0,0,0,0,0,0,0,0,0
"06065","5","327910","78","0","2022","A","N","Riverside County, California","Private","NAICS 327910 Abrasive product manufacturing","County, NAICS 6-digit -- by ownership sector","All establishment sizes",1,0,0,0,0,0,0,"N",0.40,0,0,0,0,0,0,"N",0,0.0,0,0,0,0,0,0,0,0,0,0,0,0
"06065","5","32799","77","0","2022","A","N","Riverside County, California","Private","NAICS 32799 All other nonmetallic mineral product manufacturing","County, NAICS 5-digit -- by ownership sector","All establishment sizes",20,0,0,0,0,0,0,"N",0.78,0,0,0,0,0,0,"N",0,0.0,0,0,0,0,0,0,0,0,0,0,0,0
"06065","5","327991","78","0","2022","A","","Riverside County, California","Private","NAICS 327991 Cut stone and stone product manufacturing","County, NAICS 6-digit -- by ownership sector","All establishment sizes",13,200,14312646,1803316,58918,1375,71504,"",0.68,1.03,1.70,0.88,1.06,1.65,1.65,"",-1,-7.1,-11,-5.2,421672,3.0,39877,2.3,-10844,-15.5,109,8.6,5696,8.7
"06065","5","327993","78","0","2022","A","N","Riverside County, California","Private","NAICS 327993 Mineral wool manufacturing","County, NAICS 6-digit -- by ownership sector","All establishment sizes",1,0,0,0,0,0,0,"N",0.50,0,0,0,0,0,0,"N",0,0.0,0,0,0,0,0,0,0,0,0,0,0,0
"06065","5","327999","78","0","2022","A","","Riverside County, California","Private","NAICS 327999 All other miscellaneous nonmetallic mineral product manufacturing","County, NAICS 6-digit -- by ownership sector","All establishment sizes",6,329,24236553,2529740,73045,1417,73667,"",1.72,5.22,6.76,3.50,3.25,1.30,1.30,"",1,20.0,54,19.6,6256085,34.8,-149067,-5.6,-14491,-16.6,160,12.7,8283,12.7
"06065","5","331","75","0","2022","A","","Riverside County, California","Private","NAICS 331 Primary metal manufacturing","County, NAICS 3-digit -- by ownership sector","All establishment sizes",24,1186,83146412,11733302,498752,1348,70116,"",0.63,0.61,0.64,0.65,0.80,1.06,1.06,"",0,0.0,-166,-12.3,-750918,-0.9,-1641995,-12.3,-139753,-21.9,155,13.0,8066,13.0
"06065","5","3311","76","0","2022","A","","Riverside County, California","Private","NAICS 3311 Iron and steel mills and ferroalloy manufacturing","County, NAICS 4-digit -- by ownership sector","All establishment sizes",6,279,21945124,2670171,94821,1515,78774,"",0.95,0.62,0.56,0.78,0.69,0.89,0.89,"",-1,-14.3,-13,-4.5,842621,4.0,-146971,-5.2,-25028,-20.9,125,9.0,6505,9.0
"06065","5","33111","77","0","2022","A","","Riverside County, California","Private","NAICS 33111 Iron and steel mills and ferroalloy manufacturing","County, NAICS 5-digit -- by ownership sector","All establishment sizes",6,279,21945124,2670171,94821,1515,78774,"",0.95,0.62,0.56,0.78,0.69,0.89,0.89,"",-1,-14.3,-13,-4.5,842621,4.0,-146971,-5.2,-25028,-20.9,125,9.0,6505,9.0
"06065","5","331110","78","0","2022","A","","Riverside County, California","Private","NAICS 331110 Iron and steel mills and ferroalloy manufacturing","County, NAICS 6-digit -- by ownership sector","All establishment sizes",6,279,21945124,2670171,94821,1515,78774,"",0.95,0.62,0.56,0.78,0.69,0.89,0.89,"",-1,-14.3,-13,-4.5,842621,4.0,-146971,-5.2,-25028,-20.9,125,9.0,6505,9.0
"06065","5","3312","76","0","2022","A","N","Riverside County, California","Private","NAICS 3312 Steel product manufacturing from purchased steel","County, NAICS 4-digit -- by ownership sector","All establishment sizes",5,0,0,0,0,0,0,"N",0.60,0,0,0,0,0,0,"N",1,25.0,0,0,0,0,0,0,0,0,0,0,0,0
"06065","5","33121","77","0","2022","A","N","Riverside County, California","Private","NAICS 33121 Iron and steel pipe and tube manufacturing from purchased steel","County, NAICS 5-digit -- by ownership sector","All establishment sizes",2,0,0,0,0,0,0,"N",0.55,0,0,0,0,0,0,"N",1,100.0,0,0,0,0,0,0,0,0,0,0,0,0
"06065","5","331210","78","0","2022","A","N","Riverside County, California","Private","NAICS 331210 Iron and steel pipe and tube manufacturing from purchased steel","County, NAICS 6-digit -- by ownership sector","All establishment sizes",2,0,0,0,0,0,0,"N",0.55,0,0,0,0,0,0,"N",1,100.0,0,0,0,0,0,0,0,0,0,0,0,0
"06065","5","33122","77","0","2022","A","","Riverside County, California","Private","NAICS 33122 Rolling and drawing of purchased steel","County, NAICS 5-digit -- by ownership sector","All establishment sizes",3,10,362192,75531,1815,697,36219,"",0.64,0.06,0.04,0.05,0.04,0.59,0.59,"N",0,0.0,0,0,0,0,0,0,0,0,0,0,0,0
"06065","5","331222","78","0","2022","A","","Riverside County, California","Private","NAICS 331222 Steel wire drawing","County, NAICS 6-digit -- by ownership sector","All establishment sizes",3,10,362192,75531,1815,697,36219,"",1.81,0.18,0.12,0.15,0.13,0.69,0.69,"N",1,50.0,0,0,0,0,0,0,0,0,0,0,0,0
"06065","5","3313","76","0","2022","A","","Riverside County, California","Private","NAICS 3313 Alumina and aluminum production and processing","County, NAICS 4-digit -- by ownership sector","All establishment sizes",6,794,55053761,7971825,365640,1334,69366,"",1.19,2.47,2.73,2.67,4.59,1.11,1.11,"",0,0.0,45,6.0,5665404,11.5,331785,4.3,-5408,-1.5,66,5.2,3412,5.2
"06065","5","33131","77","0","2022","A","","Riverside County, California","Private","NAICS 33131 Alumina and aluminum production and processing","County, NAICS 5-digit -- by ownership sector","All establishment sizes",6,794,55053761,7971825,365640,1334,69366,"",1.19,2.47,2.73,2.67,4.59,1.11,1.11,"",0,0.0,45,6.0,5665404,11.5,331785,4.3,-5408,-1.5,66,5.2,3412,5.2
"06065","5","331314","78","0","2022","A","N","Riverside County, California","Private","NAICS 331314 Secondary smelting and alloying of aluminum","County, NAICS 6-digit -- by ownership sector","All establishment sizes",1,0,0,0,0,0,0,"N",1.27,0,0,0,0,0,0,"N",0,0.0,0,0,0,0,0,0,0,0,0,0,0,0
"06065","5","331315","78","0","2022","A","N","Riverside County, California","Private","NAICS 331315 Aluminum sheet, plate, and foil manufacturing","County, NAICS 6-digit -- by ownership sector","All establishment sizes",1,0,0,0,0,0,0,"N",0.86,0,0,0,0,0,0,"N",0,0.0,0,0,0,0,0,0,0,0,0,0,0,0
"06065","5","331318","78","0","2022","A","","Riverside County, California","Private","NAICS 331318 Other aluminum rolling, drawing, and extruding","County, NAICS 6-digit -- by ownership sector","All establishment sizes",4,715,50634919,7340159,326476,1361,70785,"",1.76,4.74,6.24,5.74,7.97,1.32,1.32,"",0,0.0,36,5.3,5250922,11.6,387950,5.6,-1926,-0.6,76,5.9,3970,5.9
"06065","5","3314","76","0","2022","A","N","Riverside County, California","Private","NAICS 3314 Nonferrous metal (except aluminum) production and processing","County, NAICS 4-digit -- by ownership sector","All establishment sizes",2,0,0,0,0,0,0,"N",0.29,0,0,0,0,0,0,"N",1,100.0,0,0,0,0,0,0,0,0,0,0,0,0
"06065","5","33141","77","0","2022","A","N","Riverside County, California","Private","NAICS 33141 Nonferrous metal (except aluminum) smelting and refining","County, NAICS 5-digit -- by ownership sector","All establishment sizes",2,0,0,0,0,0,0,"N",1.90,0,0,0,0,0,0,"N",1,100.0,0,0,0,0,0,0,0,0,0,0,0,0
"06065","5","331410","78","0","2022","A","N","Riverside County, California","Private","NAICS 331410 Nonferrous metal (except aluminum) smelting and refining","County, NAICS 6-digit -- by ownership sector","All establishment sizes",2,0,0,0,0,0,0,"N",1.90,0,0,0,0,0,0,"N",1,100.0,0,0,0,0,0,0,0,0,0,0,0,0
"06065","5","3315","76","0","2022","A","","Riverside County, California","Private","NAICS 3315 Foundries","County, NAICS 4-digit -- by ownership sector","All establishment sizes",5,82,4576699,773623,30863,1078,56041,"",0.45,0.14,0.15,0.13,0.15,1.04,1.04,"",-1,-16.7,-171,-67.6,-4650754,-50.4,-1655068,-68.1,-95902,-75.7,376,53.6,19545,53.6
"06065","5","33151","77","0","2022","A","N","Riverside County, California","Private","NAICS 33151 Ferrous metal foundries","County, NAICS 5-digit -- by ownership sector","All establishment sizes",3,0,0,0,0,0,0,"N",0.62,0,0,0,0,0,0,"N",0,0.0,0,0,0,0,0,0,0,0,0,0,0,0
"06065","5","331511","78","0","2022","A","N","Riverside County, California","Private","NAICS 331511 Iron foundries","County, NAICS 6-digit -- by ownership sector","All establishment sizes",1,0,0,0,0,0,0,"N",0.41,0,0,0,0,0,0,"N",0,0.0,0,0,0,0,0,0,0,0,0,0,0,0
"06065","5","331513","78","0","2022","A","N","Riverside County, California","Private","NAICS 331513 Steel foundries (except investment)","County, NAICS 6-digit -- by ownership sector","All establishment sizes",2,0,0,0,0,0,0,"N",1.21,0,0,0,0,0,0,"N",0,0.0,0,0,0,0,0,0,0,0,0,0,0,0
"06065","5","33152","77","0","2022","A","N","Riverside County, California","Private","NAICS 33152 Nonferrous metal foundries","County, NAICS 5-digit -- by ownership sector","All establishment sizes",2,0,0,0,0,0,0,"N",0.31,0,0,0,0,0,0,"N",-1,-33.3,0,0,0,0,0,0,0,0,0,0,0,0
"06065","5","331523","78","0","2022","A","N","Riverside County, California","Private","NAICS 331523 Nonferrous metal die-casting foundries","County, NAICS 6-digit -- by ownership sector","All establishment sizes",1,0,0,0,0,0,0,"N",0.50,0,0,0,0,0,0,"N",0,0.0,0,0,0,0,0,0,0,0,0,0,0,0
"06065","5","331529","78","0","2022","A","N","Riverside County, California","Private","NAICS 331529 Other nonferrous metal foundries (except die-casting)","County, NAICS 6-digit -- by ownership sector","All establishment sizes",1,0,0,0,0,0,0,"N",0.51,0,0,0,0,0,0,"N",0,0.0,0,0,0,0,0,0,0,0,0,0,0,0
"06065","5","332","75","0","2022","A","","Riverside County, California","Private","NAICS 332 Fabricated metal product manufacturing","County, NAICS 3-digit -- by ownership sector","All establishment sizes",339,6905,467627211,61434418,2065109,1302,67726,"",0.86,0.90,1.15,0.84,0.89,1.28,1.28,"",4,1.2,298,4.5,43070658,10.1,2311139,3.9,-287007,-12.2,66,5.3,3467,5.4
"06065","5","3321","76","0","2022","A","","Riverside County, California","Private","NAICS 3321 Forging and stamping","County, NAICS 4-digit -- by ownership sector","All establishment sizes",16,445,34041703,3156593,109127,1470,76427,"",1.09,0.90,1.31,0.70,0.68,1.45,1.45,"",1,6.7,0,0.0,1610795,5.0,-254601,-7.5,-21739,-16.6,68,4.9,3521,4.8
"06065","5","33211","77","0","2022","A","","Riverside County, California","Private","NAICS 33211 Forging and stamping","County, NAICS 5-digit -- by ownership sector","All establishment sizes",16,445,34041703,3156593,109127,1470,76427,"",1.09,0.90,1.31,0.70,0.68,1.45,1.45,"",1,6.7,0,0.0,1610795,5.0,-254601,-7.5,-21739,-16.6,68,4.9,3521,4.8
"06065","5","332111","78","0","2022","A","N","Riverside County, California","Private","NAICS 332111 Iron and steel forging","County, NAICS 6-digit -- by ownership sector","All establishment sizes",2,0,0,0,0,0,0,"N",0.60,0,0,0,0,0,0,"N",0,0.0,0,0,0,0,0,0,0,0,0,0,0,0
"06065","5","332114","78","0","2022","A","N","Riverside County, California","Private","NAICS 332114 Custom roll forming","County, NAICS 6-digit -- by ownership sector","All establishment sizes",2,0,0,0,0,0,0,"N",1.55,0,0,0,0,0,0,"N",0,0.0,0,0,0,0,0,0,0,0,0,0,0,0
"06065","5","332117","78","0","2022","A","N","Riverside County, California","Private","NAICS 332117 Powder metallurgy part manufacturing","County, NAICS 6-digit -- by ownership sector","All establishment sizes",1,0,0,0,0,0,0,"N",0.89,0,0,0,0,0,0,"N",0,0.0,0,0,0,0,0,0,0,0,0,0,0,0
"06065","5","332119","78","0","2022","A","","Riverside County, California","Private","NAICS 332119 Metal crown, closure, and other metal stamping (except automotive)","County, NAICS 6-digit -- by ownership sector","All establishment sizes",11,167,9218041,1419542,59113,1061,55198,"",1.31,0.61,0.68,0.53,0.76,1.10,1.10,"",0,0.0,3,1.8,613695,7.1,-87323,-5.8,-9394,-13.7,52,5.2,2706,5.2
"06065","5","3322","76","0","2022","A","","Riverside County, California","Private","NAICS 3322 Cutlery and handtool manufacturing","County, NAICS 4-digit -- by ownership sector","All establishment sizes",7,57,2959483,450454,19697,994,51694,"",0.76,0.28,0.27,0.21,0.29,0.94,0.94,"",-1,-12.5,0,0.0,142545,5.1,-59280,-11.6,-4574,-18.8,45,4.7,2346,4.8
"06065","5","33221","77","0","2022","A","","Riverside County, California","Private","NAICS 33221 Cutlery and handtool manufacturing","County, NAICS 5-digit -- by ownership sector","All establishment sizes",7,57,2959483,450454,19697,994,51694,"",0.76,0.28,0.27,0.21,0.29,0.94,0.94,"",-1,-12.5,0,0.0,142545,5.1,-59280,-11.6,-4574,-18.8,45,4.7,2346,4.8
"06065","5","332216","78","0","2022","A","","Riverside County, California","Private","NAICS 332216 Saw blade and handtool manufacturing","County, NAICS 6-digit -- by ownership sector","All establishment sizes",7,57,2959483,450454,19697,994,51694,"",1.01,0.38,0.39,0.29,0.40,1.01,1.01,"",-1,-12.5,0,0.0,142545,5.1,-59280,-11.6,-4574,-18.8,45,4.7,2346,4.8
"06065","5","3323","76","0","2022","A","","Riverside County, California","Private","NAICS 3323 Architectural and structural metals manufacturing","County, NAICS 4-digit -- by ownership sector","All establishment sizes",103,2977,192408087,27745430,881218,1243,64641,"",0.98,1.38,1.72,1.31,1.30,1.24,1.24,"",3,3.0,173,6.2,19515417,11.3,1986796,7.7,-111582,-11.2,57,4.8,2974,4.8
"06065","5","33231","77","0","2022","A","","Riverside County, California","Private","NAICS 33231 Plate work and fabricated structural product manufacturing","County, NAICS 5-digit -- by ownership sector","All establishment sizes",40,651,44588338,6762887,250041,1317,68483,"",0.87,0.70,0.86,0.74,0.85,1.23,1.23,"",2,5.3,40,6.5,8220880,22.6,614993,10.0,-16830,-6.3,173,15.1,9002,15.1
"06065","5","332311","78","0","2022","A","","Riverside County, California","Private","NAICS 332311 Prefabricated metal building and component manufacturing","County, NAICS 6-digit -- by ownership sector","All establishment sizes",10,254,16551633,2813594,85989,1253,65164,"",1.16,1.33,1.57,1.56,1.52,1.18,1.18,"",2,25.0,18,7.6,4239845,34.4,230344,8.9,-15727,-15.5,249,24.8,12940,24.8
"06065","5","332312","78","0","2022","A","","Riverside County, California","Private","NAICS 332312 Fabricated structural metal manufacturing","County, NAICS 6-digit -- by ownership sector","All establishment sizes",18,327,23887810,3323591,145639,1403,72958,"",0.74,0.66,0.86,0.66,0.92,1.30,1.30,"",0,0.0,22,7.2,3426533,16.7,366002,12.4,180,0.1,114,8.8,5945,8.9
"06065","5","332313","78","0","2022","A","","Riverside County, California","Private","NAICS 332313 Plate work manufacturing","County, NAICS 6-digit -- by ownership sector","All establishment sizes",12,70,4148895,625702,18413,1145,59554,"",0.94,0.29,0.31,0.26,0.23,1.09,1.09,"",0,0.0,0,0.0,554502,15.4,18647,3.1,-1283,-6.5,162,16.5,8449,16.5
"06065","5","33232","77","0","2022","A","","Riverside County, California","Private","NAICS 33232 Ornamental and architectural metal products manufacturing","County, NAICS 5-digit -- by ownership sector","All establishment sizes",63,2326,147819749,20982543,631177,1222,63565,"",1.05,1.90,2.46,1.75,1.63,1.29,1.29,"",1,1.6,134,6.1,11294537,8.3,1371803,7.0,-94752,-13.1,24,2.0,1289,2.1
"06065","5","332321","78","0","2022","A","","Riverside County, California","Private","NAICS 332321 Metal window and door manufacturing","County, NAICS 6-digit -- by ownership sector","All establishment sizes",11,1060,66108157,8977418,258475,1199,62371,"",1.14,2.80,3.63,2.70,2.68,1.30,1.30,"",-2,-15.4,11,1.0,1769267,2.7,-36735,-0.4,-70824,-21.5,19,1.6,1013,1.7
"06065","5","332322","78","0","2022","A","","Riverside County, California","Private","NAICS 332322 Sheet metal work manufacturing","County, NAICS 6-digit -- by ownership sector","All establishment sizes",39,1037,68671037,9872866,302410,1274,66226,"",1.33,1.69,2.26,1.58,1.44,1.33,1.33,"",3,8.3,104,11.1,8064011,13.3,1322966,15.5,-8423,-2.7,24,1.9,1232,1.9
"06065","5","332323","78","0","2022","A","","Riverside County, California","Private","NAICS 332323 Ornamental and architectural metal work manufacturing","County, NAICS 6-digit -- by ownership sector","All establishment sizes",13,229,13040555,2132259,70292,1097,57029,"",0.63,0.99,1.14,0.88,0.87,1.15,1.15,"",0,0.0,18,8.5,1461259,12.6,85572,4.2,-15505,-18.1,42,4.0,2194,4.0
"06065","5","3324","76","0","2022","A","","Riverside County, California","Private","NAICS 3324 Boiler, tank, and shipping container manufacturing","County, NAICS 4-digit -- by ownership sector","All establishment sizes",8,406,39433449,3655329,111276,1868,97147,"",0.59,0.82,1.36,0.73,0.65,1.65,1.65,"",1,14.3,39,10.6,5260694,15.4,373405,11.4,2866,2.6,79,4.4,4139,4.5
"06065","5","33241","77","0","2022","A","N","Riverside County, California","Private","NAICS 33241 Power boiler and heat exchanger manufacturing","County, NAICS 5-digit -- by ownership sector","All establishment sizes",2,0,0,0,0,0,0,"N",0.73,0,0,0,0,0,0,"N",0,0.0,0,0,0,0,0,0,0,0,0,0,0,0
"06065","5","332410","78","0","2022","A","N","Riverside County, California","Private","NAICS 332410 Power boiler and heat exchanger manufacturing","County, NAICS 6-digit -- by ownership sector","All establishment sizes",2,0,0,0,0,0,0,"N",0.73,0,0,0,0,0,0,"N",0,0.0,0,0,0,0,0,0,0,0,0,0,0,0
"06065","5","33242","77","0","2022","A","N","Riverside County, California","Private","NAICS 33242 Metal tank (heavy gauge) manufacturing","County, NAICS 5-digit -- by ownership sector","All establishment sizes",2,0,0,0,0,0,0,"N",0.32,0,0,0,0,0,0,"N",1,100.0,0,0,0,0,0,0,0,0,0,0,0,0
"06065","5","332420","78","0","2022","A","N","Riverside County, California","Private","NAICS 332420 Metal tank (heavy gauge) manufacturing","County, NAICS 6-digit -- by ownership sector","All establishment sizes",2,0,0,0,0,0,0,"N",0.32,0,0,0,0,0,0,"N",1,100.0,0,0,0,0,0,0,0,0,0,0,0,0
"06065","5","33243","77","0","2022","A","N","Riverside County, California","Private","NAICS 33243 Metal can, box, and other metal container (light gauge) manufacturing","County, NAICS 5-digit -- by ownership sector","All establishment sizes",4,0,0,0,0,0,0,"N",0.87,0,0,0,0,0,0,"N",0,0.0,0,0,0,0,0,0,0,0,0,0,0,0
"06065","5","332431","78","0","2022","A","N","Riverside County, California","Private","NAICS 332431 Metal can manufacturing","County, NAICS 6-digit -- by ownership sector","All establishment sizes",2,0,0,0,0,0,0,"N",1.25,0,0,0,0,0,0,"N",-1,-33.3,0,0,0,0,0,0,0,0,0,0,0,0
"06065","5","332439","78","0","2022","A","N","Riverside County, California","Private","NAICS 332439 Other metal container manufacturing","County, NAICS 6-digit -- by ownership sector","All establishment sizes",2,0,0,0,0,0,0,"N",0.67,0,0,0,0,0,0,"N",1,100.0,0,0,0,0,0,0,0,0,0,0,0,0
"06065","5","3325","76","0","2022","A","","Riverside County, California","Private","NAICS 3325 Hardware manufacturing","County, NAICS 4-digit -- by ownership sector","All establishment sizes",4,90,6445491,800157,19877,1385,72017,"",0.76,0.69,0.86,0.64,0.59,1.26,1.26,"",0,0.0,-3,-3.2,643180,11.1,85320,11.9,-3570,-15.2,191,16.0,9905,15.9
"06065","5","33251","77","0","2022","A","","Riverside County, California","Private","NAICS 33251 Hardware manufacturing","County, NAICS 5-digit -- by ownership sector","All establishment sizes",4,90,6445491,800157,19877,1385,72017,"",0.76,0.69,0.86,0.64,0.59,1.26,1.26,"",0,0.0,-3,-3.2,643180,11.1,85320,11.9,-3570,-15.2,191,16.0,9905,15.9
"06065","5","332510","78","0","2022","A","","Riverside County, California","Private","NAICS 332510 Hardware manufacturing","County, NAICS 6-digit -- by ownership sector","All establishment sizes",4,90,6445491,800157,19877,1385,72017,"",0.76,0.69,0.86,0.64,0.59,1.26,1.26,"",0,0.0,-3,-3.2,643180,11.1,85320,11.9,-3570,-15.2,191,16.0,9905,15.9
"06065","5","3326","76","0","2022","A","","Riverside County, California","Private","NAICS 3326 Spring and wire product manufacturing","County, NAICS 4-digit -- by ownership sector","All establishment sizes",8,209,12453876,1758899,49244,1145,59517,"",0.95,0.97,1.15,0.86,0.78,1.19,1.19,"",0,0.0,8,4.0,989400,8.6,-176217,-9.1,-12004,-19.6,46,4.2,2361,4.1
"06065","5","33261","77","0","2022","A","","Riverside County, California","Private","NAICS 33261 Spring and wire product manufacturing","County, NAICS 5-digit -- by ownership sector","All establishment sizes",8,209,12453876,1758899,49244,1145,59517,"",0.95,0.97,1.15,0.86,0.78,1.19,1.19,"",0,0.0,8,4.0,989400,8.6,-176217,-9.1,-12004,-19.6,46,4.2,2361,4.1
"06065","5","332613","78","0","2022","A","","Riverside County, California","Private","NAICS 332613 Spring manufacturing","County, NAICS 6-digit -- by ownership sector","All establishment sizes",4,163,9577673,1366186,37160,1129,58699,"",1.49,1.91,2.17,1.92,1.55,1.14,1.14,"N",0,0.0,0,0,0,0,0,0,0,0,0,0,0,0
"06065","5","332618","78","0","2022","A","","Riverside County, California","Private","NAICS 332618 Other fabricated wire product manufacturing","County, NAICS 6-digit -- by ownership sector","All establishment sizes",4,46,2876203,392713,12084,1200,62413,"",0.70,0.35,0.45,0.29,0.31,1.27,1.27,"N",0,0.0,0,0,0,0,0,0,0,0,0,0,0,0
"06065","5","3327","76","0","2022","A","","Riverside County, California","Private","NAICS 3327 Machine shops; turned product; and screw, nut, and bolt manufacturing","County, NAICS 4-digit -- by ownership sector","All establishment sizes",127,1397,89613274,12144387,415632,1234,64166,"",0.90,0.77,0.97,0.71,0.78,1.26,1.26,"",-2,-1.6,0,0.0,7188835,8.7,-264633,-2.1,-83079,-16.7,100,8.8,5183,8.8
"06065","5","33271","77","0","2022","A","","Riverside County, California","Private","NAICS 33271 Machine shops","County, NAICS 5-digit -- by ownership sector","All establishment sizes",113,1153,72005640,10112178,329736,1201,62446,"",0.90,0.82,1.02,0.74,0.79,1.25,1.25,"",-3,-2.6,6,0.5,5327883,8.0,-4908,0.0,-60662,-15.5,83,7.4,4309,7.4
"06065","5","332710","78","0","2022","A","","Riverside County, California","Private","NAICS 332710 Machine shops","County, NAICS 6-digit -- by ownership sector","All establishment sizes",113,1153,72005640,10112178,329736,1201,62446,"",0.90,0.82,1.02,0.74,0.79,1.25,1.25,"",-3,-2.6,6,0.5,5327883,8.0,-4908,0.0,-60662,-15.5,83,7.4,4309,7.4
"06065","5","33272","77","0","2022","A","","Riverside County, California","Private","NAICS 33272 Turned product and screw, nut, and bolt manufacturing","County, NAICS 5-digit -- by ownership sector","All establishment sizes",14,244,17607634,2032209,85896,1391,72311,"",0.99,0.62,0.82,0.59,0.74,1.34,1.34,"",1,7.7,-7,-2.8,1860952,11.8,-259725,-11.3,-22417,-20.7,182,15.1,9450,15.0
"06065","5","332721","78","0","2022","A","","Riverside County, California","Private","NAICS 332721 Precision turned product manufacturing","County, NAICS 6-digit -- by ownership sector","All establishment sizes",8,92,5251489,827438,34426,1096,56978,"",0.86,0.44,0.50,0.42,0.55,1.13,1.13,"",2,33.3,3,3.4,321216,6.5,46588,6.0,-1576,-4.4,28,2.6,1426,2.6
"06065","5","332722","78","0","2022","A","","Riverside County, California","Private","NAICS 332722 Bolt, nut, screw, rivet, and washer manufacturing","County, NAICS 6-digit -- by ownership sector","All establishment sizes",7,151,12356145,1204771,51470,1570,81649,"",1.42,0.80,1.13,0.83,0.97,1.40,1.40,"",0,0.0,-11,-6.8,1539736,14.2,-306313,-20.3,-20841,-28.8,284,22.1,14778,22.1
"06065","5","3328","76","0","2022","A","","Riverside County, California","Private","NAICS 3328 Coating, engraving, heat treating, and allied activities","County, NAICS 4-digit -- by ownership sector","All establishment sizes",32,242,12661330,2197849,72087,1006,52302,"",0.78,0.35,0.39,0.35,0.35,1.11,1.11,"",2,6.7,6,2.5,609053,5.1,83974,4.0,-17098,-19.2,23,2.3,1179,2.3
"06065","5","33281","77","0","2022","A","","Riverside County, California","Private","NAICS 33281 Coating, engraving, heat treating, and allied activities","County, NAICS 5-digit -- by ownership sector","All establishment sizes",32,242,12661330,2197849,72087,1006,52302,"",0.78,0.35,0.39,0.35,0.35,1.11,1.11,"",2,6.7,6,2.5,609053,5.1,83974,4.0,-17098,-19.2,23,2.3,1179,2.3
"06065","5","332811","78","0","2022","A","N","Riverside County, California","Private","NAICS 332811 Metal heat treating","County, NAICS 6-digit -- by ownership sector","All establishment sizes",1,0,0,0,0,0,0,"N",0.22,0,0,0,0,0,0,"N",0,0.0,0,0,0,0,0,0,0,0,0,0,0,0
"06065","5","332812","78","0","2022","A","N","Riverside County, California","Private","NAICS 332812 Metal coating, engraving (except jewelry and silverware), and allied services to manufacturers","County, NAICS 6-digit -- by ownership sector","All establishment sizes",20,0,0,0,0,0,0,"N",0.99,0,0,0,0,0,0,"N",1,5.3,0,0,0,0,0,0,0,0,0,0,0,0
"06065","5","332813","78","0","2022","A","","Riverside County, California","Private","NAICS 332813 Electroplating, plating, polishing, anodizing, and coloring","County, NAICS 6-digit -- by ownership sector","All establishment sizes",11,141,8086891,1289460,43439,1103,57354,"",0.68,0.49,0.62,0.51,0.52,1.26,1.26,"",1,10.0,6,4.4,642208,8.6,119668,10.2,-7924,-15.4,43,4.1,2242,4.1
"06065","5","3329","76","0","2022","A","","Riverside County, California","Private","NAICS 3329 Other fabricated metal product manufacturing","County, NAICS 4-digit -- by ownership sector","All establishment sizes",34,1082,77610518,9525320,386951,1379,71723,"",0.62,0.73,0.91,0.68,0.96,1.24,1.24,"",0,0.0,75,7.4,7110739,10.1,536375,6.0,-36227,-8.6,32,2.4,1702,2.4
"06065","5","33291","77","0","2022","A","","Riverside County, California","Private","NAICS 33291 Metal valve manufacturing","County, NAICS 5-digit -- by ownership sector","All establishment sizes",10,490,33293610,4301582,194200,1307,67969,"",0.82,1.04,1.15,0.99,1.64,1.10,1.10,"",0,0.0,15,3.2,958794,3.0,32869,0.8,-26928,-12.2,-1,-0.1,-45,-0.1
"06065","5","332911","78","0","2022","A","N","Riverside County, California","Private","NAICS 332911 Industrial valve manufacturing","County, NAICS 6-digit -- by ownership sector","All establishment sizes",3,0,0,0,0,0,0,"N",0.66,0,0,0,0,0,0,"N",0,0.0,0,0,0,0,0,0,0,0,0,0,0,0
"06065","5","332912","78","0","2022","A","N","Riverside County, California","Private","NAICS 332912 Fluid power valve and hose fitting manufacturing","County, NAICS 6-digit -- by ownership sector","All establishment sizes",1,0,0,0,0,0,0,"N",0.26,0,0,0,0,0,0,"N",0,0.0,0,0,0,0,0,0,0,0,0,0,0,0
"06065","5","332913","78","0","2022","A","","Riverside County, California","Private","NAICS 332913 Plumbing fixture fitting and trim manufacturing","County, NAICS 6-digit -- by ownership sector","All establishment sizes",6,283,16499837,2548952,88406,1120,58252,"",3.68,4.46,5.01,4.63,7.69,1.12,1.12,"",0,0.0,22,8.4,574646,3.6,150257,6.3,-20945,-19.2,-54,-4.6,-2803,-4.6
"06065","5","33299","77","0","2022","A","","Riverside County, California","Private","NAICS 33299 All other fabricated metal product manufacturing","County, NAICS 5-digit -- by ownership sector","All establishment sizes",24,592,44316908,5223738,192751,1439,74828,"",0.56,0.59,0.79,0.54,0.67,1.33,1.33,"",0,0.0,61,11.5,6151945,16.1,503506,10.7,-9299,-4.6,58,4.2,3011,4.2
"06065","5","332991","78","0","2022","A","N","Riverside County, California","Private","NAICS 332991 Ball and roller bearing manufacturing","County, NAICS 6-digit -- by ownership sector","All establishment sizes",1,0,0,0,0,0,0,"N",0.63,0,0,0,0,0,0,"N",0,0.0,0,0,0,0,0,0,0,0,0,0,0,0
"06065","5","332992","78","0","2022","A","N","Riverside County, California","Private","NAICS 332992 Small arms ammunition manufacturing","County, NAICS 6-digit -- by ownership sector","All establishment sizes",1,0,0,0,0,0,0,"N",0.67,0,0,0,0,0,0,"N",1,100.0,0,0,0,0,0,0,0,0,0,0,0,0
"06065","5","332993","78","0","2022","A","N","Riverside County, California","Private","NAICS 332993 Ammunition (except small arms) manufacturing","County, NAICS 6-digit -- by ownership sector","All establishment sizes",1,0,0,0,0,0,0,"N",1.90,0,0,0,0,0,0,"N",0,0.0,0,0,0,0,0,0,0,0,0,0,0,0
"06065","5","332996","78","0","2022","A","N","Riverside County, California","Private","NAICS 332996 Fabricated pipe and pipe fitting manufacturing","County, NAICS 6-digit -- by ownership sector","All establishment sizes",2,0,0,0,0,0,0,"N",0.31,0,0,0,0,0,0,"N",1,100.0,0,0,0,0,0,0,0,0,0,0,0,0
"06065","5","332999","78","0","2022","A","","Riverside County, California","Private","NAICS 332999 All other miscellaneous fabricated metal product manufacturing","County, NAICS 6-digit -- by ownership sector","All establishment sizes",19,289,17448331,2634477,61760,1161,60357,"",0.69,0.65,0.76,0.61,0.53,1.17,1.16,"",-2,-9.5,48,19.9,2917569,20.1,134409,5.4,-20359,-24.8,-1,-0.1,-62,-0.1
"06065","5","333","75","0","2022","A","","Riverside County, California","Private","NAICS 333 Machinery manufacturing","County, NAICS 3-digit -- by ownership sector","All establishment sizes",152,2838,199676453,22829184,724369,1353,70352,"",0.71,0.48,0.53,0.38,0.36,1.10,1.10,"",-2,-1.3,16,0.6,9446007,5.0,-988357,-4.1,-188841,-20.7,57,4.4,2944,4.4
"06065","5","3331","76","0","2022","A","","Riverside County, California","Private","NAICS 3331 Agriculture, construction, and mining machinery manufacturing","County, NAICS 4-digit -- by ownership sector","All establishment sizes",11,120,7509435,672955,19611,1206,62709,"",0.37,0.11,0.10,0.05,0.04,0.97,0.97,"N",0,0.0,0,0,0,0,0,0,0,0,0,0,0,0
"06065","5","33311","77","0","2022","A","","Riverside County, California","Private","NAICS 33311 Agricultural implement manufacturing","County, NAICS 5-digit -- by ownership sector","All establishment sizes",5,95,5836310,482519,14821,1186,61651,"",0.42,0.20,0.23,0.09,0.06,1.14,1.14,"",-1,-16.7,3,3.3,320872,5.8,-198244,-29.1,-14897,-50.1,31,2.7,1592,2.7
"06065","5","333111","78","0","2022","A","","Riverside County, California","Private","NAICS 333111 Farm machinery and equipment manufacturing","County, NAICS 6-digit -- by ownership sector","All establishment sizes",5,95,5836310,482519,14821,1186,61651,"",0.49,0.27,0.28,0.11,0.08,1.07,1.07,"",-1,-16.7,3,3.3,320872,5.8,-198244,-29.1,-14897,-50.1,31,2.7,1592,2.7
"06065","5","33312","77","0","2022","A","N","Riverside County, California","Private","NAICS 33312 Construction machinery manufacturing","County, NAICS 5-digit -- by ownership sector","All establishment sizes",5,0,0,0,0,0,0,"N",0.71,0,0,0,0,0,0,"N",1,25.0,0,0,0,0,0,0,0,0,0,0,0,0
"06065","5","333120","78","0","2022","A","N","Riverside County, California","Private","NAICS 333120 Construction machinery manufacturing","County, NAICS 6-digit -- by ownership sector","All establishment sizes",5,0,0,0,0,0,0,"N",0.71,0,0,0,0,0,0,"N",1,25.0,0,0,0,0,0,0,0,0,0,0,0,0
"06065","5","33313","77","0","2022","A","N","Riverside County, California","Private","NAICS 33313 Mining and oil and gas field machinery manufacturing","County, NAICS 5-digit -- by ownership sector","All establishment sizes",1,0,0,0,0,0,0,"N",0.09,0,0,0,0,0,0,"N",0,0.0,0,0,0,0,0,0,0,0,0,0,0,0
"06065","5","333132","78","0","2022","A","N","Riverside County, California","Private","NAICS 333132 Oil and gas field machinery and equipment manufacturing","County, NAICS 6-digit -- by ownership sector","All establishment sizes",1,0,0,0,0,0,0,"N",0.12,0,0,0,0,0,0,"N",0,0.0,0,0,0,0,0,0,0,0,0,0,0,0
"06065","5","3332","76","0","2022","A","","Riverside County, California","Private","NAICS 3332 Industrial machinery manufacturing","County, NAICS 4-digit -- by ownership sector","All establishment sizes",23,183,11491363,1533270,51619,1210,62909,"",0.70,0.26,0.20,0.21,0.21,0.78,0.78,"",-4,-14.8,-104,-36.2,-3062859,-21.0,-1279188,-45.5,-54240,-51.2,233,23.8,12109,23.8
"06065","5","33324","77","0","2022","A","","Riverside County, California","Private","NAICS 33324 Industrial machinery manufacturing","County, NAICS 5-digit -- by ownership sector","All establishment sizes",23,183,11491363,1533270,51619,1210,62909,"",0.70,0.26,0.20,0.21,0.21,0.78,0.78,"",-4,-14.8,-104,-36.2,-3062859,-21.0,-1279188,-45.5,-54240,-51.2,233,23.8,12109,23.8
"06065","5","333241","78","0","2022","A","","Riverside County, California","Private","NAICS 333241 Food product machinery manufacturing","County, NAICS 6-digit -- by ownership sector","All establishment sizes",4,18,603673,145048,3683,657,34170,"",0.71,0.16,0.09,0.11,0.12,0.55,0.55,"",-2,-33.3,-99,-84.6,-3616137,-85.7,-1121109,-88.5,-38702,-91.3,-39,-5.6,-2000,-5.5
"06065","5","333242","78","0","2022","A","N","Riverside County, California","Private","NAICS 333242 Semiconductor machinery manufacturing","County, NAICS 6-digit -- by ownership sector","All establishment sizes",1,0,0,0,0,0,0,"N",0.43,0,0,0,0,0,0,"N",0,0.0,0,0,0,0,0,0,0,0,0,0,0,0
"06065","5","333243","78","0","2022","A","N","Riverside County, California","Private","NAICS 333243 Sawmill, woodworking, and paper machinery manufacturing","County, NAICS 6-digit -- by ownership sector","All establishment sizes",1,0,0,0,0,0,0,"N",0.29,0,0,0,0,0,0,"N",0,0.0,0,0,0,0,0,0,0,0,0,0,0,0
"06065","5","333248","78","0","2022","A","","Riverside County, California","Private","NAICS 333248 All other industrial machinery manufacturing","County, NAICS 6-digit -- by ownership sector","All establishment sizes",18,137,8403230,1138214,35685,1176,61151,"",0.84,0.38,0.37,0.31,0.29,0.97,0.97,"N",18,100.0,0,0,0,0,0,0,0,0,0,0,0,0
"06065","5","3333","76","0","2022","A","","Riverside County, California","Private","NAICS 3333 Commercial and service industry machinery manufacturing","County, NAICS 4-digit -- by ownership sector","All establishment sizes",22,706,57439698,5803720,156768,1565,81398,"",1.08,1.45,1.74,1.17,1.08,1.20,1.19,"",-1,-4.3,29,4.3,-4174059,-6.8,136411,2.4,-35343,-18.4,-186,-10.6,-9634,-10.6
"06065","5","33331","77","0","2022","A","","Riverside County, California","Private","NAICS 33331 Commercial and service industry machinery manufacturing","County, NAICS 5-digit -- by ownership sector","All establishment sizes",22,706,57439698,5803720,156768,1565,81398,"",1.08,1.45,1.74,1.17,1.08,1.20,1.19,"",-1,-4.3,29,4.3,-4174059,-6.8,136411,2.4,-35343,-18.4,-186,-10.6,-9634,-10.6
"06065","5","333310","78","0","2022","A","","Riverside County, California","Private","NAICS 333310 Commercial and service industry machinery manufacturing","County, NAICS 6-digit -- by ownership sector","All establishment sizes",22,706,57439698,5803720,156768,1565,81398,"",1.08,1.45,1.74,1.17,1.08,1.20,1.19,"N",22,100.0,0,0,0,0,0,0,0,0,0,0,0,0
"06065","5","3334","76","0","2022","A","","Riverside County, California","Private","NAICS 3334 Ventilation, heating, air-conditioning, and commercial refrigeration equipment manufacturing","County, NAICS 4-digit -- by ownership sector","All establishment sizes",11,328,18591100,2807863,114201,1091,56723,"",0.62,0.43,0.46,0.38,0.50,1.08,1.08,"",-1,-8.3,-31,-8.6,-310338,-1.6,230065,8.9,-7740,-6.3,79,7.8,4122,7.8
"06065","5","33341","77","0","2022","A","","Riverside County, California","Private","NAICS 33341 Ventilation, heating, air-conditioning, and commercial refrigeration equipment manufacturing","County, NAICS 5-digit -- by ownership sector","All establishment sizes",11,328,18591100,2807863,114201,1091,56723,"",0.62,0.43,0.46,0.38,0.50,1.08,1.08,"",-1,-8.3,-31,-8.6,-310338,-1.6,230065,8.9,-7740,-6.3,79,7.8,4122,7.8
"06065","5","333413","78","0","2022","A","","Riverside County, California","Private","NAICS 333413 Industrial and commercial fan and blower and air purification equipment manufacturing","County, NAICS 6-digit -- by ownership sector","All establishment sizes",4,233,12529721,1639501,67039,1034,53756,"",0.75,1.39,1.40,1.01,1.52,1.00,1.00,"N",0,0.0,0,0,0,0,0,0,0,0,0,0,0,0
"06065","5","333414","78","0","2022","A","N","Riverside County, California","Private","NAICS 333414 Heating equipment (except warm air furnaces) manufacturing","County, NAICS 6-digit -- by ownership sector","All establishment sizes",1,0,0,0,0,0,0,"N",0.31,0,0,0,0,0,0,"N",0,0.0,0,0,0,0,0,0,0,0,0,0,0,0
"06065","5","333415","78","0","2022","A","N","Riverside County, California","Private","NAICS 333415 Air-conditioning and warm air heating equipment and commercial and industrial refrigeration equipment manufacturing","County, NAICS 6-digit -- by ownership sector","All establishment sizes",6,0,0,0,0,0,0,"N",0.67,0,0,0,0,0,0,"N",-1,-14.3,0,0,0,0,0,0,0,0,0,0,0,0
"06065","5","3335","76","0","2022","A","","Riverside County, California","Private","NAICS 3335 Metalworking machinery manufacturing","County, NAICS 4-digit -- by ownership sector","All establishment sizes",40,360,25327353,3155599,98145,1354,70419,"",0.78,0.41,0.52,0.40,0.37,1.26,1.26,"",1,2.6,-77,-17.6,878728,3.6,-774094,-19.7,-28038,-22.2,278,25.8,14451,25.8
"06065","5","33351","77","0","2022","A","","Riverside County, California","Private","NAICS 33351 Metalworking machinery manufacturing","County, NAICS 5-digit -- by ownership sector","All establishment sizes",40,360,25327353,3155599,98145,1354,70419,"",0.78,0.41,0.52,0.40,0.37,1.26,1.26,"",1,2.6,-77,-17.6,878728,3.6,-774094,-19.7,-28038,-22.2,278,25.8,14451,25.8
"06065","5","333511","78","0","2022","A","","Riverside County, California","Private","NAICS 333511 Industrial mold manufacturing","County, NAICS 6-digit -- by ownership sector","All establishment sizes",10,140,10103255,1154670,41928,1385,71995,"",0.99,0.77,1.06,0.62,0.70,1.37,1.37,"",0,0.0,-98,-41.2,-1553520,-13.3,-912473,-44.1,-29345,-41.2,443,47.0,23034,47.0
"06065","5","333514","78","0","2022","A","N","Riverside County, California","Private","NAICS 333514 Special die and tool, die set, jig, and fixture manufacturing","County, NAICS 6-digit -- by ownership sector","All establishment sizes",5,0,0,0,0,0,0,"N",0.28,0,0,0,0,0,0,"N",-1,-16.7,0,0,0,0,0,0,0,0,0,0,0,0
"06065","5","333515","78","0","2022","A","N","Riverside County, California","Private","NAICS 333515 Cutting tool and machine tool accessory manufacturing","County, NAICS 6-digit -- by ownership sector","All establishment sizes",2,0,0,0,0,0,0,"N",0.28,0,0,0,0,0,0,"N",0,0.0,0,0,0,0,0,0,0,0,0,0,0,0
"06065","5","333517","78","0","2022","A","","Riverside County, California","Private","NAICS 333517 Machine tool manufacturing","County, NAICS 6-digit -- by ownership sector","All establishment sizes",19,113,8308366,985520,26969,1419,73797,"",1.39,0.50,0.63,0.49,0.41,1.27,1.27,"",2,11.8,11,10.8,1776139,27.2,87006,9.7,471,1.8,185,15.0,9651,15.0
"06065","5","333519","78","0","2022","A","","Riverside County, California","Private","NAICS 333519 Rolling mill and other metalworking machinery manufacturing","County, NAICS 6-digit -- by ownership sector","All establishment sizes",4,48,3234578,442416,12375,1289,67038,"",1.50,0.76,0.81,0.87,0.54,1.06,1.06,"",0,0.0,5,11.6,128575,4.1,43232,10.8,742,6.4,-105,-7.5,-5476,-7.6
"06065","5","3336","76","0","2022","A","","Riverside County, California","Private","NAICS 3336 Engine, turbine, and power transmission equipment manufacturing","County, NAICS 4-digit -- by ownership sector","All establishment sizes",3,346,21923296,2420919,79784,1220,63439,"",0.33,0.72,0.63,0.55,0.58,0.87,0.87,"N",0,0.0,0,0,0,0,0,0,0,0,0,0,0,0
"06065","5","33361","77","0","2022","A","","Riverside County, California","Private","NAICS 33361 Engine, turbine, and power transmission equipment manufacturing","County, NAICS 5-digit -- by ownership sector","All establishment sizes",3,346,21923296,2420919,79784,1220,63439,"",0.33,0.72,0.63,0.55,0.58,0.87,0.87,"N",0,0.0,0,0,0,0,0,0,0,0,0,0,0,0
"06065","5","333612","78","0","2022","A","N","Riverside County, California","Private","NAICS 333612 Speed changer, industrial high-speed drive, and gear manufacturing","County, NAICS 6-digit -- by ownership sector","All establishment sizes",1,0,0,0,0,0,0,"N",0.54,0,0,0,0,0,0,"N",0,0.0,0,0,0,0,0,0,0,0,0,0,0,0
"06065","5","333613","78","0","2022","A","N","Riverside County, California","Private","NAICS 333613 Mechanical power transmission equipment manufacturing","County, NAICS 6-digit -- by ownership sector","All establishment sizes",2,0,0,0,0,0,0,"N",0.91,0,0,0,0,0,0,"N",0,0.0,0,0,0,0,0,0,0,0,0,0,0,0
"06065","5","3339","76","0","2022","A","","Riverside County, California","Private","NAICS 3339 Other general purpose machinery manufacturing","County, NAICS 4-digit -- by ownership sector","All establishment sizes",42,797,57394208,6434858,204241,1385,71998,"",0.78,0.53,0.61,0.43,0.47,1.15,1.15,"",2,5.0,130,19.5,8373222,17.1,457707,7.7,-42278,-17.1,-28,-2.0,-1497,-2.0
"06065","5","33391","77","0","2022","A","","Riverside County, California","Private","NAICS 33391 Pump and compressor manufacturing","County, NAICS 5-digit -- by ownership sector","All establishment sizes",6,180,15087745,1499286,46975,1610,83705,"",0.71,0.73,0.90,0.61,0.66,1.23,1.23,"",0,0.0,-12,-6.2,-363702,-2.4,-336662,-18.3,-18546,-28.3,62,4.0,3194,4.0
"06065","5","333912","78","0","2022","A","N","Riverside County, California","Private","NAICS 333912 Air and gas compressor manufacturing","County, NAICS 6-digit -- by ownership sector","All establishment sizes",4,0,0,0,0,0,0,"N",1.44,0,0,0,0,0,0,"N",0,0.0,0,0,0,0,0,0,0,0,0,0,0,0
"06065","5","333914","78","0","2022","A","N","Riverside County, California","Private","NAICS 333914 Measuring, dispensing, and other pumping equipment manufacturing","County, NAICS 6-digit -- by ownership sector","All establishment sizes",2,0,0,0,0,0,0,"N",0.35,0,0,0,0,0,0,"N",0,0.0,0,0,0,0,0,0,0,0,0,0,0,0
"06065","5","33392","77","0","2022","A","","Riverside County, California","Private","NAICS 33392 Material handling equipment manufacturing","County, NAICS 5-digit -- by ownership sector","All establishment sizes",6,170,11359691,1460302,27023,1283,66691,"",0.43,0.35,0.39,0.29,0.18,1.13,1.13,"",1,20.0,136,400.0,9453472,495.9,1106241,312.4,15467,133.8,197,18.1,10210,18.1
"06065","5","333922","78","0","2022","A","","Riverside County, California","Private","NAICS 333922 Conveyor and conveying equipment manufacturing","County, NAICS 6-digit -- by ownership sector","All establishment sizes",3,8,559783,64780,1882,1420,73818,"",0.45,0.04,0.05,0.03,0.03,1.21,1.21,"N",0,0.0,0,0,0,0,0,0,0,0,0,0,0,0
"06065","5","333923","78","0","2022","A","N","Riverside County, California","Private","NAICS 333923 Overhead traveling crane, hoist, and monorail system manufacturing","County, NAICS 6-digit -- by ownership sector","All establishment sizes",1,0,0,0,0,0,0,"N",0.34,0,0,0,0,0,0,"N",0,0.0,0,0,0,0,0,0,0,0,0,0,0,0
"06065","5","333924","78","0","2022","A","N","Riverside County, California","Private","NAICS 333924 Industrial truck, tractor, trailer, and stacker machinery manufacturing","County, NAICS 6-digit -- by ownership sector","All establishment sizes",2,0,0,0,0,0,0,"N",0.71,0,0,0,0,0,0,"N",1,100.0,0,0,0,0,0,0,0,0,0,0,0,0
"06065","5","33399","77","0","2022","A","","Riverside County, California","Private","NAICS 33399 All other general purpose machinery manufacturing","County, NAICS 5-digit -- by ownership sector","All establishment sizes",30,447,30946772,3475270,130243,1333,69297,"",0.96,0.59,0.65,0.46,0.61,1.10,1.10,"",1,3.4,6,1.4,-716548,-2.3,-311872,-8.2,-39199,-23.1,-47,-3.4,-2448,-3.4
"06065","5","333991","78","0","2022","A","","Riverside County, California","Private","NAICS 333991 Power-driven handtool manufacturing","County, NAICS 6-digit -- by ownership sector","All establishment sizes",3,28,2648498,230474,8336,1830,95156,"",1.89,0.37,0.61,0.32,0.43,1.66,1.66,"N",0,0.0,0,0,0,0,0,0,0,0,0,0,0,0
"06065","5","333992","78","0","2022","A","","Riverside County, California","Private","NAICS 333992 Welding and soldering equipment manufacturing","County, NAICS 6-digit -- by ownership sector","All establishment sizes",6,37,2488216,319159,10169,1296,67401,"",1.31,0.46,0.46,0.49,0.46,1.01,1.01,"",0,0.0,4,12.1,305958,14.0,36418,12.9,-763,-7.0,11,0.9,597,0.9
"06065","5","333993","78","0","2022","A","N","Riverside County, California","Private","NAICS 333993 Packaging machinery manufacturing","County, NAICS 6-digit -- by ownership sector","All establishment sizes",4,0,0,0,0,0,0,"N",0.73,0,0,0,0,0,0,"N",0,0.0,0,0,0,0,0,0,0,0,0,0,0,0
"06065","5","333994","78","0","2022","A","","Riverside County, California","Private","NAICS 333994 Industrial process furnace and oven manufacturing","County, NAICS 6-digit -- by ownership sector","All establishment sizes",5,123,8110314,983717,32357,1267,65893,"",2.09,2.54,2.63,2.07,1.87,1.03,1.03,"",0,0.0,1,0.8,-127985,-1.6,-75930,-7.2,-7665,-19.2,-34,-2.6,-1773,-2.6
"06065","5","333995","78","0","2022","A","N","Riverside County, California","Private","NAICS 333995 Fluid power cylinder and actuator manufacturing","County, NAICS 6-digit -- by ownership sector","All establishment sizes",1,0,0,0,0,0,0,"N",0.40,0,0,0,0,0,0,"N",0,0.0,0,0,0,0,0,0,0,0,0,0,0,0
"06065","5","333996","78","0","2022","A","","Riverside County, California","Private","NAICS 333996 Fluid power pump and motor manufacturing","County, NAICS 6-digit -- by ownership sector","All establishment sizes",3,47,3209117,323056,17635,1318,68522,"",1.59,0.48,0.44,0.33,0.66,0.93,0.93,"",0,0.0,-2,-4.1,-33469,-1.0,-39053,-10.8,-2513,-12.5,34,2.6,1779,2.7
"06065","5","333998","78","0","2022","A","","Riverside County, California","Private","NAICS 333998 All other miscellaneous general purpose machinery manufacturing","County, NAICS 6-digit -- by ownership sector","All establishment sizes",8,77,6022249,653554,27481,1514,78722,"",0.63,0.32,0.41,0.28,0.39,1.30,1.30,"N",8,100.0,0,0,0,0,0,0,0,0,0,0,0,0
"06065","5","334","75","0","2022","A","","Riverside County, California","Private","NAICS 334 Computer and electronic product manufacturing","County, NAICS 3-digit -- by ownership sector","All establishment sizes",77,1779,152400792,13453455,558616,1648,85691,"",0.49,0.31,0.22,0.23,0.31,0.74,0.74,"",8,11.6,-308,-14.8,-27035769,-15.1,-3223833,-19.3,-286770,-33.9,-5,-0.3,-277,-0.3
"06065","5","3341","76","0","2022","A","","Riverside County, California","Private","NAICS 3341 Computer and peripheral equipment manufacturing","County, NAICS 4-digit -- by ownership sector","All establishment sizes",5,27,2753335,281600,9622,1949,101350,"",0.35,0.03,0.02,0.04,0.04,0.49,0.49,"",0,0.0,-16,-37.2,-460848,-14.3,-53436,-15.9,-2179,-18.5,509,35.3,26456,35.3
"06065","5","33411","77","0","2022","A","","Riverside County, California","Private","NAICS 33411 Computer and peripheral equipment manufacturing","County, NAICS 5-digit -- by ownership sector","All establishment sizes",5,27,2753335,281600,9622,1949,101350,"",0.35,0.03,0.02,0.04,0.04,0.49,0.49,"",0,0.0,-16,-37.2,-460848,-14.3,-53436,-15.9,-2179,-18.5,509,35.3,26456,35.3
"06065","5","334111","78","0","2022","A","N","Riverside County, California","Private","NAICS 334111 Electronic computer manufacturing","County, NAICS 6-digit -- by ownership sector","All establishment sizes",2,0,0,0,0,0,0,"N",0.32,0,0,0,0,0,0,"N",0,0.0,0,0,0,0,0,0,0,0,0,0,0,0
"06065","5","334112","78","0","2022","A","N","Riverside County, California","Private","NAICS 334112 Computer storage device manufacturing","County, NAICS 6-digit -- by ownership sector","All establishment sizes",1,0,0,0,0,0,0,"N",0.56,0,0,0,0,0,0,"N",0,0.0,0,0,0,0,0,0,0,0,0,0,0,0
"06065","5","334118","78","0","2022","A","N","Riverside County, California","Private","NAICS 334118 Computer terminal and other computer peripheral equipment manufacturing","County, NAICS 6-digit -- by ownership sector","All establishment sizes",2,0,0,0,0,0,0,"N",0.31,0,0,0,0,0,0,"N",0,0.0,0,0,0,0,0,0,0,0,0,0,0,0
"06065","5","3342","76","0","2022","A","","Riverside County, California","Private","NAICS 3342 Communications equipment manufacturing","County, NAICS 4-digit -- by ownership sector","All establishment sizes",16,136,14199858,814292,37342,2015,104796,"",0.90,0.29,0.32,0.20,0.26,1.11,1.11,"",3,23.1,8,6.2,710240,5.3,-304175,-27.2,-23485,-38.6,-17,-0.8,-867,-0.8
"06065","5","33421","77","0","2022","A","N","Riverside County, California","Private","NAICS 33421 Telephone apparatus manufacturing","County, NAICS 5-digit -- by ownership sector","All establishment sizes",1,0,0,0,0,0,0,"N",0.33,0,0,0,0,0,0,"N",0,0.0,0,0,0,0,0,0,0,0,0,0,0,0
"06065","5","334210","78","0","2022","A","N","Riverside County, California","Private","NAICS 334210 Telephone apparatus manufacturing","County, NAICS 6-digit -- by ownership sector","All establishment sizes",1,0,0,0,0,0,0,"N",0.33,0,0,0,0,0,0,"N",0,0.0,0,0,0,0,0,0,0,0,0,0,0,0
"06065","5","33422","77","0","2022","A","","Riverside County, California","Private","NAICS 33422 Radio and television broadcasting and wireless communications equipment manufacturing","County, NAICS 5-digit -- by ownership sector","All establishment sizes",10,116,12279305,654123,32813,2033,105704,"",1.02,0.42,0.46,0.27,0.38,1.11,1.11,"",1,11.1,-2,-1.7,-231891,-1.9,-385966,-37.1,-26431,-44.6,-12,-0.6,-623,-0.6
"06065","5","334220","78","0","2022","A","","Riverside County, California","Private","NAICS 334220 Radio and television broadcasting and wireless communications equipment manufacturing","County, NAICS 6-digit -- by ownership sector","All establishment sizes",10,116,12279305,654123,32813,2033,105704,"",1.02,0.42,0.46,0.27,0.38,1.11,1.11,"",1,11.1,-2,-1.7,-231891,-1.9,-385966,-37.1,-26431,-44.6,-12,-0.6,-623,-0.6
"06065","5","33429","77","0","2022","A","N","Riverside County, California","Private","NAICS 33429 Other communications equipment manufacturing","County, NAICS 5-digit -- by ownership sector","All establishment sizes",5,0,0,0,0,0,0,"N",1.00,0,0,0,0,0,0,"N",2,66.7,0,0,0,0,0,0,0,0,0,0,0,0
"06065","5","334290","78","0","2022","A","N","Riverside County, California","Private","NAICS 334290 Other communications equipment manufacturing","County, NAICS 6-digit -- by ownership sector","All establishment sizes",5,0,0,0,0,0,0,"N",1.00,0,0,0,0,0,0,"N",2,66.7,0,0,0,0,0,0,0,0,0,0,0,0
"06065","5","3343","76","0","2022","A","N","Riverside County, California","Private","NAICS 3343 Audio and video equipment manufacturing","County, NAICS 4-digit -- by ownership sector","All establishment sizes",2,0,0,0,0,0,0,"N",0.32,0,0,0,0,0,0,"N",1,100.0,0,0,0,0,0,0,0,0,0,0,0,0
"06065","5","33431","77","0","2022","A","N","Riverside County, California","Private","NAICS 33431 Audio and video equipment manufacturing","County, NAICS 5-digit -- by ownership sector","All establishment sizes",2,0,0,0,0,0,0,"N",0.32,0,0,0,0,0,0,"N",1,100.0,0,0,0,0,0,0,0,0,0,0,0,0
"06065","5","334310","78","0","2022","A","N","Riverside County, California","Private","NAICS 334310 Audio and video equipment manufacturing","County, NAICS 6-digit -- by ownership sector","All establishment sizes",2,0,0,0,0,0,0,"N",0.32,0,0,0,0,0,0,"N",1,100.0,0,0,0,0,0,0,0,0,0,0,0,0
"06065","5","3344","76","0","2022","A","","Riverside County, California","Private","NAICS 3344 Semiconductor and other electronic component manufacturing","County, NAICS 4-digit -- by ownership sector","All establishment sizes",22,832,65932054,5928741,252264,1525,79277,"",0.51,0.40,0.29,0.26,0.36,0.73,0.73,"",0,0.0,-12,-1.4,4802378,7.9,-338451,-5.4,-51678,-17.0,132,9.5,6863,9.5
"06065","5","33441","77","0","2022","A","","Riverside County, California","Private","NAICS 33441 Semiconductor and other electronic component manufacturing","County, NAICS 5-digit -- by ownership sector","All establishment sizes",22,832,65932054,5928741,252264,1525,79277,"",0.51,0.40,0.29,0.26,0.36,0.73,0.73,"",0,0.0,-12,-1.4,4802378,7.9,-338451,-5.4,-51678,-17.0,132,9.5,6863,9.5
"06065","5","334412","78","0","2022","A","N","Riverside County, California","Private","NAICS 334412 Bare printed circuit board manufacturing","County, NAICS 6-digit -- by ownership sector","All establishment sizes",3,0,0,0,0,0,0,"N",0.88,0,0,0,0,0,0,"N",1,50.0,0,0,0,0,0,0,0,0,0,0,0,0
"06065","5","334413","78","0","2022","A","N","Riverside County, California","Private","NAICS 334413 Semiconductor and related device manufacturing","County, NAICS 6-digit -- by ownership sector","All establishment sizes",5,0,0,0,0,0,0,"N",0.35,0,0,0,0,0,0,"N",-2,-28.6,0,0,0,0,0,0,0,0,0,0,0,0
"06065","5","334416","78","0","2022","A","","Riverside County, California","Private","NAICS 334416 Capacitor, resistor, coil, transformer, and other inductor manufacturing","County, NAICS 6-digit -- by ownership sector","All establishment sizes",3,164,9356191,1274571,50772,1095,56963,"",1.04,1.83,1.88,1.54,1.86,1.03,1.03,"",0,0.0,-5,-3.0,68698,0.7,-81434,-6.0,-3413,-6.3,38,3.6,1980,3.6
"06065","5","334417","78","0","2022","A","N","Riverside County, California","Private","NAICS 334417 Electronic connector manufacturing","County, NAICS 6-digit -- by ownership sector","All establishment sizes",2,0,0,0,0,0,0,"N",0.81,0,0,0,0,0,0,"N",0,0.0,0,0,0,0,0,0,0,0,0,0,0,0
"06065","5","334418","78","0","2022","A","","Riverside County, California","Private","NAICS 334418 Printed circuit assembly (electronic assembly) manufacturing","County, NAICS 6-digit -- by ownership sector","All establishment sizes",3,79,4978849,774420,27611,1215,63157,"",0.37,0.25,0.29,0.27,0.29,1.15,1.15,"",0,0.0,3,3.9,435369,9.6,120826,18.5,2384,9.5,67,5.8,3440,5.8
"06065","5","334419","78","0","2022","A","","Riverside County, California","Private","NAICS 334419 Other electronic component manufacturing","County, NAICS 6-digit -- by ownership sector","All establishment sizes",7,73,3813518,674232,26415,1009,52480,"",0.60,0.22,0.17,0.21,0.24,0.78,0.78,"",2,40.0,10,15.9,-305361,-7.4,141482,26.6,4250,19.2,-252,-20.0,-13072,-19.9
"06065","5","3345","76","0","2022","A","","Riverside County, California","Private","NAICS 3345 Navigational, measuring, electromedical, and control instruments manufacturing","County, NAICS 4-digit -- by ownership sector","All establishment sizes",27,768,68115758,6343996,256006,1706,88731,"",0.41,0.34,0.32,0.26,0.39,0.95,0.95,"",3,12.5,-288,-27.3,-31817277,-31.8,-2343325,-27.0,-196976,-43.5,-114,-6.3,-5932,-6.3
"06065","5","33451","77","0","2022","A","","Riverside County, California","Private","NAICS 33451 Navigational, measuring, electromedical, and control instruments manufacturing","County, NAICS 5-digit -- by ownership sector","All establishment sizes",27,768,68115758,6343996,256006,1706,88731,"",0.41,0.34,0.32,0.26,0.39,0.95,0.95,"",3,12.5,-288,-27.3,-31817277,-31.8,-2343325,-27.0,-196976,-43.5,-114,-6.3,-5932,-6.3
"06065","5","334510","78","0","2022","A","N","Riverside County, California","Private","NAICS 334510 Electromedical and electrotherapeutic apparatus manufacturing","County, NAICS 6-digit -- by ownership sector","All establishment sizes",2,0,0,0,0,0,0,"N",0.15,0,0,0,0,0,0,"N",-1,-33.3,0,0,0,0,0,0,0,0,0,0,0,0
"06065","5","334511","78","0","2022","A","N","Riverside County, California","Private","NAICS 334511 Search, detection, navigation, guidance, aeronautical, and nautical system and instrument manufacturing","County, NAICS 6-digit -- by ownership sector","All establishment sizes",2,0,0,0,0,0,0,"N",0.27,0,0,0,0,0,0,"N",0,0.0,0,0,0,0,0,0,0,0,0,0,0,0
"06065","5","334512","78","0","2022","A","N","Riverside County, California","Private","NAICS 334512 Automatic environmental control manufacturing for residential, commercial, and appliance use","County, NAICS 6-digit -- by ownership sector","All establishment sizes",2,0,0,0,0,0,0,"N",0.60,0,0,0,0,0,0,"N",1,100.0,0,0,0,0,0,0,0,0,0,0,0,0
"06065","5","334513","78","0","2022","A","","Riverside County, California","Private","NAICS 334513 Instruments and related products manufacturing for measuring, displaying, and controlling industrial process variables","County, NAICS 6-digit -- by ownership sector","All establishment sizes",5,232,12795341,1931325,52220,1062,55232,"",0.37,0.77,0.63,0.60,0.57,0.82,0.82,"N",2,66.7,0,0,0,0,0,0,0,0,0,0,0,0
"06065","5","334514","78","0","2022","A","N","Riverside County, California","Private","NAICS 334514 Totalizing fluid meter and counting device manufacturing","County, NAICS 6-digit -- by ownership sector","All establishment sizes",1,0,0,0,0,0,0,"N",0.64,0,0,0,0,0,0,"N",0,0.0,0,0,0,0,0,0,0,0,0,0,0,0
"06065","5","334515","78","0","2022","A","","Riverside County, California","Private","NAICS 334515 Instrument manufacturing for measuring and testing electricity and electrical signals","County, NAICS 6-digit -- by ownership sector","All establishment sizes",10,256,32957007,1975022,91773,2477,128822,"",1.22,1.25,1.54,0.81,1.27,1.23,1.23,"",1,11.1,26,11.3,4481322,15.7,119160,6.4,-13493,-12.8,93,3.9,4880,3.9
"06065","5","334516","78","0","2022","A","N","Riverside County, California","Private","NAICS 334516 Analytical laboratory instrument manufacturing","County, NAICS 6-digit -- by ownership sector","All establishment sizes",1,0,0,0,0,0,0,"N",0.13,0,0,0,0,0,0,"N",0,0.0,0,0,0,0,0,0,0,0,0,0,0,0
"06065","5","334519","78","0","2022","A","","Riverside County, California","Private","NAICS 334519 Other measuring and controlling device manufacturing","County, NAICS 6-digit -- by ownership sector","All establishment sizes",4,66,4581171,649419,20391,1342,69764,"",0.45,0.31,0.20,0.33,0.34,0.65,0.65,"",0,0.0,-5,-7.0,-74097,-1.6,-12277,-1.9,-2731,-11.8,78,6.2,4043,6.2
"06065","5","3346","76","0","2022","A","N","Riverside County, California","Private","NAICS 3346 Manufacturing and reproducing magnetic and optical media","County, NAICS 4-digit -- by ownership sector","All establishment sizes",4,0,0,0,0,0,0,"N",0.39,0,0,0,0,0,0,"N",0,0.0,0,0,0,0,0,0,0,0,0,0,0,0
"06065","5","33461","77","0","2022","A","N","Riverside County, California","Private","NAICS 33461 Manufacturing and reproducing magnetic and optical media","County, NAICS 5-digit -- by ownership sector","All establishment sizes",4,0,0,0,0,0,0,"N",0.39,0,0,0,0,0,0,"N",0,0.0,0,0,0,0,0,0,0,0,0,0,0,0
"06065","5","334610","78","0","2022","A","N","Riverside County, California","Private","NAICS 334610 Manufacturing and reproducing magnetic and optical media","County, NAICS 6-digit -- by ownership sector","All establishment sizes",4,0,0,0,0,0,0,"N",0.39,0,0,0,0,0,0,"N",4,100.0,0,0,0,0,0,0,0,0,0,0,0,0
"06065","5","335","75","0","2022","A","","Riverside County, California","Private","NAICS 335 Electrical equipment, appliance, and component manufacturing","County, NAICS 3-digit -- by ownership sector","All establishment sizes",42,833,58283253,8098561,243442,1346,69989,"",0.68,0.38,0.43,0.37,0.37,1.13,1.14,"",5,13.5,50,6.4,8530564,17.1,483347,6.3,-16402,-6.3,124,10.1,6421,10.1
"06065","5","3351","76","0","2022","A","N","Riverside County, California","Private","NAICS 3351 Electric lighting equipment manufacturing","County, NAICS 4-digit -- by ownership sector","All establishment sizes",6,0,0,0,0,0,0,"N",0.49,0,0,0,0,0,0,"N",0,0.0,0,0,0,0,0,0,0,0,0,0,0,0
"06065","5","33513","77","0","2022","A","N","Riverside County, California","Private","NAICS 33513 Electric lighting equipment manufacturing","County, NAICS 5-digit -- by ownership sector","All establishment sizes",6,0,0,0,0,0,0,"N",0.49,0,0,0,0,0,0,"N",6,100.0,0,0,0,0,0,0,0,0,0,0,0,0
"06065","5","335131","78","0","2022","A","N","Riverside County, California","Private","NAICS 335131 Residential electric lighting fixture manufacturing","County, NAICS 6-digit -- by ownership sector","All establishment sizes",1,0,0,0,0,0,0,"N",0.33,0,0,0,0,0,0,"N",1,100.0,0,0,0,0,0,0,0,0,0,0,0,0
"06065","5","335132","78","0","2022","A","","Riverside County, California","Private","NAICS 335132 Commercial, industrial, and institutional electric lighting fixture manufacturing","County, NAICS 6-digit -- by ownership sector","All establishment sizes",4,56,3055736,1002432,43612,1042,54164,"",0.76,0.53,0.48,1.07,1.29,0.91,0.91,"N",4,100.0,0,0,0,0,0,0,0,0,0,0,0,0
"06065","5","335139","78","0","2022","A","N","Riverside County, California","Private","NAICS 335139 Electric lamp bulb and other lighting equipment manufacturing","County, NAICS 6-digit -- by ownership sector","All establishment sizes",1,0,0,0,0,0,0,"N",0.26,0,0,0,0,0,0,"N",1,100.0,0,0,0,0,0,0,0,0,0,0,0,0
"06065","5","3352","76","0","2022","A","N","Riverside County, California","Private","NAICS 3352 Household appliance manufacturing","County, NAICS 4-digit -- by ownership sector","All establishment sizes",2,0,0,0,0,0,0,"N",0.46,0,0,0,0,0,0,"N",0,0.0,0,0,0,0,0,0,0,0,0,0,0,0
"06065","5","33521","77","0","2022","A","N","Riverside County, California","Private","NAICS 33521 Small electrical appliance manufacturing","County, NAICS 5-digit -- by ownership sector","All establishment sizes",2,0,0,0,0,0,0,"N",0.86,0,0,0,0,0,0,"N",0,0.0,0,0,0,0,0,0,0,0,0,0,0,0
"06065","5","335210","78","0","2022","A","N","Riverside County, California","Private","NAICS 335210 Small electrical appliance manufacturing","County, NAICS 6-digit -- by ownership sector","All establishment sizes",2,0,0,0,0,0,0,"N",0.86,0,0,0,0,0,0,"N",0,0.0,0,0,0,0,0,0,0,0,0,0,0,0
"06065","5","3353","76","0","2022","A","","Riverside County, California","Private","NAICS 3353 Electrical equipment manufacturing","County, NAICS 4-digit -- by ownership sector","All establishment sizes",14,247,18002761,1969845,53289,1404,73034,"",0.72,0.32,0.37,0.25,0.28,1.14,1.14,"",1,7.7,11,4.7,2869117,19.0,18632,1.0,-7855,-12.8,170,13.8,8840,13.8
"06065","5","33531","77","0","2022","A","","Riverside County, California","Private","NAICS 33531 Electrical equipment manufacturing","County, NAICS 5-digit -- by ownership sector","All establishment sizes",14,247,18002761,1969845,53289,1404,73034,"",0.72,0.32,0.37,0.25,0.28,1.14,1.14,"",1,7.7,11,4.7,2869117,19.0,18632,1.0,-7855,-12.8,170,13.8,8840,13.8
"06065","5","335311","78","0","2022","A","N","Riverside County, California","Private","NAICS 335311 Power, distribution, and specialty transformer manufacturing","County, NAICS 6-digit -- by ownership sector","All establishment sizes",1,0,0,0,0,0,0,"N",0.28,0,0,0,0,0,0,"N",-1,-50.0,0,0,0,0,0,0,0,0,0,0,0,0
"06065","5","335312","78","0","2022","A","N","Riverside County, California","Private","NAICS 335312 Motor and generator manufacturing","County, NAICS 6-digit -- by ownership sector","All establishment sizes",2,0,0,0,0,0,0,"N",0.42,0,0,0,0,0,0,"N",1,100.0,0,0,0,0,0,0,0,0,0,0,0,0
"06065","5","335313","78","0","2022","A","","Riverside County, California","Private","NAICS 335313 Switchgear and switchboard apparatus manufacturing","County, NAICS 6-digit -- by ownership sector","All establishment sizes",6,17,2042776,155385,5405,2322,120755,"",1.19,0.09,0.17,0.09,0.13,1.87,1.87,"",0,0.0,0,0.0,237537,13.2,-2320,-1.5,-1633,-23.2,280,13.7,14564,13.7
"06065","5","335314","78","0","2022","A","","Riverside County, California","Private","NAICS 335314 Relay and industrial control manufacturing","County, NAICS 6-digit -- by ownership sector","All establishment sizes",5,212,14367278,1629289,39344,1306,67904,"",0.82,0.95,0.90,0.64,0.72,0.95,0.95,"",1,25.0,9,4.4,2267885,18.7,-13376,-0.8,-7901,-16.7,159,13.9,8277,13.9
"06065","5","3359","76","0","2022","A","","Riverside County, California","Private","NAICS 3359 Other electrical equipment and component manufacturing","County, NAICS 4-digit -- by ownership sector","All establishment sizes",20,484,34673451,4665272,131066,1378,71676,"",0.79,0.59,0.66,0.53,0.44,1.13,1.13,"",3,17.6,20,4.3,3821772,12.4,-192837,-4.0,-30200,-18.7,99,7.7,5173,7.8
"06065","5","33591","77","0","2022","A","N","Riverside County, California","Private","NAICS 33591 Battery manufacturing","County, NAICS 5-digit -- by ownership sector","All establishment sizes",3,0,0,0,0,0,0,"N",0.78,0,0,0,0,0,0,"N",0,0.0,0,0,0,0,0,0,0,0,0,0,0,0
"06065","5","335910","78","0","2022","A","N","Riverside County, California","Private","NAICS 335910 Battery manufacturing","County, NAICS 6-digit -- by ownership sector","All establishment sizes",3,0,0,0,0,0,0,"N",0.78,0,0,0,0,0,0,"N",3,100.0,0,0,0,0,0,0,0,0,0,0,0,0
"06065","5","33592","77","0","2022","A","N","Riverside County, California","Private","NAICS 33592 Communication and energy wire and cable manufacturing","County, NAICS 5-digit -- by ownership sector","All establishment sizes",3,0,0,0,0,0,0,"N",0.90,0,0,0,0,0,0,"N",0,0.0,0,0,0,0,0,0,0,0,0,0,0,0
"06065","5","335929","78","0","2022","A","N","Riverside County, California","Private","NAICS 335929 Other communication and energy wire manufacturing","County, NAICS 6-digit -- by ownership sector","All establishment sizes",3,0,0,0,0,0,0,"N",1.67,0,0,0,0,0,0,"N",0,0.0,0,0,0,0,0,0,0,0,0,0,0,0
"06065","5","33593","77","0","2022","A","","Riverside County, California","Private","NAICS 33593 Wiring device manufacturing","County, NAICS 5-digit -- by ownership sector","All establishment sizes",6,222,14599136,2061284,76786,1268,65910,"",1.18,1.03,1.13,1.04,1.22,1.10,1.10,"",-1,-14.3,12,5.7,1803220,14.1,-214489,-9.4,-28401,-27.0,98,8.4,5050,8.3
"06065","5","335931","78","0","2022","A","N","Riverside County, California","Private","NAICS 335931 Current-carrying wiring device manufacturing","County, NAICS 6-digit -- by ownership sector","All establishment sizes",4,0,0,0,0,0,0,"N",1.08,0,0,0,0,0,0,"N",-1,-20.0,0,0,0,0,0,0,0,0,0,0,0,0
"06065","5","335932","78","0","2022","A","N","Riverside County, California","Private","NAICS 335932 Noncurrent-carrying wiring device manufacturing","County, NAICS 6-digit -- by ownership sector","All establishment sizes",2,0,0,0,0,0,0,"N",1.47,0,0,0,0,0,0,"N",0,0.0,0,0,0,0,0,0,0,0,0,0,0,0
"06065","5","33599","77","0","2022","A","","Riverside County, California","Private","NAICS 33599 All other electrical equipment and component manufacturing","County, NAICS 5-digit -- by ownership sector","All establishment sizes",7,33,2077229,266520,7516,1211,62946,"",0.53,0.14,0.13,0.11,0.10,0.90,0.90,"",2,40.0,8,32.0,939324,82.5,53345,25.0,885,13.3,341,39.2,17731,39.2
"06065","5","335991","78","0","2022","A","","Riverside County, California","Private","NAICS 335991 Carbon and graphite product manufacturing","County, NAICS 6-digit -- by ownership sector","All establishment sizes",3,18,861297,134416,3760,929,48297,"",1.87,0.36,0.28,0.23,0.20,0.79,0.79,"N",1,50.0,0,0,0,0,0,0,0,0,0,0,0,0
"06065","5","335999","78","0","2022","A","","Riverside County, California","Private","NAICS 335999 All other miscellaneous electrical equipment and component manufacturing","County, NAICS 6-digit -- by ownership sector","All establishment sizes",4,15,1215932,132104,3756,1542,80171,"",0.35,0.08,0.09,0.07,0.06,1.11,1.11,"N",1,33.3,0,0,0,0,0,0,0,0,0,0,0,0
"06065","5","336","75","0","2022","A","","Riverside County, California","Private","NAICS 336 Transportation equipment manufacturing","County, NAICS 3-digit -- by ownership sector","All establishment sizes",117,3835,216932886,35715477,1242240,1088,56573,"",1.04,0.42,0.35,0.41,0.40,0.85,0.85,"",3,2.6,293,8.3,20457606,10.4,2549135,7.7,-48292,-3.7,21,2.0,1098,2.0
"06065","5","3361","76","0","2022","A","N","Riverside County, California","Private","NAICS 3361 Motor vehicle manufacturing","County, NAICS 4-digit -- by ownership sector","All establishment sizes",4,0,0,0,0,0,0,"N",0.78,0,0,0,0,0,0,"N",-1,-20.0,0,0,0,0,0,0,0,0,0,0,0,0
"06065","5","33611","77","0","2022","A","N","Riverside County, California","Private","NAICS 33611 Automobile and light duty motor vehicle manufacturing","County, NAICS 5-digit -- by ownership sector","All establishment sizes",2,0,0,0,0,0,0,"N",0.56,0,0,0,0,0,0,"N",-1,-33.3,0,0,0,0,0,0,0,0,0,0,0,0
"06065","5","336110","78","0","2022","A","N","Riverside County, California","Private","NAICS 336110 Automobile and light duty motor vehicle manufacturing","County, NAICS 6-digit -- by ownership sector","All establishment sizes",2,0,0,0,0,0,0,"N",0.56,0,0,0,0,0,0,"N",2,100.0,0,0,0,0,0,0,0,0,0,0,0,0
"06065","5","33612","77","0","2022","A","N","Riverside County, California","Private","NAICS 33612 Heavy duty truck manufacturing","County, NAICS 5-digit -- by ownership sector","All establishment sizes",2,0,0,0,0,0,0,"N",1.31,0,0,0,0,0,0,"N",0,0.0,0,0,0,0,0,0,0,0,0,0,0,0
"06065","5","336120","78","0","2022","A","N","Riverside County, California","Private","NAICS 336120 Heavy duty truck manufacturing","County, NAICS 6-digit -- by ownership sector","All establishment sizes",2,0,0,0,0,0,0,"N",1.31,0,0,0,0,0,0,"N",0,0.0,0,0,0,0,0,0,0,0,0,0,0,0
"06065","5","3362","76","0","2022","A","","Riverside County, California","Private","NAICS 3362 Motor vehicle body and trailer manufacturing","County, NAICS 4-digit -- by ownership sector","All establishment sizes",27,1284,67956596,13199958,485773,1018,52912,"",1.66,1.41,1.50,1.52,1.67,1.07,1.07,"",1,3.8,66,5.4,8475724,14.2,809715,6.5,-26919,-5.3,78,8.3,4057,8.3
"06065","5","33621","77","0","2022","A","","Riverside County, California","Private","NAICS 33621 Motor vehicle body and trailer manufacturing","County, NAICS 5-digit -- by ownership sector","All establishment sizes",27,1284,67956596,13199958,485773,1018,52912,"",1.66,1.41,1.50,1.52,1.67,1.07,1.07,"",1,3.8,66,5.4,8475724,14.2,809715,6.5,-26919,-5.3,78,8.3,4057,8.3
"06065","5","336211","78","0","2022","A","","Riverside County, California","Private","NAICS 336211 Motor vehicle body manufacturing","County, NAICS 6-digit -- by ownership sector","All establishment sizes",13,390,23867741,3707195,179545,1177,61199,"",2.29,1.34,1.63,1.32,1.67,1.22,1.22,"",1,8.3,68,21.1,5769604,31.9,488775,15.2,16896,10.4,97,9.0,5052,9.0
"06065","5","336212","78","0","2022","A","N","Riverside County, California","Private","NAICS 336212 Truck trailer manufacturing","County, NAICS 6-digit -- by ownership sector","All establishment sizes",4,0,0,0,0,0,0,"N",0.87,0,0,0,0,0,0,"N",0,0.0,0,0,0,0,0,0,0,0,0,0,0,0
"06065","5","336213","78","0","2022","A","N","Riverside County, California","Private","NAICS 336213 Motor home manufacturing","County, NAICS 6-digit -- by ownership sector","All establishment sizes",2,0,0,0,0,0,0,"N",4.54,0,0,0,0,0,0,"N",0,0.0,0,0,0,0,0,0,0,0,0,0,0,0
"06065","5","336214","78","0","2022","A","","Riverside County, California","Private","NAICS 336214 Travel trailer and camper manufacturing","County, NAICS 6-digit -- by ownership sector","All establishment sizes",8,555,27601335,5982827,182825,957,49755,"",1.45,1.97,1.90,2.17,2.39,0.96,0.96,"",-1,-11.1,-17,-3.0,1620823,6.2,391338,7.0,-43245,-19.1,83,9.5,4308,9.5
"06065","5","3363","76","0","2022","A","","Riverside County, California","Private","NAICS 3363 Motor vehicle parts manufacturing","County, NAICS 4-digit -- by ownership sector","All establishment sizes",44,1537,89499164,13853885,461767,1120,58249,"",1.10,0.52,0.57,0.58,0.45,1.10,1.10,"",1,2.3,188,13.9,9255759,11.5,1794960,14.9,30761,7.1,-24,-2.1,-1253,-2.1
"06065","5","33631","77","0","2022","A","","Riverside County, California","Private","NAICS 33631 Motor vehicle gasoline engine and engine parts manufacturing","County, NAICS 5-digit -- by ownership sector","All establishment sizes",7,380,20889829,3879279,171454,1058,55034,"",1.16,1.25,1.21,1.72,1.94,0.97,0.97,"",1,16.7,322,555.2,17504056,517.0,3406654,720.8,157760,1152.0,-65,-5.8,-3341,-5.7
"06065","5","336310","78","0","2022","A","","Riverside County, California","Private","NAICS 336310 Motor vehicle gasoline engine and engine parts manufacturing","County, NAICS 6-digit -- by ownership sector","All establishment sizes",7,380,20889829,3879279,171454,1058,55034,"",1.16,1.25,1.21,1.72,1.94,0.97,0.97,"",1,16.7,322,555.2,17504056,517.0,3406654,720.8,157760,1152.0,-65,-5.8,-3341,-5.7
"06065","5","33632","77","0","2022","A","N","Riverside County, California","Private","NAICS 33632 Motor vehicle electrical and electronic equipment manufacturing","County, NAICS 5-digit -- by ownership sector","All establishment sizes",5,0,0,0,0,0,0,"N",0.85,0,0,0,0,0,0,"N",1,25.0,0,0,0,0,0,0,0,0,0,0,0,0
"06065","5","336320","78","0","2022","A","N","Riverside County, California","Private","NAICS 336320 Motor vehicle electrical and electronic equipment manufacturing","County, NAICS 6-digit -- by ownership sector","All establishment sizes",5,0,0,0,0,0,0,"N",0.85,0,0,0,0,0,0,"N",1,25.0,0,0,0,0,0,0,0,0,0,0,0,0
"06065","5","33633","77","0","2022","A","","Riverside County, California","Private","NAICS 33633 Motor vehicle steering and suspension components (except spring) manufacturing","County, NAICS 5-digit -- by ownership sector","All establishment sizes",7,126,9456543,1097347,24430,1445,75151,"",3.30,0.71,1.04,0.78,0.40,1.48,1.48,"",0,0.0,1,0.8,-4166254,-30.6,-63902,-5.5,-4856,-16.6,-655,-31.2,-34050,-31.2
"06065","5","336330","78","0","2022","A","","Riverside County, California","Private","NAICS 336330 Motor vehicle steering and suspension components (except spring) manufacturing","County, NAICS 6-digit -- by ownership sector","All establishment sizes",7,126,9456543,1097347,24430,1445,75151,"",3.30,0.71,1.04,0.78,0.40,1.48,1.48,"",0,0.0,1,0.8,-4166254,-30.6,-63902,-5.5,-4856,-16.6,-655,-31.2,-34050,-31.2
"06065","5","33635","77","0","2022","A","","Riverside County, California","Private","NAICS 33635 Motor vehicle transmission and power train parts manufacturing","County, NAICS 5-digit -- by ownership sector","All establishment sizes",5,107,6283568,841973,26251,1126,58543,"",1.24,0.25,0.25,0.25,0.21,0.99,0.99,"",0,0.0,5,4.9,452777,7.8,-53280,-6.0,-7206,-21.5,27,2.5,1378,2.4
"06065","5","336350","78","0","2022","A","","Riverside County, California","Private","NAICS 336350 Motor vehicle transmission and power train parts manufacturing","County, NAICS 6-digit -- by ownership sector","All establishment sizes",5,107,6283568,841973,26251,1126,58543,"",1.24,0.25,0.25,0.25,0.21,0.99,0.99,"",0,0.0,5,4.9,452777,7.8,-53280,-6.0,-7206,-21.5,27,2.5,1378,2.4
"06065","5","33636","77","0","2022","A","N","Riverside County, California","Private","NAICS 33636 Motor vehicle seating and interior trim manufacturing","County, NAICS 5-digit -- by ownership sector","All establishment sizes",3,0,0,0,0,0,0,"N",0.75,0,0,0,0,0,0,"N",-2,-40.0,0,0,0,0,0,0,0,0,0,0,0,0
"06065","5","336360","78","0","2022","A","N","Riverside County, California","Private","NAICS 336360 Motor vehicle seating and interior trim manufacturing","County, NAICS 6-digit -- by ownership sector","All establishment sizes",3,0,0,0,0,0,0,"N",0.75,0,0,0,0,0,0,"N",-2,-40.0,0,0,0,0,0,0,0,0,0,0,0,0
"06065","5","33639","77","0","2022","A","","Riverside County, California","Private","NAICS 33639 Other motor vehicle parts manufacturing","County, NAICS 5-digit -- by ownership sector","All establishment sizes",17,673,39142421,5731158,169123,1118,58147,"",1.33,0.84,0.97,0.79,0.58,1.16,1.16,"",1,6.2,-140,-17.2,-5085808,-11.5,-1471047,-20.4,-98703,-36.9,71,6.8,3712,6.8
"06065","5","336390","78","0","2022","A","","Riverside County, California","Private","NAICS 336390 Other motor vehicle parts manufacturing","County, NAICS 6-digit -- by ownership sector","All establishment sizes",17,673,39142421,5731158,169123,1118,58147,"",1.33,0.84,0.97,0.79,0.58,1.16,1.16,"",1,6.2,-140,-17.2,-5085808,-11.5,-1471047,-20.4,-98703,-36.9,71,6.8,3712,6.8
"06065","5","3364","76","0","2022","A","","Riverside County, California","Private","NAICS 3364 Aerospace product and parts manufacturing","County, NAICS 4-digit -- by ownership sector","All establishment sizes",21,738,43817152,6127873,216884,1142,59393,"",0.81,0.28,0.18,0.19,0.25,0.66,0.66,"",-1,-4.5,-11,-1.5,-353668,-0.8,-587703,-8.8,-62952,-22.5,7,0.6,387,0.7
"06065","5","33641","77","0","2022","A","","Riverside County, California","Private","NAICS 33641 Aerospace product and parts manufacturing","County, NAICS 5-digit -- by ownership sector","All establishment sizes",21,738,43817152,6127873,216884,1142,59393,"",0.81,0.28,0.18,0.19,0.25,0.66,0.66,"",-1,-4.5,-11,-1.5,-353668,-0.8,-587703,-8.8,-62952,-22.5,7,0.6,387,0.7
"06065","5","336411","78","0","2022","A","","Riverside County, California","Private","NAICS 336411 Aircraft manufacturing","County, NAICS 6-digit -- by ownership sector","All establishment sizes",5,108,7670850,809037,29735,1365,70972,"",0.77,0.09,0.07,0.04,0.06,0.76,0.76,"",0,0.0,2,1.9,570709,8.0,-60040,-6.9,-7143,-19.4,80,6.2,4147,6.2
"06065","5","336413","78","0","2022","A","","Riverside County, California","Private","NAICS 336413 Other aircraft parts and auxiliary equipment manufacturing","County, NAICS 6-digit -- by ownership sector","All establishment sizes",16,630,36146302,5318836,187149,1104,57405,"",1.37,1.21,1.02,0.92,0.94,0.84,0.84,"",-1,-5.9,-12,-1.9,-924377,-2.5,-527663,-9.0,-55809,-23.0,-6,-0.5,-308,-0.5
"06065","5","3366","76","0","2022","A","N","Riverside County, California","Private","NAICS 3366 Ship and boat building","County, NAICS 4-digit -- by ownership sector","All establishment sizes",6,0,0,0,0,0,0,"N",0.44,0,0,0,0,0,0,"N",1,20.0,0,0,0,0,0,0,0,0,0,0,0,0
"06065","5","33661","77","0","2022","A","N","Riverside County, California","Private","NAICS 33661 Ship and boat building","County, NAICS 5-digit -- by ownership sector","All establishment sizes",6,0,0,0,0,0,0,"N",0.44,0,0,0,0,0,0,"N",1,20.0,0,0,0,0,0,0,0,0,0,0,0,0
"06065","5","336611","78","0","2022","A","N","Riverside County, California","Private","NAICS 336611 Ship building and repairing","County, NAICS 6-digit -- by ownership sector","All establishment sizes",2,0,0,0,0,0,0,"N",0.31,0,0,0,0,0,0,"N",1,100.0,0,0,0,0,0,0,0,0,0,0,0,0
"06065","5","336612","78","0","2022","A","N","Riverside County, California","Private","NAICS 336612 Boat building","County, NAICS 6-digit -- by ownership sector","All establishment sizes",4,0,0,0,0,0,0,"N",0.55,0,0,0,0,0,0,"N",0,0.0,0,0,0,0,0,0,0,0,0,0,0,0
"06065","5","3369","76","0","2022","A","","Riverside County, California","Private","NAICS 3369 Other transportation equipment manufacturing","County, NAICS 4-digit -- by ownership sector","All establishment sizes",14,167,9380879,1552723,46878,1082,56285,"",1.62,0.77,0.79,0.77,0.48,1.03,1.03,"",0,0.0,24,16.8,1793960,23.6,293093,23.3,8626,22.6,62,6.1,3230,6.1
"06065","5","33699","77","0","2022","A","","Riverside County, California","Private","NAICS 33699 Other transportation equipment manufacturing","County, NAICS 5-digit -- by ownership sector","All establishment sizes",14,167,9380879,1552723,46878,1082,56285,"",1.62,0.77,0.79,0.77,0.48,1.03,1.03,"",0,0.0,24,16.8,1793960,23.6,293093,23.3,8626,22.6,62,6.1,3230,6.1
"06065","5","336991","78","0","2022","A","","Riverside County, California","Private","NAICS 336991 Motorcycle, bicycle, and parts manufacturing","County, NAICS 6-digit -- by ownership sector","All establishment sizes",8,121,6251327,1147167,31830,991,51522,"",2.11,2.03,1.90,1.88,1.07,0.93,0.93,"",0,0.0,5,4.3,374292,6.4,143626,14.3,4744,17.5,20,2.1,1039,2.1
"06065","5","336999","78","0","2022","A","","Riverside County, California","Private","NAICS 336999 All other transportation equipment manufacturing","County, NAICS 6-digit -- by ownership sector","All establishment sizes",6,45,3129552,405556,15048,1328,69034,"",1.42,0.40,0.57,0.37,0.31,1.40,1.40,"",0,0.0,18,66.7,1419668,83.0,149467,58.4,3882,34.8,91,7.4,4712,7.3
"06065","5","337","75","0","2022","A","","Riverside County, California","Private","NAICS 337 Furniture and related product manufacturing","County, NAICS 3-digit -- by ownership sector","All establishment sizes",93,1483,91031875,13339218,474788,1181,61387,"",0.78,0.73,1.05,0.65,0.84,1.44,1.44,"",-5,-5.1,-159,-9.7,-11275583,-11.0,-2350794,-15.0,-169765,-26.3,-17,-1.4,-910,-1.5
"06065","5","3371","76","0","2022","A","","Riverside County, California","Private","NAICS 3371 Household and institutional furniture and kitchen cabinet manufacturing","County, NAICS 4-digit -- by ownership sector","All establishment sizes",60,623,36479858,5810639,177724,1126,58532,"",0.71,0.48,0.70,0.43,0.55,1.47,1.47,"",-4,-6.2,-2,-0.3,-662677,-1.8,-362112,-5.9,-67330,-27.5,-17,-1.5,-912,-1.5
"06065","5","33711","77","0","2022","A","","Riverside County, California","Private","NAICS 33711 Wood kitchen cabinet and countertop manufacturing","County, NAICS 5-digit -- by ownership sector","All establishment sizes",37,401,21525898,3864470,108901,1033,53725,"",0.70,0.61,0.81,0.56,0.58,1.33,1.33,"",-1,-2.6,17,4.4,559466,2.7,198612,5.4,-25111,-18.7,-16,-1.5,-840,-1.5
"06065","5","337110","78","0","2022","A","","Riverside County, California","Private","NAICS 337110 Wood kitchen cabinet and countertop manufacturing","County, NAICS 6-digit -- by ownership sector","All establishment sizes",37,401,21525898,3864470,108901,1033,53725,"",0.70,0.61,0.81,0.56,0.58,1.33,1.33,"",-1,-2.6,17,4.4,559466,2.7,198612,5.4,-25111,-18.7,-16,-1.5,-840,-1.5
"06065","5","33712","77","0","2022","A","","Riverside County, California","Private","NAICS 33712 Household and institutional furniture manufacturing","County, NAICS 5-digit -- by ownership sector","All establishment sizes",23,223,14953960,1946169,68823,1292,67184,"",0.74,0.35,0.59,0.30,0.50,1.70,1.70,"",-3,-11.5,-18,-7.5,-1222143,-7.6,-560724,-22.4,-42219,-38.0,-1,-0.1,-53,-0.1
"06065","5","337121","78","0","2022","A","","Riverside County, California","Private","NAICS 337121 Upholstered household furniture manufacturing","County, NAICS 6-digit -- by ownership sector","All establishment sizes",3,49,3971503,407731,19133,1567,81467,"",0.52,0.16,0.36,0.12,0.40,2.24,2.24,"",-1,-25.0,-10,-16.9,-764853,-16.1,-258641,-38.8,-14549,-43.2,14,0.9,734,0.9
"06065","5","337122","78","0","2022","A","","Riverside County, California","Private","NAICS 337122 Nonupholstered wood household furniture manufacturing","County, NAICS 6-digit -- by ownership sector","All establishment sizes",11,94,4682502,843015,26492,959,49858,"",0.65,0.59,0.77,0.58,0.66,1.31,1.31,"",-1,-8.3,1,1.1,504318,12.1,-124417,-12.9,-10543,-28.5,95,11.0,4931,11.0
"06065","5","337126","78","0","2022","A","N","Riverside County, California","Private","NAICS 337126 Household furniture (except wood and upholstered) manufacturing","County, NAICS 6-digit -- by ownership sector","All establishment sizes",6,0,0,0,0,0,0,"N",1.53,0,0,0,0,0,0,"N",6,100.0,0,0,0,0,0,0,0,0,0,0,0,0
"06065","5","337127","78","0","2022","A","N","Riverside County, California","Private","NAICS 337127 Institutional furniture manufacturing","County, NAICS 6-digit -- by ownership sector","All establishment sizes",3,0,0,0,0,0,0,"N",0.65,0,0,0,0,0,0,"N",-1,-25.0,0,0,0,0,0,0,0,0,0,0,0,0
"06065","5","3372","76","0","2022","A","","Riverside County, California","Private","NAICS 3372 Office furniture (including fixtures) manufacturing","County, NAICS 4-digit -- by ownership sector","All establishment sizes",24,584,37637808,5258434,183286,1240,64467,"",0.85,1.09,1.43,1.00,0.97,1.31,1.31,"",1,4.3,-113,-16.2,-7692494,-17.0,-1303463,-19.9,-71938,-28.2,-11,-0.9,-569,-0.9
"06065","5","33721","77","0","2022","A","","Riverside County, California","Private","NAICS 33721 Office furniture (including fixtures) manufacturing","County, NAICS 5-digit -- by ownership sector","All establishment sizes",24,584,37637808,5258434,183286,1240,64467,"",0.85,1.09,1.43,1.00,0.97,1.31,1.31,"",1,4.3,-113,-16.2,-7692494,-17.0,-1303463,-19.9,-71938,-28.2,-11,-0.9,-569,-0.9
"06065","5","337211","78","0","2022","A","","Riverside County, California","Private","NAICS 337211 Wood office furniture manufacturing","County, NAICS 6-digit -- by ownership sector","All establishment sizes",3,26,2127785,192288,6849,1594,82901,"",0.85,0.30,0.51,0.23,0.24,1.74,1.74,"",0,0.0,4,18.2,553978,35.2,-10521,-5.2,-2490,-26.7,244,18.1,12694,18.1
"06065","5","337212","78","0","2022","A","","Riverside County, California","Private","NAICS 337212 Custom architectural woodwork and millwork manufacturing","County, NAICS 6-digit -- by ownership sector","All establishment sizes",11,277,18455724,2573109,95570,1282,66667,"",0.86,2.00,2.71,1.80,1.76,1.36,1.36,"",0,0.0,-7,-2.5,-474186,-2.5,-443046,-14.7,-34506,-26.5,-1,-0.1,-27,0.0
"06065","5","337214","78","0","2022","A","","Riverside County, California","Private","NAICS 337214 Office furniture (except wood) manufacturing","County, NAICS 6-digit -- by ownership sector","All establishment sizes",4,142,10031791,1335012,55497,1355,70440,"",1.35,1.36,1.71,1.31,1.50,1.26,1.26,"",1,33.3,15,11.8,-220035,-2.1,217225,19.4,-1849,-3.2,-201,-12.9,-10495,-13.0
"06065","5","337215","78","0","2022","A","","Riverside County, California","Private","NAICS 337215 Showcase, partition, shelving, and locker manufacturing","County, NAICS 6-digit -- by ownership sector","All establishment sizes",6,139,7022508,1158025,25370,972,50552,"",0.67,0.67,0.73,0.59,0.37,1.09,1.09,"",-1,-14.3,-125,-47.3,-7552251,-51.8,-1067121,-48.0,-33093,-56.6,-89,-8.4,-4638,-8.4
"06065","5","3379","76","0","2022","A","","Riverside County, California","Private","NAICS 3379 Other furniture related product manufacturing","County, NAICS 4-digit -- by ownership sector","All establishment sizes",9,276,16914209,2270145,113778,1179,61320,"",1.30,1.47,2.09,1.22,2.26,1.42,1.42,"",-3,-25.0,-44,-13.8,-2920412,-14.7,-685219,-23.2,-30497,-21.1,-11,-0.9,-583,-0.9
"06065","5","33791","77","0","2022","A","N","Riverside County, California","Private","NAICS 33791 Mattress manufacturing","County, NAICS 5-digit -- by ownership sector","All establishment sizes",2,0,0,0,0,0,0,"N",0.52,0,0,0,0,0,0,"N",-2,-50.0,0,0,0,0,0,0,0,0,0,0,0,0
"06065","5","337910","78","0","2022","A","N","Riverside County, California","Private","NAICS 337910 Mattress manufacturing","County, NAICS 6-digit -- by ownership sector","All establishment sizes",2,0,0,0,0,0,0,"N",0.52,0,0,0,0,0,0,"N",-2,-50.0,0,0,0,0,0,0,0,0,0,0,0,0
"06065","5","33792","77","0","2022","A","N","Riverside County, California","Private","NAICS 33792 Blind and shade manufacturing","County, NAICS 5-digit -- by ownership sector","All establishment sizes",7,0,0,0,0,0,0,"N",2.28,0,0,0,0,0,0,"N",-1,-12.5,0,0,0,0,0,0,0,0,0,0,0,0
"06065","5","337920","78","0","2022","A","N","Riverside County, California","Private","NAICS 337920 Blind and shade manufacturing","County, NAICS 6-digit -- by ownership sector","All establishment sizes",7,0,0,0,0,0,0,"N",2.28,0,0,0,0,0,0,"N",-1,-12.5,0,0,0,0,0,0,0,0,0,0,0,0
"06065","5","339","75","0","2022","A","","Riverside County, California","Private","NAICS 339 Miscellaneous manufacturing","County, NAICS 3-digit -- by ownership sector","All establishment sizes",158,4448,323268408,30960512,1295506,1398,72684,"",0.67,1.32,1.61,0.92,1.33,1.22,1.22,"",-3,-1.9,163,3.8,17933078,5.9,-3214226,-9.4,-363671,-21.9,28,2.0,1422,2.0
"06065","5","3391","76","0","2022","A","","Riverside County, California","Private","NAICS 3391 Medical equipment and supplies manufacturing","County, NAICS 4-digit -- by ownership sector","All establishment sizes",56,1864,184361201,14203969,681937,1902,98915,"",0.63,1.04,1.53,0.81,1.43,1.47,1.47,"",0,0.0,147,8.6,8022505,4.5,1148580,8.8,-40447,-5.6,-73,-3.7,-3787,-3.7
"06065","5","33911","77","0","2022","A","","Riverside County, California","Private","NAICS 33911 Medical equipment and supplies manufacturing","County, NAICS 5-digit -- by ownership sector","All establishment sizes",56,1864,184361201,14203969,681937,1902,98915,"",0.63,1.04,1.53,0.81,1.43,1.47,1.47,"",0,0.0,147,8.6,8022505,4.5,1148580,8.8,-40447,-5.6,-73,-3.7,-3787,-3.7
"06065","5","339112","78","0","2022","A","N","Riverside County, California","Private","NAICS 339112 Surgical and medical instrument manufacturing","County, NAICS 6-digit -- by ownership sector","All establishment sizes",9,0,0,0,0,0,0,"N",0.40,0,0,0,0,0,0,"N",-1,-10.0,0,0,0,0,0,0,0,0,0,0,0,0
"06065","5","339113","78","0","2022","A","","Riverside County, California","Private","NAICS 339113 Surgical appliance and supplies manufacturing","County, NAICS 6-digit -- by ownership sector","All establishment sizes",18,151,7428674,1482635,63366,949,49360,"",0.79,0.26,0.19,0.27,0.42,0.72,0.72,"",0,0.0,4,2.7,357243,5.1,254848,20.8,5797,10.1,25,2.7,1310,2.7
"06065","5","339114","78","0","2022","A","","Riverside County, California","Private","NAICS 339114 Dental equipment and supplies manufacturing","County, NAICS 6-digit -- by ownership sector","All establishment sizes",4,62,3396768,524581,14634,1052,54713,"",0.80,0.70,0.64,0.49,0.43,0.92,0.92,"N",-1,-20.0,0,0,0,0,0,0,0,0,0,0,0,0
"06065","5","339115","78","0","2022","A","N","Riverside County, California","Private","NAICS 339115 Ophthalmic goods manufacturing","County, NAICS 6-digit -- by ownership sector","All establishment sizes",1,0,0,0,0,0,0,"N",0.24,0,0,0,0,0,0,"N",0,0.0,0,0,0,0,0,0,0,0,0,0,0,0
"06065","5","339116","78","0","2022","A","","Riverside County, California","Private","NAICS 339116 Dental laboratories","County, NAICS 6-digit -- by ownership sector","All establishment sizes",23,383,27413670,3420836,71239,1375,71498,"",0.67,1.59,2.67,1.60,1.24,1.68,1.68,"",1,4.5,109,39.8,11269002,69.8,803776,30.7,-44697,-38.6,243,21.5,12612,21.4
"06065","5","3399","76","0","2022","A","","Riverside County, California","Private","NAICS 3399 Other miscellaneous manufacturing","County, NAICS 4-digit -- by ownership sector","All establishment sizes",102,2584,138907207,16756543,613569,1034,53762,"",0.70,1.65,1.74,1.05,1.23,1.05,1.05,"",-3,-2.9,16,0.6,9910573,7.7,-4362806,-20.7,-323224,-34.5,68,7.0,3523,7.0
"06065","5","33991","77","0","2022","A","","Riverside County, California","Private","NAICS 33991 Jewelry and silverware manufacturing","County, NAICS 5-digit -- by ownership sector","All establishment sizes",7,24,854280,179462,4415,689,35844,"",0.48,0.20,0.15,0.14,0.09,0.77,0.77,"N",1,16.7,0,0,0,0,0,0,0,0,0,0,0,0
"06065","5","339910","78","0","2022","A","","Riverside County, California","Private","NAICS 339910 Jewelry and silverware manufacturing","County, NAICS 6-digit -- by ownership sector","All establishment sizes",7,24,854280,179462,4415,689,35844,"",0.48,0.20,0.15,0.14,0.09,0.77,0.77,"N",1,16.7,0,0,0,0,0,0,0,0,0,0,0,0
"06065","5","33992","77","0","2022","A","","Riverside County, California","Private","NAICS 33992 Sporting and athletic goods manufacturing","County, NAICS 5-digit -- by ownership sector","All establishment sizes",11,160,18142789,1607939,51049,2182,113452,"",0.76,0.64,1.37,0.55,0.61,2.15,2.15,"",-4,-26.7,-45,-22.0,3781786,26.3,-832189,-34.1,-63094,-55.3,836,62.1,43455,62.1
"06065","5","339920","78","0","2022","A","","Riverside County, California","Private","NAICS 339920 Sporting and athletic goods manufacturing","County, NAICS 6-digit -- by ownership sector","All establishment sizes",11,160,18142789,1607939,51049,2182,113452,"",0.76,0.64,1.37,0.55,0.61,2.15,2.15,"",-4,-26.7,-45,-22.0,3781786,26.3,-832189,-34.1,-63094,-55.3,836,62.1,43455,62.1
"06065","5","33993","77","0","2022","A","","Riverside County, California","Private","NAICS 33993 Doll, toy, and game manufacturing","County, NAICS 5-digit -- by ownership sector","All establishment sizes",6,123,5986124,1017812,57362,936,48668,"",1.08,2.02,1.21,1.22,2.45,0.60,0.60,"",-2,-25.0,20,19.4,840021,16.3,302009,42.2,15615,37.4,-23,-2.4,-1213,-2.4
"06065","5","339930","78","0","2022","A","","Riverside County, California","Private","NAICS 339930 Doll, toy, and game manufacturing","County, NAICS 6-digit -- by ownership sector","All establishment sizes",6,123,5986124,1017812,57362,936,48668,"",1.08,2.02,1.21,1.22,2.45,0.60,0.60,"",-2,-25.0,20,19.4,840021,16.3,302009,42.2,15615,37.4,-23,-2.4,-1213,-2.4
"06065","5","33994","77","0","2022","A","","Riverside County, California","Private","NAICS 33994 Office supplies (except paper) manufacturing","County, NAICS 5-digit -- by ownership sector","All establishment sizes",4,60,3982536,521267,16398,1268,65918,"",1.21,1.07,1.48,1.22,1.35,1.37,1.37,"N",0,0.0,0,0,0,0,0,0,0,0,0,0,0,0
"06065","5","339940","78","0","2022","A","","Riverside County, California","Private","NAICS 339940 Office supplies (except paper) manufacturing","County, NAICS 6-digit -- by ownership sector","All establishment sizes",4,60,3982536,521267,16398,1268,65918,"",1.21,1.07,1.48,1.22,1.35,1.37,1.37,"N",0,0.0,0,0,0,0,0,0,0,0,0,0,0,0
"06065","5","33995","77","0","2022","A","","Riverside County, California","Private","NAICS 33995 Sign manufacturing","County, NAICS 5-digit -- by ownership sector","All establishment sizes",31,498,27572363,4138486,164362,1065,55357,"",0.63,1.25,1.51,1.06,1.47,1.21,1.20,"",-1,-3.1,-42,-7.8,439961,1.6,-789509,-16.0,-73523,-30.9,99,10.2,5135,10.2
"06065","5","339950","78","0","2022","A","","Riverside County, California","Private","NAICS 339950 Sign manufacturing","County, NAICS 6-digit -- by ownership sector","All establishment sizes",31,498,27572363,4138486,164362,1065,55357,"",0.63,1.25,1.51,1.06,1.47,1.21,1.20,"",-1,-3.1,-42,-7.8,439961,1.6,-789509,-16.0,-73523,-30.9,99,10.2,5135,10.2
"06065","5","33999","77","0","2022","A","","Riverside County, California","Private","NAICS 33999 All other miscellaneous manufacturing","County, NAICS 5-digit -- by ownership sector","All establishment sizes",43,1719,82369115,9291577,319983,922,47931,"",0.73,2.53,2.35,1.42,1.47,0.93,0.93,"",1,2.4,81,4.9,4889900,6.3,-3022471,-24.5,-193444,-37.7,12,1.3,625,1.3
"06065","5","339991","78","0","2022","A","","Riverside County, California","Private","NAICS 339991 Gasket, packing, and sealing device manufacturing","County, NAICS 6-digit -- by ownership sector","All establishment sizes",4,114,11964029,728585,24406,2026,105333,"",0.77,0.74,1.39,0.54,0.56,1.89,1.89,"",-1,-20.0,6,5.6,1998516,20.1,57814,8.6,-297,-1.2,245,13.8,12702,13.7
"06065","5","339992","78","0","2022","A","","Riverside County, California","Private","NAICS 339992 Musical instrument manufacturing","County, NAICS 6-digit -- by ownership sector","All establishment sizes",9,1369,56474121,6368368,229263,793,41257,"",1.97,21.72,19.05,12.82,12.28,0.88,0.88,"",2,28.6,143,11.7,6043855,12.0,-2342467,-26.9,-151798,-39.8,2,0.3,129,0.3
"06065","5","339993","78","0","2022","A","N","Riverside County, California","Private","NAICS 339993 Fastener, button, needle, and pin manufacturing","County, NAICS 6-digit -- by ownership sector","All establishment sizes",4,0,0,0,0,0,0,"N",3.12,0,0,0,0,0,0,"N",0,0.0,0,0,0,0,0,0,0,0,0,0,0,0
"06065","5","339994","78","0","2022","A","N","Riverside County, California","Private","NAICS 339994 Broom, brush, and mop manufacturing","County, NAICS 6-digit -- by ownership sector","All establishment sizes",1,0,0,0,0,0,0,"N",0.69,0,0,0,0,0,0,"N",0,0.0,0,0,0,0,0,0,0,0,0,0,0,0
"06065","5","339999","78","0","2022","A","","Riverside County, California","Private","NAICS 339999 All other miscellaneous manufacturing","County, NAICS 6-digit -- by ownership sector","All establishment sizes",25,214,12821794,1829057,56095,1154,60008,"",0.55,0.58,0.67,0.47,0.42,1.16,1.16,"",0,0.0,-36,-14.4,-2221065,-14.8,-648208,-26.2,-36212,-39.2,-3,-0.3,-143,-0.2
"06065","5","42","74","0","2022","A","","Riverside County, California","Private","NAICS 42 Wholesale trade","County, NAICS Sector -- by ownership sector","All establishment sizes",2061,27315,2036451022,239249259,7663733,1434,74554,"",0.49,0.85,0.84,0.73,0.81,0.99,0.99,"",34,1.7,1704,6.7,170758262,9.2,12255885,5.4,-1257264,-14.1,33,2.4,1708,2.3
"06065","5","423","75","0","2022","A","","Riverside County, California","Private","NAICS 423 Merchant wholesalers, durable goods","County, NAICS 3-digit -- by ownership sector","All establishment sizes",1212,15284,1075757735,129145969,4022143,1354,70383,"",0.56,0.86,0.80,0.72,0.78,0.93,0.93,"",19,1.6,819,5.7,117794737,12.3,6786073,5.5,-599226,-13.0,80,6.3,4159,6.3
"06065","5","4231","76","0","2022","A","","Riverside County, California","Private","NAICS 4231 Motor vehicle and motor vehicle parts and supplies merchant wholesalers","County, NAICS 4-digit -- by ownership sector","All establishment sizes",197,3033,216119573,26724921,767010,1371,71268,"",1.13,1.55,1.90,1.42,1.50,1.22,1.22,"",2,1.0,101,3.4,23842518,12.4,1385961,5.5,-52632,-6.4,110,8.7,5691,8.7
"06065","5","42311","77","0","2022","A","","Riverside County, California","Private","NAICS 42311 Automobile and other motor vehicle merchant wholesalers","County, NAICS 5-digit -- by ownership sector","All establishment sizes",51,1117,106648681,10185007,335267,1835,95442,"",1.04,1.58,2.28,1.45,1.92,1.44,1.44,"",6,13.3,13,1.2,17627932,19.8,618422,6.5,26458,8.6,284,18.3,14771,18.3
"06065","5","423110","78","0","2022","A","","Riverside County, California","Private","NAICS 423110 Automobile and other motor vehicle merchant wholesalers","County, NAICS 6-digit -- by ownership sector","All establishment sizes",51,1117,106648681,10185007,335267,1835,95442,"",1.04,1.58,2.28,1.45,1.92,1.44,1.44,"",6,13.3,13,1.2,17627932,19.8,618422,6.5,26458,8.6,284,18.3,14771,18.3
"06065","5","42312","77","0","2022","A","","Riverside County, California","Private","NAICS 42312 Motor vehicle supplies and new parts merchant wholesalers","County, NAICS 5-digit -- by ownership sector","All establishment sizes",115,1598,91766444,13780071,372804,1104,57414,"",1.20,1.67,1.76,1.55,1.43,1.05,1.05,"",-5,-4.2,80,5.3,5490042,6.4,489664,3.7,-71104,-16.0,11,1.0,572,1.0
"06065","5","423120","78","0","2022","A","","Riverside County, California","Private","NAICS 423120 Motor vehicle supplies and new parts merchant wholesalers","County, NAICS 6-digit -- by ownership sector","All establishment sizes",115,1598,91766444,13780071,372804,1104,57414,"",1.20,1.67,1.76,1.55,1.43,1.05,1.05,"",-5,-4.2,80,5.3,5490042,6.4,489664,3.7,-71104,-16.0,11,1.0,572,1.0
"06065","5","42313","77","0","2022","A","","Riverside County, California","Private","NAICS 42313 Tire and tube merchant wholesalers","County, NAICS 5-digit -- by ownership sector","All establishment sizes",18,145,8922440,1283558,29052,1183,61534,"",1.16,0.83,0.92,0.78,0.62,1.11,1.11,"",-1,-5.3,18,14.2,1304625,17.1,446088,53.3,7700,36.1,25,2.2,1314,2.2
"06065","5","423130","78","0","2022","A","","Riverside County, California","Private","NAICS 423130 Tire and tube merchant wholesalers","County, NAICS 6-digit -- by ownership sector","All establishment sizes",18,145,8922440,1283558,29052,1183,61534,"",1.16,0.83,0.92,0.78,0.62,1.11,1.11,"",-1,-5.3,18,14.2,1304625,17.1,446088,53.3,7700,36.1,25,2.2,1314,2.2
"06065","5","42314","77","0","2022","A","","Riverside County, California","Private","NAICS 42314 Motor vehicle parts (used) merchant wholesalers","County, NAICS 5-digit -- by ownership sector","All establishment sizes",14,172,8782008,1476285,29887,983,51133,"",1.00,1.43,1.63,1.24,1.05,1.14,1.14,"",2,16.7,-12,-6.5,-580081,-6.2,-168213,-10.2,-15686,-34.4,6,0.6,321,0.6
"06065","5","423140","78","0","2022","A","","Riverside County, California","Private","NAICS 423140 Motor vehicle parts (used) merchant wholesalers","County, NAICS 6-digit -- by ownership sector","All establishment sizes",14,172,8782008,1476285,29887,983,51133,"",1.00,1.43,1.63,1.24,1.05,1.14,1.14,"",2,16.7,-12,-6.5,-580081,-6.2,-168213,-10.2,-15686,-34.4,6,0.6,321,0.6
"06065","5","4232","76","0","2022","A","","Riverside County, California","Private","NAICS 4232 Furniture and home furnishing merchant wholesalers","County, NAICS 4-digit -- by ownership sector","All establishment sizes",66,685,39828577,6282924,180137,1118,58151,"",0.77,1.10,1.04,1.01,0.91,0.95,0.95,"",6,10.0,279,68.7,15101382,61.1,2758905,78.3,64124,55.3,-53,-4.5,-2716,-4.5
"06065","5","42321","77","0","2022","A","","Riverside County, California","Private","NAICS 42321 Furniture merchant wholesalers","County, NAICS 5-digit -- by ownership sector","All establishment sizes",31,210,11666826,2039781,62662,1066,55446,"",0.79,0.76,0.66,0.74,0.71,0.87,0.87,"",-1,-3.1,13,6.6,1378202,13.4,440422,27.5,4080,7.0,61,6.1,3175,6.1
"06065","5","423210","78","0","2022","A","","Riverside County, California","Private","NAICS 423210 Furniture merchant wholesalers","County, NAICS 6-digit -- by ownership sector","All establishment sizes",31,210,11666826,2039781,62662,1066,55446,"",0.79,0.76,0.66,0.74,0.71,0.87,0.87,"",-1,-3.1,13,6.6,1378202,13.4,440422,27.5,4080,7.0,61,6.1,3175,6.1
"06065","5","42322","77","0","2022","A","","Riverside County, California","Private","NAICS 42322 Home furnishing merchant wholesalers","County, NAICS 5-digit -- by ownership sector","All establishment sizes",35,475,28161751,4243143,117475,1141,59350,"",0.75,1.37,1.37,1.23,1.07,1.00,1.00,"",6,20.7,266,127.3,13723180,95.0,2318483,120.5,60044,104.5,-185,-14.0,-9597,-13.9
"06065","5","423220","78","0","2022","A","","Riverside County, California","Private","NAICS 423220 Home furnishing merchant wholesalers","County, NAICS 6-digit -- by ownership sector","All establishment sizes",35,475,28161751,4243143,117475,1141,59350,"",0.75,1.37,1.37,1.23,1.07,1.00,1.00,"",6,20.7,266,127.3,13723180,95.0,2318483,120.5,60044,104.5,-185,-14.0,-9597,-13.9
"06065","5","4233","76","0","2022","A","","Riverside County, California","Private","NAICS 4233 Lumber and other construction materials merchant wholesalers","County, NAICS 4-digit -- by ownership sector","All establishment sizes",97,1770,117838538,14694655,435119,1280,66579,"",0.61,1.29,1.31,1.01,0.97,1.02,1.02,"",5,5.4,96,5.7,3046341,2.7,294648,2.0,-133332,-23.5,-39,-3.0,-2012,-2.9
"06065","5","42331","77","0","2022","A","","Riverside County, California","Private","NAICS 42331 Lumber, plywood, millwork, and wood panel merchant wholesalers","County, NAICS 5-digit -- by ownership sector","All establishment sizes",39,1104,71968045,9290971,254823,1253,65174,"",0.63,1.81,1.73,1.36,1.41,0.96,0.96,"",2,5.4,65,6.3,-1928107,-2.6,422519,4.8,-79841,-23.9,-114,-8.3,-5920,-8.3
"06065","5","423310","78","0","2022","A","","Riverside County, California","Private","NAICS 423310 Lumber, plywood, millwork, and wood panel merchant wholesalers","County, NAICS 6-digit -- by ownership sector","All establishment sizes",39,1104,71968045,9290971,254823,1253,65174,"",0.63,1.81,1.73,1.36,1.41,0.96,0.96,"",2,5.4,65,6.3,-1928107,-2.6,422519,4.8,-79841,-23.9,-114,-8.3,-5920,-8.3
"06065","5","42332","77","0","2022","A","","Riverside County, California","Private","NAICS 42332 Brick, stone, and related construction material merchant wholesalers","County, NAICS 5-digit -- by ownership sector","All establishment sizes",37,413,27711333,3486221,113718,1290,67084,"",0.88,1.17,1.32,1.01,0.86,1.13,1.13,"",0,0.0,-25,-5.7,-887884,-3.1,-530872,-13.2,-52518,-31.6,35,2.8,1839,2.8
"06065","5","423320","78","0","2022","A","","Riverside County, California","Private","NAICS 423320 Brick, stone, and related construction material merchant wholesalers","County, NAICS 6-digit -- by ownership sector","All establishment sizes",37,413,27711333,3486221,113718,1290,67084,"",0.88,1.17,1.32,1.01,0.86,1.13,1.13,"",0,0.0,-25,-5.7,-887884,-3.1,-530872,-13.2,-52518,-31.6,35,2.8,1839,2.8
"06065","5","42333","77","0","2022","A","","Riverside County, California","Private","NAICS 42333 Roofing, siding, and insulation material merchant wholesalers","County, NAICS 5-digit -- by ownership sector","All establishment sizes",8,94,6244751,787002,26642,1284,66789,"",0.32,0.41,0.40,0.35,0.34,0.98,0.98,"",1,14.3,25,36.2,1821779,41.2,250228,46.6,2974,12.6,59,4.8,3073,4.8
"06065","5","423330","78","0","2022","A","","Riverside County, California","Private","NAICS 423330 Roofing, siding, and insulation material merchant wholesalers","County, NAICS 6-digit -- by ownership sector","All establishment sizes",8,94,6244751,787002,26642,1284,66789,"",0.32,0.41,0.40,0.35,0.34,0.98,0.98,"",1,14.3,25,36.2,1821779,41.2,250228,46.6,2974,12.6,59,4.8,3073,4.8
"06065","5","42339","77","0","2022","A","","Riverside County, California","Private","NAICS 42339 Other construction material merchant wholesalers","County, NAICS 5-digit -- by ownership sector","All establishment sizes",14,159,11914409,1130461,39936,1440,74894,"",0.45,0.88,1.01,0.55,0.72,1.15,1.15,"",3,27.3,33,26.2,4040553,51.3,152773,15.6,-3947,-9.0,242,20.2,12609,20.2
"06065","5","423390","78","0","2022","A","","Riverside County, California","Private","NAICS 423390 Other construction material merchant wholesalers","County, NAICS 6-digit -- by ownership sector","All establishment sizes",14,159,11914409,1130461,39936,1440,74894,"",0.45,0.88,1.01,0.55,0.72,1.15,1.15,"",3,27.3,33,26.2,4040553,51.3,152773,15.6,-3947,-9.0,242,20.2,12609,20.2
"06065","5","4234","76","0","2022","A","","Riverside County, California","Private","NAICS 4234 Professional and commercial equipment and supplies merchant wholesalers","County, NAICS 4-digit -- by ownership sector","All establishment sizes",176,2695,163116677,20765661,726453,1164,60529,"",0.38,0.69,0.41,0.52,0.59,0.59,0.59,"",6,3.5,198,7.9,18841266,13.1,1007703,5.1,-126273,-14.8,53,4.8,2753,4.8
"06065","5","42341","77","0","2022","A","N","Riverside County, California","Private","NAICS 42341 Photographic equipment and supplies merchant wholesalers","County, NAICS 5-digit -- by ownership sector","All establishment sizes",2,0,0,0,0,0,0,"N",0.24,0,0,0,0,0,0,"N",-1,-33.3,0,0,0,0,0,0,0,0,0,0,0,0
"06065","5","423410","78","0","2022","A","N","Riverside County, California","Private","NAICS 423410 Photographic equipment and supplies merchant wholesalers","County, NAICS 6-digit -- by ownership sector","All establishment sizes",2,0,0,0,0,0,0,"N",0.24,0,0,0,0,0,0,"N",-1,-33.3,0,0,0,0,0,0,0,0,0,0,0,0
"06065","5","42342","77","0","2022","A","","Riverside County, California","Private","NAICS 42342 Office equipment merchant wholesalers","County, NAICS 5-digit -- by ownership sector","All establishment sizes",12,175,12208571,1615936,83292,1342,69763,"",0.30,0.47,0.50,0.42,0.65,1.08,1.08,"",0,0.0,23,15.1,2678456,28.1,345425,27.2,13957,20.1,134,11.1,6927,11.0
"06065","5","423420","78","0","2022","A","","Riverside County, California","Private","NAICS 423420 Office equipment merchant wholesalers","County, NAICS 6-digit -- by ownership sector","All establishment sizes",12,175,12208571,1615936,83292,1342,69763,"",0.30,0.47,0.50,0.42,0.65,1.08,1.08,"",0,0.0,23,15.1,2678456,28.1,345425,27.2,13957,20.1,134,11.1,6927,11.0
"06065","5","42343","77","0","2022","A","","Riverside County, California","Private","NAICS 42343 Computer and computer peripheral equipment and software merchant wholesalers","County, NAICS 5-digit -- by ownership sector","All establishment sizes",28,107,9369569,904772,36673,1689,87840,"",0.24,0.09,0.06,0.07,0.09,0.65,0.65,"",1,3.7,-26,-19.5,-3681131,-28.2,-332042,-26.8,-25607,-41.1,-200,-10.6,-10409,-10.6
"06065","5","423430","78","0","2022","A","","Riverside County, California","Private","NAICS 423430 Computer and computer peripheral equipment and software merchant wholesalers","County, NAICS 6-digit -- by ownership sector","All establishment sizes",28,107,9369569,904772,36673,1689,87840,"",0.24,0.09,0.06,0.07,0.09,0.65,0.65,"",1,3.7,-26,-19.5,-3681131,-28.2,-332042,-26.8,-25607,-41.1,-200,-10.6,-10409,-10.6
"06065","5","42344","77","0","2022","A","","Riverside County, California","Private","NAICS 42344 Other commercial equipment merchant wholesalers","County, NAICS 5-digit -- by ownership sector","All establishment sizes",21,138,8978304,1476993,45866,1250,65021,"",0.48,0.45,0.47,0.50,0.52,1.03,1.03,"",2,10.5,22,19.0,2002032,28.7,406393,38.0,8542,22.9,93,8.0,4837,8.0
"06065","5","423440","78","0","2022","A","","Riverside County, California","Private","NAICS 423440 Other commercial equipment merchant wholesalers","County, NAICS 6-digit -- by ownership sector","All establishment sizes",21,138,8978304,1476993,45866,1250,65021,"",0.48,0.45,0.47,0.50,0.52,1.03,1.03,"",2,10.5,22,19.0,2002032,28.7,406393,38.0,8542,22.9,93,8.0,4837,8.0
"06065","5","42345","77","0","2022","A","","Riverside County, California","Private","NAICS 42345 Medical, dental, and hospital equipment and supplies merchant wholesalers","County, NAICS 5-digit -- by ownership sector","All establishment sizes",92,2024,113804368,14271924,487575,1082,56239,"",0.43,1.26,0.72,0.86,1.01,0.57,0.57,"",2,2.2,179,9.7,16632711,17.1,287876,2.1,-119145,-19.6,69,6.8,3583,6.8
"06065","5","423450","78","0","2022","A","","Riverside County, California","Private","NAICS 423450 Medical, dental, and hospital equipment and supplies merchant wholesalers","County, NAICS 6-digit -- by ownership sector","All establishment sizes",92,2024,113804368,14271924,487575,1082,56239,"",0.43,1.26,0.72,0.86,1.01,0.57,0.57,"",2,2.2,179,9.7,16632711,17.1,287876,2.1,-119145,-19.6,69,6.8,3583,6.8
"06065","5","42346","77","0","2022","A","N","Riverside County, California","Private","NAICS 42346 Ophthalmic goods merchant wholesalers","County, NAICS 5-digit -- by ownership sector","All establishment sizes",10,0,0,0,0,0,0,"N",0.63,0,0,0,0,0,0,"N",3,42.9,0,0,0,0,0,0,0,0,0,0,0,0
"06065","5","423460","78","0","2022","A","N","Riverside County, California","Private","NAICS 423460 Ophthalmic goods merchant wholesalers","County, NAICS 6-digit -- by ownership sector","All establishment sizes",10,0,0,0,0,0,0,"N",0.63,0,0,0,0,0,0,"N",3,42.9,0,0,0,0,0,0,0,0,0,0,0,0
"06065","5","42349","77","0","2022","A","","Riverside County, California","Private","NAICS 42349 Other professional equipment and supplies merchant wholesalers","County, NAICS 5-digit -- by ownership sector","All establishment sizes",12,213,15996772,1897933,57477,1442,74985,"",0.40,1.07,0.98,0.90,0.98,0.91,0.91,"",0,0.0,8,3.9,460638,3.0,179947,10.5,-2529,-4.2,-17,-1.2,-863,-1.1
"06065","5","423490","78","0","2022","A","","Riverside County, California","Private","NAICS 423490 Other professional equipment and supplies merchant wholesalers","County, NAICS 6-digit -- by ownership sector","All establishment sizes",12,213,15996772,1897933,57477,1442,74985,"",0.40,1.07,0.98,0.90,0.98,0.91,0.91,"",0,0.0,8,3.9,460638,3.0,179947,10.5,-2529,-4.2,-17,-1.2,-863,-1.1
"06065","5","4235","76","0","2022","A","","Riverside County, California","Private","NAICS 4235 Metal and mineral (except petroleum) merchant wholesalers","County, NAICS 4-digit -- by ownership sector","All establishment sizes",34,613,46284072,4754181,148312,1451,75473,"",0.46,0.89,0.88,0.72,0.75,0.99,0.99,"",3,9.7,6,1.0,348127,0.8,-180607,-3.7,-38964,-20.8,-4,-0.3,-194,-0.3
"06065","5","42351","77","0","2022","A","N","Riverside County, California","Private","NAICS 42351 Metal service centers and other metal merchant wholesalers","County, NAICS 5-digit -- by ownership sector","All establishment sizes",33,0,0,0,0,0,0,"N",0.47,0,0,0,0,0,0,"N",2,6.5,0,0,0,0,0,0,0,0,0,0,0,0
"06065","5","423510","78","0","2022","A","N","Riverside County, California","Private","NAICS 423510 Metal service centers and other metal merchant wholesalers","County, NAICS 6-digit -- by ownership sector","All establishment sizes",33,0,0,0,0,0,0,"N",0.47,0,0,0,0,0,0,"N",2,6.5,0,0,0,0,0,0,0,0,0,0,0,0
"06065","5","42352","77","0","2022","A","N","Riverside County, California","Private","NAICS 42352 Coal and other mineral and ore merchant wholesalers","County, NAICS 5-digit -- by ownership sector","All establishment sizes",1,0,0,0,0,0,0,"N",0.29,0,0,0,0,0,0,"N",0,0.0,0,0,0,0,0,0,0,0,0,0,0,0
"06065","5","423520","78","0","2022","A","N","Riverside County, California","Private","NAICS 423520 Coal and other mineral and ore merchant wholesalers","County, NAICS 6-digit -- by ownership sector","All establishment sizes",1,0,0,0,0,0,0,"N",0.29,0,0,0,0,0,0,"N",0,0.0,0,0,0,0,0,0,0,0,0,0,0,0
"06065","5","4236","76","0","2022","A","","Riverside County, California","Private","NAICS 4236 Household appliances and electrical and electronic goods merchant wholesalers","County, NAICS 4-digit -- by ownership sector","All establishment sizes",123,1087,107207448,9629934,312794,1897,98642,"",0.50,0.56,0.65,0.49,0.53,1.16,1.16,"",-7,-5.4,-101,-8.5,13185772,14.0,-637,0.0,-50628,-13.9,375,24.6,19505,24.6
"06065","5","42361","77","0","2022","A","","Riverside County, California","Private","NAICS 42361 Electrical apparatus and equipment, wiring supplies, and related equipment merchant wholesalers","County, NAICS 5-digit -- by ownership sector","All establishment sizes",64,672,77115498,5906547,190808,2207,114755,"",0.54,0.68,1.01,0.60,0.70,1.50,1.50,"",-3,-4.5,-126,-15.8,10077663,15.0,-325896,-5.2,-53470,-21.9,591,36.6,30721,36.6
"06065","5","423610","78","0","2022","A","","Riverside County, California","Private","NAICS 423610 Electrical apparatus and equipment, wiring supplies, and related equipment merchant wholesalers","County, NAICS 6-digit -- by ownership sector","All establishment sizes",64,672,77115498,5906547,190808,2207,114755,"",0.54,0.68,1.01,0.60,0.70,1.50,1.50,"",-3,-4.5,-126,-15.8,10077663,15.0,-325896,-5.2,-53470,-21.9,591,36.6,30721,36.6
"06065","5","42362","77","0","2022","A","","Riverside County, California","Private","NAICS 42362 Household appliances, electric housewares, and consumer electronics merchant wholesalers","County, NAICS 5-digit -- by ownership sector","All establishment sizes",16,170,8581034,1516008,39978,970,50452,"",0.53,0.92,0.55,0.77,0.59,0.60,0.60,"",-1,-5.9,30,21.4,2824224,49.1,353018,30.4,17721,79.6,179,22.6,9332,22.7
"06065","5","423620","78","0","2022","A","","Riverside County, California","Private","NAICS 423620 Household appliances, electric housewares, and consumer electronics merchant wholesalers","County, NAICS 6-digit -- by ownership sector","All establishment sizes",16,170,8581034,1516008,39978,970,50452,"",0.53,0.92,0.55,0.77,0.59,0.60,0.60,"",-1,-5.9,30,21.4,2824224,49.1,353018,30.4,17721,79.6,179,22.6,9332,22.7
"06065","5","42369","77","0","2022","A","","Riverside County, California","Private","NAICS 42369 Other electronic parts and equipment merchant wholesalers","County, NAICS 5-digit -- by ownership sector","All establishment sizes",43,245,21510916,2207379,82008,1690,87889,"",0.44,0.32,0.29,0.28,0.33,0.90,0.90,"",-4,-8.5,-5,-2.0,283885,1.3,-27759,-1.2,-14879,-15.4,59,3.6,3094,3.6
"06065","5","423690","78","0","2022","A","","Riverside County, California","Private","NAICS 423690 Other electronic parts and equipment merchant wholesalers","County, NAICS 6-digit -- by ownership sector","All establishment sizes",43,245,21510916,2207379,82008,1690,87889,"",0.44,0.32,0.29,0.28,0.33,0.90,0.90,"",-4,-8.5,-5,-2.0,283885,1.3,-27759,-1.2,-14879,-15.4,59,3.6,3094,3.6
"06065","5","4237","76","0","2022","A","","Riverside County, California","Private","NAICS 4237 Hardware, and plumbing and heating equipment and supplies merchant wholesalers","County, NAICS 4-digit -- by ownership sector","All establishment sizes",151,2652,181133276,21792114,609274,1313,68296,"",0.86,1.63,1.64,1.33,1.42,1.01,1.01,"",2,1.3,53,2.0,20281650,12.6,87120,0.4,-206234,-25.3,123,10.3,6406,10.4
"06065","5","42371","77","0","2022","A","","Riverside County, California","Private","NAICS 42371 Hardware merchant wholesalers","County, NAICS 5-digit -- by ownership sector","All establishment sizes",37,1374,82410420,11514183,302799,1154,59989,"",0.70,2.81,2.82,2.35,2.35,1.01,1.01,"",0,0.0,-77,-5.3,5868414,7.7,-1107265,-8.8,-186514,-38.1,140,13.8,7253,13.8
"06065","5","423710","78","0","2022","A","","Riverside County, California","Private","NAICS 423710 Hardware merchant wholesalers","County, NAICS 6-digit -- by ownership sector","All establishment sizes",37,1374,82410420,11514183,302799,1154,59989,"",0.70,2.81,2.82,2.35,2.35,1.01,1.01,"",0,0.0,-77,-5.3,5868414,7.7,-1107265,-8.8,-186514,-38.1,140,13.8,7253,13.8
"06065","5","42372","77","0","2022","A","","Riverside County, California","Private","NAICS 42372 Plumbing and heating equipment and supplies (hydronics) merchant wholesalers","County, NAICS 5-digit -- by ownership sector","All establishment sizes",71,979,73648421,7925237,239302,1447,75267,"",1.07,1.54,1.70,1.20,1.47,1.11,1.11,"",1,1.4,117,13.6,12251773,20.0,1159984,17.1,-5920,-2.4,78,5.7,4076,5.7
"06065","5","423720","78","0","2022","A","","Riverside County, California","Private","NAICS 423720 Plumbing and heating equipment and supplies (hydronics) merchant wholesalers","County, NAICS 6-digit -- by ownership sector","All establishment sizes",71,979,73648421,7925237,239302,1447,75267,"",1.07,1.54,1.70,1.20,1.47,1.11,1.11,"",1,1.4,117,13.6,12251773,20.0,1159984,17.1,-5920,-2.4,78,5.7,4076,5.7
"06065","5","42373","77","0","2022","A","N","Riverside County, California","Private","NAICS 42373 Warm air heating and air-conditioning equipment and supplies merchant wholesalers","County, NAICS 5-digit -- by ownership sector","All establishment sizes",40,0,0,0,0,0,0,"N",0.91,0,0,0,0,0,0,"N",0,0.0,0,0,0,0,0,0,0,0,0,0,0,0
"06065","5","423730","78","0","2022","A","N","Riverside County, California","Private","NAICS 423730 Warm air heating and air-conditioning equipment and supplies merchant wholesalers","County, NAICS 6-digit -- by ownership sector","All establishment sizes",40,0,0,0,0,0,0,"N",0.91,0,0,0,0,0,0,"N",0,0.0,0,0,0,0,0,0,0,0,0,0,0,0
"06065","5","42374","77","0","2022","A","N","Riverside County, California","Private","NAICS 42374 Refrigeration equipment and supplies merchant wholesalers","County, NAICS 5-digit -- by ownership sector","All establishment sizes",3,0,0,0,0,0,0,"N",0.26,0,0,0,0,0,0,"N",0,0.0,0,0,0,0,0,0,0,0,0,0,0,0
"06065","5","423740","78","0","2022","A","N","Riverside County, California","Private","NAICS 423740 Refrigeration equipment and supplies merchant wholesalers","County, NAICS 6-digit -- by ownership sector","All establishment sizes",3,0,0,0,0,0,0,"N",0.26,0,0,0,0,0,0,"N",0,0.0,0,0,0,0,0,0,0,0,0,0,0,0
"06065","5","4238","76","0","2022","A","","Riverside County, California","Private","NAICS 4238 Machinery, equipment, and supplies merchant wholesalers","County, NAICS 4-digit -- by ownership sector","All establishment sizes",215,1583,132008355,14524674,517279,1604,83396,"",0.44,0.41,0.48,0.36,0.50,1.18,1.18,"",-1,-0.5,-43,-2.6,12328576,10.3,-290326,-2.0,-72655,-12.3,189,13.4,9796,13.3
"06065","5","42381","77","0","2022","A","","Riverside County, California","Private","NAICS 42381 Construction and mining (except oil well) machinery and equipment merchant wholesalers","County, NAICS 5-digit -- by ownership sector","All establishment sizes",17,197,22417057,1742606,82878,2188,113792,"",0.45,0.38,0.58,0.31,0.63,1.53,1.53,"",3,21.4,17,9.4,5483623,32.4,237443,15.8,-1660,-2.0,383,21.2,19935,21.2
"06065","5","423810","78","0","2022","A","","Riverside County, California","Private","NAICS 423810 Construction and mining (except oil well) machinery and equipment merchant wholesalers","County, NAICS 6-digit -- by ownership sector","All establishment sizes",17,197,22417057,1742606,82878,2188,113792,"",0.45,0.38,0.58,0.31,0.63,1.53,1.53,"",3,21.4,17,9.4,5483623,32.4,237443,15.8,-1660,-2.0,383,21.2,19935,21.2
"06065","5","42382","77","0","2022","A","","Riverside County, California","Private","NAICS 42382 Farm and garden machinery and equipment merchant wholesalers","County, NAICS 5-digit -- by ownership sector","All establishment sizes",30,270,21291501,2872747,116009,1518,78955,"",0.50,0.44,0.56,0.43,0.90,1.26,1.26,"",0,0.0,-17,-5.9,3777989,21.6,74565,2.7,-7488,-6.1,346,29.5,17985,29.5
"06065","5","423820","78","0","2022","A","","Riverside County, California","Private","NAICS 423820 Farm and garden machinery and equipment merchant wholesalers","County, NAICS 6-digit -- by ownership sector","All establishment sizes",30,270,21291501,2872747,116009,1518,78955,"",0.50,0.44,0.56,0.43,0.90,1.26,1.26,"",0,0.0,-17,-5.9,3777989,21.6,74565,2.7,-7488,-6.1,346,29.5,17985,29.5
"06065","5","42383","77","0","2022","A","","Riverside County, California","Private","NAICS 42383 Industrial machinery and equipment merchant wholesalers","County, NAICS 5-digit -- by ownership sector","All establishment sizes",82,594,50229987,5259874,180107,1627,84598,"",0.35,0.34,0.39,0.30,0.37,1.14,1.14,"",0,0.0,-29,-4.7,2447840,5.1,-454041,-7.9,-44550,-19.8,151,10.2,7870,10.3
"06065","5","423830","78","0","2022","A","","Riverside County, California","Private","NAICS 423830 Industrial machinery and equipment merchant wholesalers","County, NAICS 6-digit -- by ownership sector","All establishment sizes",82,594,50229987,5259874,180107,1627,84598,"",0.35,0.34,0.39,0.30,0.37,1.14,1.14,"",0,0.0,-29,-4.7,2447840,5.1,-454041,-7.9,-44550,-19.8,151,10.2,7870,10.3
"06065","5","42384","77","0","2022","A","","Riverside County, California","Private","NAICS 42384 Industrial supplies merchant wholesalers","County, NAICS 5-digit -- by ownership sector","All establishment sizes",54,280,20390997,2391670,73232,1399,72738,"",0.63,0.51,0.53,0.43,0.48,1.05,1.05,"",0,0.0,17,6.5,1308166,6.9,58140,2.5,-3290,-4.3,1,0.1,65,0.1
"06065","5","423840","78","0","2022","A","","Riverside County, California","Private","NAICS 423840 Industrial supplies merchant wholesalers","County, NAICS 6-digit -- by ownership sector","All establishment sizes",54,280,20390997,2391670,73232,1399,72738,"",0.63,0.51,0.53,0.43,0.48,1.05,1.05,"",0,0.0,17,6.5,1308166,6.9,58140,2.5,-3290,-4.3,1,0.1,65,0.1
"06065","5","42385","77","0","2022","A","","Riverside County, California","Private","NAICS 42385 Service establishment equipment and supplies merchant wholesalers","County, NAICS 5-digit -- by ownership sector","All establishment sizes",19,139,9958186,1386669,38463,1381,71814,"",0.45,0.47,0.62,0.48,0.50,1.34,1.34,"",-6,-24.0,-28,-16.8,-1001627,-9.1,-159412,-10.3,-14405,-27.2,117,9.3,6088,9.3
"06065","5","423850","78","0","2022","A","","Riverside County, California","Private","NAICS 423850 Service establishment equipment and supplies merchant wholesalers","County, NAICS 6-digit -- by ownership sector","All establishment sizes",19,139,9958186,1386669,38463,1381,71814,"",0.45,0.47,0.62,0.48,0.50,1.34,1.34,"",-6,-24.0,-28,-16.8,-1001627,-9.1,-159412,-10.3,-14405,-27.2,117,9.3,6088,9.3
"06065","5","42386","77","0","2022","A","","Riverside County, California","Private","NAICS 42386 Transportation equipment and supplies (except motor vehicle) merchant wholesalers","County, NAICS 5-digit -- by ownership sector","All establishment sizes",13,104,7720627,871108,26590,1435,74595,"",0.45,0.57,0.52,0.53,0.51,0.92,0.92,"",1,8.3,-2,-1.9,312585,4.2,-47021,-5.1,-1262,-4.5,95,7.1,4927,7.1
"06065","5","423860","78","0","2022","A","","Riverside County, California","Private","NAICS 423860 Transportation equipment and supplies (except motor vehicle) merchant wholesalers","County, NAICS 6-digit -- by ownership sector","All establishment sizes",13,104,7720627,871108,26590,1435,74595,"",0.45,0.57,0.52,0.53,0.51,0.92,0.92,"",1,8.3,-2,-1.9,312585,4.2,-47021,-5.1,-1262,-4.5,95,7.1,4927,7.1
"06065","5","4239","76","0","2022","A","","Riverside County, California","Private","NAICS 4239 Miscellaneous durable goods merchant wholesalers","County, NAICS 4-digit -- by ownership sector","All establishment sizes",153,1167,72221219,9976905,325765,1190,61886,"",0.56,0.69,0.71,0.60,0.64,1.03,1.03,"",3,2.0,231,24.7,10819105,17.6,1723306,20.9,17368,5.6,-71,-5.6,-3709,-5.7
"06065","5","42391","77","0","2022","A","","Riverside County, California","Private","NAICS 42391 Sporting and recreational goods and supplies merchant wholesalers","County, NAICS 5-digit -- by ownership sector","All establishment sizes",51,353,23392977,2883317,76407,1275,66316,"",0.92,1.00,1.10,0.81,0.75,1.10,1.10,"",3,6.2,55,18.5,5370902,29.8,407200,16.4,-669,-0.9,112,9.6,5822,9.6
"06065","5","423910","78","0","2022","A","","Riverside County, California","Private","NAICS 423910 Sporting and recreational goods and supplies merchant wholesalers","County, NAICS 6-digit -- by ownership sector","All establishment sizes",51,353,23392977,2883317,76407,1275,66316,"",0.92,1.00,1.10,0.81,0.75,1.10,1.10,"",3,6.2,55,18.5,5370902,29.8,407200,16.4,-669,-0.9,112,9.6,5822,9.6
"06065","5","42392","77","0","2022","A","","Riverside County, California","Private","NAICS 42392 Toy and hobby goods and supplies merchant wholesalers","County, NAICS 5-digit -- by ownership sector","All establishment sizes",8,25,859415,217078,7729,666,34607,"",0.42,0.20,0.09,0.16,0.17,0.46,0.46,"",1,14.3,8,47.1,325752,61.0,30936,16.6,409,5.6,56,9.2,2904,9.2
"06065","5","423920","78","0","2022","A","","Riverside County, California","Private","NAICS 423920 Toy and hobby goods and supplies merchant wholesalers","County, NAICS 6-digit -- by ownership sector","All establishment sizes",8,25,859415,217078,7729,666,34607,"",0.42,0.20,0.09,0.16,0.17,0.46,0.46,"",1,14.3,8,47.1,325752,61.0,30936,16.6,409,5.6,56,9.2,2904,9.2
"06065","5","42393","77","0","2022","A","","Riverside County, California","Private","NAICS 42393 Recyclable material merchant wholesalers","County, NAICS 5-digit -- by ownership sector","All establishment sizes",34,411,23738066,3555102,137341,1110,57745,"",0.65,0.76,0.83,0.68,0.91,1.10,1.10,"",0,0.0,142,52.8,6154888,35.0,1366486,62.4,44767,48.4,-149,-11.8,-7742,-11.8
"06065","5","423930","78","0","2022","A","","Riverside County, California","Private","NAICS 423930 Recyclable material merchant wholesalers","County, NAICS 6-digit -- by ownership sector","All establishment sizes",34,411,23738066,3555102,137341,1110,57745,"",0.65,0.76,0.83,0.68,0.91,1.10,1.10,"",0,0.0,142,52.8,6154888,35.0,1366486,62.4,44767,48.4,-149,-11.8,-7742,-11.8
"06065","5","42394","77","0","2022","A","","Riverside County, California","Private","NAICS 42394 Jewelry, watch, precious stone, and precious metal merchant wholesalers","County, NAICS 5-digit -- by ownership sector","All establishment sizes",12,69,3794206,655492,19416,1051,54658,"",0.25,0.36,0.32,0.38,0.30,0.88,0.88,"",-4,-25.0,16,30.2,1225668,47.7,168157,34.5,-303,-1.5,118,12.6,6119,12.6
"06065","5","423940","78","0","2022","A","","Riverside County, California","Private","NAICS 423940 Jewelry, watch, precious stone, and precious metal merchant wholesalers","County, NAICS 6-digit -- by ownership sector","All establishment sizes",12,69,3794206,655492,19416,1051,54658,"",0.25,0.36,0.32,0.38,0.30,0.88,0.88,"",-4,-25.0,16,30.2,1225668,47.7,168157,34.5,-303,-1.5,118,12.6,6119,12.6
"06065","5","42399","77","0","2022","A","","Riverside County, California","Private","NAICS 42399 Other miscellaneous durable goods merchant wholesalers","County, NAICS 5-digit -- by ownership sector","All establishment sizes",49,309,20436555,2665916,84872,1272,66156,"",0.51,0.66,0.68,0.58,0.59,1.03,1.03,"",3,6.5,9,3.0,-2258105,-9.9,-249473,-8.6,-26836,-24.0,-183,-12.6,-9514,-12.6
"06065","5","423990","78","0","2022","A","","Riverside County, California","Private","NAICS 423990 Other miscellaneous durable goods merchant wholesalers","County, NAICS 6-digit -- by ownership sector","All establishment sizes",49,309,20436555,2665916,84872,1272,66156,"",0.51,0.66,0.68,0.58,0.59,1.03,1.03,"",3,6.5,9,3.0,-2258105,-9.9,-249473,-8.6,-26836,-24.0,-183,-12.6,-9514,-12.6
"06065","5","424","75","0","2022","A","","Riverside County, California","Private","NAICS 424 Merchant wholesalers, nondurable goods","County, NAICS 3-digit -- by ownership sector","All establishment sizes",623,10801,876040792,98701323,3290073,1560,81105,"",0.53,0.93,1.10,0.82,0.95,1.18,1.18,"",21,3.5,808,8.1,48772189,5.9,5055605,5.4,-613015,-15.7,-32,-2.0,-1679,-2.0
"06065","5","4241","76","0","2022","A","","Riverside County, California","Private","NAICS 4241 Paper and paper product merchant wholesalers","County, NAICS 4-digit -- by ownership sector","All establishment sizes",40,632,46277586,5735719,209453,1408,73195,"",0.61,1.00,1.09,0.91,1.14,1.09,1.09,"",1,2.6,25,4.1,4321435,10.3,-102910,-1.8,-44770,-17.6,78,5.9,4056,5.9
"06065","5","42411","77","0","2022","A","","Riverside County, California","Private","NAICS 42411 Printing and writing paper merchant wholesalers","County, NAICS 5-digit -- by ownership sector","All establishment sizes",4,22,1367503,49796,1869,1178,61231,"",0.44,0.35,0.24,0.07,0.09,0.67,0.67,"",-1,-20.0,2,10.0,158189,13.1,-62488,-55.7,-3294,-63.8,-5,-0.4,-260,-0.4
"06065","5","424110","78","0","2022","A","","Riverside County, California","Private","NAICS 424110 Printing and writing paper merchant wholesalers","County, NAICS 6-digit -- by ownership sector","All establishment sizes",4,22,1367503,49796,1869,1178,61231,"",0.44,0.35,0.24,0.07,0.09,0.67,0.67,"",-1,-20.0,2,10.0,158189,13.1,-62488,-55.7,-3294,-63.8,-5,-0.4,-260,-0.4
"06065","5","42412","77","0","2022","A","","Riverside County, California","Private","NAICS 42412 Stationery and office supplies merchant wholesalers","County, NAICS 5-digit -- by ownership sector","All establishment sizes",13,155,10662984,1224346,30111,1324,68867,"",0.56,0.70,1.01,0.65,0.53,1.45,1.45,"",-1,-7.1,14,9.9,365524,3.5,-28759,-2.3,-10212,-25.3,-76,-5.4,-3949,-5.4
"06065","5","424120","78","0","2022","A","","Riverside County, California","Private","NAICS 424120 Stationery and office supplies merchant wholesalers","County, NAICS 6-digit -- by ownership sector","All establishment sizes",13,155,10662984,1224346,30111,1324,68867,"",0.56,0.70,1.01,0.65,0.53,1.45,1.45,"",-1,-7.1,14,9.9,365524,3.5,-28759,-2.3,-10212,-25.3,-76,-5.4,-3949,-5.4
"06065","5","42413","77","0","2022","A","","Riverside County, California","Private","NAICS 42413 Industrial and personal service paper merchant wholesalers","County, NAICS 5-digit -- by ownership sector","All establishment sizes",23,455,34247099,4461577,177473,1447,75255,"",0.69,1.30,1.30,1.19,1.68,1.00,1.00,"",2,9.5,9,2.0,3797722,12.5,-11663,-0.3,-31264,-15.0,133,10.1,6945,10.2
"06065","5","424130","78","0","2022","A","","Riverside County, California","Private","NAICS 424130 Industrial and personal service paper merchant wholesalers","County, NAICS 6-digit -- by ownership sector","All establishment sizes",23,455,34247099,4461577,177473,1447,75255,"",0.69,1.30,1.30,1.19,1.68,1.00,1.00,"",2,9.5,9,2.0,3797722,12.5,-11663,-0.3,-31264,-15.0,133,10.1,6945,10.2
"06065","5","4242","76","0","2022","A","","Riverside County, California","Private","NAICS 4242 Drugs and druggists' sundries merchant wholesalers","County, NAICS 4-digit -- by ownership sector","All establishment sizes",58,928,70481694,8181983,317354,1460,75936,"",0.38,0.68,0.43,0.57,0.67,0.63,0.63,"",-3,-4.9,-227,-19.7,-70487069,-50.0,-2538870,-23.7,-231591,-42.2,-887,-37.8,-46115,-37.8
"06065","5","42421","77","0","2022","A","","Riverside County, California","Private","NAICS 42421 Drugs and druggists' sundries merchant wholesalers","County, NAICS 5-digit -- by ownership sector","All establishment sizes",58,928,70481694,8181983,317354,1460,75936,"",0.38,0.68,0.43,0.57,0.67,0.63,0.63,"",-3,-4.9,-227,-19.7,-70487069,-50.0,-2538870,-23.7,-231591,-42.2,-887,-37.8,-46115,-37.8
"06065","5","424210","78","0","2022","A","","Riverside County, California","Private","NAICS 424210 Drugs and druggists' sundries merchant wholesalers","County, NAICS 6-digit -- by ownership sector","All establishment sizes",58,928,70481694,8181983,317354,1460,75936,"",0.38,0.68,0.43,0.57,0.67,0.63,0.63,"",-3,-4.9,-227,-19.7,-70487069,-50.0,-2538870,-23.7,-231591,-42.2,-887,-37.8,-46115,-37.8
"06065","5","4243","76","0","2022","A","","Riverside County, California","Private","NAICS 4243 Apparel, piece goods, and notions merchant wholesalers","County, NAICS 4-digit -- by ownership sector","All establishment sizes",56,375,20366129,2996276,107035,1044,54298,"",0.52,0.48,0.40,0.39,0.38,0.82,0.82,"",6,12.0,-42,-10.1,-3857343,-15.9,-503032,-14.4,-57693,-35.0,-72,-6.5,-3745,-6.5
"06065","5","42431","77","0","2022","A","","Riverside County, California","Private","NAICS 42431 Piece goods, notions, and other dry goods merchant wholesalers","County, NAICS 5-digit -- by ownership sector","All establishment sizes",15,67,3898908,478715,20331,1126,58557,"",0.60,0.54,0.58,0.40,0.55,1.07,1.07,"",2,15.4,-75,-52.8,-6673596,-63.1,-818497,-63.1,-53335,-72.4,-303,-21.2,-15766,-21.2
"06065","5","424310","78","0","2022","A","","Riverside County, California","Private","NAICS 424310 Piece goods, notions, and other dry goods merchant wholesalers","County, NAICS 6-digit -- by ownership sector","All establishment sizes",15,67,3898908,478715,20331,1126,58557,"",0.60,0.54,0.58,0.40,0.55,1.07,1.07,"",2,15.4,-75,-52.8,-6673596,-63.1,-818497,-63.1,-53335,-72.4,-303,-21.2,-15766,-21.2
"06065","5","42434","77","0","2022","A","","Riverside County, California","Private","NAICS 42434 Footwear merchant wholesalers","County, NAICS 5-digit -- by ownership sector","All establishment sizes",7,56,2987022,297096,12107,1020,53024,"",0.55,0.44,0.30,0.22,0.26,0.69,0.69,"",0,0.0,-2,-3.4,519934,21.1,18106,6.5,-117,-1.0,202,24.7,10488,24.7
"06065","5","424340","78","0","2022","A","","Riverside County, California","Private","NAICS 424340 Footwear merchant wholesalers","County, NAICS 6-digit -- by ownership sector","All establishment sizes",7,56,2987022,297096,12107,1020,53024,"",0.55,0.44,0.30,0.22,0.26,0.69,0.69,"",0,0.0,-2,-3.4,519934,21.1,18106,6.5,-117,-1.0,202,24.7,10488,24.7
"06065","5","42435","77","0","2022","A","","Riverside County, California","Private","NAICS 42435 Clothing and clothing accessories merchant wholesalers","County, NAICS 5-digit -- by ownership sector","All establishment sizes",35,252,13480199,2220465,74597,1028,53457,"",0.50,0.48,0.39,0.44,0.38,0.80,0.80,"N",35,100.0,0,0,0,0,0,0,0,0,0,0,0,0
"06065","5","424350","78","0","2022","A","","Riverside County, California","Private","NAICS 424350 Clothing and clothing accessories merchant wholesalers","County, NAICS 6-digit -- by ownership sector","All establishment sizes",35,252,13480199,2220465,74597,1028,53457,"",0.50,0.48,0.39,0.44,0.38,0.80,0.80,"N",35,100.0,0,0,0,0,0,0,0,0,0,0,0,0
"06065","5","4244","76","0","2022","A","","Riverside County, California","Private","NAICS 4244 Grocery and related product merchant wholesalers","County, NAICS 4-digit -- by ownership sector","All establishment sizes",154,5730,509857828,53307223,1749822,1711,88974,"",0.49,1.35,2.10,1.19,1.37,1.56,1.56,"",5,3.4,730,14.6,71988710,16.4,5068299,10.5,-228882,-11.6,27,1.6,1399,1.6
"06065","5","42441","77","0","2022","A","","Riverside County, California","Private","NAICS 42441 General line grocery merchant wholesalers","County, NAICS 5-digit -- by ownership sector","All establishment sizes",28,1773,140112941,18379550,616144,1520,79026,"",0.55,1.30,1.79,1.22,1.50,1.38,1.38,"",3,12.0,210,13.4,17262442,14.1,1012249,5.8,-127815,-17.2,9,0.6,439,0.6
"06065","5","424410","78","0","2022","A","","Riverside County, California","Private","NAICS 424410 General line grocery merchant wholesalers","County, NAICS 6-digit -- by ownership sector","All establishment sizes",28,1773,140112941,18379550,616144,1520,79026,"",0.55,1.30,1.79,1.22,1.50,1.38,1.38,"",3,12.0,210,13.4,17262442,14.1,1012249,5.8,-127815,-17.2,9,0.6,439,0.6
"06065","5","42442","77","0","2022","A","","Riverside County, California","Private","NAICS 42442 Packaged frozen food merchant wholesalers","County, NAICS 5-digit -- by ownership sector","All establishment sizes",5,58,3603298,477491,10259,1190,61859,"",0.28,0.32,0.32,0.26,0.19,0.99,0.99,"",0,0.0,-4,-6.5,228180,6.8,-52475,-9.9,-3403,-24.9,147,14.1,7640,14.1
"06065","5","424420","78","0","2022","A","","Riverside County, California","Private","NAICS 424420 Packaged frozen food merchant wholesalers","County, NAICS 6-digit -- by ownership sector","All establishment sizes",5,58,3603298,477491,10259,1190,61859,"",0.28,0.32,0.32,0.26,0.19,0.99,0.99,"",0,0.0,-4,-6.5,228180,6.8,-52475,-9.9,-3403,-24.9,147,14.1,7640,14.1
"06065","5","42443","77","0","2022","A","","Riverside County, California","Private","NAICS 42443 Dairy product (except dried or canned) merchant wholesalers","County, NAICS 5-digit -- by ownership sector","All establishment sizes",3,38,2403724,367552,9512,1227,63816,"",0.17,0.22,0.24,0.20,0.18,1.10,1.10,"",0,0.0,2,5.6,314352,15.0,-7234,-1.9,-2460,-20.5,116,10.4,6045,10.5
"06065","5","424430","78","0","2022","A","","Riverside County, California","Private","NAICS 424430 Dairy product (except dried or canned) merchant wholesalers","County, NAICS 6-digit -- by ownership sector","All establishment sizes",3,38,2403724,367552,9512,1227,63816,"",0.17,0.22,0.24,0.20,0.18,1.10,1.10,"",0,0.0,2,5.6,314352,15.0,-7234,-1.9,-2460,-20.5,116,10.4,6045,10.5
"06065","5","42444","77","0","2022","A","N","Riverside County, California","Private","NAICS 42444 Poultry and poultry product merchant wholesalers","County, NAICS 5-digit -- by ownership sector","All establishment sizes",3,0,0,0,0,0,0,"N",0.62,0,0,0,0,0,0,"N",0,0.0,0,0,0,0,0,0,0,0,0,0,0,0
"06065","5","424440","78","0","2022","A","N","Riverside County, California","Private","NAICS 424440 Poultry and poultry product merchant wholesalers","County, NAICS 6-digit -- by ownership sector","All establishment sizes",3,0,0,0,0,0,0,"N",0.62,0,0,0,0,0,0,"N",0,0.0,0,0,0,0,0,0,0,0,0,0,0,0
"06065","5","42445","77","0","2022","A","N","Riverside County, California","Private","NAICS 42445 Confectionery merchant wholesalers","County, NAICS 5-digit -- by ownership sector","All establishment sizes",7,0,0,0,0,0,0,"N",0.28,0,0,0,0,0,0,"N",1,16.7,0,0,0,0,0,0,0,0,0,0,0,0
"06065","5","424450","78","0","2022","A","N","Riverside County, California","Private","NAICS 424450 Confectionery merchant wholesalers","County, NAICS 6-digit -- by ownership sector","All establishment sizes",7,0,0,0,0,0,0,"N",0.28,0,0,0,0,0,0,"N",1,16.7,0,0,0,0,0,0,0,0,0,0,0,0
"06065","5","42446","77","0","2022","A","N","Riverside County, California","Private","NAICS 42446 Fish and seafood merchant wholesalers","County, NAICS 5-digit -- by ownership sector","All establishment sizes",3,0,0,0,0,0,0,"N",0.16,0,0,0,0,0,0,"N",0,0.0,0,0,0,0,0,0,0,0,0,0,0,0
"06065","5","424460","78","0","2022","A","N","Riverside County, California","Private","NAICS 424460 Fish and seafood merchant wholesalers","County, NAICS 6-digit -- by ownership sector","All establishment sizes",3,0,0,0,0,0,0,"N",0.16,0,0,0,0,0,0,"N",0,0.0,0,0,0,0,0,0,0,0,0,0,0,0
"06065","5","42447","77","0","2022","A","","Riverside County, California","Private","NAICS 42447 Meat and meat product merchant wholesalers","County, NAICS 5-digit -- by ownership sector","All establishment sizes",11,294,18326057,2937302,76504,1200,62422,"",0.55,1.18,1.27,1.19,1.11,1.08,1.08,"",2,22.2,161,121.1,10987266,149.7,1889174,180.2,36205,89.8,138,13.0,7174,13.0
"06065","5","424470","78","0","2022","A","","Riverside County, California","Private","NAICS 424470 Meat and meat product merchant wholesalers","County, NAICS 6-digit -- by ownership sector","All establishment sizes",11,294,18326057,2937302,76504,1200,62422,"",0.55,1.18,1.27,1.19,1.11,1.08,1.08,"",2,22.2,161,121.1,10987266,149.7,1889174,180.2,36205,89.8,138,13.0,7174,13.0
"06065","5","42448","77","0","2022","A","","Riverside County, California","Private","NAICS 42448 Fresh fruit and vegetable merchant wholesalers","County, NAICS 5-digit -- by ownership sector","All establishment sizes",34,779,61006079,7133855,261223,1507,78355,"",1.02,1.56,2.39,1.42,1.65,1.53,1.53,"",-1,-2.9,-11,-1.4,-2487765,-3.9,-384502,-5.1,-59433,-18.5,-38,-2.5,-1983,-2.5
"06065","5","424480","78","0","2022","A","","Riverside County, California","Private","NAICS 424480 Fresh fruit and vegetable merchant wholesalers","County, NAICS 6-digit -- by ownership sector","All establishment sizes",34,779,61006079,7133855,261223,1507,78355,"",1.02,1.56,2.39,1.42,1.65,1.53,1.53,"",-1,-2.9,-11,-1.4,-2487765,-3.9,-384502,-5.1,-59433,-18.5,-38,-2.5,-1983,-2.5
"06065","5","42449","77","0","2022","A","","Riverside County, California","Private","NAICS 42449 Other grocery and related products merchant wholesalers","County, NAICS 5-digit -- by ownership sector","All establishment sizes",60,2567,269123010,22229916,735205,2017,104860,"",0.49,2.04,3.65,1.70,1.93,1.79,1.79,"",0,0.0,363,16.5,43024116,19.0,2202921,11.0,-69308,-8.6,44,2.2,2278,2.2
"06065","5","424490","78","0","2022","A","","Riverside County, California","Private","NAICS 424490 Other grocery and related products merchant wholesalers","County, NAICS 6-digit -- by ownership sector","All establishment sizes",60,2567,269123010,22229916,735205,2017,104860,"",0.49,2.04,3.65,1.70,1.93,1.79,1.79,"",0,0.0,363,16.5,43024116,19.0,2202921,11.0,-69308,-8.6,44,2.2,2278,2.2
"06065","5","4245","76","0","2022","A","","Riverside County, California","Private","NAICS 4245 Farm product raw material merchant wholesalers","County, NAICS 4-digit -- by ownership sector","All establishment sizes",13,293,13146401,3307660,109525,864,44932,"",0.28,0.78,0.74,0.83,1.33,0.94,0.94,"",3,30.0,129,78.7,4674956,55.2,849195,34.5,13706,14.3,-128,-12.9,-6645,-12.9
"06065","5","42459","77","0","2022","A","","Riverside County, California","Private","NAICS 42459 Other farm product raw material merchant wholesalers","County, NAICS 5-digit -- by ownership sector","All establishment sizes",13,293,13146401,3307660,109525,864,44932,"",1.14,3.70,3.35,4.36,4.16,0.91,0.91,"",3,30.0,129,78.7,4674956,55.2,849195,34.5,13706,14.3,-128,-12.9,-6645,-12.9
"06065","5","424590","78","0","2022","A","","Riverside County, California","Private","NAICS 424590 Other farm product raw material merchant wholesalers","County, NAICS 6-digit -- by ownership sector","All establishment sizes",13,293,13146401,3307660,109525,864,44932,"",1.14,3.70,3.35,4.36,4.16,0.91,0.91,"",3,30.0,129,78.7,4674956,55.2,849195,34.5,13706,14.3,-128,-12.9,-6645,-12.9
"06065","5","4246","76","0","2022","A","","Riverside County, California","Private","NAICS 4246 Chemical and allied products merchant wholesalers","County, NAICS 4-digit -- by ownership sector","All establishment sizes",32,363,29127440,3156822,115627,1543,80222,"",0.26,0.46,0.44,0.40,0.51,0.96,0.96,"",1,3.2,49,15.6,6762232,30.2,340644,12.1,-2134,-1.8,172,12.5,8938,12.5
"06065","5","42461","77","0","2022","A","","Riverside County, California","Private","NAICS 42461 Plastics materials and basic forms and shapes merchant wholesalers","County, NAICS 5-digit -- by ownership sector","All establishment sizes",12,212,16555553,1783074,64413,1500,78000,"",0.41,1.35,1.29,1.16,1.38,0.95,0.95,"",0,0.0,-7,-3.2,1445459,9.6,-197766,-10.0,-21606,-25.1,172,13.0,8925,12.9
"06065","5","424610","78","0","2022","A","","Riverside County, California","Private","NAICS 424610 Plastics materials and basic forms and shapes merchant wholesalers","County, NAICS 6-digit -- by ownership sector","All establishment sizes",12,212,16555553,1783074,64413,1500,78000,"",0.41,1.35,1.29,1.16,1.38,0.95,0.95,"",0,0.0,-7,-3.2,1445459,9.6,-197766,-10.0,-21606,-25.1,172,13.0,8925,12.9
"06065","5","42469","77","0","2022","A","","Riverside County, California","Private","NAICS 42469 Other chemical and allied products merchant wholesalers","County, NAICS 5-digit -- by ownership sector","All establishment sizes",20,151,12571887,1373748,51214,1603,83350,"",0.22,0.24,0.24,0.21,0.28,1.00,1.00,"",1,5.3,56,58.9,5316773,73.3,538410,64.5,19472,61.3,134,9.1,6980,9.1
"06065","5","424690","78","0","2022","A","","Riverside County, California","Private","NAICS 424690 Other chemical and allied products merchant wholesalers","County, NAICS 6-digit -- by ownership sector","All establishment sizes",20,151,12571887,1373748,51214,1603,83350,"",0.22,0.24,0.24,0.21,0.28,1.00,1.00,"",1,5.3,56,58.9,5316773,73.3,538410,64.5,19472,61.3,134,9.1,6980,9.1
"06065","5","4247","76","0","2022","A","","Riverside County, California","Private","NAICS 4247 Petroleum and petroleum products merchant wholesalers","County, NAICS 4-digit -- by ownership sector","All establishment sizes",24,273,20364280,2571143,73990,1436,74686,"",0.43,0.51,0.46,0.45,0.47,0.90,0.90,"",0,0.0,6,2.2,2034765,11.1,184450,7.7,-12371,-14.3,116,8.8,6036,8.8
"06065","5","42471","77","0","2022","A","","Riverside County, California","Private","NAICS 42471 Petroleum bulk stations and terminals","County, NAICS 5-digit -- by ownership sector","All establishment sizes",10,80,5632020,671967,22285,1361,70769,"",0.56,0.44,0.40,0.33,0.43,0.92,0.92,"",0,0.0,2,2.6,533692,10.5,3076,0.5,-5266,-19.1,103,8.2,5336,8.2
"06065","5","424710","78","0","2022","A","","Riverside County, California","Private","NAICS 424710 Petroleum bulk stations and terminals","County, NAICS 6-digit -- by ownership sector","All establishment sizes",10,80,5632020,671967,22285,1361,70769,"",0.56,0.44,0.40,0.33,0.43,0.92,0.92,"",0,0.0,2,2.6,533692,10.5,3076,0.5,-5266,-19.1,103,8.2,5336,8.2
"06065","5","42472","77","0","2022","A","","Riverside County, California","Private","NAICS 42472 Petroleum and petroleum products merchant wholesalers (except bulk stations and terminals)","County, NAICS 5-digit -- by ownership sector","All establishment sizes",14,193,14732260,1899176,51705,1467,76300,"",0.38,0.55,0.48,0.52,0.49,0.88,0.88,"",1,7.7,4,2.1,1501073,11.3,181374,10.6,-7105,-12.1,121,9.0,6325,9.0
"06065","5","424720","78","0","2022","A","","Riverside County, California","Private","NAICS 424720 Petroleum and petroleum products merchant wholesalers (except bulk stations and terminals)","County, NAICS 6-digit -- by ownership sector","All establishment sizes",14,193,14732260,1899176,51705,1467,76300,"",0.38,0.55,0.48,0.52,0.49,0.88,0.88,"",1,7.7,4,2.1,1501073,11.3,181374,10.6,-7105,-12.1,121,9.0,6325,9.0
"06065","5","4248","76","0","2022","A","","Riverside County, California","Private","NAICS 4248 Beer, wine, and distilled alcoholic beverage merchant wholesalers","County, NAICS 4-digit -- by ownership sector","All establishment sizes",17,506,41332774,4106157,89477,1572,81766,"",0.28,0.45,0.57,0.36,0.33,1.25,1.25,"",0,0.0,75,17.4,8370375,25.4,1069810,35.2,10374,13.1,103,7.0,5361,7.0
"06065","5","42481","77","0","2022","A","N","Riverside County, California","Private","NAICS 42481 Beer and ale merchant wholesalers","County, NAICS 5-digit -- by ownership sector","All establishment sizes",6,0,0,0,0,0,0,"N",0.30,0,0,0,0,0,0,"N",-1,-14.3,0,0,0,0,0,0,0,0,0,0,0,0
"06065","5","424810","78","0","2022","A","N","Riverside County, California","Private","NAICS 424810 Beer and ale merchant wholesalers","County, NAICS 6-digit -- by ownership sector","All establishment sizes",6,0,0,0,0,0,0,"N",0.30,0,0,0,0,0,0,"N",-1,-14.3,0,0,0,0,0,0,0,0,0,0,0,0
"06065","5","42482","77","0","2022","A","N","Riverside County, California","Private","NAICS 42482 Wine and distilled alcoholic beverage merchant wholesalers","County, NAICS 5-digit -- by ownership sector","All establishment sizes",11,0,0,0,0,0,0,"N",0.28,0,0,0,0,0,0,"N",1,10.0,0,0,0,0,0,0,0,0,0,0,0,0
"06065","5","424820","78","0","2022","A","N","Riverside County, California","Private","NAICS 424820 Wine and distilled alcoholic beverage merchant wholesalers","County, NAICS 6-digit -- by ownership sector","All establishment sizes",11,0,0,0,0,0,0,"N",0.28,0,0,0,0,0,0,"N",1,10.0,0,0,0,0,0,0,0,0,0,0,0,0
"06065","5","4249","76","0","2022","A","","Riverside County, California","Private","NAICS 4249 Miscellaneous nondurable goods merchant wholesalers","County, NAICS 4-digit -- by ownership sector","All establishment sizes",229,1702,125086660,15338340,517790,1414,73512,"",0.91,0.97,1.27,0.86,1.02,1.31,1.31,"",7,3.2,64,3.9,24964128,24.9,688019,4.7,-59654,-10.3,238,20.2,12372,20.2
"06065","5","42491","77","0","2022","A","","Riverside County, California","Private","NAICS 42491 Farm supplies merchant wholesalers","County, NAICS 5-digit -- by ownership sector","All establishment sizes",40,421,30856554,4326611,181076,1409,73279,"",0.47,0.66,0.77,0.60,1.00,1.16,1.16,"",-2,-4.8,-36,-7.9,-1234637,-3.8,573450,15.3,8592,5.0,59,4.4,3096,4.4
"06065","5","424910","78","0","2022","A","","Riverside County, California","Private","NAICS 424910 Farm supplies merchant wholesalers","County, NAICS 6-digit -- by ownership sector","All establishment sizes",40,421,30856554,4326611,181076,1409,73279,"",0.47,0.66,0.77,0.60,1.00,1.16,1.16,"",-2,-4.8,-36,-7.9,-1234637,-3.8,573450,15.3,8592,5.0,59,4.4,3096,4.4
"06065","5","42492","77","0","2022","A","","Riverside County, California","Private","NAICS 42492 Book, periodical, and newspaper merchant wholesalers","County, NAICS 5-digit -- by ownership sector","All establishment sizes",4,7,349994,65725,986,939,48836,"",0.29,0.05,0.05,0.04,0.02,0.97,0.97,"",0,0.0,1,16.7,96354,38.0,-7875,-10.7,-542,-35.5,103,12.3,5355,12.3
"06065","5","424920","78","0","2022","A","","Riverside County, California","Private","NAICS 424920 Book, periodical, and newspaper merchant wholesalers","County, NAICS 6-digit -- by ownership sector","All establishment sizes",4,7,349994,65725,986,939,48836,"",0.29,0.05,0.05,0.04,0.02,0.97,0.97,"",0,0.0,1,16.7,96354,38.0,-7875,-10.7,-542,-35.5,103,12.3,5355,12.3
"06065","5","42493","77","0","2022","A","","Riverside County, California","Private","NAICS 42493 Flower, nursery stock, and florists' supplies merchant wholesalers","County, NAICS 5-digit -- by ownership sector","All establishment sizes",36,339,15093900,3011751,79589,855,44481,"",1.47,1.31,1.50,1.32,1.09,1.14,1.14,"",1,2.9,29,9.4,1990612,15.2,109468,3.8,-11656,-12.8,43,5.3,2269,5.4
"06065","5","424930","78","0","2022","A","","Riverside County, California","Private","NAICS 424930 Flower, nursery stock, and florists' supplies merchant wholesalers","County, NAICS 6-digit -- by ownership sector","All establishment sizes",36,339,15093900,3011751,79589,855,44481,"",1.47,1.31,1.50,1.32,1.09,1.14,1.14,"",1,2.9,29,9.4,1990612,15.2,109468,3.8,-11656,-12.8,43,5.3,2269,5.4
"06065","5","42494","77","0","2022","A","","Riverside County, California","Private","NAICS 42494 Tobacco product and electronic cigarette merchant wholesalers","County, NAICS 5-digit -- by ownership sector","All establishment sizes",11,55,4316575,460519,17894,1498,77893,"",0.78,0.40,0.56,0.33,0.52,1.41,1.41,"",0,0.0,7,14.6,497528,13.0,89747,24.2,1520,9.3,-40,-2.6,-2087,-2.6
"06065","5","424940","78","0","2022","A","","Riverside County, California","Private","NAICS 424940 Tobacco product and electronic cigarette merchant wholesalers","County, NAICS 6-digit -- by ownership sector","All establishment sizes",11,55,4316575,460519,17894,1498,77893,"",0.78,0.40,0.56,0.33,0.52,1.41,1.41,"",0,0.0,7,14.6,497528,13.0,89747,24.2,1520,9.3,-40,-2.6,-2087,-2.6
"06065","5","42495","77","0","2022","A","","Riverside County, California","Private","NAICS 42495 Paint, varnish, and supplies merchant wholesalers","County, NAICS 5-digit -- by ownership sector","All establishment sizes",18,149,7470224,1014230,26655,965,50192,"",0.95,1.22,1.00,0.87,0.88,0.82,0.82,"",3,20.0,18,13.7,-287350,-3.7,-15939,-1.5,-9732,-26.7,-175,-15.4,-9102,-15.4
"06065","5","424950","78","0","2022","A","","Riverside County, California","Private","NAICS 424950 Paint, varnish, and supplies merchant wholesalers","County, NAICS 6-digit -- by ownership sector","All establishment sizes",18,149,7470224,1014230,26655,965,50192,"",0.95,1.22,1.00,0.87,0.88,0.82,0.82,"",3,20.0,18,13.7,-287350,-3.7,-15939,-1.5,-9732,-26.7,-175,-15.4,-9102,-15.4
"06065","5","42499","77","0","2022","A","","Riverside County, California","Private","NAICS 42499 Other miscellaneous nondurable goods merchant wholesalers","County, NAICS 5-digit -- by ownership sector","All establishment sizes",121,730,66999413,6459504,211590,1766,91811,"",1.27,1.62,2.62,1.54,1.54,1.62,1.62,"",6,5.2,44,6.4,23901621,55.5,-60832,-0.9,-47836,-18.4,557,46.1,28940,46.0
"06065","5","424990","78","0","2022","A","","Riverside County, California","Private","NAICS 424990 Other miscellaneous nondurable goods merchant wholesalers","County, NAICS 6-digit -- by ownership sector","All establishment sizes",121,730,66999413,6459504,211590,1766,91811,"",1.27,1.62,2.62,1.54,1.54,1.62,1.62,"",6,5.2,44,6.4,23901621,55.5,-60832,-0.9,-47836,-18.4,557,46.1,28940,46.0
"06065","5","425","75","0","2022","A","","Riverside County, California","Private","NAICS 425 Wholesale trade agents and brokers","County, NAICS 3-digit -- by ownership sector","All establishment sizes",227,1229,84652495,11401967,351517,1324,68860,"",0.27,0.44,0.32,0.41,0.41,0.71,0.71,"",-5,-2.2,76,6.6,4191336,5.2,414207,3.8,-45023,-11.4,-18,-1.3,-934,-1.3
"06065","5","4251","76","0","2022","A","","Riverside County, California","Private","NAICS 4251 Wholesale trade agents and brokers","County, NAICS 4-digit -- by ownership sector","All establishment sizes",227,1229,84652495,11401967,351517,1324,68860,"",0.27,0.44,0.32,0.41,0.41,0.71,0.71,"",-5,-2.2,76,6.6,4191336,5.2,414207,3.8,-45023,-11.4,-18,-1.3,-934,-1.3
"06065","5","42512","77","0","2022","A","","Riverside County, California","Private","NAICS 42512 Wholesale trade agents and brokers","County, NAICS 5-digit -- by ownership sector","All establishment sizes",227,1229,84652495,11401967,351517,1324,68860,"",0.27,0.44,0.32,0.41,0.41,0.71,0.71,"",5,2.3,95,8.4,5370220,6.8,574322,5.3,-41679,-10.6,-20,-1.5,-1028,-1.5
"06065","5","425120","78","0","2022","A","","Riverside County, California","Private","NAICS 425120 Wholesale trade agents and brokers","County, NAICS 6-digit -- by ownership sector","All establishment sizes",227,1229,84652495,11401967,351517,1324,68860,"",0.27,0.44,0.32,0.41,0.41,0.71,0.71,"",5,2.3,95,8.4,5370220,6.8,574322,5.3,-41679,-10.6,-20,-1.5,-1028,-1.5
"06065","5","44-45","74","0","2022","A","","Riverside County, California","Private","NAICS 44-45 Retail trade","County, NAICS Sector -- by ownership sector","All establishment sizes",5408,92498,3922869920,769156473,18422624,816,42410,"",0.78,1.11,1.47,1.13,1.14,1.32,1.32,"",80,1.5,1110,1.2,208677038,5.6,-4517704,-0.6,-3874394,-17.4,34,4.3,1768,4.4
"06065","5","441","75","0","2022","A","","Riverside County, California","Private","NAICS 441 Motor vehicle and parts dealers","County, NAICS 3-digit -- by ownership sector","All establishment sizes",689,13229,1041779190,123642280,3874657,1514,78751,"",0.85,1.23,1.73,1.18,1.42,1.41,1.41,"",25,3.8,601,4.8,62234831,6.4,4216761,3.5,-720403,-15.7,22,1.5,1183,1.5
"06065","5","4411","76","0","2022","A","","Riverside County, California","Private","NAICS 4411 Automobile dealers","County, NAICS 4-digit -- by ownership sector","All establishment sizes",217,8577,805933691,81014788,2797674,1807,93966,"",0.69,1.27,1.81,1.21,1.54,1.42,1.42,"",17,8.5,443,5.4,55954024,7.5,3762942,4.9,-454634,-14.0,34,1.9,1765,1.9
"06065","5","44111","77","0","2022","A","","Riverside County, California","Private","NAICS 44111 New car dealers","County, NAICS 5-digit -- by ownership sector","All establishment sizes",143,7526,745059756,71996641,2538580,1904,98997,"",1.04,1.30,1.86,1.25,1.63,1.43,1.43,"",5,3.6,307,4.3,48595729,7.0,2785462,4.0,-435505,-14.6,49,2.6,2515,2.6
"06065","5","441110","78","0","2022","A","","Riverside County, California","Private","NAICS 441110 New car dealers","County, NAICS 6-digit -- by ownership sector","All establishment sizes",143,7526,745059756,71996641,2538580,1904,98997,"",1.04,1.30,1.86,1.25,1.63,1.43,1.43,"",5,3.6,307,4.3,48595729,7.0,2785462,4.0,-435505,-14.6,49,2.6,2515,2.6
"06065","5","44112","77","0","2022","A","","Riverside County, California","Private","NAICS 44112 Used car dealers","County, NAICS 5-digit -- by ownership sector","All establishment sizes",74,1051,60873935,9018147,259094,1114,57934,"",0.42,1.07,1.33,0.96,0.97,1.24,1.24,"",11,17.5,135,14.7,7358295,13.7,977480,12.2,-19129,-6.9,-10,-0.9,-516,-0.9
"06065","5","441120","78","0","2022","A","","Riverside County, California","Private","NAICS 441120 Used car dealers","County, NAICS 6-digit -- by ownership sector","All establishment sizes",74,1051,60873935,9018147,259094,1114,57934,"",0.42,1.07,1.33,0.96,0.97,1.24,1.24,"",11,17.5,135,14.7,7358295,13.7,977480,12.2,-19129,-6.9,-10,-0.9,-516,-0.9
"06065","5","4412","76","0","2022","A","","Riverside County, California","Private","NAICS 4412 Other motor vehicle dealers","County, NAICS 4-digit -- by ownership sector","All establishment sizes",98,1104,80094448,10448548,356543,1395,72555,"",0.98,1.16,1.61,1.05,1.14,1.39,1.39,"",-2,-2.0,59,5.6,-763855,-0.9,350272,3.5,-77477,-17.9,-94,-6.3,-4852,-6.3
"06065","5","44121","77","0","2022","A","","Riverside County, California","Private","NAICS 44121 Recreational vehicle dealers","County, NAICS 5-digit -- by ownership sector","All establishment sizes",27,408,33963930,4003862,155494,1601,83262,"",1.37,1.33,1.87,1.13,1.34,1.40,1.40,"",-4,-12.9,54,15.3,-2768134,-7.5,612949,18.1,-1611,-1.0,-397,-19.9,-20648,-19.9
"06065","5","441210","78","0","2022","A","","Riverside County, California","Private","NAICS 441210 Recreational vehicle dealers","County, NAICS 6-digit -- by ownership sector","All establishment sizes",27,408,33963930,4003862,155494,1601,83262,"",1.37,1.33,1.87,1.13,1.34,1.40,1.40,"",-4,-12.9,54,15.3,-2768134,-7.5,612949,18.1,-1611,-1.0,-397,-19.9,-20648,-19.9
"06065","5","44122","77","0","2022","A","","Riverside County, California","Private","NAICS 44122 Motorcycle, boat, and other motor vehicle dealers","County, NAICS 5-digit -- by ownership sector","All establishment sizes",71,696,46130518,6444686,201049,1275,66279,"",0.89,1.08,1.47,1.01,1.02,1.36,1.36,"",2,2.9,5,0.7,2004279,4.5,-262677,-3.9,-75866,-27.4,47,3.8,2428,3.8
"06065","5","441222","78","0","2022","A","","Riverside County, California","Private","NAICS 441222 Boat dealers","County, NAICS 6-digit -- by ownership sector","All establishment sizes",13,96,6036169,851467,33170,1214,63151,"",0.43,0.45,0.55,0.42,0.45,1.22,1.22,"",0,0.0,9,10.3,599282,11.0,22808,2.8,-5801,-14.9,12,1.0,658,1.1
"06065","5","441227","78","0","2022","A","","Riverside County, California","Private","NAICS 441227 Motorcycle, atv, and all other motor vehicle dealers","County, NAICS 6-digit -- by ownership sector","All establishment sizes",58,600,40094349,5593219,167879,1284,66778,"",1.16,1.40,1.97,1.28,1.37,1.41,1.41,"N",58,100.0,0,0,0,0,0,0,0,0,0,0,0,0
"06065","5","4413","76","0","2022","A","","Riverside County, California","Private","NAICS 4413 Automotive parts, accessories, and tire retailers","County, NAICS 4-digit -- by ownership sector","All establishment sizes",374,3548,155751051,32178944,720440,844,43898,"",0.95,1.15,1.48,1.17,1.22,1.28,1.28,"",10,2.7,99,2.9,7044662,4.7,103547,0.3,-188292,-20.7,15,1.8,787,1.8
"06065","5","44133","77","0","2022","A","","Riverside County, California","Private","NAICS 44133 Automotive parts and accessories retailers","County, NAICS 5-digit -- by ownership sector","All establishment sizes",216,2395,97017708,21189564,469779,779,40506,"",0.84,1.15,1.51,1.22,1.29,1.31,1.31,"N",216,100.0,0,0,0,0,0,0,0,0,0,0,0,0
"06065","5","441330","78","0","2022","A","","Riverside County, California","Private","NAICS 441330 Automotive parts and accessories retailers","County, NAICS 6-digit -- by ownership sector","All establishment sizes",216,2395,97017708,21189564,469779,779,40506,"",0.84,1.15,1.51,1.22,1.29,1.31,1.31,"N",216,100.0,0,0,0,0,0,0,0,0,0,0,0,0
"06065","5","44134","77","0","2022","A","","Riverside County, California","Private","NAICS 44134 Tire dealers","County, NAICS 5-digit -- by ownership sector","All establishment sizes",158,1153,58733343,10989380,250661,980,50947,"",1.17,1.16,1.44,1.10,1.12,1.24,1.24,"N",158,100.0,0,0,0,0,0,0,0,0,0,0,0,0
"06065","5","441340","78","0","2022","A","","Riverside County, California","Private","NAICS 441340 Tire dealers","County, NAICS 6-digit -- by ownership sector","All establishment sizes",158,1153,58733343,10989380,250661,980,50947,"",1.17,1.16,1.44,1.10,1.12,1.24,1.24,"N",158,100.0,0,0,0,0,0,0,0,0,0,0,0,0
"06065","5","444","75","0","2022","A","","Riverside County, California","Private","NAICS 444 Building material and garden equipment and supplies dealers","County, NAICS 3-digit -- by ownership sector","All establishment sizes",354,8901,383006876,75629410,1905801,827,43029,"",0.75,1.16,1.50,1.15,1.16,1.29,1.29,"",21,6.3,98,1.1,37875525,11.0,-659357,-0.9,-490003,-20.5,73,9.7,3824,9.8
"06065","5","4441","76","0","2022","A","","Riverside County, California","Private","NAICS 4441 Building material and supplies dealers","County, NAICS 4-digit -- by ownership sector","All establishment sizes",271,8143,351530795,68413742,1689274,830,43169,"",0.76,1.22,1.56,1.19,1.24,1.28,1.28,"",11,4.2,42,0.5,34651010,10.9,-1122195,-1.6,-478586,-22.1,78,10.4,4054,10.4
"06065","5","44411","77","0","2022","A","","Riverside County, California","Private","NAICS 44411 Home centers","County, NAICS 5-digit -- by ownership sector","All establishment sizes",48,5417,190402198,45059039,1018373,676,35149,"",0.78,1.29,1.64,1.29,1.26,1.27,1.27,"",-1,-2.0,-188,-3.4,6904290,3.8,-2613294,-5.5,-354208,-25.8,46,7.3,2412,7.4
"06065","5","444110","78","0","2022","A","","Riverside County, California","Private","NAICS 444110 Home centers","County, NAICS 6-digit -- by ownership sector","All establishment sizes",48,5417,190402198,45059039,1018373,676,35149,"",0.78,1.29,1.64,1.29,1.26,1.27,1.27,"",-1,-2.0,-188,-3.4,6904290,3.8,-2613294,-5.5,-354208,-25.8,46,7.3,2412,7.4
"06065","5","44412","77","0","2022","A","","Riverside County, California","Private","NAICS 44412 Paint and wallpaper retailers","County, NAICS 5-digit -- by ownership sector","All establishment sizes",35,265,15384691,2281613,47983,1117,58074,"",0.78,1.19,1.60,1.14,1.19,1.34,1.34,"",3,9.4,1,0.4,898426,6.2,260925,12.9,-6126,-11.3,62,5.9,3202,5.8
"06065","5","444120","78","0","2022","A","","Riverside County, California","Private","NAICS 444120 Paint and wallpaper retailers","County, NAICS 6-digit -- by ownership sector","All establishment sizes",35,265,15384691,2281613,47983,1117,58074,"",0.78,1.19,1.60,1.14,1.19,1.34,1.34,"",3,9.4,1,0.4,898426,6.2,260925,12.9,-6126,-11.3,62,5.9,3202,5.8
"06065","5","44414","77","0","2022","A","","Riverside County, California","Private","NAICS 44414 Hardware retailers","County, NAICS 5-digit -- by ownership sector","All establishment sizes",69,733,33179349,5941614,172780,870,45265,"",0.68,0.80,1.24,0.78,1.10,1.56,1.56,"N",69,100.0,0,0,0,0,0,0,0,0,0,0,0,0
"06065","5","444140","78","0","2022","A","","Riverside County, California","Private","NAICS 444140 Hardware retailers","County, NAICS 6-digit -- by ownership sector","All establishment sizes",69,733,33179349,5941614,172780,870,45265,"",0.68,0.80,1.24,0.78,1.10,1.56,1.56,"N",69,100.0,0,0,0,0,0,0,0,0,0,0,0,0
"06065","5","44418","77","0","2022","A","","Riverside County, California","Private","NAICS 44418 Other building material dealers","County, NAICS 5-digit -- by ownership sector","All establishment sizes",119,1728,112564557,15131476,450138,1253,65135,"",0.79,1.30,1.55,1.15,1.29,1.20,1.20,"N",119,100.0,0,0,0,0,0,0,0,0,0,0,0,0
"06065","5","444180","78","0","2022","A","","Riverside County, California","Private","NAICS 444180 Other building material dealers","County, NAICS 6-digit -- by ownership sector","All establishment sizes",119,1728,112564557,15131476,450138,1253,65135,"",0.79,1.30,1.55,1.15,1.29,1.20,1.20,"N",119,100.0,0,0,0,0,0,0,0,0,0,0,0,0
"06065","5","4442","76","0","2022","A","","Riverside County, California","Private","NAICS 4442 Lawn and garden equipment and supplies retailers","County, NAICS 4-digit -- by ownership sector","All establishment sizes",83,758,31476081,7215668,216527,799,41525,"",0.72,0.76,1.04,0.87,0.77,1.37,1.37,"",10,13.7,56,8.0,3224515,11.4,462838,6.9,-11417,-5.0,25,3.2,1281,3.2
"06065","5","44423","77","0","2022","A","","Riverside County, California","Private","NAICS 44423 Outdoor power equipment retailers","County, NAICS 5-digit -- by ownership sector","All establishment sizes",11,82,5548923,733431,25789,1296,67396,"",0.43,0.48,0.80,0.47,0.64,1.65,1.65,"N",11,100.0,0,0,0,0,0,0,0,0,0,0,0,0
"06065","5","444230","78","0","2022","A","","Riverside County, California","Private","NAICS 444230 Outdoor power equipment retailers","County, NAICS 6-digit -- by ownership sector","All establishment sizes",11,82,5548923,733431,25789,1296,67396,"",0.43,0.48,0.80,0.47,0.64,1.65,1.65,"N",11,100.0,0,0,0,0,0,0,0,0,0,0,0,0
"06065","5","44424","77","0","2022","A","","Riverside County, California","Private","NAICS 44424 Nursery, garden center, and farm supply retailers","County, NAICS 5-digit -- by ownership sector","All establishment sizes",72,676,25927158,6482237,190738,738,38373,"",0.80,0.82,1.12,0.96,0.79,1.37,1.37,"N",72,100.0,0,0,0,0,0,0,0,0,0,0,0,0
"06065","5","444240","78","0","2022","A","","Riverside County, California","Private","NAICS 444240 Nursery, garden center, and farm supply retailers","County, NAICS 6-digit -- by ownership sector","All establishment sizes",72,676,25927158,6482237,190738,738,38373,"",0.80,0.82,1.12,0.96,0.79,1.37,1.37,"N",72,100.0,0,0,0,0,0,0,0,0,0,0,0,0
"06065","5","445","75","0","2022","A","","Riverside County, California","Private","NAICS 445 Food and beverage retailers","County, NAICS 3-digit -- by ownership sector","All establishment sizes",837,19952,713292349,167085829,3246974,688,35751,"",0.81,1.17,1.70,1.27,1.21,1.46,1.45,"",54,6.9,635,3.3,62447956,9.6,6487480,4.0,-165320,-4.8,40,6.2,2058,6.1
"06065","5","4451","76","0","2022","A","","Riverside County, California","Private","NAICS 4451 Grocery and convenience retailers","County, NAICS 4-digit -- by ownership sector","All establishment sizes",513,18165,664232285,150494963,2816602,703,36567,"",0.81,1.22,1.83,1.32,1.29,1.49,1.49,"",23,4.7,498,2.8,56818617,9.4,5053321,3.5,-170205,-5.7,42,6.4,2186,6.4
"06065","5","44511","77","0","2022","A","","Riverside County, California","Private","NAICS 44511 Supermarkets and other grocery retailers (except convenience retailers)","County, NAICS 5-digit -- by ownership sector","All establishment sizes",354,17137,633903618,140620590,2557646,711,36991,"",0.93,1.25,1.88,1.34,1.33,1.51,1.51,"",7,2.0,543,3.3,55366059,9.6,5440581,4.0,-125115,-4.7,41,6.1,2126,6.1
"06065","5","445110","78","0","2022","A","","Riverside County, California","Private","NAICS 445110 Supermarkets and other grocery retailers (except convenience retailers)","County, NAICS 6-digit -- by ownership sector","All establishment sizes",354,17137,633903618,140620590,2557646,711,36991,"",0.93,1.25,1.88,1.34,1.33,1.51,1.51,"",7,2.0,543,3.3,55366059,9.6,5440581,4.0,-125115,-4.7,41,6.1,2126,6.1
"06065","5","44513","77","0","2022","A","","Riverside County, California","Private","NAICS 44513 Convenience retailers and vending machine operators","County, NAICS 5-digit -- by ownership sector","All establishment sizes",159,1028,30328667,9874373,258956,567,29495,"",0.63,0.93,1.13,1.09,0.97,1.22,1.22,"N",159,100.0,0,0,0,0,0,0,0,0,0,0,0,0
"06065","5","445131","78","0","2022","A","","Riverside County, California","Private","NAICS 445131 Convenience retailers","County, NAICS 6-digit -- by ownership sector","All establishment sizes",149,977,27823685,9340563,241138,548,28474,"",0.65,1.06,1.39,1.27,1.15,1.30,1.30,"N",149,100.0,0,0,0,0,0,0,0,0,0,0,0,0
"06065","5","445132","78","0","2022","A","","Riverside County, California","Private","NAICS 445132 Vending machine operators","County, NAICS 6-digit -- by ownership sector","All establishment sizes",10,51,2504982,533810,17818,943,49037,"",0.45,0.27,0.37,0.32,0.31,1.36,1.36,"N",10,100.0,0,0,0,0,0,0,0,0,0,0,0,0
"06065","5","4452","76","0","2022","A","","Riverside County, California","Private","NAICS 4452 Specialty food retailers","County, NAICS 4-digit -- by ownership sector","All establishment sizes",137,1004,29110519,9655396,256847,558,29004,"",0.74,0.79,0.87,0.93,0.82,1.10,1.10,"",12,9.6,86,9.4,3556666,13.9,997837,11.5,12864,5.3,23,4.3,1163,4.2
"06065","5","44523","77","0","2022","A","","Riverside County, California","Private","NAICS 44523 Fruit and vegetable retailers","County, NAICS 5-digit -- by ownership sector","All establishment sizes",9,20,550736,196368,5071,527,27423,"",0.40,0.10,0.10,0.13,0.10,0.97,0.97,"",2,28.6,-24,-54.5,-628625,-53.3,-476987,-70.8,-9905,-66.1,16,3.1,871,3.3
"06065","5","445230","78","0","2022","A","","Riverside County, California","Private","NAICS 445230 Fruit and vegetable retailers","County, NAICS 6-digit -- by ownership sector","All establishment sizes",9,20,550736,196368,5071,527,27423,"",0.40,0.10,0.10,0.13,0.10,0.97,0.97,"",2,28.6,-24,-54.5,-628625,-53.3,-476987,-70.8,-9905,-66.1,16,3.1,871,3.3
"06065","5","44524","77","0","2022","A","","Riverside County, California","Private","NAICS 44524 Meat retailers","County, NAICS 5-digit -- by ownership sector","All establishment sizes",44,504,17582136,5236622,104857,672,34920,"",1.01,1.54,2.03,1.96,1.54,1.32,1.32,"N",44,100.0,0,0,0,0,0,0,0,0,0,0,0,0
"06065","5","445240","78","0","2022","A","","Riverside County, California","Private","NAICS 445240 Meat retailers","County, NAICS 6-digit -- by ownership sector","All establishment sizes",44,504,17582136,5236622,104857,672,34920,"",1.01,1.54,2.03,1.96,1.54,1.32,1.32,"N",44,100.0,0,0,0,0,0,0,0,0,0,0,0,0
"06065","5","44525","77","0","2022","A","","Riverside County, California","Private","NAICS 44525 Fish and seafood retailers","County, NAICS 5-digit -- by ownership sector","All establishment sizes",8,53,1899292,505899,12276,692,36006,"",0.53,0.65,0.80,0.72,0.50,1.24,1.24,"N",8,100.0,0,0,0,0,0,0,0,0,0,0,0,0
"06065","5","445250","78","0","2022","A","","Riverside County, California","Private","NAICS 445250 Fish and seafood retailers","County, NAICS 6-digit -- by ownership sector","All establishment sizes",8,53,1899292,505899,12276,692,36006,"",0.53,0.65,0.80,0.72,0.50,1.24,1.24,"N",8,100.0,0,0,0,0,0,0,0,0,0,0,0,0
"06065","5","44529","77","0","2022","A","","Riverside County, California","Private","NAICS 44529 Other specialty food retailers","County, NAICS 5-digit -- by ownership sector","All establishment sizes",76,427,9078355,3716507,134643,409,21244,"",0.73,0.64,0.53,0.69,0.80,0.83,0.83,"",8,11.8,40,10.3,1291451,16.6,615139,19.8,14033,11.6,22,5.7,1144,5.7
"06065","5","445291","78","0","2022","A","N","Riverside County, California","Private","NAICS 445291 Baked goods retailers","County, NAICS 6-digit -- by ownership sector","All establishment sizes",4,0,0,0,0,0,0,"N",0.25,0,0,0,0,0,0,"N",1,33.3,0,0,0,0,0,0,0,0,0,0,0,0
"06065","5","445292","78","0","2022","A","","Riverside County, California","Private","NAICS 445292 Confectionery and nut retailers","County, NAICS 6-digit -- by ownership sector","All establishment sizes",25,186,4479573,1346512,67641,464,24105,"",1.25,1.70,2.01,1.76,2.34,1.18,1.18,"N",4,19.0,0,0,0,0,0,0,0,0,0,0,0,0
"06065","5","445298","78","0","2022","A","N","Riverside County, California","Private","NAICS 445298 All other specialty food retailers","County, NAICS 6-digit -- by ownership sector","All establishment sizes",47,0,0,0,0,0,0,"N",0.69,0,0,0,0,0,0,"N",47,100.0,0,0,0,0,0,0,0,0,0,0,0,0
"06065","5","4453","76","0","2022","A","","Riverside County, California","Private","NAICS 4453 Beer, wine, and liquor retailers","County, NAICS 4-digit -- by ownership sector","All establishment sizes",187,783,19949545,6935470,173525,490,25465,"",0.86,0.84,0.90,0.95,0.90,1.08,1.08,"",19,11.3,51,7.0,2072673,11.6,436322,6.7,-7979,-4.4,20,4.3,1035,4.2
"06065","5","44532","77","0","2022","A","","Riverside County, California","Private","NAICS 44532 Beer, wine, and liquor retailers","County, NAICS 5-digit -- by ownership sector","All establishment sizes",187,783,19949545,6935470,173525,490,25465,"",0.86,0.84,0.90,0.95,0.90,1.08,1.08,"N",187,100.0,0,0,0,0,0,0,0,0,0,0,0,0
"06065","5","445320","78","0","2022","A","","Riverside County, California","Private","NAICS 445320 Beer, wine, and liquor retailers","County, NAICS 6-digit -- by ownership sector","All establishment sizes",187,783,19949545,6935470,173525,490,25465,"",0.86,0.84,0.90,0.95,0.90,1.08,1.08,"N",187,100.0,0,0,0,0,0,0,0,0,0,0,0,0
"06065","5","449","75","0","2022","A","","Riverside County, California","Private","NAICS 449 Furniture, home furnishings, electronics, and appliance retailers","County, NAICS 3-digit -- by ownership sector","All establishment sizes",475,4555,205756181,38062520,1174559,869,45169,"",0.78,0.94,0.95,0.89,0.96,1.01,1.01,"N",475,100.0,0,0,0,0,0,0,0,0,0,0,0,0
"06065","5","4491","76","0","2022","A","","Riverside County, California","Private","NAICS 4491 Furniture and home furnishings retailers","County, NAICS 4-digit -- by ownership sector","All establishment sizes",237,2367,103009363,19963626,639881,837,43520,"",0.76,0.96,1.04,0.92,1.05,1.09,1.08,"N",237,100.0,0,0,0,0,0,0,0,0,0,0,0,0
"06065","5","44911","77","0","2022","A","","Riverside County, California","Private","NAICS 44911 Furniture retailers","County, NAICS 5-digit -- by ownership sector","All establishment sizes",102,997,54955576,8860135,344710,1060,55112,"",0.67,0.84,1.06,0.78,1.10,1.26,1.26,"N",102,100.0,0,0,0,0,0,0,0,0,0,0,0,0
"06065","5","449110","78","0","2022","A","","Riverside County, California","Private","NAICS 449110 Furniture retailers","County, NAICS 6-digit -- by ownership sector","All establishment sizes",102,997,54955576,8860135,344710,1060,55112,"",0.67,0.84,1.06,0.78,1.10,1.26,1.26,"N",102,100.0,0,0,0,0,0,0,0,0,0,0,0,0
"06065","5","44912","77","0","2022","A","","Riverside County, California","Private","NAICS 44912 Home furnishings retailers","County, NAICS 5-digit -- by ownership sector","All establishment sizes",135,1370,48053787,11103491,295171,675,35082,"",0.84,1.08,1.03,1.07,1.00,0.95,0.95,"N",135,100.0,0,0,0,0,0,0,0,0,0,0,0,0
"06065","5","449121","78","0","2022","A","","Riverside County, California","Private","NAICS 449121 Floor covering retailers","County, NAICS 6-digit -- by ownership sector","All establishment sizes",49,311,16812025,2860734,102485,1039,54015,"",0.80,0.81,0.87,0.74,0.95,1.08,1.08,"N",49,100.0,0,0,0,0,0,0,0,0,0,0,0,0
"06065","5","449122","78","0","2022","A","","Riverside County, California","Private","NAICS 449122 Window treatment retailers","County, NAICS 6-digit -- by ownership sector","All establishment sizes",17,49,2585403,482083,14466,1011,52584,"",0.95,0.71,0.80,0.72,0.71,1.12,1.12,"N",17,100.0,0,0,0,0,0,0,0,0,0,0,0,0
"06065","5","449129","78","0","2022","A","","Riverside County, California","Private","NAICS 449129 All other home furnishings retailers","County, NAICS 6-digit -- by ownership sector","All establishment sizes",70,1009,28656359,7760674,178220,546,28391,"",0.85,1.23,1.18,1.33,1.06,0.96,0.96,"N",70,100.0,0,0,0,0,0,0,0,0,0,0,0,0
"06065","5","4492","76","0","2022","A","","Riverside County, California","Private","NAICS 4492 Electronics and appliance retailers","County, NAICS 4-digit -- by ownership sector","All establishment sizes",239,2188,102746818,18098894,534678,903,46952,"",0.81,0.92,0.88,0.85,0.88,0.95,0.95,"N",239,100.0,0,0,0,0,0,0,0,0,0,0,0,0
"06065","5","44921","77","0","2022","A","","Riverside County, California","Private","NAICS 44921 Electronics and appliance retailers","County, NAICS 5-digit -- by ownership sector","All establishment sizes",239,2188,102746818,18098894,534678,903,46952,"",0.81,0.92,0.88,0.85,0.88,0.95,0.95,"N",239,100.0,0,0,0,0,0,0,0,0,0,0,0,0
"06065","5","449210","78","0","2022","A","","Riverside County, California","Private","NAICS 449210 Electronics and appliance retailers","County, NAICS 6-digit -- by ownership sector","All establishment sizes",239,2188,102746818,18098894,534678,903,46952,"",0.81,0.92,0.88,0.85,0.88,0.95,0.95,"N",239,100.0,0,0,0,0,0,0,0,0,0,0,0,0
"06065","5","455","75","0","2022","A","","Riverside County, California","Private","NAICS 455 General merchandise retailers","County, NAICS 3-digit -- by ownership sector","All establishment sizes",343,20096,672931364,140856579,2781159,644,33487,"",0.68,1.18,1.58,1.06,1.01,1.34,1.34,"N",343,100.0,0,0,0,0,0,0,0,0,0,0,0,0
"06065","5","4551","76","0","2022","A","","Riverside County, California","Private","NAICS 4551 Department stores","County, NAICS 4-digit -- by ownership sector","All establishment sizes",79,5949,171810385,40352765,781706,555,28880,"",1.05,1.15,1.48,1.05,0.89,1.29,1.29,"N",79,100.0,0,0,0,0,0,0,0,0,0,0,0,0
"06065","5","45511","77","0","2022","A","","Riverside County, California","Private","NAICS 45511 Department stores","County, NAICS 5-digit -- by ownership sector","All establishment sizes",79,5949,171810385,40352765,781706,555,28880,"",1.05,1.15,1.48,1.05,0.89,1.29,1.29,"N",79,100.0,0,0,0,0,0,0,0,0,0,0,0,0
"06065","5","455110","78","0","2022","A","","Riverside County, California","Private","NAICS 455110 Department stores","County, NAICS 6-digit -- by ownership sector","All establishment sizes",79,5949,171810385,40352765,781706,555,28880,"",1.05,1.15,1.48,1.05,0.89,1.29,1.29,"N",79,100.0,0,0,0,0,0,0,0,0,0,0,0,0
"06065","5","4552","76","0","2022","A","","Riverside County, California","Private","NAICS 4552 Warehouse clubs, supercenters, and other general merchandise retailers","County, NAICS 4-digit -- by ownership sector","All establishment sizes",264,14147,501120979,100503814,1999453,681,35424,"",0.62,1.19,1.61,1.06,1.06,1.35,1.36,"N",264,100.0,0,0,0,0,0,0,0,0,0,0,0,0
"06065","5","45521","77","0","2022","A","","Riverside County, California","Private","NAICS 45521 Warehouse clubs, supercenters, and other general merchandise retailers","County, NAICS 5-digit -- by ownership sector","All establishment sizes",264,14147,501120979,100503814,1999453,681,35424,"",0.62,1.19,1.61,1.06,1.06,1.35,1.36,"N",264,100.0,0,0,0,0,0,0,0,0,0,0,0,0
"06065","5","455211","78","0","2022","A","","Riverside County, California","Private","NAICS 455211 Warehouse clubs and supercenters","County, NAICS 6-digit -- by ownership sector","All establishment sizes",33,9493,378635001,62299122,1209454,767,39885,"",0.79,1.09,1.60,0.87,0.95,1.47,1.47,"N",33,100.0,0,0,0,0,0,0,0,0,0,0,0,0
"06065","5","455219","78","0","2022","A","","Riverside County, California","Private","NAICS 455219 All other general merchandise retailers","County, NAICS 6-digit -- by ownership sector","All establishment sizes",231,4653,122485978,38204692,789999,506,26323,"",0.60,1.46,1.65,1.66,1.28,1.13,1.13,"N",231,100.0,0,0,0,0,0,0,0,0,0,0,0,0
"06065","5","456","75","0","2022","A","","Riverside County, California","Private","NAICS 456 Health and personal care retailers","County, NAICS 3-digit -- by ownership sector","All establishment sizes",683,6093,278750236,55102137,1168879,880,45752,"",0.88,1.03,1.27,1.14,1.02,1.23,1.23,"N",683,100.0,0,0,0,0,0,0,0,0,0,0,0,0
"06065","5","4561","76","0","2022","A","","Riverside County, California","Private","NAICS 4561 Health and personal care retailers","County, NAICS 4-digit -- by ownership sector","All establishment sizes",683,6093,278750236,55102137,1168879,880,45752,"",0.88,1.03,1.27,1.14,1.02,1.23,1.23,"N",683,100.0,0,0,0,0,0,0,0,0,0,0,0,0
"06065","5","45611","77","0","2022","A","","Riverside County, California","Private","NAICS 45611 Pharmacies and drug retailers","County, NAICS 5-digit -- by ownership sector","All establishment sizes",367,3783,203792759,35494343,667836,1036,53865,"",0.85,0.96,1.32,1.07,0.93,1.38,1.38,"N",367,100.0,0,0,0,0,0,0,0,0,0,0,0,0
"06065","5","456110","78","0","2022","A","","Riverside County, California","Private","NAICS 456110 Pharmacies and drug retailers","County, NAICS 6-digit -- by ownership sector","All establishment sizes",367,3783,203792759,35494343,667836,1036,53865,"",0.85,0.96,1.32,1.07,0.93,1.38,1.38,"N",367,100.0,0,0,0,0,0,0,0,0,0,0,0,0
"06065","5","45612","77","0","2022","A","","Riverside County, California","Private","NAICS 45612 Cosmetics, beauty supplies, and perfume retailers","County, NAICS 5-digit -- by ownership sector","All establishment sizes",127,1412,38409113,11516868,281591,523,27202,"",1.00,1.49,1.55,1.75,1.54,1.05,1.05,"N",127,100.0,0,0,0,0,0,0,0,0,0,0,0,0
"06065","5","456120","78","0","2022","A","","Riverside County, California","Private","NAICS 456120 Cosmetics, beauty supplies, and perfume retailers","County, NAICS 6-digit -- by ownership sector","All establishment sizes",127,1412,38409113,11516868,281591,523,27202,"",1.00,1.49,1.55,1.75,1.54,1.05,1.05,"N",127,100.0,0,0,0,0,0,0,0,0,0,0,0,0
"06065","5","45613","77","0","2022","A","","Riverside County, California","Private","NAICS 45613 Optical goods retailers","County, NAICS 5-digit -- by ownership sector","All establishment sizes",67,399,14707810,3282279,77359,709,36885,"",0.95,1.06,1.08,1.02,0.94,1.02,1.02,"N",67,100.0,0,0,0,0,0,0,0,0,0,0,0,0
"06065","5","456130","78","0","2022","A","","Riverside County, California","Private","NAICS 456130 Optical goods retailers","County, NAICS 6-digit -- by ownership sector","All establishment sizes",67,399,14707810,3282279,77359,709,36885,"",0.95,1.06,1.08,1.02,0.94,1.02,1.02,"N",67,100.0,0,0,0,0,0,0,0,0,0,0,0,0
"06065","5","45619","77","0","2022","A","","Riverside County, California","Private","NAICS 45619 Other health and personal care retailers","County, NAICS 5-digit -- by ownership sector","All establishment sizes",122,498,21840554,4808647,142093,843,43820,"",0.83,0.78,0.83,0.85,0.84,1.06,1.06,"N",122,100.0,0,0,0,0,0,0,0,0,0,0,0,0
"06065","5","456191","78","0","2022","A","","Riverside County, California","Private","NAICS 456191 Food (health) supplement retailers","County, NAICS 6-digit -- by ownership sector","All establishment sizes",60,280,10003398,2771554,74616,687,35716,"",0.85,1.05,1.15,1.26,1.20,1.09,1.09,"N",60,100.0,0,0,0,0,0,0,0,0,0,0,0,0
"06065","5","456199","78","0","2022","A","","Riverside County, California","Private","NAICS 456199 All other health and personal care retailers","County, NAICS 6-digit -- by ownership sector","All establishment sizes",62,218,11837156,2037093,67477,1043,54216,"",0.81,0.59,0.67,0.59,0.63,1.14,1.14,"N",62,100.0,0,0,0,0,0,0,0,0,0,0,0,0
"06065","5","457","75","0","2022","A","","Riverside County, California","Private","NAICS 457 Gasoline stations and fuel dealers","County, NAICS 3-digit -- by ownership sector","All establishment sizes",404,4491,147843919,43070517,1128851,633,32923,"",0.53,0.81,1.06,0.86,1.04,1.30,1.30,"N",404,100.0,0,0,0,0,0,0,0,0,0,0,0,0
"06065","5","4571","76","0","2022","A","","Riverside County, California","Private","NAICS 4571 Gasoline stations","County, NAICS 4-digit -- by ownership sector","All establishment sizes",391,4375,140037381,42053857,1086102,616,32010,"",0.55,0.85,1.18,0.91,1.17,1.39,1.38,"N",391,100.0,0,0,0,0,0,0,0,0,0,0,0,0
"06065","5","45711","77","0","2022","A","","Riverside County, California","Private","NAICS 45711 Gasoline stations with convenience stores","County, NAICS 5-digit -- by ownership sector","All establishment sizes",342,3678,114678872,35780682,930492,600,31179,"",0.52,0.79,1.10,0.86,1.13,1.39,1.38,"N",342,100.0,0,0,0,0,0,0,0,0,0,0,0,0
"06065","5","457110","78","0","2022","A","","Riverside County, California","Private","NAICS 457110 Gasoline stations with convenience stores","County, NAICS 6-digit -- by ownership sector","All establishment sizes",342,3678,114678872,35780682,930492,600,31179,"",0.52,0.79,1.10,0.86,1.13,1.39,1.38,"N",342,100.0,0,0,0,0,0,0,0,0,0,0,0,0
"06065","5","45712","77","0","2022","A","","Riverside County, California","Private","NAICS 45712 Other gasoline stations","County, NAICS 5-digit -- by ownership sector","All establishment sizes",49,697,25358509,6273175,155610,700,36395,"",0.77,1.36,1.74,1.40,1.49,1.28,1.28,"N",49,100.0,0,0,0,0,0,0,0,0,0,0,0,0
"06065","5","457120","78","0","2022","A","","Riverside County, California","Private","NAICS 457120 Other gasoline stations","County, NAICS 6-digit -- by ownership sector","All establishment sizes",49,697,25358509,6273175,155610,700,36395,"",0.77,1.36,1.74,1.40,1.49,1.28,1.28,"N",49,100.0,0,0,0,0,0,0,0,0,0,0,0,0
"06065","5","4572","76","0","2022","A","","Riverside County, California","Private","NAICS 4572 Fuel dealers","County, NAICS 4-digit -- by ownership sector","All establishment sizes",13,116,7806538,1016660,42749,1297,67443,"",0.25,0.30,0.38,0.25,0.27,1.26,1.26,"N",13,100.0,0,0,0,0,0,0,0,0,0,0,0,0
"06065","5","45721","77","0","2022","A","","Riverside County, California","Private","NAICS 45721 Fuel dealers","County, NAICS 5-digit -- by ownership sector","All establishment sizes",13,116,7806538,1016660,42749,1297,67443,"",0.25,0.30,0.38,0.25,0.27,1.26,1.26,"N",13,100.0,0,0,0,0,0,0,0,0,0,0,0,0
"06065","5","457210","78","0","2022","A","","Riverside County, California","Private","NAICS 457210 Fuel dealers","County, NAICS 6-digit -- by ownership sector","All establishment sizes",13,116,7806538,1016660,42749,1297,67443,"",0.25,0.30,0.38,0.25,0.27,1.26,1.26,"N",13,100.0,0,0,0,0,0,0,0,0,0,0,0,0
"06065","5","458","75","0","2022","A","","Riverside County, California","Private","NAICS 458 Clothing, clothing accessories, shoe, and jewelry retailers","County, NAICS 3-digit -- by ownership sector","All establishment sizes",680,7454,221170485,58781899,1394466,571,29672,"",0.87,1.22,1.40,1.34,1.16,1.15,1.15,"N",680,100.0,0,0,0,0,0,0,0,0,0,0,0,0
"06065","5","4581","76","0","2022","A","","Riverside County, California","Private","NAICS 4581 Clothing and clothing accessories retailers","County, NAICS 4-digit -- by ownership sector","All establishment sizes",459,5629,150536088,44123522,1009768,514,26743,"",0.85,1.24,1.38,1.38,1.14,1.11,1.11,"N",459,100.0,0,0,0,0,0,0,0,0,0,0,0,0
"06065","5","45811","77","0","2022","A","","Riverside County, California","Private","NAICS 45811 Clothing and clothing accessories retailers","County, NAICS 5-digit -- by ownership sector","All establishment sizes",459,5629,150536088,44123522,1009768,514,26743,"",0.85,1.24,1.38,1.38,1.14,1.11,1.11,"N",459,100.0,0,0,0,0,0,0,0,0,0,0,0,0
"06065","5","458110","78","0","2022","A","","Riverside County, California","Private","NAICS 458110 Clothing and clothing accessories retailers","County, NAICS 6-digit -- by ownership sector","All establishment sizes",459,5629,150536088,44123522,1009768,514,26743,"",0.85,1.24,1.38,1.38,1.14,1.11,1.11,"N",459,100.0,0,0,0,0,0,0,0,0,0,0,0,0
"06065","5","4582","76","0","2022","A","","Riverside County, California","Private","NAICS 4582 Shoe retailers","County, NAICS 4-digit -- by ownership sector","All establishment sizes",96,1141,29798721,8453940,195616,502,26124,"",0.94,1.24,1.39,1.34,1.24,1.13,1.13,"N",96,100.0,0,0,0,0,0,0,0,0,0,0,0,0
"06065","5","45821","77","0","2022","A","","Riverside County, California","Private","NAICS 45821 Shoe retailers","County, NAICS 5-digit -- by ownership sector","All establishment sizes",96,1141,29798721,8453940,195616,502,26124,"",0.94,1.24,1.39,1.34,1.24,1.13,1.13,"N",96,100.0,0,0,0,0,0,0,0,0,0,0,0,0
"06065","5","458210","78","0","2022","A","","Riverside County, California","Private","NAICS 458210 Shoe retailers","County, NAICS 6-digit -- by ownership sector","All establishment sizes",96,1141,29798721,8453940,195616,502,26124,"",0.94,1.24,1.39,1.34,1.24,1.13,1.13,"N",96,100.0,0,0,0,0,0,0,0,0,0,0,0,0
"06065","5","4583","76","0","2022","A","","Riverside County, California","Private","NAICS 4583 Jewelry, luggage, and leather goods retailers","County, NAICS 4-digit -- by ownership sector","All establishment sizes",125,684,40835676,6204437,189082,1148,59701,"",0.90,1.05,1.48,1.11,1.22,1.41,1.41,"N",125,100.0,0,0,0,0,0,0,0,0,0,0,0,0
"06065","5","45831","77","0","2022","A","","Riverside County, California","Private","NAICS 45831 Jewelry retailers","County, NAICS 5-digit -- by ownership sector","All establishment sizes",114,539,33873022,4762967,147200,1209,62873,"",0.87,0.91,1.37,0.95,1.10,1.51,1.51,"N",114,100.0,0,0,0,0,0,0,0,0,0,0,0,0
"06065","5","458310","78","0","2022","A","","Riverside County, California","Private","NAICS 458310 Jewelry retailers","County, NAICS 6-digit -- by ownership sector","All establishment sizes",114,539,33873022,4762967,147200,1209,62873,"",0.87,0.91,1.37,0.95,1.10,1.51,1.51,"N",114,100.0,0,0,0,0,0,0,0,0,0,0,0,0
"06065","5","45832","77","0","2022","A","","Riverside County, California","Private","NAICS 45832 Luggage and leather goods retailers","County, NAICS 5-digit -- by ownership sector","All establishment sizes",12,145,6962654,1441470,41882,922,47936,"",1.51,2.29,2.34,2.38,2.04,1.02,1.02,"N",12,100.0,0,0,0,0,0,0,0,0,0,0,0,0
"06065","5","458320","78","0","2022","A","","Riverside County, California","Private","NAICS 458320 Luggage and leather goods retailers","County, NAICS 6-digit -- by ownership sector","All establishment sizes",12,145,6962654,1441470,41882,922,47936,"",1.51,2.29,2.34,2.38,2.04,1.02,1.02,"N",12,100.0,0,0,0,0,0,0,0,0,0,0,0,0
"06065","5","459","75","0","2022","A","","Riverside County, California","Private","NAICS 459 Sporting goods, hobby, musical instrument, book, and miscellaneous retailers","County, NAICS 3-digit -- by ownership sector","All establishment sizes",945,7728,258339320,66925302,1747278,643,33428,"",0.78,0.95,1.11,1.05,1.02,1.17,1.17,"N",945,100.0,0,0,0,0,0,0,0,0,0,0,0,0
"06065","5","4591","76","0","2022","A","","Riverside County, California","Private","NAICS 4591 Sporting goods, hobby, and musical instrument retailers","County, NAICS 4-digit -- by ownership sector","All establishment sizes",219,2310,63670437,19218210,440096,530,27563,"",0.75,0.86,1.00,0.94,0.97,1.15,1.15,"N",219,100.0,0,0,0,0,0,0,0,0,0,0,0,0
"06065","5","45911","77","0","2022","A","","Riverside County, California","Private","NAICS 45911 Sporting goods retailers","County, NAICS 5-digit -- by ownership sector","All establishment sizes",119,1119,34088902,9384575,226299,586,30459,"",0.74,0.69,0.83,0.72,0.79,1.20,1.20,"N",119,100.0,0,0,0,0,0,0,0,0,0,0,0,0
"06065","5","459110","78","0","2022","A","","Riverside County, California","Private","NAICS 459110 Sporting goods retailers","County, NAICS 6-digit -- by ownership sector","All establishment sizes",119,1119,34088902,9384575,226299,586,30459,"",0.74,0.69,0.83,0.72,0.79,1.20,1.20,"N",119,100.0,0,0,0,0,0,0,0,0,0,0,0,0
"06065","5","45912","77","0","2022","A","","Riverside County, California","Private","NAICS 45912 Hobby, toy, and game retailers","County, NAICS 5-digit -- by ownership sector","All establishment sizes",69,858,22112214,7596210,162841,496,25772,"",0.89,1.25,1.53,1.54,1.41,1.23,1.23,"N",69,100.0,0,0,0,0,0,0,0,0,0,0,0,0
"06065","5","459120","78","0","2022","A","","Riverside County, California","Private","NAICS 459120 Hobby, toy, and game retailers","County, NAICS 6-digit -- by ownership sector","All establishment sizes",69,858,22112214,7596210,162841,496,25772,"",0.89,1.25,1.53,1.54,1.41,1.23,1.23,"N",69,100.0,0,0,0,0,0,0,0,0,0,0,0,0
"06065","5","45913","77","0","2022","A","","Riverside County, California","Private","NAICS 45913 Sewing, needlework, and piece goods retailers","County, NAICS 5-digit -- by ownership sector","All establishment sizes",17,171,3273710,1195489,27320,368,19126,"",0.61,0.93,1.01,1.02,1.15,1.09,1.09,"N",17,100.0,0,0,0,0,0,0,0,0,0,0,0,0
"06065","5","459130","78","0","2022","A","","Riverside County, California","Private","NAICS 459130 Sewing, needlework, and piece goods retailers","County, NAICS 6-digit -- by ownership sector","All establishment sizes",17,171,3273710,1195489,27320,368,19126,"",0.61,0.93,1.01,1.02,1.15,1.09,1.09,"N",17,100.0,0,0,0,0,0,0,0,0,0,0,0,0
"06065","5","45914","77","0","2022","A","","Riverside County, California","Private","NAICS 45914 Musical instrument and supplies retailers","County, NAICS 5-digit -- by ownership sector","All establishment sizes",13,162,4195611,1041936,23636,499,25952,"",0.52,0.90,0.80,0.77,0.84,0.90,0.90,"N",13,100.0,0,0,0,0,0,0,0,0,0,0,0,0
"06065","5","459140","78","0","2022","A","","Riverside County, California","Private","NAICS 459140 Musical instrument and supplies retailers","County, NAICS 6-digit -- by ownership sector","All establishment sizes",13,162,4195611,1041936,23636,499,25952,"",0.52,0.90,0.80,0.77,0.84,0.90,0.90,"N",13,100.0,0,0,0,0,0,0,0,0,0,0,0,0
"06065","5","4592","76","0","2022","A","","Riverside County, California","Private","NAICS 4592 Book retailers and news dealers","County, NAICS 4-digit -- by ownership sector","All establishment sizes",28,183,5227303,1633856,28794,549,28551,"",0.52,0.46,0.57,0.57,0.39,1.24,1.24,"N",28,100.0,0,0,0,0,0,0,0,0,0,0,0,0
"06065","5","45921","77","0","2022","A","","Riverside County, California","Private","NAICS 45921 Book retailers and news dealers","County, NAICS 5-digit -- by ownership sector","All establishment sizes",28,183,5227303,1633856,28794,549,28551,"",0.52,0.46,0.57,0.57,0.39,1.24,1.24,"N",28,100.0,0,0,0,0,0,0,0,0,0,0,0,0
"06065","5","459210","78","0","2022","A","","Riverside County, California","Private","NAICS 459210 Book retailers and news dealers","County, NAICS 6-digit -- by ownership sector","All establishment sizes",28,183,5227303,1633856,28794,549,28551,"",0.52,0.46,0.57,0.57,0.39,1.24,1.24,"N",28,100.0,0,0,0,0,0,0,0,0,0,0,0,0
"06065","5","4593","76","0","2022","A","","Riverside County, California","Private","NAICS 4593 Florists","County, NAICS 4-digit -- by ownership sector","All establishment sizes",57,216,5609258,2047771,55836,500,25999,"",0.70,0.64,0.76,0.78,0.74,1.19,1.19,"N",57,100.0,0,0,0,0,0,0,0,0,0,0,0,0
"06065","5","45931","77","0","2022","A","","Riverside County, California","Private","NAICS 45931 Florists","County, NAICS 5-digit -- by ownership sector","All establishment sizes",57,216,5609258,2047771,55836,500,25999,"",0.70,0.64,0.76,0.78,0.74,1.19,1.19,"N",57,100.0,0,0,0,0,0,0,0,0,0,0,0,0
"06065","5","459310","78","0","2022","A","","Riverside County, California","Private","NAICS 459310 Florists","County, NAICS 6-digit -- by ownership sector","All establishment sizes",57,216,5609258,2047771,55836,500,25999,"",0.70,0.64,0.76,0.78,0.74,1.19,1.19,"N",57,100.0,0,0,0,0,0,0,0,0,0,0,0,0
"06065","5","4594","76","0","2022","A","","Riverside County, California","Private","NAICS 4594 Office supplies, stationery, and gift retailers","County, NAICS 4-digit -- by ownership sector","All establishment sizes",128,959,27046383,7559833,181014,543,28215,"",0.73,0.84,0.88,0.88,0.77,1.04,1.04,"N",128,100.0,0,0,0,0,0,0,0,0,0,0,0,0
"06065","5","45941","77","0","2022","A","","Riverside County, California","Private","NAICS 45941 Office supplies and stationery retailers","County, NAICS 5-digit -- by ownership sector","All establishment sizes",36,412,13604002,2779082,66492,636,33053,"",0.81,1.02,0.89,0.82,0.75,0.88,0.88,"N",36,100.0,0,0,0,0,0,0,0,0,0,0,0,0
"06065","5","459410","78","0","2022","A","","Riverside County, California","Private","NAICS 459410 Office supplies and stationery retailers","County, NAICS 6-digit -- by ownership sector","All establishment sizes",36,412,13604002,2779082,66492,636,33053,"",0.81,1.02,0.89,0.82,0.75,0.88,0.88,"N",36,100.0,0,0,0,0,0,0,0,0,0,0,0,0
"06065","5","45942","77","0","2022","A","","Riverside County, California","Private","NAICS 45942 Gift, novelty, and souvenir retailers","County, NAICS 5-digit -- by ownership sector","All establishment sizes",92,547,13442381,4780751,114522,473,24575,"",0.71,0.75,0.86,0.92,0.79,1.16,1.16,"N",92,100.0,0,0,0,0,0,0,0,0,0,0,0,0
"06065","5","459420","78","0","2022","A","","Riverside County, California","Private","NAICS 459420 Gift, novelty, and souvenir retailers","County, NAICS 6-digit -- by ownership sector","All establishment sizes",92,547,13442381,4780751,114522,473,24575,"",0.71,0.75,0.86,0.92,0.79,1.16,1.16,"N",92,100.0,0,0,0,0,0,0,0,0,0,0,0,0
"06065","5","4595","76","0","2022","A","","Riverside County, California","Private","NAICS 4595 Used merchandise retailers","County, NAICS 4-digit -- by ownership sector","All establishment sizes",81,742,21448645,3504917,95139,556,28926,"",0.66,0.72,0.92,0.66,0.68,1.27,1.27,"N",81,100.0,0,0,0,0,0,0,0,0,0,0,0,0
"06065","5","45951","77","0","2022","A","","Riverside County, California","Private","NAICS 45951 Used merchandise retailers","County, NAICS 5-digit -- by ownership sector","All establishment sizes",81,742,21448645,3504917,95139,556,28926,"",0.66,0.72,0.92,0.66,0.68,1.27,1.27,"N",81,100.0,0,0,0,0,0,0,0,0,0,0,0,0
"06065","5","459510","78","0","2022","A","","Riverside County, California","Private","NAICS 459510 Used merchandise retailers","County, NAICS 6-digit -- by ownership sector","All establishment sizes",81,742,21448645,3504917,95139,556,28926,"",0.66,0.72,0.92,0.66,0.68,1.27,1.27,"N",81,100.0,0,0,0,0,0,0,0,0,0,0,0,0
"06065","5","4599","76","0","2022","A","","Riverside County, California","Private","NAICS 4599 Other miscellaneous retailers","County, NAICS 4-digit -- by ownership sector","All establishment sizes",432,3319,135337294,32960715,946399,784,40771,"",0.90,1.29,1.38,1.38,1.28,1.08,1.08,"N",432,100.0,0,0,0,0,0,0,0,0,0,0,0,0
"06065","5","45991","77","0","2022","A","","Riverside County, California","Private","NAICS 45991 Pet and pet supplies retailers","County, NAICS 5-digit -- by ownership sector","All establishment sizes",68,919,30765058,7067800,149416,644,33468,"",0.96,1.22,1.44,1.14,1.08,1.18,1.18,"N",68,100.0,0,0,0,0,0,0,0,0,0,0,0,0
"06065","5","459910","78","0","2022","A","","Riverside County, California","Private","NAICS 459910 Pet and pet supplies retailers","County, NAICS 6-digit -- by ownership sector","All establishment sizes",68,919,30765058,7067800,149416,644,33468,"",0.96,1.22,1.44,1.14,1.08,1.18,1.18,"N",68,100.0,0,0,0,0,0,0,0,0,0,0,0,0
"06065","5","45992","77","0","2022","A","","Riverside County, California","Private","NAICS 45992 Art dealers","County, NAICS 5-digit -- by ownership sector","All establishment sizes",34,114,7627372,1050942,33139,1286,66858,"",0.98,1.15,1.39,1.21,1.16,1.21,1.21,"N",34,100.0,0,0,0,0,0,0,0,0,0,0,0,0
"06065","5","459920","78","0","2022","A","","Riverside County, California","Private","NAICS 459920 Art dealers","County, NAICS 6-digit -- by ownership sector","All establishment sizes",34,114,7627372,1050942,33139,1286,66858,"",0.98,1.15,1.39,1.21,1.16,1.21,1.21,"N",34,100.0,0,0,0,0,0,0,0,0,0,0,0,0
"06065","5","45993","77","0","2022","A","","Riverside County, California","Private","NAICS 45993 Manufactured (mobile) home dealers","County, NAICS 5-digit -- by ownership sector","All establishment sizes",11,48,2625640,439406,16921,1061,55180,"",0.81,0.69,0.53,0.64,0.87,0.77,0.77,"N",11,100.0,0,0,0,0,0,0,0,0,0,0,0,0
"06065","5","459930","78","0","2022","A","","Riverside County, California","Private","NAICS 459930 Manufactured (mobile) home dealers","County, NAICS 6-digit -- by ownership sector","All establishment sizes",11,48,2625640,439406,16921,1061,55180,"",0.81,0.69,0.53,0.64,0.87,0.77,0.77,"N",11,100.0,0,0,0,0,0,0,0,0,0,0,0,0
"06065","5","45999","77","0","2022","A","","Riverside County, California","Private","NAICS 45999 All other miscellaneous retailers","County, NAICS 5-digit -- by ownership sector","All establishment sizes",320,2239,94319224,24402567,746923,810,42135,"",0.89,1.35,1.43,1.52,1.36,1.06,1.06,"N",320,100.0,0,0,0,0,0,0,0,0,0,0,0,0
"06065","5","459991","78","0","2022","A","","Riverside County, California","Private","NAICS 459991 Tobacco, electronic cigarette, and other smoking supplies retailers","County, NAICS 6-digit -- by ownership sector","All establishment sizes",160,795,25375453,8350353,259013,614,31915,"",1.17,1.34,1.68,1.48,1.39,1.26,1.26,"N",160,100.0,0,0,0,0,0,0,0,0,0,0,0,0
"06065","5","459999","78","0","2022","A","","Riverside County, California","Private","NAICS 459999 All other miscellaneous retailers","County, NAICS 6-digit -- by ownership sector","All establishment sizes",160,1443,68943771,16052214,487910,919,47764,"",0.71,1.35,1.35,1.54,1.34,1.00,1.00,"N",160,100.0,0,0,0,0,0,0,0,0,0,0,0,0
"06065","5","48-49","74","0","2022","A","","Riverside County, California","Private","NAICS 48-49 Transportation and warehousing","County, NAICS Sector -- by ownership sector","All establishment sizes",2208,75745,4080806323,696157799,20529608,1036,53876,"",1.08,2.20,2.47,2.04,1.91,1.12,1.12,"",287,14.9,7030,10.2,481115011,13.4,21315638,3.2,-2679922,-11.5,29,2.9,1490,2.8
"06065","5","481","75","0","2022","A","","Riverside County, California","Private","NAICS 481 Air transportation","County, NAICS 3-digit -- by ownership sector","All establishment sizes",8,272,19078275,2379512,49913,1350,70184,"",0.18,0.10,0.09,0.08,0.08,0.90,0.90,"",0,0.0,12,4.6,1698543,9.8,-76184,-3.1,-7542,-13.1,66,5.1,3403,5.1
"06065","5","4811","76","0","2022","A","N","Riverside County, California","Private","NAICS 4811 Scheduled air transportation","County, NAICS 4-digit -- by ownership sector","All establishment sizes",4,0,0,0,0,0,0,"N",0.23,0,0,0,0,0,0,"N",-1,-20.0,0,0,0,0,0,0,0,0,0,0,0,0
"06065","5","48111","77","0","2022","A","N","Riverside County, California","Private","NAICS 48111 Scheduled air transportation","County, NAICS 5-digit -- by ownership sector","All establishment sizes",4,0,0,0,0,0,0,"N",0.23,0,0,0,0,0,0,"N",-1,-20.0,0,0,0,0,0,0,0,0,0,0,0,0
"06065","5","481111","78","0","2022","A","N","Riverside County, California","Private","NAICS 481111 Scheduled passenger air transportation","County, NAICS 6-digit -- by ownership sector","All establishment sizes",4,0,0,0,0,0,0,"N",0.32,0,0,0,0,0,0,"N",0,0.0,0,0,0,0,0,0,0,0,0,0,0,0
"06065","5","4812","76","0","2022","A","N","Riverside County, California","Private","NAICS 4812 Nonscheduled air transportation","County, NAICS 4-digit -- by ownership sector","All establishment sizes",4,0,0,0,0,0,0,"N",0.15,0,0,0,0,0,0,"N",1,33.3,0,0,0,0,0,0,0,0,0,0,0,0
"06065","5","48121","77","0","2022","A","N","Riverside County, California","Private","NAICS 48121 Nonscheduled air transportation","County, NAICS 5-digit -- by ownership sector","All establishment sizes",4,0,0,0,0,0,0,"N",0.15,0,0,0,0,0,0,"N",1,33.3,0,0,0,0,0,0,0,0,0,0,0,0
"06065","5","481211","78","0","2022","A","N","Riverside County, California","Private","NAICS 481211 Nonscheduled chartered passenger air transportation","County, NAICS 6-digit -- by ownership sector","All establishment sizes",1,0,0,0,0,0,0,"N",0.06,0,0,0,0,0,0,"N",0,0.0,0,0,0,0,0,0,0,0,0,0,0,0
"06065","5","481212","78","0","2022","A","N","Riverside County, California","Private","NAICS 481212 Nonscheduled chartered freight air transportation","County, NAICS 6-digit -- by ownership sector","All establishment sizes",1,0,0,0,0,0,0,"N",0.27,0,0,0,0,0,0,"N",0,0.0,0,0,0,0,0,0,0,0,0,0,0,0
"06065","5","481219","78","0","2022","A","N","Riverside County, California","Private","NAICS 481219 Other nonscheduled air transportation","County, NAICS 6-digit -- by ownership sector","All establishment sizes",1,0,0,0,0,0,0,"N",0.18,0,0,0,0,0,0,"N",0,0.0,0,0,0,0,0,0,0,0,0,0,0,0
"06065","5","483","75","0","2022","A","N","Riverside County, California","Private","NAICS 483 Water transportation","County, NAICS 3-digit -- by ownership sector","All establishment sizes",2,0,0,0,0,0,0,"N",0.13,0,0,0,0,0,0,"N",-1,-33.3,0,0,0,0,0,0,0,0,0,0,0,0
"06065","5","4831","76","0","2022","A","N","Riverside County, California","Private","NAICS 4831 Deep sea, coastal, and great lakes water transportation","County, NAICS 4-digit -- by ownership sector","All establishment sizes",1,0,0,0,0,0,0,"N",0.10,0,0,0,0,0,0,"N",0,0.0,0,0,0,0,0,0,0,0,0,0,0,0
"06065","5","48311","77","0","2022","A","N","Riverside County, California","Private","NAICS 48311 Deep sea, coastal, and great lakes water transportation","County, NAICS 5-digit -- by ownership sector","All establishment sizes",1,0,0,0,0,0,0,"N",0.10,0,0,0,0,0,0,"N",0,0.0,0,0,0,0,0,0,0,0,0,0,0,0
"06065","5","483111","78","0","2022","A","N","Riverside County, California","Private","NAICS 483111 Deep sea freight transportation","County, NAICS 6-digit -- by ownership sector","All establishment sizes",1,0,0,0,0,0,0,"N",0.26,0,0,0,0,0,0,"N",0,0.0,0,0,0,0,0,0,0,0,0,0,0,0
"06065","5","4832","76","0","2022","A","N","Riverside County, California","Private","NAICS 4832 Inland water transportation","County, NAICS 4-digit -- by ownership sector","All establishment sizes",1,0,0,0,0,0,0,"N",0.17,0,0,0,0,0,0,"N",-1,-50.0,0,0,0,0,0,0,0,0,0,0,0,0
"06065","5","48321","77","0","2022","A","N","Riverside County, California","Private","NAICS 48321 Inland water transportation","County, NAICS 5-digit -- by ownership sector","All establishment sizes",1,0,0,0,0,0,0,"N",0.17,0,0,0,0,0,0,"N",-1,-50.0,0,0,0,0,0,0,0,0,0,0,0,0
"06065","5","483211","78","0","2022","A","N","Riverside County, California","Private","NAICS 483211 Inland water freight transportation","County, NAICS 6-digit -- by ownership sector","All establishment sizes",1,0,0,0,0,0,0,"N",0.25,0,0,0,0,0,0,"N",0,0.0,0,0,0,0,0,0,0,0,0,0,0,0
"06065","5","484","75","0","2022","A","","Riverside County, California","Private","NAICS 484 Truck transportation","County, NAICS 3-digit -- by ownership sector","All establishment sizes",1418,8901,562468441,95597659,2900228,1215,63190,"",1.24,1.06,1.32,1.07,1.13,1.24,1.24,"",255,21.9,713,8.7,67515995,13.6,8106276,9.3,-277290,-8.7,52,4.5,2740,4.5
"06065","5","4841","76","0","2022","A","","Riverside County, California","Private","NAICS 4841 General freight trucking","County, NAICS 4-digit -- by ownership sector","All establishment sizes",1070,6418,388852036,69854040,1985055,1165,60586,"",1.35,1.08,1.28,1.11,1.18,1.19,1.19,"",196,22.4,443,7.4,36886273,10.5,4421803,6.8,-317086,-13.8,32,2.8,1678,2.8
"06065","5","48411","77","0","2022","A","","Riverside County, California","Private","NAICS 48411 General freight trucking, local","County, NAICS 5-digit -- by ownership sector","All establishment sizes",641,2262,127267570,25478629,842794,1082,56272,"",2.06,1.43,1.71,1.52,1.42,1.20,1.20,"",133,26.2,278,14.0,16189064,14.6,2488383,10.8,-71583,-7.8,5,0.5,292,0.5
"06065","5","484110","78","0","2022","A","","Riverside County, California","Private","NAICS 484110 General freight trucking, local","County, NAICS 6-digit -- by ownership sector","All establishment sizes",641,2262,127267570,25478629,842794,1082,56272,"",2.06,1.43,1.71,1.52,1.42,1.20,1.20,"",133,26.2,278,14.0,16189064,14.6,2488383,10.8,-71583,-7.8,5,0.5,292,0.5
"06065","5","48412","77","0","2022","A","","Riverside County, California","Private","NAICS 48412 General freight trucking, long-distance","County, NAICS 5-digit -- by ownership sector","All establishment sizes",429,4157,261584466,44375411,1142261,1210,62934,"",0.89,0.95,1.14,0.96,1.04,1.20,1.20,"",63,17.2,166,4.2,20697209,8.6,1933420,4.6,-245503,-17.7,49,4.2,2570,4.3
"06065","5","484121","78","0","2022","A","","Riverside County, California","Private","NAICS 484121 General freight trucking, long-distance, truckload","County, NAICS 6-digit -- by ownership sector","All establishment sizes",359,2934,184330100,32991735,817211,1208,62829,"",0.90,1.02,1.25,1.05,1.11,1.23,1.23,"",53,17.3,185,6.7,20677285,12.6,2989437,10.0,-109135,-11.8,63,5.5,3292,5.5
"06065","5","484122","78","0","2022","A","","Riverside County, California","Private","NAICS 484122 General freight trucking, long-distance, less than truckload","County, NAICS 6-digit -- by ownership sector","All establishment sizes",71,1223,77254366,11383676,325050,1215,63185,"",0.85,0.83,0.95,0.78,0.90,1.15,1.15,"",11,18.3,-19,-1.5,19924,0.0,-1056017,-8.5,-136368,-29.6,19,1.6,991,1.6
"06065","5","4842","76","0","2022","A","","Riverside County, California","Private","NAICS 4842 Specialized freight trucking","County, NAICS 4-digit -- by ownership sector","All establishment sizes",349,2483,173616405,25743619,915173,1345,69920,"",0.98,1.01,1.40,0.97,1.03,1.39,1.39,"",59,20.3,270,12.2,30629722,21.4,3684473,16.7,39796,4.5,102,8.2,5305,8.2
"06065","5","48421","77","0","2022","A","","Riverside County, California","Private","NAICS 48421 Used household and office goods moving","County, NAICS 5-digit -- by ownership sector","All establishment sizes",72,369,17674017,4070289,136385,922,47930,"",1.10,0.66,0.85,0.74,0.77,1.29,1.29,"",4,5.9,24,7.0,1897977,12.0,535620,15.2,5077,3.9,42,4.8,2169,4.7
"06065","5","484210","78","0","2022","A","","Riverside County, California","Private","NAICS 484210 Used household and office goods moving","County, NAICS 6-digit -- by ownership sector","All establishment sizes",72,369,17674017,4070289,136385,922,47930,"",1.10,0.66,0.85,0.74,0.77,1.29,1.29,"",4,5.9,24,7.0,1897977,12.0,535620,15.2,5077,3.9,42,4.8,2169,4.7
"06065","5","48422","77","0","2022","A","","Riverside County, California","Private","NAICS 48422 Specialized freight (except used goods) trucking, local","County, NAICS 5-digit -- by ownership sector","All establishment sizes",212,1719,128328298,17343164,639865,1435,74642,"",1.03,1.44,2.11,1.30,1.23,1.46,1.46,"",52,32.5,194,12.7,22426852,21.2,2550250,17.2,28238,4.6,100,7.5,5206,7.5
"06065","5","484220","78","0","2022","A","","Riverside County, California","Private","NAICS 484220 Specialized freight (except used goods) trucking, local","County, NAICS 6-digit -- by ownership sector","All establishment sizes",212,1719,128328298,17343164,639865,1435,74642,"",1.03,1.44,2.11,1.30,1.23,1.46,1.46,"",52,32.5,194,12.7,22426852,21.2,2550250,17.2,28238,4.6,100,7.5,5206,7.5
"06065","5","48423","77","0","2022","A","","Riverside County, California","Private","NAICS 48423 Specialized freight (except used goods) trucking, long-distance","County, NAICS 5-digit -- by ownership sector","All establishment sizes",65,395,27614090,4330166,138923,1344,69894,"",0.77,0.55,0.65,0.56,0.72,1.18,1.18,"",3,4.8,52,15.2,6304893,29.6,598603,16.0,6481,4.9,149,12.5,7768,12.5
"06065","5","484230","78","0","2022","A","","Riverside County, California","Private","NAICS 484230 Specialized freight (except used goods) trucking, long-distance","County, NAICS 6-digit -- by ownership sector","All establishment sizes",65,395,27614090,4330166,138923,1344,69894,"",0.77,0.55,0.65,0.56,0.72,1.18,1.18,"",3,4.8,52,15.2,6304893,29.6,598603,16.0,6481,4.9,149,12.5,7768,12.5
"06065","5","485","75","0","2022","A","","Riverside County, California","Private","NAICS 485 Transit and ground passenger transportation","County, NAICS 3-digit -- by ownership sector","All establishment sizes",102,1088,42793304,10019565,445329,757,39341,"",0.75,0.50,0.53,0.50,0.34,1.06,1.06,"",-1,-1.0,211,24.1,15734874,58.2,2132504,27.0,59149,15.3,164,27.7,8502,27.6
"06065","5","4851","76","0","2022","A","","Riverside County, California","Private","NAICS 4851 Urban transit systems","County, NAICS 4-digit -- by ownership sector","All establishment sizes",6,152,8331677,1537039,50158,1055,54874,"",1.13,0.68,0.84,0.77,0.75,1.24,1.24,"N",1,20.0,0,0,0,0,0,0,0,0,0,0,0,0
"06065","5","48511","77","0","2022","A","","Riverside County, California","Private","NAICS 48511 Urban transit systems","County, NAICS 5-digit -- by ownership sector","All establishment sizes",6,152,8331677,1537039,50158,1055,54874,"",1.13,0.68,0.84,0.77,0.75,1.24,1.24,"N",1,20.0,0,0,0,0,0,0,0,0,0,0,0,0
"06065","5","485111","78","0","2022","A","N","Riverside County, California","Private","NAICS 485111 Mixed mode transit systems","County, NAICS 6-digit -- by ownership sector","All establishment sizes",2,0,0,0,0,0,0,"N",2.96,0,0,0,0,0,0,"N",0,0.0,0,0,0,0,0,0,0,0,0,0,0,0
"06065","5","485113","78","0","2022","A","N","Riverside County, California","Private","NAICS 485113 Bus and other motor vehicle transit systems","County, NAICS 6-digit -- by ownership sector","All establishment sizes",4,0,0,0,0,0,0,"N",0.98,0,0,0,0,0,0,"N",1,33.3,0,0,0,0,0,0,0,0,0,0,0,0
"06065","5","4852","76","0","2022","A","N","Riverside County, California","Private","NAICS 4852 Interurban and rural bus transportation","County, NAICS 4-digit -- by ownership sector","All establishment sizes",1,0,0,0,0,0,0,"N",0.30,0,0,0,0,0,0,"N",0,0.0,0,0,0,0,0,0,0,0,0,0,0,0
"06065","5","48521","77","0","2022","A","N","Riverside County, California","Private","NAICS 48521 Interurban and rural bus transportation","County, NAICS 5-digit -- by ownership sector","All establishment sizes",1,0,0,0,0,0,0,"N",0.30,0,0,0,0,0,0,"N",0,0.0,0,0,0,0,0,0,0,0,0,0,0,0
"06065","5","485210","78","0","2022","A","N","Riverside County, California","Private","NAICS 485210 Interurban and rural bus transportation","County, NAICS 6-digit -- by ownership sector","All establishment sizes",1,0,0,0,0,0,0,"N",0.30,0,0,0,0,0,0,"N",0,0.0,0,0,0,0,0,0,0,0,0,0,0,0
"06065","5","4853","76","0","2022","A","","Riverside County, California","Private","NAICS 4853 Taxi and limousine service","County, NAICS 4-digit -- by ownership sector","All establishment sizes",28,146,6515193,1368966,64408,860,44727,"",0.61,0.49,0.33,0.49,0.62,0.68,0.68,"",1,3.7,27,22.7,2756269,73.3,240896,21.4,9830,18.0,253,41.7,13139,41.6
"06065","5","48531","77","0","2022","A","","Riverside County, California","Private","NAICS 48531 Taxi and ridesharing services","County, NAICS 5-digit -- by ownership sector","All establishment sizes",5,4,119921,42064,1473,532,27674,"",0.27,0.03,0.01,0.03,0.03,0.28,0.28,"",-2,-28.6,-2,-33.3,-21099,-15.0,-14290,-25.4,-358,-19.6,86,19.3,4493,19.4
"06065","5","485310","78","0","2022","A","","Riverside County, California","Private","NAICS 485310 Taxi and ridesharing services","County, NAICS 6-digit -- by ownership sector","All establishment sizes",5,4,119921,42064,1473,532,27674,"",0.27,0.03,0.01,0.03,0.03,0.28,0.28,"",-2,-28.6,-2,-33.3,-21099,-15.0,-14290,-25.4,-358,-19.6,86,19.3,4493,19.4
"06065","5","48532","77","0","2022","A","","Riverside County, California","Private","NAICS 48532 Limousine service","County, NAICS 5-digit -- by ownership sector","All establishment sizes",23,141,6395272,1326902,62935,870,45250,"",0.85,0.95,1.35,0.97,1.17,1.42,1.42,"",3,15.0,28,24.8,2777368,76.8,255186,23.8,10188,19.3,254,41.2,13210,41.2
"06065","5","485320","78","0","2022","A","","Riverside County, California","Private","NAICS 485320 Limousine service","County, NAICS 6-digit -- by ownership sector","All establishment sizes",23,141,6395272,1326902,62935,870,45250,"",0.85,0.95,1.35,0.97,1.17,1.42,1.42,"",3,15.0,28,24.8,2777368,76.8,255186,23.8,10188,19.3,254,41.2,13210,41.2
"06065","5","4854","76","0","2022","A","","Riverside County, California","Private","NAICS 4854 School and employee bus transportation","County, NAICS 4-digit -- by ownership sector","All establishment sizes",9,435,14711272,3280985,202944,650,33813,"",0.33,0.46,0.57,0.37,0.23,1.25,1.25,"",0,0.0,40,10.1,4005293,37.4,242053,8.0,14963,8.0,128,24.5,6681,24.6
"06065","5","48541","77","0","2022","A","","Riverside County, California","Private","NAICS 48541 School and employee bus transportation","County, NAICS 5-digit -- by ownership sector","All establishment sizes",9,435,14711272,3280985,202944,650,33813,"",0.33,0.46,0.57,0.37,0.23,1.25,1.25,"",0,0.0,40,10.1,4005293,37.4,242053,8.0,14963,8.0,128,24.5,6681,24.6
"06065","5","485410","78","0","2022","A","","Riverside County, California","Private","NAICS 485410 School and employee bus transportation","County, NAICS 6-digit -- by ownership sector","All establishment sizes",9,435,14711272,3280985,202944,650,33813,"",0.33,0.46,0.57,0.37,0.23,1.25,1.25,"",0,0.0,40,10.1,4005293,37.4,242053,8.0,14963,8.0,128,24.5,6681,24.6
"06065","5","4855","76","0","2022","A","N","Riverside County, California","Private","NAICS 4855 Charter bus industry","County, NAICS 4-digit -- by ownership sector","All establishment sizes",5,0,0,0,0,0,0,"N",0.57,0,0,0,0,0,0,"N",1,25.0,0,0,0,0,0,0,0,0,0,0,0,0
"06065","5","48551","77","0","2022","A","N","Riverside County, California","Private","NAICS 48551 Charter bus industry","County, NAICS 5-digit -- by ownership sector","All establishment sizes",5,0,0,0,0,0,0,"N",0.57,0,0,0,0,0,0,"N",1,25.0,0,0,0,0,0,0,0,0,0,0,0,0
"06065","5","485510","78","0","2022","A","N","Riverside County, California","Private","NAICS 485510 Charter bus industry","County, NAICS 6-digit -- by ownership sector","All establishment sizes",5,0,0,0,0,0,0,"N",0.57,0,0,0,0,0,0,"N",1,25.0,0,0,0,0,0,0,0,0,0,0,0,0
"06065","5","4859","76","0","2022","A","","Riverside County, California","Private","NAICS 4859 Other transit and ground passenger transportation","County, NAICS 4-digit -- by ownership sector","All establishment sizes",53,296,11203249,3197070,113007,727,37828,"",1.18,0.57,0.62,0.70,0.62,1.08,1.08,"",-5,-8.6,-10,-3.3,640528,6.1,54698,1.7,-13660,-10.8,64,9.7,3337,9.7
"06065","5","48599","77","0","2022","A","","Riverside County, California","Private","NAICS 48599 Other transit and ground passenger transportation","County, NAICS 5-digit -- by ownership sector","All establishment sizes",53,296,11203249,3197070,113007,727,37828,"",1.18,0.57,0.62,0.70,0.62,1.08,1.08,"",-5,-8.6,-10,-3.3,640528,6.1,54698,1.7,-13660,-10.8,64,9.7,3337,9.7
"06065","5","485991","78","0","2022","A","","Riverside County, California","Private","NAICS 485991 Special needs transportation","County, NAICS 6-digit -- by ownership sector","All establishment sizes",35,221,8064961,2409764,82770,703,36534,"",1.38,0.65,0.75,0.82,0.70,1.15,1.15,"",-4,-10.3,-28,-11.2,-105898,-1.3,-162563,-6.3,-20266,-19.7,73,11.6,3763,11.5
"06065","5","485999","78","0","2022","A","","Riverside County, California","Private","NAICS 485999 All other transit and ground passenger transportation","County, NAICS 6-digit -- by ownership sector","All establishment sizes",19,75,3138288,787306,30237,800,41613,"",0.97,0.43,0.43,0.47,0.48,0.99,0.99,"",0,0.0,18,31.6,746426,31.2,217261,38.1,6606,28.0,-8,-1.0,-411,-1.0
"06065","5","486","75","0","2022","A","","Riverside County, California","Private","NAICS 486 Pipeline transportation","County, NAICS 3-digit -- by ownership sector","All establishment sizes",4,101,10853148,918043,28188,2073,107813,"",0.18,0.37,0.35,0.35,0.46,0.94,0.94,"",0,0.0,24,31.2,2841429,35.5,62555,7.3,-6664,-19.1,66,3.3,3426,3.3
"06065","5","4861","76","0","2022","A","N","Riverside County, California","Private","NAICS 4861 Pipeline transportation of crude oil","County, NAICS 4-digit -- by ownership sector","All establishment sizes",1,0,0,0,0,0,0,"N",0.26,0,0,0,0,0,0,"N",0,0.0,0,0,0,0,0,0,0,0,0,0,0,0
"06065","5","48611","77","0","2022","A","N","Riverside County, California","Private","NAICS 48611 Pipeline transportation of crude oil","County, NAICS 5-digit -- by ownership sector","All establishment sizes",1,0,0,0,0,0,0,"N",0.26,0,0,0,0,0,0,"N",0,0.0,0,0,0,0,0,0,0,0,0,0,0,0
"06065","5","486110","78","0","2022","A","N","Riverside County, California","Private","NAICS 486110 Pipeline transportation of crude oil","County, NAICS 6-digit -- by ownership sector","All establishment sizes",1,0,0,0,0,0,0,"N",0.26,0,0,0,0,0,0,"N",0,0.0,0,0,0,0,0,0,0,0,0,0,0,0
"06065","5","4862","76","0","2022","A","N","Riverside County, California","Private","NAICS 4862 Pipeline transportation of natural gas","County, NAICS 4-digit -- by ownership sector","All establishment sizes",1,0,0,0,0,0,0,"N",0.07,0,0,0,0,0,0,"N",0,0.0,0,0,0,0,0,0,0,0,0,0,0,0
"06065","5","48621","77","0","2022","A","N","Riverside County, California","Private","NAICS 48621 Pipeline transportation of natural gas","County, NAICS 5-digit -- by ownership sector","All establishment sizes",1,0,0,0,0,0,0,"N",0.07,0,0,0,0,0,0,"N",0,0.0,0,0,0,0,0,0,0,0,0,0,0,0
"06065","5","486210","78","0","2022","A","N","Riverside County, California","Private","NAICS 486210 Pipeline transportation of natural gas","County, NAICS 6-digit -- by ownership sector","All establishment sizes",1,0,0,0,0,0,0,"N",0.07,0,0,0,0,0,0,"N",0,0.0,0,0,0,0,0,0,0,0,0,0,0,0
"06065","5","4869","76","0","2022","A","N","Riverside County, California","Private","NAICS 4869 Other pipeline transportation","County, NAICS 4-digit -- by ownership sector","All establishment sizes",2,0,0,0,0,0,0,"N",0.47,0,0,0,0,0,0,"N",0,0.0,0,0,0,0,0,0,0,0,0,0,0,0
"06065","5","48691","77","0","2022","A","N","Riverside County, California","Private","NAICS 48691 Pipeline transportation of refined petroleum products","County, NAICS 5-digit -- by ownership sector","All establishment sizes",2,0,0,0,0,0,0,"N",0.53,0,0,0,0,0,0,"N",0,0.0,0,0,0,0,0,0,0,0,0,0,0,0
"06065","5","486910","78","0","2022","A","N","Riverside County, California","Private","NAICS 486910 Pipeline transportation of refined petroleum products","County, NAICS 6-digit -- by ownership sector","All establishment sizes",2,0,0,0,0,0,0,"N",0.53,0,0,0,0,0,0,"N",0,0.0,0,0,0,0,0,0,0,0,0,0,0,0
"06065","5","487","75","0","2022","A","N","Riverside County, California","Private","NAICS 487 Scenic and sightseeing transportation","County, NAICS 3-digit -- by ownership sector","All establishment sizes",15,0,0,0,0,0,0,"N",0.64,0,0,0,0,0,0,"N",0,0.0,0,0,0,0,0,0,0,0,0,0,0,0
"06065","5","4871","76","0","2022","A","","Riverside County, California","Private","NAICS 4871 Scenic and sightseeing transportation, land","County, NAICS 4-digit -- by ownership sector","All establishment sizes",9,32,799387,309134,14571,488,25377,"",1.61,0.59,0.44,0.53,0.56,0.76,0.76,"N",0,0.0,0,0,0,0,0,0,0,0,0,0,0,0
"06065","5","48711","77","0","2022","A","","Riverside County, California","Private","NAICS 48711 Scenic and sightseeing transportation, land","County, NAICS 5-digit -- by ownership sector","All establishment sizes",9,32,799387,309134,14571,488,25377,"",1.61,0.59,0.44,0.53,0.56,0.76,0.76,"N",0,0.0,0,0,0,0,0,0,0,0,0,0,0,0
"06065","5","487110","78","0","2022","A","","Riverside County, California","Private","NAICS 487110 Scenic and sightseeing transportation, land","County, NAICS 6-digit -- by ownership sector","All establishment sizes",9,32,799387,309134,14571,488,25377,"",1.61,0.59,0.44,0.53,0.56,0.76,0.76,"N",0,0.0,0,0,0,0,0,0,0,0,0,0,0,0
"06065","5","4872","76","0","2022","A","N","Riverside County, California","Private","NAICS 4872 Scenic and sightseeing transportation, water","County, NAICS 4-digit -- by ownership sector","All establishment sizes",3,0,0,0,0,0,0,"N",0.19,0,0,0,0,0,0,"N",0,0.0,0,0,0,0,0,0,0,0,0,0,0,0
"06065","5","48721","77","0","2022","A","N","Riverside County, California","Private","NAICS 48721 Scenic and sightseeing transportation, water","County, NAICS 5-digit -- by ownership sector","All establishment sizes",3,0,0,0,0,0,0,"N",0.19,0,0,0,0,0,0,"N",0,0.0,0,0,0,0,0,0,0,0,0,0,0,0
"06065","5","487210","78","0","2022","A","N","Riverside County, California","Private","NAICS 487210 Scenic and sightseeing transportation, water","County, NAICS 6-digit -- by ownership sector","All establishment sizes",3,0,0,0,0,0,0,"N",0.19,0,0,0,0,0,0,"N",0,0.0,0,0,0,0,0,0,0,0,0,0,0,0
"06065","5","4879","76","0","2022","A","","Riverside County, California","Private","NAICS 4879 Scenic and sightseeing transportation, other","County, NAICS 4-digit -- by ownership sector","All establishment sizes",4,41,986766,365677,8161,464,24116,"",2.11,2.83,1.49,1.38,1.45,0.53,0.53,"",1,33.3,-4,-8.9,-83487,-7.8,-43856,-10.7,-3430,-29.6,11,2.4,551,2.3
"06065","5","48799","77","0","2022","A","","Riverside County, California","Private","NAICS 48799 Scenic and sightseeing transportation, other","County, NAICS 5-digit -- by ownership sector","All establishment sizes",4,41,986766,365677,8161,464,24116,"",2.11,2.83,1.49,1.38,1.45,0.53,0.53,"",1,33.3,-4,-8.9,-83487,-7.8,-43856,-10.7,-3430,-29.6,11,2.4,551,2.3
"06065","5","487990","78","0","2022","A","","Riverside County, California","Private","NAICS 487990 Scenic and sightseeing transportation, other","County, NAICS 6-digit -- by ownership sector","All establishment sizes",4,41,986766,365677,8161,464,24116,"",2.11,2.83,1.49,1.38,1.45,0.53,0.53,"",1,33.3,-4,-8.9,-83487,-7.8,-43856,-10.7,-3430,-29.6,11,2.4,551,2.3
"06065","5","488","75","0","2022","A","","Riverside County, California","Private","NAICS 488 Support activities for transportation","County, NAICS 3-digit -- by ownership sector","All establishment sizes",333,3314,192424708,31261008,1007904,1117,58073,"",0.93,0.79,0.81,0.75,0.76,1.03,1.03,"",14,4.4,327,10.9,26562864,16.0,2476562,8.6,-39995,-3.8,49,4.6,2547,4.6
"06065","5","4881","76","0","2022","A","","Riverside County, California","Private","NAICS 4881 Support activities for air transportation","County, NAICS 4-digit -- by ownership sector","All establishment sizes",45,524,31655402,4924283,161462,1162,60421,"",0.78,0.42,0.54,0.40,0.44,1.28,1.28,"",2,4.7,30,6.1,4278458,15.6,596207,13.8,1920,1.2,96,9.0,4993,9.0
"06065","5","48811","77","0","2022","A","","Riverside County, California","Private","NAICS 48811 Airport operations","County, NAICS 5-digit -- by ownership sector","All establishment sizes",12,220,9842413,2194905,68256,859,44654,"",0.78,0.38,0.52,0.40,0.37,1.36,1.36,"",2,20.0,41,22.9,4071654,70.6,717724,48.6,15824,30.2,240,38.8,12490,38.8
"06065","5","488111","78","0","2022","A","N","Riverside County, California","Private","NAICS 488111 Air traffic control","County, NAICS 6-digit -- by ownership sector","All establishment sizes",1,0,0,0,0,0,0,"N",0.64,0,0,0,0,0,0,"N",0,0.0,0,0,0,0,0,0,0,0,0,0,0,0
"06065","5","488119","78","0","2022","A","N","Riverside County, California","Private","NAICS 488119 Other airport operations","County, NAICS 6-digit -- by ownership sector","All establishment sizes",11,0,0,0,0,0,0,"N",0.80,0,0,0,0,0,0,"N",2,22.2,0,0,0,0,0,0,0,0,0,0,0,0
"06065","5","48819","77","0","2022","A","","Riverside County, California","Private","NAICS 48819 Other support activities for air transportation","County, NAICS 5-digit -- by ownership sector","All establishment sizes",33,304,21812989,2729378,93206,1382,71871,"",0.78,0.45,0.54,0.41,0.51,1.22,1.22,"",0,0.0,-11,-3.5,206804,1.0,-121517,-4.3,-13904,-13.0,61,4.6,3171,4.6
"06065","5","488190","78","0","2022","A","","Riverside County, California","Private","NAICS 488190 Other support activities for air transportation","County, NAICS 6-digit -- by ownership sector","All establishment sizes",33,304,21812989,2729378,93206,1382,71871,"",0.78,0.45,0.54,0.41,0.51,1.22,1.22,"",0,0.0,-11,-3.5,206804,1.0,-121517,-4.3,-13904,-13.0,61,4.6,3171,4.6
"06065","5","4882","76","0","2022","A","N","Riverside County, California","Private","NAICS 4882 Support activities for rail transportation","County, NAICS 4-digit -- by ownership sector","All establishment sizes",4,0,0,0,0,0,0,"N",0.32,0,0,0,0,0,0,"N",0,0.0,0,0,0,0,0,0,0,0,0,0,0,0
"06065","5","48821","77","0","2022","A","N","Riverside County, California","Private","NAICS 48821 Support activities for rail transportation","County, NAICS 5-digit -- by ownership sector","All establishment sizes",4,0,0,0,0,0,0,"N",0.32,0,0,0,0,0,0,"N",0,0.0,0,0,0,0,0,0,0,0,0,0,0,0
"06065","5","488210","78","0","2022","A","N","Riverside County, California","Private","NAICS 488210 Support activities for rail transportation","County, NAICS 6-digit -- by ownership sector","All establishment sizes",4,0,0,0,0,0,0,"N",0.32,0,0,0,0,0,0,"N",0,0.0,0,0,0,0,0,0,0,0,0,0,0,0
"06065","5","4883","76","0","2022","A","N","Riverside County, California","Private","NAICS 4883 Support activities for water transportation","County, NAICS 4-digit -- by ownership sector","All establishment sizes",0,0,0,0,0,0,0,"N",0.00,0,0,0,0,0,0,"N",0,0,0,0,0,0,0,0,0,0,0,0,0,0
"06065","5","48833","77","0","2022","A","N","Riverside County, California","Private","NAICS 48833 Navigational services to shipping","County, NAICS 5-digit -- by ownership sector","All establishment sizes",0,0,0,0,0,0,0,"N",0.00,0,0,0,0,0,0,"N",0,0,0,0,0,0,0,0,0,0,0,0,0,0
"06065","5","488330","78","0","2022","A","N","Riverside County, California","Private","NAICS 488330 Navigational services to shipping","County, NAICS 6-digit -- by ownership sector","All establishment sizes",0,0,0,0,0,0,0,"N",0.00,0,0,0,0,0,0,"N",0,0,0,0,0,0,0,0,0,0,0,0,0,0
"06065","5","4884","76","0","2022","A","","Riverside County, California","Private","NAICS 4884 Support activities for road transportation","County, NAICS 4-digit -- by ownership sector","All establishment sizes",170,976,47327894,9682271,288600,933,48504,"",1.75,1.61,1.85,1.58,1.48,1.15,1.15,"",-7,-4.0,23,2.4,3319150,7.5,88615,0.9,-42690,-12.9,45,5.1,2309,5.0
"06065","5","48841","77","0","2022","A","","Riverside County, California","Private","NAICS 48841 Motor vehicle towing","County, NAICS 5-digit -- by ownership sector","All establishment sizes",95,780,37708882,7828216,224000,930,48360,"",1.39,2.02,2.37,2.08,2.09,1.17,1.17,"",5,5.6,50,6.8,3765863,11.1,391576,5.3,-31035,-12.2,35,3.9,1841,4.0
"06065","5","488410","78","0","2022","A","","Riverside County, California","Private","NAICS 488410 Motor vehicle towing","County, NAICS 6-digit -- by ownership sector","All establishment sizes",95,780,37708882,7828216,224000,930,48360,"",1.39,2.02,2.37,2.08,2.09,1.17,1.17,"",5,5.6,50,6.8,3765863,11.1,391576,5.3,-31035,-12.2,35,3.9,1841,4.0
"06065","5","48849","77","0","2022","A","","Riverside County, California","Private","NAICS 48849 Other support activities for road transportation","County, NAICS 5-digit -- by ownership sector","All establishment sizes",75,196,9619012,1854055,64600,944,49077,"",2.61,0.88,1.00,0.79,0.74,1.13,1.13,"",-12,-13.8,-27,-12.1,-446713,-4.4,-302961,-14.0,-11655,-15.3,76,8.8,3939,8.7
"06065","5","488490","78","0","2022","A","","Riverside County, California","Private","NAICS 488490 Other support activities for road transportation","County, NAICS 6-digit -- by ownership sector","All establishment sizes",75,196,9619012,1854055,64600,944,49077,"",2.61,0.88,1.00,0.79,0.74,1.13,1.13,"",-12,-13.8,-27,-12.1,-446713,-4.4,-302961,-14.0,-11655,-15.3,76,8.8,3939,8.7
"06065","5","4885","76","0","2022","A","","Riverside County, California","Private","NAICS 4885 Freight transportation arrangement","County, NAICS 4-digit -- by ownership sector","All establishment sizes",88,1322,80553724,11572802,408719,1172,60941,"",0.58,0.91,0.84,0.80,0.91,0.93,0.93,"",15,20.5,72,5.8,929524,1.2,-347523,-2.9,-36395,-8.2,-53,-4.3,-2780,-4.4
"06065","5","48851","77","0","2022","A","","Riverside County, California","Private","NAICS 48851 Freight transportation arrangement","County, NAICS 5-digit -- by ownership sector","All establishment sizes",88,1322,80553724,11572802,408719,1172,60941,"",0.58,0.91,0.84,0.80,0.91,0.93,0.93,"",15,20.5,72,5.8,929524,1.2,-347523,-2.9,-36395,-8.2,-53,-4.3,-2780,-4.4
"06065","5","488510","78","0","2022","A","","Riverside County, California","Private","NAICS 488510 Freight transportation arrangement","County, NAICS 6-digit -- by ownership sector","All establishment sizes",88,1322,80553724,11572802,408719,1172,60941,"",0.58,0.91,0.84,0.80,0.91,0.93,0.93,"",15,20.5,72,5.8,929524,1.2,-347523,-2.9,-36395,-8.2,-53,-4.3,-2780,-4.4
"06065","5","4889","76","0","2022","A","","Riverside County, California","Private","NAICS 4889 Other support activities for transportation","County, NAICS 4-digit -- by ownership sector","All establishment sizes",27,330,23841781,3235229,101081,1388,72157,"",1.28,1.68,2.62,1.83,1.67,1.56,1.56,"N",4,17.4,0,0,0,0,0,0,0,0,0,0,0,0
"06065","5","48899","77","0","2022","A","","Riverside County, California","Private","NAICS 48899 Other support activities for transportation","County, NAICS 5-digit -- by ownership sector","All establishment sizes",27,330,23841781,3235229,101081,1388,72157,"",1.28,1.68,2.62,1.83,1.67,1.56,1.56,"N",4,17.4,0,0,0,0,0,0,0,0,0,0,0,0
"06065","5","488991","78","0","2022","A","","Riverside County, California","Private","NAICS 488991 Packing and crating","County, NAICS 6-digit -- by ownership sector","All establishment sizes",12,230,17469879,2223586,69938,1464,76121,"",1.29,1.97,3.86,2.10,1.92,1.96,1.96,"",3,33.3,142,161.4,12918421,283.8,1406859,172.3,28965,70.7,474,47.9,24644,47.9
"06065","5","488999","78","0","2022","A","","Riverside County, California","Private","NAICS 488999 All other support activities for transportation","County, NAICS 6-digit -- by ownership sector","All establishment sizes",15,101,6371902,1011643,31143,1214,63140,"",1.27,1.26,1.40,1.43,1.30,1.11,1.11,"N",2,15.4,0,0,0,0,0,0,0,0,0,0,0,0
"06065","5","491","75","0","2022","A","","Riverside County, California","Private","NAICS 491 Postal service","County, NAICS 3-digit -- by ownership sector","All establishment sizes",10,149,5362426,2125596,85757,691,35909,"",1.44,3.59,4.13,5.04,7.37,1.15,1.15,"",1,11.1,57,62.0,2503535,87.6,821578,63.0,42360,97.6,96,16.1,4946,16.0
"06065","5","4911","76","0","2022","A","","Riverside County, California","Private","NAICS 4911 Postal service","County, NAICS 4-digit -- by ownership sector","All establishment sizes",10,149,5362426,2125596,85757,691,35909,"",1.44,3.59,4.13,5.04,7.37,1.15,1.15,"",1,11.1,57,62.0,2503535,87.6,821578,63.0,42360,97.6,96,16.1,4946,16.0
"06065","5","49111","77","0","2022","A","","Riverside County, California","Private","NAICS 49111 Postal service","County, NAICS 5-digit -- by ownership sector","All establishment sizes",10,149,5362426,2125596,85757,691,35909,"",1.44,3.59,4.13,5.04,7.37,1.15,1.15,"",1,11.1,57,62.0,2503535,87.6,821578,63.0,42360,97.6,96,16.1,4946,16.0
"06065","5","491110","78","0","2022","A","","Riverside County, California","Private","NAICS 491110 Postal service","County, NAICS 6-digit -- by ownership sector","All establishment sizes",10,149,5362426,2125596,85757,691,35909,"",1.44,3.59,4.13,5.04,7.37,1.15,1.15,"",1,11.1,57,62.0,2503535,87.6,821578,63.0,42360,97.6,96,16.1,4946,16.0
"06065","5","492","75","0","2022","A","","Riverside County, California","Private","NAICS 492 Couriers and messengers","County, NAICS 3-digit -- by ownership sector","All establishment sizes",135,5443,269500534,56794819,1543592,952,49518,"",0.90,0.92,1.15,1.04,1.04,1.24,1.24,"",8,6.3,340,6.7,43889686,19.5,7931096,16.2,167068,12.1,102,12.0,5305,12.0
"06065","5","4921","76","0","2022","A","","Riverside County, California","Private","NAICS 4921 Couriers and express delivery services","County, NAICS 4-digit -- by ownership sector","All establishment sizes",68,4307,221794576,42303400,1052217,990,51500,"",0.76,0.87,1.13,0.96,0.96,1.29,1.29,"",16,30.8,317,7.9,42421002,23.6,8361672,24.6,183057,21.1,125,14.5,6543,14.6
"06065","5","49211","77","0","2022","A","","Riverside County, California","Private","NAICS 49211 Couriers and express delivery services","County, NAICS 5-digit -- by ownership sector","All establishment sizes",68,4307,221794576,42303400,1052217,990,51500,"",0.76,0.87,1.13,0.96,0.96,1.29,1.29,"",16,30.8,317,7.9,42421002,23.6,8361672,24.6,183057,21.1,125,14.5,6543,14.6
"06065","5","492110","78","0","2022","A","","Riverside County, California","Private","NAICS 492110 Couriers and express delivery services","County, NAICS 6-digit -- by ownership sector","All establishment sizes",68,4307,221794576,42303400,1052217,990,51500,"",0.76,0.87,1.13,0.96,0.96,1.29,1.29,"",16,30.8,317,7.9,42421002,23.6,8361672,24.6,183057,21.1,125,14.5,6543,14.6
"06065","5","4922","76","0","2022","A","","Riverside County, California","Private","NAICS 4922 Local messengers and local delivery","County, NAICS 4-digit -- by ownership sector","All establishment sizes",67,1136,47705958,14491419,491375,808,42001,"",1.12,1.21,1.27,1.39,1.25,1.05,1.05,"",-8,-10.7,23,2.1,1468684,3.2,-430576,-2.9,-15989,-3.2,9,1.1,455,1.1
"06065","5","49221","77","0","2022","A","","Riverside County, California","Private","NAICS 49221 Local messengers and local delivery","County, NAICS 5-digit -- by ownership sector","All establishment sizes",67,1136,47705958,14491419,491375,808,42001,"",1.12,1.21,1.27,1.39,1.25,1.05,1.05,"",-8,-10.7,23,2.1,1468684,3.2,-430576,-2.9,-15989,-3.2,9,1.1,455,1.1
"06065","5","492210","78","0","2022","A","","Riverside County, California","Private","NAICS 492210 Local messengers and local delivery","County, NAICS 6-digit -- by ownership sector","All establishment sizes",67,1136,47705958,14491419,491375,808,42001,"",1.12,1.21,1.27,1.39,1.25,1.05,1.05,"",-8,-10.7,23,2.1,1468684,3.2,-430576,-2.9,-15989,-3.2,9,1.1,455,1.1
"06065","5","493","75","0","2022","A","","Riverside County, California","Private","NAICS 493 Warehousing and storage","County, NAICS 3-digit -- by ownership sector","All establishment sizes",182,56392,2975838352,496200148,14438805,1015,52771,"",1.30,5.51,7.55,5.11,4.68,1.37,1.37,"",12,7.1,5347,10.5,320259934,12.1,-107401,0.0,-2615494,-15.3,15,1.5,746,1.4
"06065","5","4931","76","0","2022","A","","Riverside County, California","Private","NAICS 4931 Warehousing and storage","County, NAICS 4-digit -- by ownership sector","All establishment sizes",182,56392,2975838352,496200148,14438805,1015,52771,"",1.30,5.51,7.55,5.11,4.68,1.37,1.37,"",12,7.1,5347,10.5,320259934,12.1,-107401,0.0,-2615494,-15.3,15,1.5,746,1.4
"06065","5","49311","77","0","2022","A","","Riverside County, California","Private","NAICS 49311 General warehousing and storage","County, NAICS 5-digit -- by ownership sector","All establishment sizes",147,54288,2858349006,478071838,13902401,1013,52652,"",1.39,5.70,7.96,5.35,4.93,1.40,1.40,"",9,6.5,5078,10.3,306499008,12.0,-2169889,-0.5,-2428681,-14.9,16,1.6,795,1.5
"06065","5","493110","78","0","2022","A","","Riverside County, California","Private","NAICS 493110 General warehousing and storage","County, NAICS 6-digit -- by ownership sector","All establishment sizes",147,54288,2858349006,478071838,13902401,1013,52652,"",1.39,5.70,7.96,5.35,4.93,1.40,1.40,"",9,6.5,5078,10.3,306499008,12.0,-2169889,-0.5,-2428681,-14.9,16,1.6,795,1.5
"06065","5","49312","77","0","2022","A","","Riverside County, California","Private","NAICS 49312 Refrigerated warehousing and storage","County, NAICS 5-digit -- by ownership sector","All establishment sizes",17,1138,71104231,10810758,363520,1201,62473,"",1.54,2.96,3.86,2.44,2.31,1.30,1.30,"",0,0.0,47,4.3,3297685,4.9,862040,8.7,-129855,-26.3,5,0.4,294,0.5
"06065","5","493120","78","0","2022","A","","Riverside County, California","Private","NAICS 493120 Refrigerated warehousing and storage","County, NAICS 6-digit -- by ownership sector","All establishment sizes",17,1138,71104231,10810758,363520,1201,62473,"",1.54,2.96,3.86,2.44,2.31,1.30,1.30,"",0,0.0,47,4.3,3297685,4.9,862040,8.7,-129855,-26.3,5,0.4,294,0.5
"06065","5","49313","77","0","2022","A","N","Riverside County, California","Private","NAICS 49313 Farm product warehousing and storage","County, NAICS 5-digit -- by ownership sector","All establishment sizes",2,0,0,0,0,0,0,"N",0.32,0,0,0,0,0,0,"N",-1,-33.3,0,0,0,0,0,0,0,0,0,0,0,0
"06065","5","493130","78","0","2022","A","N","Riverside County, California","Private","NAICS 493130 Farm product warehousing and storage","County, NAICS 6-digit -- by ownership sector","All establishment sizes",2,0,0,0,0,0,0,"N",0.32,0,0,0,0,0,0,"N",-1,-33.3,0,0,0,0,0,0,0,0,0,0,0,0
"06065","5","49319","77","0","2022","A","N","Riverside County, California","Private","NAICS 49319 Other warehousing and storage","County, NAICS 5-digit -- by ownership sector","All establishment sizes",16,0,0,0,0,0,0,"N",0.95,0,0,0,0,0,0,"N",3,23.1,0,0,0,0,0,0,0,0,0,0,0,0
"06065","5","493190","78","0","2022","A","N","Riverside County, California","Private","NAICS 493190 Other warehousing and storage","County, NAICS 6-digit -- by ownership sector","All establishment sizes",16,0,0,0,0,0,0,"N",0.95,0,0,0,0,0,0,"N",3,23.1,0,0,0,0,0,0,0,0,0,0,0,0
"06065","5","51","74","0","2022","A","","Riverside County, California","Private","NAICS 51 Information","County, NAICS Sector -- by ownership sector","All establishment sizes",449,5580,384500385,42069947,1767968,1325,68902,"",0.26,0.34,0.20,0.23,0.28,0.60,0.60,"",-30,-6.3,251,4.7,-19721235,-4.9,182220,0.4,-223324,-11.2,-134,-9.2,-6958,-9.2
"06065","5","512","75","0","2022","A","","Riverside County, California","Private","NAICS 512 Motion picture and sound recording industries","County, NAICS 3-digit -- by ownership sector","All establishment sizes",87,1177,34305254,11540063,261921,560,29138,"",0.34,0.50,0.21,0.52,0.19,0.42,0.42,"",-3,-3.3,351,42.5,9460373,38.1,2817268,32.3,12338,4.9,-19,-3.3,-953,-3.2
"06065","5","5121","76","0","2022","A","","Riverside County, California","Private","NAICS 5121 Motion picture and video industries","County, NAICS 4-digit -- by ownership sector","All establishment sizes",76,1160,33271806,11399795,258578,552,28685,"",0.34,0.52,0.22,0.53,0.19,0.42,0.42,"",-4,-5.0,356,44.3,9542951,40.2,2807691,32.7,12511,5.1,-16,-2.8,-844,-2.9
"06065","5","51211","77","0","2022","A","","Riverside County, California","Private","NAICS 51211 Motion picture and video production","County, NAICS 5-digit -- by ownership sector","All establishment sizes",44,113,7516664,1049791,50594,1280,66568,"",0.28,0.08,0.06,0.06,0.04,0.76,0.76,"",-3,-6.4,-1,-0.9,791545,11.8,-225639,-17.7,-10126,-16.7,142,12.5,7403,12.5
"06065","5","512110","78","0","2022","A","","Riverside County, California","Private","NAICS 512110 Motion picture and video production","County, NAICS 6-digit -- by ownership sector","All establishment sizes",44,113,7516664,1049791,50594,1280,66568,"",0.28,0.08,0.06,0.06,0.04,0.76,0.76,"",-3,-6.4,-1,-0.9,791545,11.8,-225639,-17.7,-10126,-16.7,142,12.5,7403,12.5
"06065","5","51212","77","0","2022","A","N","Riverside County, California","Private","NAICS 51212 Motion picture and video distribution","County, NAICS 5-digit -- by ownership sector","All establishment sizes",1,0,0,0,0,0,0,"N",0.19,0,0,0,0,0,0,"N",0,0.0,0,0,0,0,0,0,0,0,0,0,0,0
"06065","5","512120","78","0","2022","A","N","Riverside County, California","Private","NAICS 512120 Motion picture and video distribution","County, NAICS 6-digit -- by ownership sector","All establishment sizes",1,0,0,0,0,0,0,"N",0.19,0,0,0,0,0,0,"N",0,0.0,0,0,0,0,0,0,0,0,0,0,0,0
"06065","5","51213","77","0","2022","A","","Riverside County, California","Private","NAICS 51213 Motion picture and video exhibition","County, NAICS 5-digit -- by ownership sector","All establishment sizes",25,903,19305981,8448594,168463,411,21390,"",0.85,1.45,2.04,2.22,1.83,1.41,1.41,"",-1,-3.8,329,57.3,7816298,68.0,2543968,43.1,24508,17.0,26,6.8,1379,6.9
"06065","5","512131","78","0","2022","A","N","Riverside County, California","Private","NAICS 512131 Motion picture theaters (except drive-ins)","County, NAICS 6-digit -- by ownership sector","All establishment sizes",24,0,0,0,0,0,0,"N",0.86,0,0,0,0,0,0,"N",-1,-4.0,0,0,0,0,0,0,0,0,0,0,0,0
"06065","5","512132","78","0","2022","A","N","Riverside County, California","Private","NAICS 512132 Drive-in motion picture theaters","County, NAICS 6-digit -- by ownership sector","All establishment sizes",1,0,0,0,0,0,0,"N",0.69,0,0,0,0,0,0,"N",0,0.0,0,0,0,0,0,0,0,0,0,0,0,0
"06065","5","51219","77","0","2022","A","N","Riverside County, California","Private","NAICS 51219 Postproduction services and other motion picture and video industries","County, NAICS 5-digit -- by ownership sector","All establishment sizes",6,0,0,0,0,0,0,"N",0.21,0,0,0,0,0,0,"N",0,0.0,0,0,0,0,0,0,0,0,0,0,0,0
"06065","5","512191","78","0","2022","A","","Riverside County, California","Private","NAICS 512191 Teleproduction and other postproduction services","County, NAICS 6-digit -- by ownership sector","All establishment sizes",4,8,686573,104416,3575,1722,89553,"",0.17,0.08,0.08,0.14,0.09,1.05,1.05,"",0,0.0,-2,-20.0,-6616,-1.0,22990,28.2,738,26.0,355,26.0,18457,26.0
"06065","5","512199","78","0","2022","A","N","Riverside County, California","Private","NAICS 512199 Other motion picture and video industries","County, NAICS 6-digit -- by ownership sector","All establishment sizes",2,0,0,0,0,0,0,"N",0.47,0,0,0,0,0,0,"N",0,0.0,0,0,0,0,0,0,0,0,0,0,0,0
"06065","5","5122","76","0","2022","A","","Riverside County, California","Private","NAICS 5122 Sound recording industries","County, NAICS 4-digit -- by ownership sector","All establishment sizes",11,17,1033448,140268,3343,1141,59337,"",0.34,0.15,0.10,0.16,0.09,0.63,0.63,"",1,10.0,-5,-22.7,-82578,-7.4,9577,7.3,-173,-4.9,169,17.4,8800,17.4
"06065","5","51223","77","0","2022","A","N","Riverside County, California","Private","NAICS 51223 Music publishers","County, NAICS 5-digit -- by ownership sector","All establishment sizes",1,0,0,0,0,0,0,"N",0.14,0,0,0,0,0,0,"N",-1,-50.0,0,0,0,0,0,0,0,0,0,0,0,0
"06065","5","512230","78","0","2022","A","N","Riverside County, California","Private","NAICS 512230 Music publishers","County, NAICS 6-digit -- by ownership sector","All establishment sizes",1,0,0,0,0,0,0,"N",0.14,0,0,0,0,0,0,"N",-1,-50.0,0,0,0,0,0,0,0,0,0,0,0,0
"06065","5","51224","77","0","2022","A","","Riverside County, California","Private","NAICS 51224 Sound recording studios","County, NAICS 5-digit -- by ownership sector","All establishment sizes",3,8,486000,51400,970,1168,60750,"",0.25,0.30,0.33,0.23,0.12,1.11,1.11,"",0,0.0,1,14.3,31750,7.0,-1962,-3.7,-31,-3.1,-80,-6.4,-4143,-6.4
"06065","5","512240","78","0","2022","A","","Riverside County, California","Private","NAICS 512240 Sound recording studios","County, NAICS 6-digit -- by ownership sector","All establishment sizes",3,8,486000,51400,970,1168,60750,"",0.25,0.30,0.33,0.23,0.12,1.11,1.11,"",0,0.0,1,14.3,31750,7.0,-1962,-3.7,-31,-3.1,-80,-6.4,-4143,-6.4
"06065","5","51225","77","0","2022","A","","Riverside County, California","Private","NAICS 51225 Record production and distribution","County, NAICS 5-digit -- by ownership sector","All establishment sizes",5,7,361278,66698,1864,958,49831,"",0.62,0.18,0.07,0.22,0.15,0.39,0.39,"",1,25.0,-6,-46.2,-135498,-27.3,10369,18.4,161,9.5,204,27.1,10612,27.1
"06065","5","512250","78","0","2022","A","","Riverside County, California","Private","NAICS 512250 Record production and distribution","County, NAICS 6-digit -- by ownership sector","All establishment sizes",5,7,361278,66698,1864,958,49831,"",0.62,0.18,0.07,0.22,0.15,0.39,0.39,"",1,25.0,-6,-46.2,-135498,-27.3,10369,18.4,161,9.5,204,27.1,10612,27.1
"06065","5","51229","77","0","2022","A","N","Riverside County, California","Private","NAICS 51229 Other sound recording industries","County, NAICS 5-digit -- by ownership sector","All establishment sizes",2,0,0,0,0,0,0,"N",0.36,0,0,0,0,0,0,"N",0,0.0,0,0,0,0,0,0,0,0,0,0,0,0
"06065","5","512290","78","0","2022","A","N","Riverside County, California","Private","NAICS 512290 Other sound recording industries","County, NAICS 6-digit -- by ownership sector","All establishment sizes",2,0,0,0,0,0,0,"N",0.36,0,0,0,0,0,0,"N",0,0.0,0,0,0,0,0,0,0,0,0,0,0,0
"06065","5","513","75","0","2022","A","","Riverside County, California","Private","NAICS 513 Publishing industries","County, NAICS 3-digit -- by ownership sector","All establishment sizes",103,632,49769279,4576241,213113,1514,78718,"",0.15,0.13,0.08,0.07,0.11,0.62,0.62,"N",103,100.0,0,0,0,0,0,0,0,0,0,0,0,0
"06065","5","5131","76","0","2022","A","","Riverside County, California","Private","NAICS 5131 Newspaper, periodical, book, and directory publishers","County, NAICS 4-digit -- by ownership sector","All establishment sizes",60,422,23622961,2841810,131417,1077,56023,"",0.30,0.26,0.18,0.18,0.22,0.69,0.69,"N",60,100.0,0,0,0,0,0,0,0,0,0,0,0,0
"06065","5","51311","77","0","2022","A","","Riverside County, California","Private","NAICS 51311 Newspaper publishers","County, NAICS 5-digit -- by ownership sector","All establishment sizes",15,207,10441000,1088052,65495,972,50541,"",0.31,0.37,0.33,0.21,0.37,0.88,0.88,"N",15,100.0,0,0,0,0,0,0,0,0,0,0,0,0
"06065","5","513110","78","0","2022","A","","Riverside County, California","Private","NAICS 513110 Newspaper publishers","County, NAICS 6-digit -- by ownership sector","All establishment sizes",15,207,10441000,1088052,65495,972,50541,"",0.31,0.37,0.33,0.21,0.37,0.88,0.88,"N",15,100.0,0,0,0,0,0,0,0,0,0,0,0,0
"06065","5","51312","77","0","2022","A","","Riverside County, California","Private","NAICS 51312 Periodical publishers","County, NAICS 5-digit -- by ownership sector","All establishment sizes",23,124,6587770,948415,39221,1020,53020,"",0.44,0.32,0.19,0.27,0.29,0.59,0.59,"N",23,100.0,0,0,0,0,0,0,0,0,0,0,0,0
"06065","5","513120","78","0","2022","A","","Riverside County, California","Private","NAICS 513120 Periodical publishers","County, NAICS 6-digit -- by ownership sector","All establishment sizes",23,124,6587770,948415,39221,1020,53020,"",0.44,0.32,0.19,0.27,0.29,0.59,0.59,"N",23,100.0,0,0,0,0,0,0,0,0,0,0,0,0
"06065","5","51313","77","0","2022","A","N","Riverside County, California","Private","NAICS 51313 Book publishers","County, NAICS 5-digit -- by ownership sector","All establishment sizes",8,0,0,0,0,0,0,"N",0.24,0,0,0,0,0,0,"N",8,100.0,0,0,0,0,0,0,0,0,0,0,0,0
"06065","5","513130","78","0","2022","A","N","Riverside County, California","Private","NAICS 513130 Book publishers","County, NAICS 6-digit -- by ownership sector","All establishment sizes",8,0,0,0,0,0,0,"N",0.24,0,0,0,0,0,0,"N",8,100.0,0,0,0,0,0,0,0,0,0,0,0,0
"06065","5","51314","77","0","2022","A","N","Riverside County, California","Private","NAICS 51314 Directory and mailing list publishers","County, NAICS 5-digit -- by ownership sector","All establishment sizes",1,0,0,0,0,0,0,"N",0.09,0,0,0,0,0,0,"N",1,100.0,0,0,0,0,0,0,0,0,0,0,0,0
"06065","5","513140","78","0","2022","A","N","Riverside County, California","Private","NAICS 513140 Directory and mailing list publishers","County, NAICS 6-digit -- by ownership sector","All establishment sizes",1,0,0,0,0,0,0,"N",0.09,0,0,0,0,0,0,"N",1,100.0,0,0,0,0,0,0,0,0,0,0,0,0
"06065","5","51319","77","0","2022","A","","Riverside County, California","Private","NAICS 51319 Other publishers","County, NAICS 5-digit -- by ownership sector","All establishment sizes",13,53,3116119,503897,19144,1132,58887,"",0.24,0.18,0.09,0.16,0.15,0.53,0.53,"N",13,100.0,0,0,0,0,0,0,0,0,0,0,0,0
"06065","5","513199","78","0","2022","A","","Riverside County, California","Private","NAICS 513199 All other publishers","County, NAICS 6-digit -- by ownership sector","All establishment sizes",13,53,3116119,503897,19144,1132,58887,"",0.24,0.19,0.10,0.17,0.16,0.52,0.52,"N",13,100.0,0,0,0,0,0,0,0,0,0,0,0,0
"06065","5","5132","76","0","2022","A","","Riverside County, California","Private","NAICS 5132 Software publishers","County, NAICS 4-digit -- by ownership sector","All establishment sizes",43,211,26146318,1734431,81696,2388,124161,"",0.09,0.06,0.05,0.03,0.06,0.83,0.83,"N",43,100.0,0,0,0,0,0,0,0,0,0,0,0,0
"06065","5","51321","77","0","2022","A","","Riverside County, California","Private","NAICS 51321 Software publishers","County, NAICS 5-digit -- by ownership sector","All establishment sizes",43,211,26146318,1734431,81696,2388,124161,"",0.09,0.06,0.05,0.03,0.06,0.83,0.83,"N",43,100.0,0,0,0,0,0,0,0,0,0,0,0,0
"06065","5","513210","78","0","2022","A","","Riverside County, California","Private","NAICS 513210 Software publishers","County, NAICS 6-digit -- by ownership sector","All establishment sizes",43,211,26146318,1734431,81696,2388,124161,"",0.09,0.06,0.05,0.03,0.06,0.83,0.83,"N",43,100.0,0,0,0,0,0,0,0,0,0,0,0,0
"06065","5","516","75","0","2022","A","N","Riverside County, California","Private","NAICS 516 Broadcasting and content providers","County, NAICS 3-digit -- by ownership sector","All establishment sizes",29,0,0,0,0,0,0,"N",0.23,0,0,0,0,0,0,"N",29,100.0,0,0,0,0,0,0,0,0,0,0,0,0
"06065","5","5161","76","0","2022","A","","Riverside County, California","Private","NAICS 5161 Radio and television broadcasting stations","County, NAICS 4-digit -- by ownership sector","All establishment sizes",9,294,20743803,2163788,113131,1356,70497,"",0.24,0.46,0.43,0.39,0.66,0.94,0.94,"N",9,100.0,0,0,0,0,0,0,0,0,0,0,0,0
"06065","5","51611","77","0","2022","A","","Riverside County, California","Private","NAICS 51611 Radio broadcasting stations","County, NAICS 5-digit -- by ownership sector","All establishment sizes",5,67,5011812,514211,20955,1449,75366,"",0.18,0.24,0.31,0.21,0.29,1.31,1.31,"N",5,100.0,0,0,0,0,0,0,0,0,0,0,0,0
"06065","5","516110","78","0","2022","A","","Riverside County, California","Private","NAICS 516110 Radio broadcasting stations","County, NAICS 6-digit -- by ownership sector","All establishment sizes",5,67,5011812,514211,20955,1449,75366,"",0.18,0.24,0.31,0.21,0.29,1.31,1.31,"N",5,100.0,0,0,0,0,0,0,0,0,0,0,0,0
"06065","5","51612","77","0","2022","A","","Riverside County, California","Private","NAICS 51612 Television broadcasting stations","County, NAICS 5-digit -- by ownership sector","All establishment sizes",4,228,15731991,1649577,92176,1328,69076,"",0.39,0.64,0.50,0.54,0.92,0.78,0.78,"N",4,100.0,0,0,0,0,0,0,0,0,0,0,0,0
"06065","5","516120","78","0","2022","A","","Riverside County, California","Private","NAICS 516120 Television broadcasting stations","County, NAICS 6-digit -- by ownership sector","All establishment sizes",4,228,15731991,1649577,92176,1328,69076,"",0.39,0.64,0.50,0.54,0.92,0.78,0.78,"N",4,100.0,0,0,0,0,0,0,0,0,0,0,0,0
"06065","5","5162","76","0","2022","A","N","Riverside County, California","Private","NAICS 5162 Media streaming distribution services, social networks, and other media networks and content providers","County, NAICS 4-digit -- by ownership sector","All establishment sizes",21,0,0,0,0,0,0,"N",0.25,0,0,0,0,0,0,"N",21,100.0,0,0,0,0,0,0,0,0,0,0,0,0
"06065","5","51621","77","0","2022","A","N","Riverside County, California","Private","NAICS 51621 Media streaming distribution services, social networks, and other media networks and content providers","County, NAICS 5-digit -- by ownership sector","All establishment sizes",21,0,0,0,0,0,0,"N",0.25,0,0,0,0,0,0,"N",21,100.0,0,0,0,0,0,0,0,0,0,0,0,0
"06065","5","516210","78","0","2022","A","N","Riverside County, California","Private","NAICS 516210 Media streaming distribution services, social networks, and other media networks and content providers","County, NAICS 6-digit -- by ownership sector","All establishment sizes",21,0,0,0,0,0,0,"N",0.25,0,0,0,0,0,0,"N",21,100.0,0,0,0,0,0,0,0,0,0,0,0,0
"06065","5","517","75","0","2022","A","","Riverside County, California","Private","NAICS 517 Telecommunications","County, NAICS 3-digit -- by ownership sector","All establishment sizes",148,2437,204195442,18724762,1013600,1611,83784,"",0.61,0.68,0.68,0.51,0.84,0.99,0.99,"",-19,-11.4,-63,-2.5,861209,0.4,-1975632,-9.5,-150407,-12.9,47,3.0,2450,3.0
"06065","5","5171","76","0","2022","A","","Riverside County, California","Private","NAICS 5171 Wired and wireless telecommunications (except satellite)","County, NAICS 4-digit -- by ownership sector","All establishment sizes",130,2328,195577164,17964516,977290,1615,84002,"",0.63,0.71,0.73,0.53,0.89,1.02,1.02,"N",130,100.0,0,0,0,0,0,0,0,0,0,0,0,0
"06065","5","51711","77","0","2022","A","","Riverside County, California","Private","NAICS 51711 Wired and wireless telecommunications carriers (except satellite)","County, NAICS 5-digit -- by ownership sector","All establishment sizes",121,2289,193124912,17559590,963016,1623,84377,"",0.68,0.75,0.77,0.55,0.94,1.02,1.02,"N",121,100.0,0,0,0,0,0,0,0,0,0,0,0,0
"06065","5","517111","78","0","2022","A","","Riverside County, California","Private","NAICS 517111 Wired telecommunications carriers","County, NAICS 6-digit -- by ownership sector","All establishment sizes",73,1813,155620933,13874069,810048,1651,85856,"",0.55,0.71,0.74,0.54,0.96,1.04,1.04,"N",73,100.0,0,0,0,0,0,0,0,0,0,0,0,0
"06065","5","517112","78","0","2022","A","","Riverside County, California","Private","NAICS 517112 Wireless telecommunications carriers (except satellite)","County, NAICS 6-digit -- by ownership sector","All establishment sizes",47,476,37503979,3685521,152968,1514,78749,"",1.06,0.97,0.93,0.61,0.87,0.96,0.96,"N",47,100.0,0,0,0,0,0,0,0,0,0,0,0,0
"06065","5","51712","77","0","2022","A","","Riverside County, California","Private","NAICS 51712 Telecommunications resellers and agents for wireless telecommunication services","County, NAICS 5-digit -- by ownership sector","All establishment sizes",9,39,2452252,404926,14274,1196,62214,"",0.30,0.17,0.14,0.17,0.18,0.80,0.80,"N",9,100.0,0,0,0,0,0,0,0,0,0,0,0,0
"06065","5","517121","78","0","2022","A","","Riverside County, California","Private","NAICS 517121 Telecommunications resellers","County, NAICS 6-digit -- by ownership sector","All establishment sizes",9,39,2452252,404926,14274,1196,62214,"",0.30,0.17,0.14,0.17,0.18,0.80,0.80,"N",9,100.0,0,0,0,0,0,0,0,0,0,0,0,0
"06065","5","5174","76","0","2022","A","","Riverside County, California","Private","NAICS 5174 Satellite telecommunications","County, NAICS 4-digit -- by ownership sector","All establishment sizes",8,88,7828625,608297,31341,1711,88962,"",1.26,1.81,1.72,1.34,2.20,0.95,0.95,"",1,14.3,11,14.3,1205845,18.2,118552,24.2,3919,14.3,61,3.7,3138,3.7
"06065","5","51741","77","0","2022","A","","Riverside County, California","Private","NAICS 51741 Satellite telecommunications","County, NAICS 5-digit -- by ownership sector","All establishment sizes",8,88,7828625,608297,31341,1711,88962,"",1.26,1.81,1.72,1.34,2.20,0.95,0.95,"",1,14.3,11,14.3,1205845,18.2,118552,24.2,3919,14.3,61,3.7,3138,3.7
"06065","5","517410","78","0","2022","A","","Riverside County, California","Private","NAICS 517410 Satellite telecommunications","County, NAICS 6-digit -- by ownership sector","All establishment sizes",8,88,7828625,608297,31341,1711,88962,"",1.26,1.81,1.72,1.34,2.20,0.95,0.95,"",1,14.3,11,14.3,1205845,18.2,118552,24.2,3919,14.3,61,3.7,3138,3.7
"06065","5","5178","76","0","2022","A","","Riverside County, California","Private","NAICS 5178 All other telecommunications","County, NAICS 4-digit -- by ownership sector","All establishment sizes",10,21,789653,151949,4969,726,37752,"",0.32,0.09,0.03,0.07,0.06,0.32,0.32,"N",10,100.0,0,0,0,0,0,0,0,0,0,0,0,0
"06065","5","51781","77","0","2022","A","","Riverside County, California","Private","NAICS 51781 All other telecommunications","County, NAICS 5-digit -- by ownership sector","All establishment sizes",10,21,789653,151949,4969,726,37752,"",0.32,0.09,0.03,0.07,0.06,0.32,0.32,"N",10,100.0,0,0,0,0,0,0,0,0,0,0,0,0
"06065","5","517810","78","0","2022","A","","Riverside County, California","Private","NAICS 517810 All other telecommunications","County, NAICS 6-digit -- by ownership sector","All establishment sizes",10,21,789653,151949,4969,726,37752,"",0.32,0.09,0.03,0.07,0.06,0.32,0.32,"N",10,100.0,0,0,0,0,0,0,0,0,0,0,0,0
"06065","5","518","75","0","2022","A","","Riverside County, California","Private","NAICS 518 Computing infrastructure providers, data processing, web hosting, and related services","County, NAICS 3-digit -- by ownership sector","All establishment sizes",32,603,60736443,1644910,81841,1938,100793,"",0.10,0.24,0.19,0.06,0.09,0.80,0.80,"",-2,-5.9,164,37.4,15368791,33.9,1028733,167.0,59860,272.3,-51,-2.6,-2609,-2.5
"06065","5","5182","76","0","2022","A","","Riverside County, California","Private","NAICS 5182 Computing infrastructure providers, data processing, web hosting, and related services","County, NAICS 4-digit -- by ownership sector","All establishment sizes",32,603,60736443,1644910,81841,1938,100793,"",0.10,0.24,0.19,0.06,0.09,0.80,0.80,"",-2,-5.9,164,37.4,15368791,33.9,1028733,167.0,59860,272.3,-51,-2.6,-2609,-2.5
"06065","5","51821","77","0","2022","A","","Riverside County, California","Private","NAICS 51821 Computing infrastructure providers, data processing, web hosting, and related services","County, NAICS 5-digit -- by ownership sector","All establishment sizes",32,603,60736443,1644910,81841,1938,100793,"",0.10,0.24,0.19,0.06,0.09,0.80,0.80,"",-2,-5.9,164,37.4,15368791,33.9,1028733,167.0,59860,272.3,-51,-2.6,-2609,-2.5
"06065","5","518210","78","0","2022","A","","Riverside County, California","Private","NAICS 518210 Computing infrastructure providers, data processing, web hosting, and related services","County, NAICS 6-digit -- by ownership sector","All establishment sizes",32,603,60736443,1644910,81841,1938,100793,"",0.10,0.24,0.19,0.06,0.09,0.80,0.80,"",-2,-5.9,164,37.4,15368791,33.9,1028733,167.0,59860,272.3,-51,-2.6,-2609,-2.5
"06065","5","519","75","0","2022","A","N","Riverside County, California","Private","NAICS 519 Web search portals, libraries, archives, and other information services","County, NAICS 3-digit -- by ownership sector","All establishment sizes",50,0,0,0,0,0,0,"N",0.48,0,0,0,0,0,0,"N",-39,-43.8,0,0,0,0,0,0,0,0,0,0,0,0
"06065","5","5192","76","0","2022","A","N","Riverside County, California","Private","NAICS 5192 Web search portals, libraries, archives, and other information services","County, NAICS 4-digit -- by ownership sector","All establishment sizes",50,0,0,0,0,0,0,"N",0.48,0,0,0,0,0,0,"N",50,100.0,0,0,0,0,0,0,0,0,0,0,0,0
"06065","5","51921","77","0","2022","A","N","Riverside County, California","Private","NAICS 51921 Libraries and archives","County, NAICS 5-digit -- by ownership sector","All establishment sizes",39,0,0,0,0,0,0,"N",2.59,0,0,0,0,0,0,"N",39,100.0,0,0,0,0,0,0,0,0,0,0,0,0
"06065","5","519210","78","0","2022","A","N","Riverside County, California","Private","NAICS 519210 Libraries and archives","County, NAICS 6-digit -- by ownership sector","All establishment sizes",39,0,0,0,0,0,0,"N",2.59,0,0,0,0,0,0,"N",39,100.0,0,0,0,0,0,0,0,0,0,0,0,0
"06065","5","51929","77","0","2022","A","","Riverside County, California","Private","NAICS 51929 Web search portals and all other information services","County, NAICS 5-digit -- by ownership sector","All establishment sizes",11,16,1232485,103292,3705,1474,76631,"",0.12,0.02,0.01,0.01,0.01,0.32,0.32,"N",11,100.0,0,0,0,0,0,0,0,0,0,0,0,0
"06065","5","519290","78","0","2022","A","","Riverside County, California","Private","NAICS 519290 Web search portals and all other information services","County, NAICS 6-digit -- by ownership sector","All establishment sizes",11,16,1232485,103292,3705,1474,76631,"",0.12,0.02,0.01,0.01,0.01,0.32,0.32,"N",11,100.0,0,0,0,0,0,0,0,0,0,0,0,0
"06065","5","52","74","0","2022","A","","Riverside County, California","Private","NAICS 52 Finance and insurance","County, NAICS Sector -- by ownership sector","All establishment sizes",1861,11532,955913829,89296085,3168165,1594,82892,"",0.50,0.34,0.27,0.27,0.34,0.79,0.79,"",-1,-0.1,589,5.4,41959521,4.6,8089257,10.0,-339907,-9.7,-12,-0.7,-631,-0.8
"06065","5","521","75","0","2022","A","N","Riverside County, California","Private","NAICS 521 Monetary authorities-central bank","County, NAICS 3-digit -- by ownership sector","All establishment sizes",1,0,0,0,0,0,0,"N",0.18,0,0,0,0,0,0,"N",0,0.0,0,0,0,0,0,0,0,0,0,0,0,0
"06065","5","5211","76","0","2022","A","N","Riverside County, California","Private","NAICS 5211 Monetary authorities-central bank","County, NAICS 4-digit -- by ownership sector","All establishment sizes",1,0,0,0,0,0,0,"N",0.18,0,0,0,0,0,0,"N",0,0.0,0,0,0,0,0,0,0,0,0,0,0,0
"06065","5","52111","77","0","2022","A","N","Riverside County, California","Private","NAICS 52111 Monetary authorities-central bank","County, NAICS 5-digit -- by ownership sector","All establishment sizes",1,0,0,0,0,0,0,"N",0.18,0,0,0,0,0,0,"N",0,0.0,0,0,0,0,0,0,0,0,0,0,0,0
"06065","5","521110","78","0","2022","A","N","Riverside County, California","Private","NAICS 521110 Monetary authorities-central bank","County, NAICS 6-digit -- by ownership sector","All establishment sizes",1,0,0,0,0,0,0,"N",0.18,0,0,0,0,0,0,"N",0,0.0,0,0,0,0,0,0,0,0,0,0,0,0
"06065","5","522","75","0","2022","A","","Riverside County, California","Private","NAICS 522 Credit intermediation and related activities","County, NAICS 3-digit -- by ownership sector","All establishment sizes",725,5966,485714570,44529032,1751745,1566,81411,"",0.57,0.41,0.40,0.31,0.47,0.96,0.96,"",-12,-1.6,263,4.6,3364324,0.7,5600700,14.4,-194236,-10.0,-61,-3.7,-3170,-3.7
"06065","5","5221","76","0","2022","A","","Riverside County, California","Private","NAICS 5221 Depository credit intermediation","County, NAICS 4-digit -- by ownership sector","All establishment sizes",344,4210,327220453,27243939,1169298,1495,77728,"",0.49,0.44,0.43,0.29,0.53,0.96,0.96,"",-15,-4.2,350,9.1,67574303,26.0,6928363,34.1,132842,12.8,201,15.5,10462,15.6
"06065","5","52211","77","0","2022","A","","Riverside County, California","Private","NAICS 52211 Commercial banking","County, NAICS 5-digit -- by ownership sector","All establishment sizes",259,2904,240053682,18913399,863646,1589,82651,"",0.49,0.39,0.37,0.26,0.50,0.95,0.95,"",-16,-5.8,269,10.2,55077846,29.8,6633901,54.0,198487,29.8,239,17.7,12445,17.7
"06065","5","522110","78","0","2022","A","","Riverside County, California","Private","NAICS 522110 Commercial banking","County, NAICS 6-digit -- by ownership sector","All establishment sizes",259,2904,240053682,18913399,863646,1589,82651,"",0.49,0.39,0.37,0.26,0.50,0.95,0.95,"",-16,-5.8,269,10.2,55077846,29.8,6633901,54.0,198487,29.8,239,17.7,12445,17.7
"06065","5","52213","77","0","2022","A","N","Riverside County, California","Private","NAICS 52213 Credit unions","County, NAICS 5-digit -- by ownership sector","All establishment sizes",56,0,0,0,0,0,0,"N",0.46,0,0,0,0,0,0,"N",1,1.8,0,0,0,0,0,0,0,0,0,0,0,0
"06065","5","522130","78","0","2022","A","N","Riverside County, California","Private","NAICS 522130 Credit unions","County, NAICS 6-digit -- by ownership sector","All establishment sizes",56,0,0,0,0,0,0,"N",0.46,0,0,0,0,0,0,"N",1,1.8,0,0,0,0,0,0,0,0,0,0,0,0
"06065","5","52218","77","0","2022","A","N","Riverside County, California","Private","NAICS 52218 Savings institutions and other depository credit intermediation","County, NAICS 5-digit -- by ownership sector","All establishment sizes",29,0,0,0,0,0,0,"N",0.57,0,0,0,0,0,0,"N",29,100.0,0,0,0,0,0,0,0,0,0,0,0,0
"06065","5","522180","78","0","2022","A","N","Riverside County, California","Private","NAICS 522180 Savings institutions and other depository credit intermediation","County, NAICS 6-digit -- by ownership sector","All establishment sizes",29,0,0,0,0,0,0,"N",0.57,0,0,0,0,0,0,"N",29,100.0,0,0,0,0,0,0,0,0,0,0,0,0
"06065","5","5222","76","0","2022","A","","Riverside County, California","Private","NAICS 5222 Nondepository credit intermediation","County, NAICS 4-digit -- by ownership sector","All establishment sizes",165,1022,92433133,9893001,314258,1740,90466,"",0.47,0.32,0.32,0.31,0.31,0.98,0.98,"",-13,-7.3,-117,-10.3,-42892754,-31.7,-1318848,-11.8,-266432,-45.9,-544,-23.8,-28302,-23.8
"06065","5","52221","77","0","2022","A","","Riverside County, California","Private","NAICS 52221 Credit card issuing","County, NAICS 5-digit -- by ownership sector","All establishment sizes",5,6,312347,73539,2312,987,51345,"",0.76,0.02,0.01,0.02,0.02,0.49,0.49,"",0,0.0,1,20.0,46083,17.3,44770,155.6,1537,198.3,-130,-11.6,-6749,-11.6
"06065","5","522210","78","0","2022","A","","Riverside County, California","Private","NAICS 522210 Credit card issuing","County, NAICS 6-digit -- by ownership sector","All establishment sizes",5,6,312347,73539,2312,987,51345,"",0.76,0.02,0.01,0.02,0.02,0.49,0.49,"",0,0.0,1,20.0,46083,17.3,44770,155.6,1537,198.3,-130,-11.6,-6749,-11.6
"06065","5","52222","77","0","2022","A","","Riverside County, California","Private","NAICS 52222 Sales financing","County, NAICS 5-digit -- by ownership sector","All establishment sizes",12,83,5611355,440655,15933,1303,67743,"",0.29,0.18,0.13,0.10,0.11,0.72,0.72,"",2,20.0,19,29.7,807659,16.8,-34765,-7.3,-4067,-20.3,-152,-10.4,-7906,-10.5
"06065","5","522220","78","0","2022","A","","Riverside County, California","Private","NAICS 522220 Sales financing","County, NAICS 6-digit -- by ownership sector","All establishment sizes",12,83,5611355,440655,15933,1303,67743,"",0.29,0.18,0.13,0.10,0.11,0.72,0.72,"",2,20.0,19,29.7,807659,16.8,-34765,-7.3,-4067,-20.3,-152,-10.4,-7906,-10.5
"06065","5","52229","77","0","2022","A","","Riverside County, California","Private","NAICS 52229 Other nondepository credit intermediation","County, NAICS 5-digit -- by ownership sector","All establishment sizes",148,933,86509431,9378807,296013,1783,92738,"",0.49,0.40,0.41,0.38,0.39,1.03,1.03,"",-15,-9.2,-138,-12.9,-43746496,-33.6,-1328853,-12.4,-263902,-47.1,-555,-23.7,-28845,-23.7
"06065","5","522291","78","0","2022","A","","Riverside County, California","Private","NAICS 522291 Consumer lending","County, NAICS 6-digit -- by ownership sector","All establishment sizes",41,121,6605142,916343,38437,1053,54739,"",0.40,0.24,0.18,0.18,0.25,0.73,0.73,"",-5,-10.9,-3,-2.4,493153,8.1,-27099,-2.9,-4119,-9.7,108,11.4,5581,11.4
"06065","5","522292","78","0","2022","A","","Riverside County, California","Private","NAICS 522292 Real estate credit","County, NAICS 6-digit -- by ownership sector","All establishment sizes",83,676,73202239,7265349,218563,2082,108274,"",0.65,0.50,0.57,0.48,0.45,1.14,1.14,"",-10,-10.8,-153,-18.5,-44842915,-38.0,-1397084,-16.1,-257781,-54.1,-656,-24.0,-34106,-24.0
"06065","5","522299","78","0","2022","A","","Riverside County, California","Private","NAICS 522299 International, secondary market, and all other nondepository credit intermediation","County, NAICS 6-digit -- by ownership sector","All establishment sizes",25,136,6702050,1197115,39013,947,49250,"",0.35,0.28,0.15,0.26,0.35,0.54,0.54,"N",25,100.0,0,0,0,0,0,0,0,0,0,0,0,0
"06065","5","5223","76","0","2022","A","","Riverside County, California","Private","NAICS 5223 Activities related to credit intermediation","County, NAICS 4-digit -- by ownership sector","All establishment sizes",216,735,66060984,7392092,268189,1729,89930,"",0.97,0.42,0.39,0.44,0.47,0.93,0.93,"",15,7.5,32,4.6,-21317225,-24.4,-8815,-0.1,-60646,-18.4,-660,-27.6,-34290,-27.6
"06065","5","52231","77","0","2022","A","","Riverside County, California","Private","NAICS 52231 Mortgage and nonmortgage loan brokers","County, NAICS 5-digit -- by ownership sector","All establishment sizes",132,493,50695668,5178673,194282,1977,102814,"",1.17,0.80,0.94,0.77,0.82,1.17,1.17,"",15,12.8,-3,-0.6,-23663522,-31.8,-191537,-3.6,-44993,-18.8,-906,-31.4,-47104,-31.4
"06065","5","522310","78","0","2022","A","","Riverside County, California","Private","NAICS 522310 Mortgage and nonmortgage loan brokers","County, NAICS 6-digit -- by ownership sector","All establishment sizes",132,493,50695668,5178673,194282,1977,102814,"",1.17,0.80,0.94,0.77,0.82,1.17,1.17,"",15,12.8,-3,-0.6,-23663522,-31.8,-191537,-3.6,-44993,-18.8,-906,-31.4,-47104,-31.4
"06065","5","52232","77","0","2022","A","","Riverside County, California","Private","NAICS 52232 Financial transactions processing, reserve, and clearinghouse activities","County, NAICS 5-digit -- by ownership sector","All establishment sizes",34,105,9036771,952603,29008,1663,86476,"",0.60,0.15,0.11,0.14,0.14,0.76,0.76,"",1,3.0,19,22.1,938119,11.6,140680,17.3,-8086,-21.8,-153,-8.4,-7969,-8.4
"06065","5","522320","78","0","2022","A","","Riverside County, California","Private","NAICS 522320 Financial transactions processing, reserve, and clearinghouse activities","County, NAICS 6-digit -- by ownership sector","All establishment sizes",34,105,9036771,952603,29008,1663,86476,"",0.60,0.15,0.11,0.14,0.14,0.76,0.76,"",1,3.0,19,22.1,938119,11.6,140680,17.3,-8086,-21.8,-153,-8.4,-7969,-8.4
"06065","5","52239","77","0","2022","A","","Riverside County, California","Private","NAICS 52239 Other activities related to credit intermediation","County, NAICS 5-digit -- by ownership sector","All establishment sizes",51,137,6328545,1260816,44899,888,46194,"",0.95,0.34,0.20,0.35,0.35,0.59,0.59,"",0,0.0,15,12.3,1408178,28.6,42042,3.4,-7567,-14.4,110,14.1,5753,14.2
"06065","5","522390","78","0","2022","A","","Riverside County, California","Private","NAICS 522390 Other activities related to credit intermediation","County, NAICS 6-digit -- by ownership sector","All establishment sizes",51,137,6328545,1260816,44899,888,46194,"",0.95,0.34,0.20,0.35,0.35,0.59,0.59,"",0,0.0,15,12.3,1408178,28.6,42042,3.4,-7567,-14.4,110,14.1,5753,14.2
"06065","5","523","75","0","2022","A","","Riverside County, California","Private","NAICS 523 Securities, commodity contracts, and other financial investments and related activities","County, NAICS 3-digit -- by ownership sector","All establishment sizes",371,1089,127891165,10190604,282481,2258,117430,"",0.40,0.20,0.11,0.17,0.15,0.54,0.54,"",1,0.3,34,3.2,3567888,2.9,1444338,16.5,-5612,-1.9,-8,-0.4,-384,-0.3
"06065","5","5231","76","0","2022","A","N","Riverside County, California","Private","NAICS 5231 Securities and commodity contracts intermediation and brokerage","County, NAICS 4-digit -- by ownership sector","All establishment sizes",111,0,0,0,0,0,0,"N",0.40,0,0,0,0,0,0,"N",-11,-9.0,0,0,0,0,0,0,0,0,0,0,0,0
"06065","5","52315","77","0","2022","A","","Riverside County, California","Private","NAICS 52315 Investment banking and securities intermediation","County, NAICS 5-digit -- by ownership sector","All establishment sizes",103,351,63652188,2284429,67457,3491,181518,"",0.40,0.15,0.12,0.09,0.10,0.80,0.80,"N",103,100.0,0,0,0,0,0,0,0,0,0,0,0,0
"06065","5","523150","78","0","2022","A","","Riverside County, California","Private","NAICS 523150 Investment banking and securities intermediation","County, NAICS 6-digit -- by ownership sector","All establishment sizes",103,351,63652188,2284429,67457,3491,181518,"",0.40,0.15,0.12,0.09,0.10,0.80,0.80,"N",103,100.0,0,0,0,0,0,0,0,0,0,0,0,0
"06065","5","52316","77","0","2022","A","N","Riverside County, California","Private","NAICS 52316 Commodity contracts intermediation","County, NAICS 5-digit -- by ownership sector","All establishment sizes",8,0,0,0,0,0,0,"N",0.35,0,0,0,0,0,0,"N",8,100.0,0,0,0,0,0,0,0,0,0,0,0,0
"06065","5","523160","78","0","2022","A","N","Riverside County, California","Private","NAICS 523160 Commodity contracts intermediation","County, NAICS 6-digit -- by ownership sector","All establishment sizes",8,0,0,0,0,0,0,"N",0.35,0,0,0,0,0,0,"N",8,100.0,0,0,0,0,0,0,0,0,0,0,0,0
"06065","5","5232","76","0","2022","A","N","Riverside County, California","Private","NAICS 5232 Securities and commodity exchanges","County, NAICS 4-digit -- by ownership sector","All establishment sizes",4,0,0,0,0,0,0,"N",0.95,0,0,0,0,0,0,"N",2,100.0,0,0,0,0,0,0,0,0,0,0,0,0
"06065","5","52321","77","0","2022","A","N","Riverside County, California","Private","NAICS 52321 Securities and commodity exchanges","County, NAICS 5-digit -- by ownership sector","All establishment sizes",4,0,0,0,0,0,0,"N",0.95,0,0,0,0,0,0,"N",2,100.0,0,0,0,0,0,0,0,0,0,0,0,0
"06065","5","523210","78","0","2022","A","N","Riverside County, California","Private","NAICS 523210 Securities and commodity exchanges","County, NAICS 6-digit -- by ownership sector","All establishment sizes",4,0,0,0,0,0,0,"N",0.95,0,0,0,0,0,0,"N",2,100.0,0,0,0,0,0,0,0,0,0,0,0,0
"06065","5","5239","76","0","2022","A","","Riverside County, California","Private","NAICS 5239 Other financial investment activities","County, NAICS 4-digit -- by ownership sector","All establishment sizes",256,717,63036605,7707671,209078,1692,87958,"",0.40,0.24,0.10,0.24,0.19,0.42,0.42,"",11,4.5,43,6.4,4500825,7.7,1500730,24.2,16637,8.6,21,1.3,1067,1.2
"06065","5","52391","77","0","2022","A","","Riverside County, California","Private","NAICS 52391 Miscellaneous intermediation","County, NAICS 5-digit -- by ownership sector","All establishment sizes",17,126,17470308,1836401,50151,2677,139206,"",0.29,0.70,0.45,1.00,0.73,0.64,0.64,"",3,21.4,78,162.5,15039471,618.7,1343175,272.3,30719,158.1,1706,175.7,88739,175.8
"06065","5","523910","78","0","2022","A","","Riverside County, California","Private","NAICS 523910 Miscellaneous intermediation","County, NAICS 6-digit -- by ownership sector","All establishment sizes",17,126,17470308,1836401,50151,2677,139206,"",0.29,0.70,0.45,1.00,0.73,0.64,0.64,"",3,21.4,78,162.5,15039471,618.7,1343175,272.3,30719,158.1,1706,175.7,88739,175.8
"06065","5","52394","77","0","2022","A","","Riverside County, California","Private","NAICS 52394 Portfolio management and investment advice","County, NAICS 5-digit -- by ownership sector","All establishment sizes",216,520,40632664,5182859,142323,1504,78190,"",0.41,0.21,0.07,0.19,0.16,0.36,0.36,"N",216,100.0,0,0,0,0,0,0,0,0,0,0,0,0
"06065","5","523940","78","0","2022","A","","Riverside County, California","Private","NAICS 523940 Portfolio management and investment advice","County, NAICS 6-digit -- by ownership sector","All establishment sizes",216,520,40632664,5182859,142323,1504,78190,"",0.41,0.21,0.07,0.19,0.16,0.36,0.36,"N",216,100.0,0,0,0,0,0,0,0,0,0,0,0,0
"06065","5","52399","77","0","2022","A","","Riverside County, California","Private","NAICS 52399 All other financial investment activities","County, NAICS 5-digit -- by ownership sector","All establishment sizes",24,72,4933633,688411,16604,1327,69002,"",0.43,0.26,0.13,0.21,0.16,0.52,0.52,"",2,9.1,-12,-14.3,-957841,-16.3,-120278,-14.9,-6585,-28.4,-19,-1.4,-996,-1.4
"06065","5","523991","78","0","2022","A","","Riverside County, California","Private","NAICS 523991 Trust, fiduciary, and custody activities","County, NAICS 6-digit -- by ownership sector","All establishment sizes",17,65,4452656,557346,12125,1309,68066,"",0.95,0.59,0.39,0.42,0.31,0.66,0.66,"N",0,0.0,0,0,0,0,0,0,0,0,0,0,0,0
"06065","5","523999","78","0","2022","A","","Riverside County, California","Private","NAICS 523999 Miscellaneous financial investment activities","County, NAICS 6-digit -- by ownership sector","All establishment sizes",6,6,480977,131065,4479,1520,79065,"",0.16,0.04,0.02,0.07,0.07,0.52,0.52,"N",1,20.0,0,0,0,0,0,0,0,0,0,0,0,0
"06065","5","524","75","0","2022","A","","Riverside County, California","Private","NAICS 524 Insurance carriers and related activities","County, NAICS 3-digit -- by ownership sector","All establishment sizes",744,4454,339068918,34341329,1124781,1464,76130,"",0.52,0.33,0.31,0.26,0.32,0.95,0.95,"",8,1.1,294,7.1,34251476,11.2,1038024,3.1,-139896,-11.1,55,3.9,2851,3.9
"06065","5","5241","76","0","2022","A","","Riverside County, California","Private","NAICS 5241 Insurance carriers","County, NAICS 4-digit -- by ownership sector","All establishment sizes",113,749,70749368,5340103,217652,1817,94479,"",0.50,0.12,0.13,0.08,0.13,1.10,1.10,"",15,15.3,13,1.8,-712836,-1.0,-521095,-8.9,-45151,-17.2,-51,-2.7,-2638,-2.7
"06065","5","52411","77","0","2022","A","","Riverside County, California","Private","NAICS 52411 Direct life, health, and medical insurance carriers","County, NAICS 5-digit -- by ownership sector","All establishment sizes",46,114,7894518,1028784,33207,1332,69250,"",0.59,0.03,0.03,0.03,0.04,0.81,0.81,"",13,39.4,-1,-0.9,642558,8.9,77053,8.1,72,0.2,119,9.8,6189,9.8
"06065","5","524113","78","0","2022","A","N","Riverside County, California","Private","NAICS 524113 Direct life insurance carriers","County, NAICS 6-digit -- by ownership sector","All establishment sizes",33,0,0,0,0,0,0,"N",0.95,0,0,0,0,0,0,"N",8,32.0,0,0,0,0,0,0,0,0,0,0,0,0
"06065","5","524114","78","0","2022","A","N","Riverside County, California","Private","NAICS 524114 Direct health and medical insurance carriers","County, NAICS 6-digit -- by ownership sector","All establishment sizes",13,0,0,0,0,0,0,"N",0.30,0,0,0,0,0,0,"N",5,62.5,0,0,0,0,0,0,0,0,0,0,0,0
"06065","5","52412","77","0","2022","A","","Riverside County, California","Private","NAICS 52412 Direct insurance (except life, health, and medical) carriers","County, NAICS 5-digit -- by ownership sector","All establishment sizes",64,621,62273360,4184878,181663,1928,100252,"",0.45,0.21,0.25,0.16,0.26,1.18,1.18,"",2,3.2,10,1.6,-1549816,-2.4,-623279,-13.0,-45159,-19.9,-82,-4.1,-4262,-4.1
"06065","5","524126","78","0","2022","A","N","Riverside County, California","Private","NAICS 524126 Direct property and casualty insurance carriers","County, NAICS 6-digit -- by ownership sector","All establishment sizes",32,0,0,0,0,0,0,"N",0.35,0,0,0,0,0,0,"N",5,18.5,0,0,0,0,0,0,0,0,0,0,0,0
"06065","5","524127","78","0","2022","A","N","Riverside County, California","Private","NAICS 524127 Direct title insurance carriers","County, NAICS 6-digit -- by ownership sector","All establishment sizes",30,0,0,0,0,0,0,"N",0.77,0,0,0,0,0,0,"N",-2,-6.2,0,0,0,0,0,0,0,0,0,0,0,0
"06065","5","524128","78","0","2022","A","N","Riverside County, California","Private","NAICS 524128 Other direct insurance (except life, health, and medical) carriers","County, NAICS 6-digit -- by ownership sector","All establishment sizes",2,0,0,0,0,0,0,"N",0.17,0,0,0,0,0,0,"N",-1,-33.3,0,0,0,0,0,0,0,0,0,0,0,0
"06065","5","52413","77","0","2022","A","","Riverside County, California","Private","NAICS 52413 Reinsurance carriers","County, NAICS 5-digit -- by ownership sector","All establishment sizes",4,14,581490,126441,2782,818,42548,"",0.57,0.09,0.03,0.07,0.06,0.35,0.35,"",0,0.0,4,40.0,194422,50.2,25131,24.8,-64,-2.2,86,11.7,4476,11.8
"06065","5","524130","78","0","2022","A","","Riverside County, California","Private","NAICS 524130 Reinsurance carriers","County, NAICS 6-digit -- by ownership sector","All establishment sizes",4,14,581490,126441,2782,818,42548,"",0.57,0.09,0.03,0.07,0.06,0.35,0.35,"",0,0.0,4,40.0,194422,50.2,25131,24.8,-64,-2.2,86,11.7,4476,11.8
"06065","5","5242","76","0","2022","A","","Riverside County, California","Private","NAICS 5242 Agencies, brokerages, and other insurance related activities","County, NAICS 4-digit -- by ownership sector","All establishment sizes",631,3705,268319550,29001226,907129,1393,72421,"",0.53,0.53,0.52,0.43,0.49,0.97,0.97,"",-7,-1.1,281,8.2,34964312,15.0,1559119,5.7,-94745,-9.5,82,6.3,4265,6.3
"06065","5","52421","77","0","2022","A","","Riverside County, California","Private","NAICS 52421 Insurance agencies and brokerages","County, NAICS 5-digit -- by ownership sector","All establishment sizes",588,3433,242213053,26535509,820906,1357,70547,"",0.57,0.69,0.65,0.55,0.66,0.94,0.94,"",-10,-1.7,244,7.7,25990998,12.0,1540961,6.2,-82814,-9.2,53,4.1,2734,4.0
"06065","5","524210","78","0","2022","A","","Riverside County, California","Private","NAICS 524210 Insurance agencies and brokerages","County, NAICS 6-digit -- by ownership sector","All establishment sizes",588,3433,242213053,26535509,820906,1357,70547,"",0.57,0.69,0.65,0.55,0.66,0.94,0.94,"",-10,-1.7,244,7.7,25990998,12.0,1540961,6.2,-82814,-9.2,53,4.1,2734,4.0
"06065","5","52429","77","0","2022","A","","Riverside County, California","Private","NAICS 52429 Other insurance related activities","County, NAICS 5-digit -- by ownership sector","All establishment sizes",43,272,26106497,2465717,86223,1848,96098,"",0.25,0.14,0.18,0.13,0.14,1.31,1.31,"",4,10.3,37,15.7,8973314,52.4,18158,0.7,-11931,-12.2,448,32.0,23294,32.0
"06065","5","524291","78","0","2022","A","","Riverside County, California","Private","NAICS 524291 Claims adjusting","County, NAICS 6-digit -- by ownership sector","All establishment sizes",14,52,3499629,533194,20107,1303,67735,"",0.27,0.16,0.14,0.16,0.14,0.91,0.91,"",1,7.7,-1,-1.9,-14732,-0.4,52195,10.9,-3072,-13.3,30,2.4,1530,2.3
"06065","5","524292","78","0","2022","A","","Riverside County, California","Private","NAICS 524292 Pharmacy benefit management and other third party administration of insurance and pension funds","County, NAICS 6-digit -- by ownership sector","All establishment sizes",16,184,20626463,1611032,51292,2160,112304,"",0.28,0.16,0.26,0.14,0.16,1.62,1.62,"",2,14.3,39,26.9,9229696,81.0,15912,1.0,-5319,-9.4,644,42.5,33479,42.5
"06065","5","524298","78","0","2022","A","","Riverside County, California","Private","NAICS 524298 All other insurance related activities","County, NAICS 6-digit -- by ownership sector","All establishment sizes",14,36,1980405,321491,14824,1048,54507,"",0.22,0.07,0.05,0.06,0.10,0.68,0.68,"",2,16.7,-2,-5.3,-241650,-10.9,-49949,-13.4,-3540,-19.3,-86,-7.6,-4486,-7.6
"06065","5","525","75","0","2022","A","N","Riverside County, California","Private","NAICS 525 Funds, trusts, and other financial vehicles","County, NAICS 3-digit -- by ownership sector","All establishment sizes",19,0,0,0,0,0,0,"N",0.33,0,0,0,0,0,0,"N",0,0.0,0,0,0,0,0,0,0,0,0,0,0,0
"06065","5","5251","76","0","2022","A","N","Riverside County, California","Private","NAICS 5251 Insurance and employee benefit funds","County, NAICS 4-digit -- by ownership sector","All establishment sizes",2,0,0,0,0,0,0,"N",0.18,0,0,0,0,0,0,"N",0,0.0,0,0,0,0,0,0,0,0,0,0,0,0
"06065","5","52511","77","0","2022","A","N","Riverside County, California","Private","NAICS 52511 Pension funds","County, NAICS 5-digit -- by ownership sector","All establishment sizes",1,0,0,0,0,0,0,"N",0.20,0,0,0,0,0,0,"N",0,0.0,0,0,0,0,0,0,0,0,0,0,0,0
"06065","5","525110","78","0","2022","A","N","Riverside County, California","Private","NAICS 525110 Pension funds","County, NAICS 6-digit -- by ownership sector","All establishment sizes",1,0,0,0,0,0,0,"N",0.20,0,0,0,0,0,0,"N",0,0.0,0,0,0,0,0,0,0,0,0,0,0,0
"06065","5","52519","77","0","2022","A","N","Riverside County, California","Private","NAICS 52519 Other insurance funds","County, NAICS 5-digit -- by ownership sector","All establishment sizes",1,0,0,0,0,0,0,"N",0.53,0,0,0,0,0,0,"N",0,0.0,0,0,0,0,0,0,0,0,0,0,0,0
"06065","5","525190","78","0","2022","A","N","Riverside County, California","Private","NAICS 525190 Other insurance funds","County, NAICS 6-digit -- by ownership sector","All establishment sizes",1,0,0,0,0,0,0,"N",0.53,0,0,0,0,0,0,"N",0,0.0,0,0,0,0,0,0,0,0,0,0,0,0
"06065","5","5259","76","0","2022","A","","Riverside County, California","Private","NAICS 5259 Other investment pools and funds","County, NAICS 4-digit -- by ownership sector","All establishment sizes",17,20,3080422,219291,8606,2937,152748,"",0.37,0.22,0.20,0.11,0.11,0.87,0.87,"",0,0.0,-3,-13.0,729127,31.0,4366,2.0,-148,-1.7,978,49.9,50887,50.0
"06065","5","52592","77","0","2022","A","","Riverside County, California","Private","NAICS 52592 Trusts, estates, and agency accounts","County, NAICS 5-digit -- by ownership sector","All establishment sizes",3,4,233519,53351,2557,1225,63687,"",0.15,0.21,0.08,0.04,0.06,0.40,0.40,"",0,0.0,-5,-55.6,-372338,-61.5,-30744,-36.6,-1461,-36.4,-70,-5.4,-3630,-5.4
"06065","5","525920","78","0","2022","A","","Riverside County, California","Private","NAICS 525920 Trusts, estates, and agency accounts","County, NAICS 6-digit -- by ownership sector","All establishment sizes",3,4,233519,53351,2557,1225,63687,"",0.15,0.21,0.08,0.04,0.06,0.40,0.40,"",0,0.0,-5,-55.6,-372338,-61.5,-30744,-36.6,-1461,-36.4,-70,-5.4,-3630,-5.4
"06065","5","52599","77","0","2022","A","","Riverside County, California","Private","NAICS 52599 Other financial vehicles","County, NAICS 5-digit -- by ownership sector","All establishment sizes",15,17,2846903,165940,6049,3318,172540,"",0.77,0.32,0.31,0.28,0.26,0.99,0.99,"",1,7.1,3,21.4,1101465,63.1,35110,26.8,1313,27.7,935,39.2,48604,39.2
"06065","5","525990","78","0","2022","A","","Riverside County, California","Private","NAICS 525990 Other financial vehicles","County, NAICS 6-digit -- by ownership sector","All establishment sizes",15,17,2846903,165940,6049,3318,172540,"",0.77,0.32,0.31,0.28,0.26,0.99,0.99,"",1,7.1,3,21.4,1101465,63.1,35110,26.8,1313,27.7,935,39.2,48604,39.2
"06065","5","53","74","0","2022","A","","Riverside County, California","Private","NAICS 53 Real estate and rental and leasing","County, NAICS Sector -- by ownership sector","All establishment sizes",2679,10997,677777923,97942081,3402681,1185,61633,"",0.86,0.87,0.92,0.82,0.87,1.05,1.05,"",136,5.3,564,5.4,39198760,6.1,2799445,2.9,-561807,-14.2,8,0.7,423,0.7
"06065","5","531","75","0","2022","A","","Riverside County, California","Private","NAICS 531 Real estate","County, NAICS 3-digit -- by ownership sector","All establishment sizes",2363,8445,517667078,75495560,2622392,1179,61299,"",0.87,0.88,0.91,0.83,0.89,1.03,1.03,"",135,6.1,453,5.7,28473355,5.8,3558346,4.9,-402156,-13.3,2,0.2,90,0.1
"06065","5","5311","76","0","2022","A","","Riverside County, California","Private","NAICS 5311 Lessors of real estate","County, NAICS 4-digit -- by ownership sector","All establishment sizes",414,1605,76677885,13396358,471238,919,47779,"",0.53,0.49,0.42,0.45,0.48,0.87,0.87,"",-7,-1.7,-27,-1.7,1760009,2.3,-144642,-1.1,-85560,-15.4,36,4.1,1866,4.1
"06065","5","53111","77","0","2022","A","","Riverside County, California","Private","NAICS 53111 Lessors of residential buildings and dwellings","County, NAICS 5-digit -- by ownership sector","All establishment sizes",130,399,19779879,3385205,118790,953,49553,"",0.30,0.21,0.22,0.19,0.20,1.05,1.05,"",-2,-1.5,-44,-9.9,-583132,-2.9,-328741,-8.9,-25573,-17.7,68,7.7,3544,7.7
"06065","5","531110","78","0","2022","A","","Riverside County, California","Private","NAICS 531110 Lessors of residential buildings and dwellings","County, NAICS 6-digit -- by ownership sector","All establishment sizes",130,399,19779879,3385205,118790,953,49553,"",0.30,0.21,0.22,0.19,0.20,1.05,1.05,"",-2,-1.5,-44,-9.9,-583132,-2.9,-328741,-8.9,-25573,-17.7,68,7.7,3544,7.7
"06065","5","53112","77","0","2022","A","","Riverside County, California","Private","NAICS 53112 Lessors of nonresidential buildings (except miniwarehouses)","County, NAICS 5-digit -- by ownership sector","All establishment sizes",66,216,12605346,2010051,65795,1121,58313,"",0.38,0.26,0.19,0.27,0.26,0.72,0.72,"",-7,-9.6,7,3.3,1114638,9.7,143413,7.7,-6686,-9.2,62,5.9,3268,5.9
"06065","5","531120","78","0","2022","A","","Riverside County, California","Private","NAICS 531120 Lessors of nonresidential buildings (except miniwarehouses)","County, NAICS 6-digit -- by ownership sector","All establishment sizes",66,216,12605346,2010051,65795,1121,58313,"",0.38,0.26,0.19,0.27,0.26,0.72,0.72,"",-7,-9.6,7,3.3,1114638,9.7,143413,7.7,-6686,-9.2,62,5.9,3268,5.9
"06065","5","53113","77","0","2022","A","","Riverside County, California","Private","NAICS 53113 Lessors of miniwarehouses and self-storage units","County, NAICS 5-digit -- by ownership sector","All establishment sizes",116,277,12572297,2218223,68213,873,45374,"",1.02,0.88,0.99,0.82,0.79,1.12,1.12,"",1,0.9,19,7.4,1517556,13.7,155267,7.5,-9693,-12.4,50,6.1,2568,6.0
"06065","5","531130","78","0","2022","A","","Riverside County, California","Private","NAICS 531130 Lessors of miniwarehouses and self-storage units","County, NAICS 6-digit -- by ownership sector","All establishment sizes",116,277,12572297,2218223,68213,873,45374,"",1.02,0.88,0.99,0.82,0.79,1.12,1.12,"",1,0.9,19,7.4,1517556,13.7,155267,7.5,-9693,-12.4,50,6.1,2568,6.0
"06065","5","53119","77","0","2022","A","","Riverside County, California","Private","NAICS 53119 Lessors of other real estate property","County, NAICS 5-digit -- by ownership sector","All establishment sizes",102,712,31720363,5782879,218440,856,44525,"",1.53,3.22,2.96,3.04,3.49,0.92,0.92,"",1,1.0,-10,-1.4,-289053,-0.9,-114581,-1.9,-43608,-16.6,4,0.5,201,0.5
"06065","5","531190","78","0","2022","A","","Riverside County, California","Private","NAICS 531190 Lessors of other real estate property","County, NAICS 6-digit -- by ownership sector","All establishment sizes",102,712,31720363,5782879,218440,856,44525,"",1.53,3.22,2.96,3.04,3.49,0.92,0.92,"",1,1.0,-10,-1.4,-289053,-0.9,-114581,-1.9,-43608,-16.6,4,0.5,201,0.5
"06065","5","5312","76","0","2022","A","","Riverside County, California","Private","NAICS 5312 Offices of real estate agents and brokers","County, NAICS 4-digit -- by ownership sector","All establishment sizes",1223,2293,165344125,22664375,717393,1387,72119,"",1.18,1.14,1.18,1.13,1.19,1.03,1.03,"",111,10.0,105,4.8,-6084795,-3.5,1043964,4.8,-74667,-9.4,-120,-8.0,-6243,-8.0
"06065","5","53121","77","0","2022","A","","Riverside County, California","Private","NAICS 53121 Offices of real estate agents and brokers","County, NAICS 5-digit -- by ownership sector","All establishment sizes",1223,2293,165344125,22664375,717393,1387,72119,"",1.18,1.14,1.18,1.13,1.19,1.03,1.03,"",111,10.0,105,4.8,-6084795,-3.5,1043964,4.8,-74667,-9.4,-120,-8.0,-6243,-8.0
"06065","5","531210","78","0","2022","A","","Riverside County, California","Private","NAICS 531210 Offices of real estate agents and brokers","County, NAICS 6-digit -- by ownership sector","All establishment sizes",1223,2293,165344125,22664375,717393,1387,72119,"",1.18,1.14,1.18,1.13,1.19,1.03,1.03,"",111,10.0,105,4.8,-6084795,-3.5,1043964,4.8,-74667,-9.4,-120,-8.0,-6243,-8.0
"06065","5","5313","76","0","2022","A","","Riverside County, California","Private","NAICS 5313 Activities related to real estate","County, NAICS 4-digit -- by ownership sector","All establishment sizes",726,4548,275645068,39434827,1433761,1166,60615,"",0.82,1.07,1.10,0.95,1.07,1.04,1.04,"",30,4.3,375,9.0,32798141,13.5,2659024,7.2,-241929,-14.4,47,4.2,2418,4.2
"06065","5","53131","77","0","2022","A","","Riverside County, California","Private","NAICS 53131 Real estate property managers","County, NAICS 5-digit -- by ownership sector","All establishment sizes",524,3748,201423249,32362613,1217522,1034,53745,"",0.85,1.04,1.03,0.93,1.07,0.99,0.99,"",25,5.0,295,8.5,29119645,16.9,2638488,8.9,-164495,-11.9,75,7.8,3851,7.7
"06065","5","531311","78","0","2022","A","","Riverside County, California","Private","NAICS 531311 Residential property managers","County, NAICS 6-digit -- by ownership sector","All establishment sizes",452,3500,185774918,30219245,1149369,1021,53077,"",0.97,1.29,1.46,1.16,1.33,1.13,1.13,"",24,5.6,327,10.3,30108951,19.3,2919389,10.7,-147848,-11.4,78,8.3,4023,8.2
"06065","5","531312","78","0","2022","A","","Riverside County, California","Private","NAICS 531312 Nonresidential property managers","County, NAICS 6-digit -- by ownership sector","All establishment sizes",73,248,15648331,2143368,68153,1215,63183,"",0.49,0.28,0.23,0.24,0.25,0.82,0.82,"",2,2.8,-32,-11.4,-989306,-5.9,-280901,-11.6,-16647,-19.6,73,6.4,3781,6.4
"06065","5","53132","77","0","2022","A","","Riverside County, California","Private","NAICS 53132 Offices of real estate appraisers","County, NAICS 5-digit -- by ownership sector","All establishment sizes",53,257,23296585,2514251,65063,1745,90766,"",0.57,1.35,2.07,1.33,1.39,1.54,1.54,"",1,1.9,48,23.0,4428923,23.5,193428,8.3,-42639,-39.6,5,0.3,274,0.3
"06065","5","531320","78","0","2022","A","","Riverside County, California","Private","NAICS 531320 Offices of real estate appraisers","County, NAICS 6-digit -- by ownership sector","All establishment sizes",53,257,23296585,2514251,65063,1745,90766,"",0.57,1.35,2.07,1.33,1.39,1.54,1.54,"",1,1.9,48,23.0,4428923,23.5,193428,8.3,-42639,-39.6,5,0.3,274,0.3
"06065","5","53139","77","0","2022","A","","Riverside County, California","Private","NAICS 53139 Other activities related to real estate","County, NAICS 5-digit -- by ownership sector","All establishment sizes",149,543,50925234,4557963,151176,1803,93771,"",0.83,1.15,1.21,0.97,0.95,1.05,1.05,"",4,2.8,32,6.3,-750427,-1.5,-172892,-3.7,-34795,-18.7,-142,-7.3,-7372,-7.3
"06065","5","531390","78","0","2022","A","","Riverside County, California","Private","NAICS 531390 Other activities related to real estate","County, NAICS 6-digit -- by ownership sector","All establishment sizes",149,543,50925234,4557963,151176,1803,93771,"",0.83,1.15,1.21,0.97,0.95,1.05,1.05,"",4,2.8,32,6.3,-750427,-1.5,-172892,-3.7,-34795,-18.7,-142,-7.3,-7372,-7.3
"06065","5","532","75","0","2022","A","N","Riverside County, California","Private","NAICS 532 Rental and leasing services","County, NAICS 3-digit -- by ownership sector","All establishment sizes",313,0,0,0,0,0,0,"N",0.85,0,0,0,0,0,0,"N",1,0.3,0,0,0,0,0,0,0,0,0,0,0,0
"06065","5","5321","76","0","2022","A","","Riverside County, California","Private","NAICS 5321 Automotive equipment rental and leasing","County, NAICS 4-digit -- by ownership sector","All establishment sizes",112,958,55371862,8678207,255628,1112,57815,"",1.00,0.89,1.08,0.89,0.97,1.21,1.21,"",-4,-3.4,136,16.5,10452830,23.3,1026868,13.4,-27228,-9.6,61,5.8,3152,5.8
"06065","5","53211","77","0","2022","A","","Riverside County, California","Private","NAICS 53211 Passenger car rental and leasing","County, NAICS 5-digit -- by ownership sector","All establishment sizes",66,427,20968876,3405303,93807,945,49136,"",0.98,0.73,0.76,0.64,0.68,1.05,1.05,"",0,0.0,94,28.2,6192784,41.9,615925,22.1,3391,3.8,93,10.9,4808,10.8
"06065","5","532111","78","0","2022","A","N","Riverside County, California","Private","NAICS 532111 Passenger car rental","County, NAICS 6-digit -- by ownership sector","All establishment sizes",65,0,0,0,0,0,0,"N",1.05,0,0,0,0,0,0,"N",1,1.6,0,0,0,0,0,0,0,0,0,0,0,0
"06065","5","532112","78","0","2022","A","N","Riverside County, California","Private","NAICS 532112 Passenger car leasing","County, NAICS 6-digit -- by ownership sector","All establishment sizes",1,0,0,0,0,0,0,"N",0.19,0,0,0,0,0,0,"N",-1,-50.0,0,0,0,0,0,0,0,0,0,0,0,0
"06065","5","53212","77","0","2022","A","","Riverside County, California","Private","NAICS 53212 Truck, utility trailer, and rv (recreational vehicle) rental and leasing","County, NAICS 5-digit -- by ownership sector","All establishment sizes",46,531,34402986,5272904,161821,1246,64789,"",1.04,1.09,1.44,1.19,1.29,1.32,1.32,"",-4,-8.0,43,8.8,4260046,14.1,410943,8.5,-30619,-15.9,59,5.0,3073,5.0
"06065","5","532120","78","0","2022","A","","Riverside County, California","Private","NAICS 532120 Truck, utility trailer, and rv (recreational vehicle) rental and leasing","County, NAICS 6-digit -- by ownership sector","All establishment sizes",46,531,34402986,5272904,161821,1246,64789,"",1.04,1.09,1.44,1.19,1.29,1.32,1.32,"",-4,-8.0,43,8.8,4260046,14.1,410943,8.5,-30619,-15.9,59,5.0,3073,5.0
"06065","5","5322","76","0","2022","A","","Riverside County, California","Private","NAICS 5322 Consumer goods rental","County, NAICS 4-digit -- by ownership sector","All establishment sizes",71,398,14621664,3637373,149828,707,36761,"",0.60,0.57,0.50,0.55,0.61,0.88,0.88,"",2,2.9,-17,-4.1,-4459900,-23.4,-185299,-4.8,-20774,-12.2,-178,-20.1,-9256,-20.1
"06065","5","53221","77","0","2022","A","","Riverside County, California","Private","NAICS 53221 Consumer electronics and appliances rental","County, NAICS 5-digit -- by ownership sector","All establishment sizes",3,14,337956,104153,3127,473,24579,"",0.31,0.28,0.15,0.25,0.23,0.54,0.54,"",0,0.0,3,27.3,80626,31.3,22979,28.3,853,37.5,30,6.8,1535,6.7
"06065","5","532210","78","0","2022","A","","Riverside County, California","Private","NAICS 532210 Consumer electronics and appliances rental","County, NAICS 6-digit -- by ownership sector","All establishment sizes",3,14,337956,104153,3127,473,24579,"",0.31,0.28,0.15,0.25,0.23,0.54,0.54,"",0,0.0,3,27.3,80626,31.3,22979,28.3,853,37.5,30,6.8,1535,6.7
"06065","5","53228","77","0","2022","A","","Riverside County, California","Private","NAICS 53228 Other consumer goods rental","County, NAICS 5-digit -- by ownership sector","All establishment sizes",68,384,14283708,3533220,146701,715,37197,"",0.63,0.59,0.53,0.57,0.63,0.90,0.90,"",2,3.0,-20,-5.0,-4540526,-24.1,-208278,-5.6,-21627,-12.8,-182,-20.3,-9455,-20.3
"06065","5","532281","78","0","2022","A","N","Riverside County, California","Private","NAICS 532281 Formal wear and costume rental","County, NAICS 6-digit -- by ownership sector","All establishment sizes",7,0,0,0,0,0,0,"N",1.34,0,0,0,0,0,0,"N",1,16.7,0,0,0,0,0,0,0,0,0,0,0,0
"06065","5","532282","78","0","2022","A","N","Riverside County, California","Private","NAICS 532282 Video tape and disc rental","County, NAICS 6-digit -- by ownership sector","All establishment sizes",2,0,0,0,0,0,0,"N",0.52,0,0,0,0,0,0,"N",0,0.0,0,0,0,0,0,0,0,0,0,0,0,0
"06065","5","532283","78","0","2022","A","","Riverside County, California","Private","NAICS 532283 Home health equipment rental","County, NAICS 6-digit -- by ownership sector","All establishment sizes",5,36,1984791,512266,27869,1060,55133,"",0.28,0.20,0.24,0.29,0.56,1.20,1.20,"",-2,-28.6,-14,-28.0,-1326136,-40.1,57318,12.6,3828,15.9,-205,-16.2,-10647,-16.2
"06065","5","532284","78","0","2022","A","","Riverside County, California","Private","NAICS 532284 Recreational goods rental","County, NAICS 6-digit -- by ownership sector","All establishment sizes",11,44,1672203,559737,26555,735,38222,"",0.53,0.42,0.51,0.58,0.70,1.22,1.22,"",3,37.5,-31,-41.3,-642949,-27.8,-216030,-27.8,-12381,-31.8,144,24.4,7490,24.4
"06065","5","532289","78","0","2022","A","","Riverside County, California","Private","NAICS 532289 All other consumer goods rental","County, NAICS 6-digit -- by ownership sector","All establishment sizes",43,266,9356146,2184638,86192,677,35229,"",0.72,0.83,0.73,0.72,0.69,0.89,0.89,"",0,0.0,21,8.6,-2996532,-24.3,-100539,-4.4,-13600,-13.6,-294,-30.3,-15259,-30.2
"06065","5","5323","76","0","2022","A","N","Riverside County, California","Private","NAICS 5323 General rental centers","County, NAICS 4-digit -- by ownership sector","All establishment sizes",20,0,0,0,0,0,0,"N",0.81,0,0,0,0,0,0,"N",0,0.0,0,0,0,0,0,0,0,0,0,0,0,0
"06065","5","53231","77","0","2022","A","N","Riverside County, California","Private","NAICS 53231 General rental centers","County, NAICS 5-digit -- by ownership sector","All establishment sizes",20,0,0,0,0,0,0,"N",0.81,0,0,0,0,0,0,"N",0,0.0,0,0,0,0,0,0,0,0,0,0,0,0
"06065","5","532310","78","0","2022","A","N","Riverside County, California","Private","NAICS 532310 General rental centers","County, NAICS 6-digit -- by ownership sector","All establishment sizes",20,0,0,0,0,0,0,"N",0.81,0,0,0,0,0,0,"N",0,0.0,0,0,0,0,0,0,0,0,0,0,0,0
"06065","5","5324","76","0","2022","A","","Riverside County, California","Private","NAICS 5324 Commercial and industrial machinery and equipment rental and leasing","County, NAICS 4-digit -- by ownership sector","All establishment sizes",111,1085,80888288,9276786,353315,1433,74523,"",0.96,1.15,1.26,0.98,1.00,1.09,1.09,"",3,2.8,-13,-1.2,3656140,4.7,-1648869,-15.1,-109559,-23.7,80,5.9,4168,5.9
"06065","5","53241","77","0","2022","A","","Riverside County, California","Private","NAICS 53241 Construction, transportation, mining, and forestry machinery and equipment rental and leasing","County, NAICS 5-digit -- by ownership sector","All establishment sizes",56,717,57945410,5812503,226836,1555,80845,"",1.12,1.47,1.62,1.18,1.35,1.10,1.10,"",0,0.0,24,3.5,6154395,11.9,-946358,-14.0,-83634,-26.9,117,8.1,6075,8.1
"06065","5","532411","78","0","2022","A","N","Riverside County, California","Private","NAICS 532411 Commercial air, rail, and water transportation equipment rental and leasing","County, NAICS 6-digit -- by ownership sector","All establishment sizes",3,0,0,0,0,0,0,"N",0.53,0,0,0,0,0,0,"N",0,0.0,0,0,0,0,0,0,0,0,0,0,0,0
"06065","5","532412","78","0","2022","A","N","Riverside County, California","Private","NAICS 532412 Construction, mining, and forestry machinery and equipment rental and leasing","County, NAICS 6-digit -- by ownership sector","All establishment sizes",53,0,0,0,0,0,0,"N",1.19,0,0,0,0,0,0,"N",-1,-1.9,0,0,0,0,0,0,0,0,0,0,0,0
"06065","5","53242","77","0","2022","A","","Riverside County, California","Private","NAICS 53242 Office machinery and equipment rental and leasing","County, NAICS 5-digit -- by ownership sector","All establishment sizes",5,42,2933900,373371,15035,1338,69579,"",0.70,0.82,0.74,0.75,0.88,0.90,0.90,"",0,0.0,-3,-6.7,61108,2.1,-33465,-8.2,-4647,-23.6,117,9.6,6092,9.6
"06065","5","532420","78","0","2022","A","","Riverside County, California","Private","NAICS 532420 Office machinery and equipment rental and leasing","County, NAICS 6-digit -- by ownership sector","All establishment sizes",5,42,2933900,373371,15035,1338,69579,"",0.70,0.82,0.74,0.75,0.88,0.90,0.90,"",0,0.0,-3,-6.7,61108,2.1,-33465,-8.2,-4647,-23.6,117,9.6,6092,9.6
"06065","5","53249","77","0","2022","A","","Riverside County, California","Private","NAICS 53249 Other commercial and industrial machinery and equipment rental and leasing","County, NAICS 5-digit -- by ownership sector","All establishment sizes",51,327,20008978,3090912,111444,1179,61283,"",0.88,0.81,0.81,0.76,0.67,1.00,1.00,"",4,8.5,-33,-9.2,-2559363,-11.3,-669046,-17.8,-21278,-16.0,-27,-2.2,-1436,-2.3
"06065","5","532490","78","0","2022","A","","Riverside County, California","Private","NAICS 532490 Other commercial and industrial machinery and equipment rental and leasing","County, NAICS 6-digit -- by ownership sector","All establishment sizes",51,327,20008978,3090912,111444,1179,61283,"",0.88,0.81,0.81,0.76,0.67,1.00,1.00,"",4,8.5,-33,-9.2,-2559363,-11.3,-669046,-17.8,-21278,-16.0,-27,-2.2,-1436,-2.3
"06065","5","533","75","0","2022","A","N","Riverside County, California","Private","NAICS 533 Lessors of nonfinancial intangible assets (except copyrighted works)","County, NAICS 3-digit -- by ownership sector","All establishment sizes",3,0,0,0,0,0,0,"N",0.13,0,0,0,0,0,0,"N",0,0.0,0,0,0,0,0,0,0,0,0,0,0,0
"06065","5","5331","76","0","2022","A","N","Riverside County, California","Private","NAICS 5331 Lessors of nonfinancial intangible assets (except copyrighted works)","County, NAICS 4-digit -- by ownership sector","All establishment sizes",3,0,0,0,0,0,0,"N",0.13,0,0,0,0,0,0,"N",0,0.0,0,0,0,0,0,0,0,0,0,0,0,0
"06065","5","53311","77","0","2022","A","N","Riverside County, California","Private","NAICS 53311 Lessors of nonfinancial intangible assets (except copyrighted works)","County, NAICS 5-digit -- by ownership sector","All establishment sizes",3,0,0,0,0,0,0,"N",0.13,0,0,0,0,0,0,"N",0,0.0,0,0,0,0,0,0,0,0,0,0,0,0
"06065","5","533110","78","0","2022","A","N","Riverside County, California","Private","NAICS 533110 Lessors of nonfinancial intangible assets (except copyrighted works)","County, NAICS 6-digit -- by ownership sector","All establishment sizes",3,0,0,0,0,0,0,"N",0.13,0,0,0,0,0,0,"N",0,0.0,0,0,0,0,0,0,0,0,0,0,0,0
"06065","5","54","74","0","2022","A","","Riverside County, California","Private","NAICS 54 Professional, scientific, and technical services","County, NAICS Sector -- by ownership sector","All establishment sizes",4661,22251,1670133250,213546542,7013020,1443,75057,"",0.45,0.39,0.32,0.37,0.38,0.81,0.81,"",258,5.9,699,3.2,35465070,2.2,-14718197,-6.4,-1537244,-18.0,-16,-1.1,-792,-1.0
"06065","5","541","75","0","2022","A","","Riverside County, California","Private","NAICS 541 Professional, scientific, and technical services","County, NAICS 3-digit -- by ownership sector","All establishment sizes",4661,22251,1670133250,213546542,7013020,1443,75057,"",0.45,0.39,0.32,0.37,0.38,0.81,0.81,"",258,5.9,699,3.2,35465070,2.2,-14718197,-6.4,-1537244,-18.0,-16,-1.1,-792,-1.0
"06065","5","5411","76","0","2022","A","","Riverside County, California","Private","NAICS 5411 Legal services","County, NAICS 4-digit -- by ownership sector","All establishment sizes",587,2834,224766956,26486721,832771,1525,79313,"",0.44,0.45,0.37,0.45,0.52,0.83,0.83,"",15,2.6,-88,-3.0,1779142,0.8,-915029,-3.3,-202457,-19.6,57,3.9,2991,3.9
"06065","5","54111","77","0","2022","A","","Riverside County, California","Private","NAICS 54111 Offices of lawyers","County, NAICS 5-digit -- by ownership sector","All establishment sizes",539,2499,203895302,22803948,715457,1569,81585,"",0.45,0.44,0.36,0.42,0.51,0.83,0.83,"",7,1.3,-112,-4.3,3909940,2.0,-1781404,-7.2,-207760,-22.5,96,6.5,4987,6.5
"06065","5","541110","78","0","2022","A","","Riverside County, California","Private","NAICS 541110 Offices of lawyers","County, NAICS 6-digit -- by ownership sector","All establishment sizes",539,2499,203895302,22803948,715457,1569,81585,"",0.45,0.44,0.36,0.42,0.51,0.83,0.83,"",7,1.3,-112,-4.3,3909940,2.0,-1781404,-7.2,-207760,-22.5,96,6.5,4987,6.5
"06065","5","54119","77","0","2022","A","","Riverside County, California","Private","NAICS 54119 Other legal services","County, NAICS 5-digit -- by ownership sector","All establishment sizes",48,335,20871654,3682773,117314,1199,62350,"",0.39,0.58,0.59,0.66,0.67,1.02,1.02,"",8,20.0,24,7.7,-2130798,-9.3,866375,30.8,5303,4.7,-224,-15.7,-11653,-15.7
"06065","5","541191","78","0","2022","A","","Riverside County, California","Private","NAICS 541191 Title abstract and settlement offices","County, NAICS 6-digit -- by ownership sector","All establishment sizes",9,66,5654556,867459,24203,1660,86329,"",0.14,0.17,0.27,0.23,0.22,1.54,1.54,"",2,28.6,40,153.8,1939278,52.2,561958,183.9,10688,79.1,-1079,-39.4,-56110,-39.4
"06065","5","541199","78","0","2022","A","","Riverside County, California","Private","NAICS 541199 All other legal services","County, NAICS 6-digit -- by ownership sector","All establishment sizes",39,269,15217098,2815314,93111,1087,56517,"",0.68,1.35,1.09,1.53,1.47,0.81,0.81,"",6,18.2,-16,-5.6,-4070076,-21.1,304417,12.1,-5385,-5.5,-216,-16.6,-11217,-16.6
"06065","5","5412","76","0","2022","A","","Riverside County, California","Private","NAICS 5412 Accounting, tax preparation, bookkeeping, and payroll services","County, NAICS 4-digit -- by ownership sector","All establishment sizes",787,2859,160858458,30398632,1074536,1082,56261,"",0.70,0.48,0.37,0.51,0.56,0.77,0.77,"",26,3.4,-402,-12.3,-23209646,-12.6,-25073448,-45.2,-990925,-48.0,-3,-0.3,-181,-0.3
"06065","5","54121","77","0","2022","A","","Riverside County, California","Private","NAICS 54121 Accounting, tax preparation, bookkeeping, and payroll services","County, NAICS 5-digit -- by ownership sector","All establishment sizes",787,2859,160858458,30398632,1074536,1082,56261,"",0.70,0.48,0.37,0.51,0.56,0.77,0.77,"",26,3.4,-402,-12.3,-23209646,-12.6,-25073448,-45.2,-990925,-48.0,-3,-0.3,-181,-0.3
"06065","5","541211","78","0","2022","A","","Riverside County, California","Private","NAICS 541211 Offices of certified public accountants","County, NAICS 6-digit -- by ownership sector","All establishment sizes",227,885,60652379,7976654,236468,1319,68566,"",0.57,0.31,0.24,0.27,0.33,0.79,0.79,"",14,6.6,6,0.7,2800224,4.8,-356909,-4.3,-49755,-17.4,53,4.2,2725,4.1
"06065","5","541213","78","0","2022","A","","Riverside County, California","Private","NAICS 541213 Tax preparation services","County, NAICS 6-digit -- by ownership sector","All establishment sizes",234,582,20831832,6360419,304595,689,35809,"",0.99,1.14,1.05,1.36,1.06,0.92,0.92,"",3,1.3,40,7.4,2038655,10.8,879662,16.1,35454,13.2,23,3.5,1157,3.3
"06065","5","541214","78","0","2022","A","","Riverside County, California","Private","NAICS 541214 Payroll services","County, NAICS 6-digit -- by ownership sector","All establishment sizes",31,568,42448952,8599905,288931,1438,74756,"",0.41,0.50,0.51,0.70,0.58,1.02,1.02,"",2,6.9,-382,-40.2,-25331972,-37.4,-24983869,-74.4,-917497,-76.1,67,4.9,3439,4.8
"06065","5","541219","78","0","2022","A","","Riverside County, California","Private","NAICS 541219 Other accounting services","County, NAICS 6-digit -- by ownership sector","All establishment sizes",296,825,36925295,7461654,244542,861,44758,"",0.71,0.55,0.43,0.54,0.59,0.79,0.79,"",7,2.4,-65,-7.3,-2716553,-6.9,-612332,-7.6,-59127,-19.5,4,0.5,204,0.5
"06065","5","5413","76","0","2022","A","","Riverside County, California","Private","NAICS 5413 Architectural, engineering, and related services","County, NAICS 4-digit -- by ownership sector","All establishment sizes",639,4569,415115111,43598276,1490053,1747,90851,"",0.61,0.53,0.58,0.50,0.52,1.09,1.09,"",5,0.8,69,1.5,28361441,7.3,2353377,5.7,-155049,-9.4,94,5.7,4909,5.7
"06065","5","54131","77","0","2022","A","","Riverside County, California","Private","NAICS 54131 Architectural services","County, NAICS 5-digit -- by ownership sector","All establishment sizes",85,361,30045565,3265085,113162,1602,83325,"",0.47,0.34,0.35,0.30,0.36,1.04,1.04,"",4,4.9,20,5.9,2445509,8.9,311406,10.5,-9055,-7.4,45,2.9,2347,2.9
"06065","5","541310","78","0","2022","A","","Riverside County, California","Private","NAICS 541310 Architectural services","County, NAICS 6-digit -- by ownership sector","All establishment sizes",85,361,30045565,3265085,113162,1602,83325,"",0.47,0.34,0.35,0.30,0.36,1.04,1.04,"",4,4.9,20,5.9,2445509,8.9,311406,10.5,-9055,-7.4,45,2.9,2347,2.9
"06065","5","54132","77","0","2022","A","","Riverside County, California","Private","NAICS 54132 Landscape architectural services","County, NAICS 5-digit -- by ownership sector","All establishment sizes",56,499,28973369,4901278,137700,1117,58063,"",1.16,2.64,2.70,2.73,1.97,1.02,1.02,"",0,0.0,-2,-0.4,2351743,8.8,171270,3.6,-19907,-12.6,94,9.2,4882,9.2
"06065","5","541320","78","0","2022","A","","Riverside County, California","Private","NAICS 541320 Landscape architectural services","County, NAICS 6-digit -- by ownership sector","All establishment sizes",56,499,28973369,4901278,137700,1117,58063,"",1.16,2.64,2.70,2.73,1.97,1.02,1.02,"",0,0.0,-2,-0.4,2351743,8.8,171270,3.6,-19907,-12.6,94,9.2,4882,9.2
"06065","5","54133","77","0","2022","A","","Riverside County, California","Private","NAICS 54133 Engineering services","County, NAICS 5-digit -- by ownership sector","All establishment sizes",325,2892,297321425,26837116,931911,1977,102820,"",0.55,0.50,0.57,0.45,0.48,1.15,1.15,"",-2,-0.6,91,3.2,24435261,9.0,1399425,5.5,-122134,-11.6,103,5.5,5393,5.5
"06065","5","541330","78","0","2022","A","","Riverside County, California","Private","NAICS 541330 Engineering services","County, NAICS 6-digit -- by ownership sector","All establishment sizes",325,2892,297321425,26837116,931911,1977,102820,"",0.55,0.50,0.57,0.45,0.48,1.15,1.15,"",-2,-0.6,91,3.2,24435261,9.0,1399425,5.5,-122134,-11.6,103,5.5,5393,5.5
"06065","5","54134","77","0","2022","A","","Riverside County, California","Private","NAICS 54134 Drafting services","County, NAICS 5-digit -- by ownership sector","All establishment sizes",24,57,3569970,484334,15439,1204,62631,"",1.08,1.12,1.31,0.99,1.04,1.17,1.17,"",-1,-4.0,-8,-12.3,-709291,-16.6,-26818,-5.2,-2003,-11.5,-70,-5.5,-3629,-5.5
"06065","5","541340","78","0","2022","A","","Riverside County, California","Private","NAICS 541340 Drafting services","County, NAICS 6-digit -- by ownership sector","All establishment sizes",24,57,3569970,484334,15439,1204,62631,"",1.08,1.12,1.31,0.99,1.04,1.17,1.17,"",-1,-4.0,-8,-12.3,-709291,-16.6,-26818,-5.2,-2003,-11.5,-70,-5.5,-3629,-5.5
"06065","5","54135","77","0","2022","A","","Riverside County, California","Private","NAICS 54135 Building inspection services","County, NAICS 5-digit -- by ownership sector","All establishment sizes",79,180,12488750,2828175,133640,1335,69414,"",1.42,1.23,1.73,2.14,2.91,1.40,1.40,"",5,6.8,-2,-1.1,840410,7.2,894986,46.3,47044,54.3,104,8.4,5412,8.5
"06065","5","541350","78","0","2022","A","","Riverside County, California","Private","NAICS 541350 Building inspection services","County, NAICS 6-digit -- by ownership sector","All establishment sizes",79,180,12488750,2828175,133640,1335,69414,"",1.42,1.23,1.73,2.14,2.91,1.40,1.40,"",5,6.8,-2,-1.1,840410,7.2,894986,46.3,47044,54.3,104,8.4,5412,8.5
"06065","5","54136","77","0","2022","A","","Riverside County, California","Private","NAICS 54136 Geophysical surveying and mapping services","County, NAICS 5-digit -- by ownership sector","All establishment sizes",7,40,3020168,319958,7196,1467,76299,"",0.45,0.54,0.51,0.39,0.23,0.96,0.96,"",0,0.0,-2,-4.8,216573,7.7,-30593,-8.7,-3360,-31.8,183,14.3,9547,14.3
"06065","5","541360","78","0","2022","A","","Riverside County, California","Private","NAICS 541360 Geophysical surveying and mapping services","County, NAICS 6-digit -- by ownership sector","All establishment sizes",7,40,3020168,319958,7196,1467,76299,"",0.45,0.54,0.51,0.39,0.23,0.96,0.96,"",0,0.0,-2,-4.8,216573,7.7,-30593,-8.7,-3360,-31.8,183,14.3,9547,14.3
"06065","5","54137","77","0","2022","A","","Riverside County, California","Private","NAICS 54137 Surveying and mapping (except geophysical) services","County, NAICS 5-digit -- by ownership sector","All establishment sizes",32,200,15761097,1734793,49877,1514,78740,"",0.58,0.68,0.97,0.63,0.58,1.42,1.42,"",0,0.0,-3,-1.5,503906,3.3,-42617,-2.4,-8967,-15.2,71,4.9,3705,4.9
"06065","5","541370","78","0","2022","A","","Riverside County, California","Private","NAICS 541370 Surveying and mapping (except geophysical) services","County, NAICS 6-digit -- by ownership sector","All establishment sizes",32,200,15761097,1734793,49877,1514,78740,"",0.58,0.68,0.97,0.63,0.58,1.42,1.42,"",0,0.0,-3,-1.5,503906,3.3,-42617,-2.4,-8967,-15.2,71,4.9,3705,4.9
"06065","5","54138","77","0","2022","A","","Riverside County, California","Private","NAICS 54138 Testing laboratories and services","County, NAICS 5-digit -- by ownership sector","All establishment sizes",32,341,23934767,3227537,101128,1349,70139,"",0.44,0.36,0.35,0.34,0.29,0.99,0.99,"",-1,-3.0,-25,-6.8,-1722670,-6.7,-323682,-9.1,-36667,-26.6,1,0.1,21,0.0
"06065","5","541380","78","0","2022","A","","Riverside County, California","Private","NAICS 541380 Testing laboratories and services","County, NAICS 6-digit -- by ownership sector","All establishment sizes",32,341,23934767,3227537,101128,1349,70139,"",0.44,0.36,0.35,0.34,0.29,0.99,0.99,"",-1,-3.0,-25,-6.8,-1722670,-6.7,-323682,-9.1,-36667,-26.6,1,0.1,21,0.0
"06065","5","5414","76","0","2022","A","","Riverside County, California","Private","NAICS 5414 Specialized design services","County, NAICS 4-digit -- by ownership sector","All establishment sizes",232,674,37539216,6455191,200953,1072,55724,"",0.78,0.84,0.73,0.86,0.76,0.87,0.87,"",35,17.8,109,19.3,5934043,18.8,1064061,19.7,3430,1.7,-4,-0.4,-206,-0.4
"06065","5","54141","77","0","2022","A","","Riverside County, California","Private","NAICS 54141 Interior design services","County, NAICS 5-digit -- by ownership sector","All establishment sizes",94,287,16237778,2737182,84264,1087,56528,"",0.83,0.99,1.04,1.04,0.97,1.05,1.05,"",17,22.1,41,16.7,2110958,14.9,434643,18.9,-900,-1.1,-19,-1.7,-976,-1.7
"06065","5","541410","78","0","2022","A","","Riverside County, California","Private","NAICS 541410 Interior design services","County, NAICS 6-digit -- by ownership sector","All establishment sizes",94,287,16237778,2737182,84264,1087,56528,"",0.83,0.99,1.04,1.04,0.97,1.05,1.05,"",17,22.1,41,16.7,2110958,14.9,434643,18.9,-900,-1.1,-19,-1.7,-976,-1.7
"06065","5","54142","77","0","2022","A","","Riverside County, California","Private","NAICS 54142 Industrial design services","County, NAICS 5-digit -- by ownership sector","All establishment sizes",10,65,4266050,550162,15645,1262,65632,"",0.56,0.67,0.49,0.61,0.41,0.74,0.74,"",-1,-9.1,8,14.0,576179,15.6,32098,6.2,-2673,-14.6,12,1.0,612,0.9
"06065","5","541420","78","0","2022","A","","Riverside County, California","Private","NAICS 541420 Industrial design services","County, NAICS 6-digit -- by ownership sector","All establishment sizes",10,65,4266050,550162,15645,1262,65632,"",0.56,0.67,0.49,0.61,0.41,0.74,0.74,"",-1,-9.1,8,14.0,576179,15.6,32098,6.2,-2673,-14.6,12,1.0,612,0.9
"06065","5","54143","77","0","2022","A","","Riverside County, California","Private","NAICS 54143 Graphic design services","County, NAICS 5-digit -- by ownership sector","All establishment sizes",104,261,14208613,2489819,82170,1046,54370,"",0.81,0.82,0.72,0.82,0.82,0.87,0.87,"",15,16.9,35,15.5,1742207,14.0,371042,17.5,1465,1.8,-17,-1.6,-893,-1.6
"06065","5","541430","78","0","2022","A","","Riverside County, California","Private","NAICS 541430 Graphic design services","County, NAICS 6-digit -- by ownership sector","All establishment sizes",104,261,14208613,2489819,82170,1046,54370,"",0.81,0.82,0.72,0.82,0.82,0.87,0.87,"",15,16.9,35,15.5,1742207,14.0,371042,17.5,1465,1.8,-17,-1.6,-893,-1.6
"06065","5","54149","77","0","2022","A","","Riverside County, California","Private","NAICS 54149 Other specialized design services","County, NAICS 5-digit -- by ownership sector","All establishment sizes",24,60,2826775,678028,18874,905,47048,"",0.65,0.59,0.37,0.74,0.50,0.62,0.62,"",4,20.0,23,62.2,1504699,113.8,226278,50.1,5538,41.5,219,31.9,11397,32.0
"06065","5","541490","78","0","2022","A","","Riverside County, California","Private","NAICS 541490 Other specialized design services","County, NAICS 6-digit -- by ownership sector","All establishment sizes",24,60,2826775,678028,18874,905,47048,"",0.65,0.59,0.37,0.74,0.50,0.62,0.62,"",4,20.0,23,62.2,1504699,113.8,226278,50.1,5538,41.5,219,31.9,11397,32.0
"06065","5","5415","76","0","2022","A","","Riverside County, California","Private","NAICS 5415 Computer systems design and related services","County, NAICS 4-digit -- by ownership sector","All establishment sizes",483,2292,243154280,19422576,678887,2040,106104,"",0.19,0.17,0.16,0.13,0.14,0.94,0.94,"",28,6.2,259,12.7,-39829661,-14.1,140612,0.7,-89083,-11.6,-637,-23.8,-33080,-23.8
"06065","5","54151","77","0","2022","A","","Riverside County, California","Private","NAICS 54151 Computer systems design and related services","County, NAICS 5-digit -- by ownership sector","All establishment sizes",483,2292,243154280,19422576,678887,2040,106104,"",0.19,0.17,0.16,0.13,0.14,0.94,0.94,"",28,6.2,259,12.7,-39829661,-14.1,140612,0.7,-89083,-11.6,-637,-23.8,-33080,-23.8
"06065","5","541511","78","0","2022","A","","Riverside County, California","Private","NAICS 541511 Custom computer programming services","County, NAICS 6-digit -- by ownership sector","All establishment sizes",247,1303,124392069,10231080,385394,1836,95484,"",0.21,0.22,0.17,0.16,0.18,0.79,0.79,"",22,9.8,208,19.0,13347750,12.0,80691,0.8,-41947,-9.8,-115,-5.9,-5949,-5.9
"06065","5","541512","78","0","2022","A","","Riverside County, California","Private","NAICS 541512 Computer systems design services","County, NAICS 6-digit -- by ownership sector","All establishment sizes",197,869,109556687,8010167,246883,2425,126096,"",0.18,0.14,0.17,0.12,0.11,1.20,1.20,"",-2,-1.0,21,2.5,-54749722,-33.3,-203249,-2.5,-51920,-17.4,-1300,-34.9,-67604,-34.9
"06065","5","541513","78","0","2022","A","","Riverside County, California","Private","NAICS 541513 Computer facilities management services","County, NAICS 6-digit -- by ownership sector","All establishment sizes",12,49,2944582,527817,22321,1148,59687,"",0.30,0.12,0.07,0.13,0.17,0.58,0.58,"",2,20.0,17,53.1,555180,23.2,174576,49.4,4096,22.5,-288,-20.1,-14982,-20.1
"06065","5","541519","78","0","2022","A","","Riverside County, California","Private","NAICS 541519 Other computer related services","County, NAICS 6-digit -- by ownership sector","All establishment sizes",27,71,6260942,653512,24289,1702,88494,"",0.15,0.09,0.07,0.08,0.09,0.77,0.77,"",7,35.0,13,22.4,1017131,19.4,88594,15.7,688,2.9,-32,-1.8,-1657,-1.8
"06065","5","5416","76","0","2022","A","","Riverside County, California","Private","NAICS 5416 Management, scientific, and technical consulting services","County, NAICS 4-digit -- by ownership sector","All establishment sizes",1336,4073,289624082,40216312,1300139,1367,71104,"",0.56,0.42,0.33,0.40,0.39,0.78,0.78,"",118,9.7,320,8.5,31121269,12.0,3097984,8.3,-66275,-4.9,42,3.2,2227,3.2
"06065","5","54161","77","0","2022","A","","Riverside County, California","Private","NAICS 54161 Management consulting services","County, NAICS 5-digit -- by ownership sector","All establishment sizes",1011,2881,209314238,28411574,970016,1397,72664,"",0.52,0.36,0.28,0.34,0.35,0.79,0.79,"",136,15.5,284,10.9,24749703,13.4,2713311,10.6,-32800,-3.3,30,2.2,1596,2.2
"06065","5","541611","78","0","2022","A","","Riverside County, California","Private","NAICS 541611 Administrative management and general management consulting services","County, NAICS 6-digit -- by ownership sector","All establishment sizes",559,1261,98253947,12122420,408635,1499,77923,"",0.55,0.29,0.22,0.27,0.28,0.75,0.75,"",91,19.4,183,17.0,15641852,18.9,1270049,11.7,-8022,-1.9,25,1.7,1282,1.7
"06065","5","541612","78","0","2022","A","","Riverside County, California","Private","NAICS 541612 Human resources consulting services","County, NAICS 6-digit -- by ownership sector","All establishment sizes",24,55,4944130,546599,17631,1721,89487,"",0.25,0.11,0.11,0.10,0.09,1.04,1.04,"",3,14.3,7,14.6,1265822,34.4,91308,20.1,86,0.5,232,15.6,12049,15.6
"06065","5","541613","78","0","2022","A","","Riverside County, California","Private","NAICS 541613 Marketing consulting services","County, NAICS 6-digit -- by ownership sector","All establishment sizes",293,689,41727810,6813656,242335,1164,60534,"",0.56,0.40,0.31,0.38,0.38,0.77,0.77,"",32,12.3,41,6.3,-306073,-0.7,218132,3.3,-835,-0.3,-83,-6.7,-4316,-6.7
"06065","5","541614","78","0","2022","A","","Riverside County, California","Private","NAICS 541614 Process, physical distribution, and logistics consulting services","County, NAICS 6-digit -- by ownership sector","All establishment sizes",76,656,43949101,6849870,221009,1289,67013,"",0.63,0.77,0.75,0.81,0.79,0.97,0.97,"",4,5.6,15,2.3,3255600,8.0,820921,13.6,-19335,-8.0,69,5.7,3562,5.6
"06065","5","541618","78","0","2022","A","","Riverside County, California","Private","NAICS 541618 Other management consulting services","County, NAICS 6-digit -- by ownership sector","All establishment sizes",60,219,20439250,2079029,80406,1793,93223,"",0.29,0.34,0.37,0.33,0.37,1.08,1.08,"",7,13.2,37,20.3,4892502,31.5,312901,17.7,-4694,-5.5,151,9.2,7840,9.2
"06065","5","54162","77","0","2022","A","","Riverside County, California","Private","NAICS 54162 Environmental consulting services","County, NAICS 5-digit -- by ownership sector","All establishment sizes",53,416,32859887,3711109,107807,1521,79069,"",0.57,0.81,0.93,0.68,0.62,1.14,1.14,"",3,6.0,61,17.2,5789712,21.4,893376,31.7,7495,7.5,53,3.6,2707,3.5
"06065","5","541620","78","0","2022","A","","Riverside County, California","Private","NAICS 541620 Environmental consulting services","County, NAICS 6-digit -- by ownership sector","All establishment sizes",53,416,32859887,3711109,107807,1521,79069,"",0.57,0.81,0.93,0.68,0.62,1.14,1.14,"",3,6.0,61,17.2,5789712,21.4,893376,31.7,7495,7.5,53,3.6,2707,3.5
"06065","5","54169","77","0","2022","A","","Riverside County, California","Private","NAICS 54169 Other scientific and technical consulting services","County, NAICS 5-digit -- by ownership sector","All establishment sizes",273,777,47449957,8093629,222316,1174,61062,"",0.79,0.69,0.47,0.68,0.52,0.69,0.69,"",-20,-6.8,-25,-3.1,581854,1.2,-508703,-5.9,-40970,-15.6,50,4.4,2593,4.4
"06065","5","541690","78","0","2022","A","","Riverside County, California","Private","NAICS 541690 Other scientific and technical consulting services","County, NAICS 6-digit -- by ownership sector","All establishment sizes",273,777,47449957,8093629,222316,1174,61062,"",0.79,0.69,0.47,0.68,0.52,0.69,0.69,"",-20,-6.8,-25,-3.1,581854,1.2,-508703,-5.9,-40970,-15.6,50,4.4,2593,4.4
"06065","5","5417","76","0","2022","A","","Riverside County, California","Private","NAICS 5417 Scientific research and development services","County, NAICS 4-digit -- by ownership sector","All establishment sizes",66,218,21303296,2099068,67406,1879,97684,"",0.20,0.05,0.03,0.05,0.05,0.76,0.76,"",13,24.5,70,47.3,9024908,73.5,659296,45.8,12143,22.0,287,18.0,14908,18.0
"06065","5","54171","77","0","2022","A","","Riverside County, California","Private","NAICS 54171 Research and development in the physical, engineering, and life sciences","County, NAICS 5-digit -- by ownership sector","All establishment sizes",60,181,18192899,1756220,57112,1932,100467,"",0.21,0.04,0.03,0.04,0.04,0.75,0.75,"",15,33.3,70,63.1,8407487,85.9,631768,56.2,13397,30.6,237,14.0,12310,14.0
"06065","5","541713","78","0","2022","A","N","Riverside County, California","Private","NAICS 541713 Research and development in nanotechnology","County, NAICS 6-digit -- by ownership sector","All establishment sizes",2,0,0,0,0,0,0,"N",0.12,0,0,0,0,0,0,"N",1,100.0,0,0,0,0,0,0,0,0,0,0,0,0
"06065","5","541714","78","0","2022","A","N","Riverside County, California","Private","NAICS 541714 Research and development in biotechnology (except nanobiotechnology)","County, NAICS 6-digit -- by ownership sector","All establishment sizes",27,0,0,0,0,0,0,"N",0.22,0,0,0,0,0,0,"N",5,22.7,0,0,0,0,0,0,0,0,0,0,0,0
"06065","5","541715","78","0","2022","A","","Riverside County, California","Private","NAICS 541715 Research and development in the physical, engineering, and life sciences (except nanotechnology and biotechnology)","County, NAICS 6-digit -- by ownership sector","All establishment sizes",31,95,9235699,943373,32114,1870,97218,"",0.20,0.03,0.03,0.04,0.04,0.80,0.80,"N",9,40.9,0,0,0,0,0,0,0,0,0,0,0,0
"06065","5","54172","77","0","2022","A","","Riverside County, California","Private","NAICS 54172 Research and development in the social sciences and humanities","County, NAICS 5-digit -- by ownership sector","All establishment sizes",7,37,3110397,342848,10294,1617,84065,"",0.19,0.10,0.12,0.15,0.14,1.20,1.20,"",-2,-22.2,0,0.0,617421,24.8,27528,8.7,-1254,-10.9,333,25.9,17289,25.9
"06065","5","541720","78","0","2022","A","","Riverside County, California","Private","NAICS 541720 Research and development in the social sciences and humanities","County, NAICS 6-digit -- by ownership sector","All establishment sizes",7,37,3110397,342848,10294,1617,84065,"",0.19,0.10,0.12,0.15,0.14,1.20,1.20,"",-2,-22.2,0,0.0,617421,24.8,27528,8.7,-1254,-10.9,333,25.9,17289,25.9
"06065","5","5418","76","0","2022","A","","Riverside County, California","Private","NAICS 5418 Advertising, public relations, and related services","County, NAICS 4-digit -- by ownership sector","All establishment sizes",170,1868,118531554,18186291,605024,1220,63448,"",0.36,0.71,0.55,0.70,0.64,0.77,0.77,"",11,6.9,227,13.8,9253856,8.5,2861276,18.7,35786,6.3,-60,-4.7,-3127,-4.7
"06065","5","54181","77","0","2022","A","","Riverside County, California","Private","NAICS 54181 Advertising agencies","County, NAICS 5-digit -- by ownership sector","All establishment sizes",66,440,31643050,4402022,134280,1382,71889,"",0.30,0.37,0.28,0.36,0.28,0.75,0.75,"",0,0.0,-108,-19.7,-13766806,-30.3,-1103101,-20.0,-66088,-33.0,-211,-13.2,-10951,-13.2
"06065","5","541810","78","0","2022","A","","Riverside County, California","Private","NAICS 541810 Advertising agencies","County, NAICS 6-digit -- by ownership sector","All establishment sizes",66,440,31643050,4402022,134280,1382,71889,"",0.30,0.37,0.28,0.36,0.28,0.75,0.75,"",0,0.0,-108,-19.7,-13766806,-30.3,-1103101,-20.0,-66088,-33.0,-211,-13.2,-10951,-13.2
"06065","5","54182","77","0","2022","A","","Riverside County, California","Private","NAICS 54182 Public relations agencies","County, NAICS 5-digit -- by ownership sector","All establishment sizes",24,135,8375396,1878781,75540,1193,62040,"",0.26,0.38,0.23,0.55,0.61,0.60,0.60,"",7,41.2,66,95.7,2324336,38.4,1169998,165.1,52773,231.8,-498,-29.5,-25869,-29.4
"06065","5","541820","78","0","2022","A","","Riverside County, California","Private","NAICS 541820 Public relations agencies","County, NAICS 6-digit -- by ownership sector","All establishment sizes",24,135,8375396,1878781,75540,1193,62040,"",0.26,0.38,0.23,0.55,0.61,0.60,0.60,"",7,41.2,66,95.7,2324336,38.4,1169998,165.1,52773,231.8,-498,-29.5,-25869,-29.4
"06065","5","54183","77","0","2022","A","","Riverside County, California","Private","NAICS 54183 Media buying agencies","County, NAICS 5-digit -- by ownership sector","All establishment sizes",4,26,3415655,271759,6546,2487,129299,"",0.40,0.27,0.35,0.30,0.18,1.28,1.28,"N",1,33.3,0,0,0,0,0,0,0,0,0,0,0,0
"06065","5","541830","78","0","2022","A","","Riverside County, California","Private","NAICS 541830 Media buying agencies","County, NAICS 6-digit -- by ownership sector","All establishment sizes",4,26,3415655,271759,6546,2487,129299,"",0.40,0.27,0.35,0.30,0.18,1.28,1.28,"N",1,33.3,0,0,0,0,0,0,0,0,0,0,0,0
"06065","5","54184","77","0","2022","A","","Riverside County, California","Private","NAICS 54184 Media representatives","County, NAICS 5-digit -- by ownership sector","All establishment sizes",12,192,26487010,1686298,51947,2647,137654,"",0.47,1.86,2.71,1.55,1.31,1.45,1.45,"",0,0.0,27,16.4,8265382,45.4,329986,24.3,-598,-1.1,529,25.0,27498,25.0
"06065","5","541840","78","0","2022","A","","Riverside County, California","Private","NAICS 541840 Media representatives","County, NAICS 6-digit -- by ownership sector","All establishment sizes",12,192,26487010,1686298,51947,2647,137654,"",0.47,1.86,2.71,1.55,1.31,1.45,1.45,"",0,0.0,27,16.4,8265382,45.4,329986,24.3,-598,-1.1,529,25.0,27498,25.0
"06065","5","54185","77","0","2022","A","","Riverside County, California","Private","NAICS 54185 Indoor and outdoor display advertising","County, NAICS 5-digit -- by ownership sector","All establishment sizes",10,84,5668232,761421,29764,1305,67883,"",0.48,0.51,0.53,0.49,0.57,1.06,1.06,"",-1,-9.1,-24,-22.2,169685,3.1,-197299,-20.6,-13899,-31.8,321,32.6,16734,32.7
"06065","5","541850","78","0","2022","A","","Riverside County, California","Private","NAICS 541850 Indoor and outdoor display advertising","County, NAICS 6-digit -- by ownership sector","All establishment sizes",10,84,5668232,761421,29764,1305,67883,"",0.48,0.51,0.53,0.49,0.57,1.06,1.06,"",-1,-9.1,-24,-22.2,169685,3.1,-197299,-20.6,-13899,-31.8,321,32.6,16734,32.7
"06065","5","54186","77","0","2022","A","","Riverside County, California","Private","NAICS 54186 Direct mail advertising","County, NAICS 5-digit -- by ownership sector","All establishment sizes",13,125,16682274,1567324,75120,2570,133636,"",0.78,0.65,1.52,0.83,1.21,2.34,2.34,"",1,8.3,27,27.6,5554448,49.9,589640,60.3,21045,38.9,392,18.0,20376,18.0
"06065","5","541860","78","0","2022","A","","Riverside County, California","Private","NAICS 541860 Direct mail advertising","County, NAICS 6-digit -- by ownership sector","All establishment sizes",13,125,16682274,1567324,75120,2570,133636,"",0.78,0.65,1.52,0.83,1.21,2.34,2.34,"",1,8.3,27,27.6,5554448,49.9,589640,60.3,21045,38.9,392,18.0,20376,18.0
"06065","5","54187","77","0","2022","A","","Riverside County, California","Private","NAICS 54187 Advertising material distribution services","County, NAICS 5-digit -- by ownership sector","All establishment sizes",12,34,1179958,362301,11693,672,34962,"",0.46,0.39,0.23,0.44,0.41,0.60,0.60,"N",5,71.4,0,0,0,0,0,0,0,0,0,0,0,0
"06065","5","541870","78","0","2022","A","","Riverside County, California","Private","NAICS 541870 Advertising material distribution services","County, NAICS 6-digit -- by ownership sector","All establishment sizes",12,34,1179958,362301,11693,672,34962,"",0.46,0.39,0.23,0.44,0.41,0.60,0.60,"N",5,71.4,0,0,0,0,0,0,0,0,0,0,0,0
"06065","5","54189","77","0","2022","A","","Riverside County, California","Private","NAICS 54189 Other services related to advertising","County, NAICS 5-digit -- by ownership sector","All establishment sizes",30,832,25079979,7256385,220134,580,30141,"",0.47,1.88,1.33,1.86,1.87,0.71,0.71,"",-2,-6.2,212,34.2,5515870,28.2,1696287,30.5,30718,16.2,-27,-4.4,-1431,-4.5
"06065","5","541890","78","0","2022","A","","Riverside County, California","Private","NAICS 541890 Other services related to advertising","County, NAICS 6-digit -- by ownership sector","All establishment sizes",30,832,25079979,7256385,220134,580,30141,"",0.47,1.88,1.33,1.86,1.87,0.71,0.71,"",-2,-6.2,212,34.2,5515870,28.2,1696287,30.5,30718,16.2,-27,-4.4,-1431,-4.5
"06065","5","5419","76","0","2022","A","","Riverside County, California","Private","NAICS 5419 Other professional, scientific, and technical services","County, NAICS 4-digit -- by ownership sector","All establishment sizes",362,2864,159240297,26683475,763251,1069,55594,"",0.45,0.64,0.64,0.62,0.62,1.01,1.01,"",6,1.7,136,5.0,13029718,8.9,1093674,4.3,-84814,-10.0,38,3.7,1990,3.7
"06065","5","54191","77","0","2022","A","","Riverside County, California","Private","NAICS 54191 Marketing research and public opinion polling","County, NAICS 5-digit -- by ownership sector","All establishment sizes",21,41,4320161,423782,13135,2006,104310,"",0.32,0.10,0.12,0.11,0.09,1.22,1.22,"",1,5.0,-4,-8.9,678821,18.6,-25501,-5.7,-1128,-7.9,458,29.6,23838,29.6
"06065","5","541910","78","0","2022","A","","Riverside County, California","Private","NAICS 541910 Marketing research and public opinion polling","County, NAICS 6-digit -- by ownership sector","All establishment sizes",21,41,4320161,423782,13135,2006,104310,"",0.32,0.10,0.12,0.11,0.09,1.22,1.22,"",1,5.0,-4,-8.9,678821,18.6,-25501,-5.7,-1128,-7.9,458,29.6,23838,29.6
"06065","5","54192","77","0","2022","A","","Riverside County, California","Private","NAICS 54192 Photographic services","County, NAICS 5-digit -- by ownership sector","All establishment sizes",78,310,10324234,2881484,107593,641,33349,"",0.77,1.24,1.25,1.32,1.06,1.01,1.01,"",1,1.3,65,26.5,2867363,38.5,461750,19.1,2085,2.0,54,9.2,2851,9.3
"06065","5","541921","78","0","2022","A","","Riverside County, California","Private","NAICS 541921 Photography studios, portrait","County, NAICS 6-digit -- by ownership sector","All establishment sizes",57,271,8998167,2563248,97722,639,33244,"",0.78,1.43,1.69,1.57,1.22,1.18,1.18,"",0,0.0,59,27.8,2534027,39.2,431401,20.2,1338,1.4,54,9.2,2801,9.2
"06065","5","541922","78","0","2022","A","","Riverside County, California","Private","NAICS 541922 Commercial photography","County, NAICS 6-digit -- by ownership sector","All establishment sizes",20,39,1326067,318236,9871,655,34075,"",0.71,0.65,0.45,0.57,0.48,0.70,0.70,"",0,0.0,7,21.9,333336,33.6,30349,10.5,747,8.2,61,10.3,3213,10.4
"06065","5","54193","77","0","2022","A","","Riverside County, California","Private","NAICS 54193 Translation and interpretation services","County, NAICS 5-digit -- by ownership sector","All establishment sizes",16,141,5685377,742301,16048,775,40298,"",0.51,0.67,0.59,0.40,0.27,0.88,0.88,"",-1,-5.9,9,6.8,-179190,-3.1,-339917,-31.4,-12559,-43.9,-82,-9.6,-4243,-9.5
"06065","5","541930","78","0","2022","A","","Riverside County, California","Private","NAICS 541930 Translation and interpretation services","County, NAICS 6-digit -- by ownership sector","All establishment sizes",16,141,5685377,742301,16048,775,40298,"",0.51,0.67,0.59,0.40,0.27,0.88,0.88,"",-1,-5.9,9,6.8,-179190,-3.1,-339917,-31.4,-12559,-43.9,-82,-9.6,-4243,-9.5
"06065","5","54194","77","0","2022","A","","Riverside County, California","Private","NAICS 54194 Veterinary services","County, NAICS 5-digit -- by ownership sector","All establishment sizes",146,1945,106034818,18425317,469381,1048,54521,"",0.65,0.80,1.07,0.84,0.98,1.34,1.34,"",1,0.7,17,0.9,8254994,8.4,329522,1.8,-84225,-15.2,73,7.5,3801,7.5
"06065","5","541940","78","0","2022","A","","Riverside County, California","Private","NAICS 541940 Veterinary services","County, NAICS 6-digit -- by ownership sector","All establishment sizes",146,1945,106034818,18425317,469381,1048,54521,"",0.65,0.80,1.07,0.84,0.98,1.34,1.34,"",1,0.7,17,0.9,8254994,8.4,329522,1.8,-84225,-15.2,73,7.5,3801,7.5
"06065","5","54199","77","0","2022","A","","Riverside County, California","Private","NAICS 54199 All other professional, scientific, and technical services","County, NAICS 5-digit -- by ownership sector","All establishment sizes",101,427,32875707,4210591,157094,1479,76917,"",0.26,0.36,0.35,0.33,0.35,0.98,0.98,"",4,4.1,49,13.0,1407730,4.5,667820,18.9,11013,7.5,-121,-7.6,-6258,-7.5
"06065","5","541990","78","0","2022","A","","Riverside County, California","Private","NAICS 541990 All other professional, scientific, and technical services","County, NAICS 6-digit -- by ownership sector","All establishment sizes",101,427,32875707,4210591,157094,1479,76917,"",0.26,0.36,0.35,0.33,0.35,0.98,0.98,"",4,4.1,49,13.0,1407730,4.5,667820,18.9,11013,7.5,-121,-7.6,-6258,-7.5
"06065","5","55","74","0","2022","A","","Riverside County, California","Private","NAICS 55 Management of companies and enterprises","County, NAICS Sector -- by ownership sector","All establishment sizes",128,3772,373779603,42598735,1433129,1906,99106,"",0.22,0.28,0.24,0.24,0.31,0.86,0.86,"",3,2.4,38,1.0,14584953,4.1,-3668246,-7.9,-330902,-18.8,56,3.0,2897,3.0
"06065","5","551","75","0","2022","A","","Riverside County, California","Private","NAICS 551 Management of companies and enterprises","County, NAICS 3-digit -- by ownership sector","All establishment sizes",128,3772,373779603,42598735,1433129,1906,99106,"",0.22,0.28,0.24,0.24,0.31,0.86,0.86,"",3,2.4,38,1.0,14584953,4.1,-3668246,-7.9,-330902,-18.8,56,3.0,2897,3.0
"06065","5","5511","76","0","2022","A","","Riverside County, California","Private","NAICS 5511 Management of companies and enterprises","County, NAICS 4-digit -- by ownership sector","All establishment sizes",128,3772,373779603,42598735,1433129,1906,99106,"",0.22,0.28,0.24,0.24,0.31,0.86,0.86,"",3,2.4,38,1.0,14584953,4.1,-3668246,-7.9,-330902,-18.8,56,3.0,2897,3.0
"06065","5","55111","77","0","2022","A","","Riverside County, California","Private","NAICS 55111 Management of companies and enterprises","County, NAICS 5-digit -- by ownership sector","All establishment sizes",128,3772,373779603,42598735,1433129,1906,99106,"",0.22,0.28,0.24,0.24,0.31,0.86,0.86,"",3,2.4,38,1.0,14584953,4.1,-3668246,-7.9,-330902,-18.8,56,3.0,2897,3.0
"06065","5","551111","78","0","2022","A","N","Riverside County, California","Private","NAICS 551111 Offices of bank holding companies","County, NAICS 6-digit -- by ownership sector","All establishment sizes",3,0,0,0,0,0,0,"N",0.46,0,0,0,0,0,0,"N",0,0.0,0,0,0,0,0,0,0,0,0,0,0,0
"06065","5","551112","78","0","2022","A","N","Riverside County, California","Private","NAICS 551112 Offices of other holding companies","County, NAICS 6-digit -- by ownership sector","All establishment sizes",20,0,0,0,0,0,0,"N",0.24,0,0,0,0,0,0,"N",3,17.6,0,0,0,0,0,0,0,0,0,0,0,0
"06065","5","551114","78","0","2022","A","","Riverside County, California","Private","NAICS 551114 Corporate, subsidiary, and regional managing offices","County, NAICS 6-digit -- by ownership sector","All establishment sizes",106,3595,360702076,40610218,1341842,1929,100327,"",0.22,0.28,0.25,0.23,0.30,0.88,0.88,"",2,1.9,14,0.4,11426433,3.3,-3868367,-8.7,-337053,-20.1,53,2.8,2778,2.8
"06065","5","56","74","0","2022","A","","Riverside County, California","Private","NAICS 56 Administrative and support and waste management and remediation services","County, NAICS Sector -- by ownership sector","All establishment sizes",2920,52481,2217122066,553404890,19241784,812,42246,"",0.68,1.02,1.00,1.03,0.96,0.98,0.98,"",130,4.7,532,1.0,166676043,8.1,4251748,0.8,-2469661,-11.4,53,7.0,2776,7.0
"06065","5","561","75","0","2022","A","","Riverside County, California","Private","NAICS 561 Administrative and support services","County, NAICS 3-digit -- by ownership sector","All establishment sizes",2795,50269,2055452904,533381787,18657507,786,40889,"",0.68,1.03,0.99,1.05,0.98,0.96,0.96,"",120,4.5,332,0.7,142809150,7.5,2824665,0.5,-2394949,-11.4,49,6.6,2588,6.8
"06065","5","5611","76","0","2022","A","","Riverside County, California","Private","NAICS 5611 Office administrative services","County, NAICS 4-digit -- by ownership sector","All establishment sizes",250,1998,145635854,19638816,602641,1402,72903,"",0.53,0.63,0.57,0.68,0.63,0.91,0.91,"",-4,-1.6,10,0.5,-1443408,-1.0,1403913,7.7,-41722,-6.5,-21,-1.5,-1090,-1.5
"06065","5","56111","77","0","2022","A","","Riverside County, California","Private","NAICS 56111 Office administrative services","County, NAICS 5-digit -- by ownership sector","All establishment sizes",250,1998,145635854,19638816,602641,1402,72903,"",0.53,0.63,0.57,0.68,0.63,0.91,0.91,"",-4,-1.6,10,0.5,-1443408,-1.0,1403913,7.7,-41722,-6.5,-21,-1.5,-1090,-1.5
"06065","5","561110","78","0","2022","A","","Riverside County, California","Private","NAICS 561110 Office administrative services","County, NAICS 6-digit -- by ownership sector","All establishment sizes",250,1998,145635854,19638816,602641,1402,72903,"",0.53,0.63,0.57,0.68,0.63,0.91,0.91,"",-4,-1.6,10,0.5,-1443408,-1.0,1403913,7.7,-41722,-6.5,-21,-1.5,-1090,-1.5
"06065","5","5612","76","0","2022","A","","Riverside County, California","Private","NAICS 5612 Facilities support services","County, NAICS 4-digit -- by ownership sector","All establishment sizes",18,115,8821052,1154853,49344,1475,76705,"",0.38,0.14,0.23,0.15,0.18,1.66,1.66,"",0,0.0,20,21.1,1726424,24.3,271088,30.7,14750,42.6,39,2.7,2025,2.7
"06065","5","56121","77","0","2022","A","","Riverside County, California","Private","NAICS 56121 Facilities support services","County, NAICS 5-digit -- by ownership sector","All establishment sizes",18,115,8821052,1154853,49344,1475,76705,"",0.38,0.14,0.23,0.15,0.18,1.66,1.66,"",0,0.0,20,21.1,1726424,24.3,271088,30.7,14750,42.6,39,2.7,2025,2.7
"06065","5","561210","78","0","2022","A","","Riverside County, California","Private","NAICS 561210 Facilities support services","County, NAICS 6-digit -- by ownership sector","All establishment sizes",18,115,8821052,1154853,49344,1475,76705,"",0.38,0.14,0.23,0.15,0.18,1.66,1.66,"",0,0.0,20,21.1,1726424,24.3,271088,30.7,14750,42.6,39,2.7,2025,2.7
"06065","5","5613","76","0","2022","A","","Riverside County, California","Private","NAICS 5613 Employment services","County, NAICS 4-digit -- by ownership sector","All establishment sizes",333,16780,616431320,238248053,9959836,706,36736,"",0.34,0.81,0.70,0.96,1.02,0.86,0.86,"",16,5.0,-1671,-9.1,-4974935,-0.8,-17983937,-7.0,-1645695,-14.2,58,9.0,3057,9.1
"06065","5","56131","77","0","2022","A","","Riverside County, California","Private","NAICS 56131 Employment placement agencies and executive search services","County, NAICS 5-digit -- by ownership sector","All establishment sizes",58,1711,57664529,24603558,809690,648,33706,"",0.27,0.96,0.54,1.20,0.93,0.56,0.56,"",10,20.8,-272,-13.7,-10197435,-15.0,-4644376,-15.9,-354947,-30.5,-10,-1.5,-523,-1.5
"06065","5","561311","78","0","2022","A","","Riverside County, California","Private","NAICS 561311 Employment placement agencies","County, NAICS 6-digit -- by ownership sector","All establishment sizes",49,1672,55997854,24219612,789970,644,33493,"",0.32,1.10,0.72,1.38,1.06,0.65,0.65,"",10,25.6,-283,-14.5,-10706550,-16.1,-4706327,-16.3,-358637,-31.2,-12,-1.8,-625,-1.8
"06065","5","561312","78","0","2022","A","","Riverside County, California","Private","NAICS 561312 Executive search services","County, NAICS 6-digit -- by ownership sector","All establishment sizes",9,39,1666675,383946,19720,824,42827,"",0.15,0.15,0.06,0.13,0.16,0.38,0.38,"",0,0.0,11,39.3,509115,44.0,61951,19.2,3690,23.0,15,1.9,734,1.7
"06065","5","56132","77","0","2022","A","","Riverside County, California","Private","NAICS 56132 Temporary help services","County, NAICS 5-digit -- by ownership sector","All establishment sizes",237,14183,523728844,201442908,8673341,710,36927,"",0.37,0.86,0.81,0.99,1.08,0.94,0.94,"",10,4.4,-142,-1.0,30684721,6.2,-1709445,-0.8,-969224,-10.1,48,7.3,2507,7.3
"06065","5","561320","78","0","2022","A","","Riverside County, California","Private","NAICS 561320 Temporary help services","County, NAICS 6-digit -- by ownership sector","All establishment sizes",237,14183,523728844,201442908,8673341,710,36927,"",0.37,0.86,0.81,0.99,1.08,0.94,0.94,"",10,4.4,-142,-1.0,30684721,6.2,-1709445,-0.8,-969224,-10.1,48,7.3,2507,7.3
"06065","5","56133","77","0","2022","A","","Riverside County, California","Private","NAICS 56133 Professional employer organizations","County, NAICS 5-digit -- by ownership sector","All establishment sizes",39,887,35037947,12201587,476805,760,39513,"",0.29,0.37,0.27,0.51,0.58,0.73,0.73,"",-3,-7.1,-1257,-58.6,-25462221,-42.1,-11630116,-48.8,-321524,-40.3,217,40.0,11288,40.0
"06065","5","561330","78","0","2022","A","","Riverside County, California","Private","NAICS 561330 Professional employer organizations","County, NAICS 6-digit -- by ownership sector","All establishment sizes",39,887,35037947,12201587,476805,760,39513,"",0.29,0.37,0.27,0.51,0.58,0.73,0.73,"",-3,-7.1,-1257,-58.6,-25462221,-42.1,-11630116,-48.8,-321524,-40.3,217,40.0,11288,40.0
"06065","5","5614","76","0","2022","A","","Riverside County, California","Private","NAICS 5614 Business support services","County, NAICS 4-digit -- by ownership sector","All establishment sizes",213,2101,114212921,14103809,464859,1045,54355,"",0.55,0.50,0.59,0.36,0.36,1.18,1.18,"",-1,-0.5,-6,-0.3,7582090,7.1,939792,7.1,-28175,-5.7,72,7.4,3743,7.4
"06065","5","56141","77","0","2022","A","N","Riverside County, California","Private","NAICS 56141 Document preparation services","County, NAICS 5-digit -- by ownership sector","All establishment sizes",28,0,0,0,0,0,0,"N",0.54,0,0,0,0,0,0,"N",2,7.7,0,0,0,0,0,0,0,0,0,0,0,0
"06065","5","561410","78","0","2022","A","N","Riverside County, California","Private","NAICS 561410 Document preparation services","County, NAICS 6-digit -- by ownership sector","All establishment sizes",28,0,0,0,0,0,0,"N",0.54,0,0,0,0,0,0,"N",2,7.7,0,0,0,0,0,0,0,0,0,0,0,0
"06065","5","56142","77","0","2022","A","","Riverside County, California","Private","NAICS 56142 Telephone call centers","County, NAICS 5-digit -- by ownership sector","All establishment sizes",28,937,65123065,2885007,90607,1337,69514,"",0.30,0.39,0.69,0.13,0.12,1.76,1.76,"",-2,-6.7,-4,-0.4,6099770,10.3,245987,9.3,-8748,-8.8,130,10.8,6757,10.8
"06065","5","561421","78","0","2022","A","","Riverside County, California","Private","NAICS 561421 Telephone answering services","County, NAICS 6-digit -- by ownership sector","All establishment sizes",5,71,3000315,626678,13990,809,42060,"",0.26,0.34,0.37,0.33,0.24,1.08,1.08,"",0,0.0,1,1.4,251755,9.2,35033,5.9,-4639,-24.9,58,7.7,3027,7.8
"06065","5","561422","78","0","2022","A","","Riverside County, California","Private","NAICS 561422 Telemarketing bureaus and other contact centers","County, NAICS 6-digit -- by ownership sector","All establishment sizes",23,866,62122750,2258329,76617,1380,71777,"",0.31,0.40,0.72,0.11,0.11,1.82,1.82,"",-2,-8.0,-4,-0.5,5848015,10.4,210954,10.3,-4109,-5.1,136,10.9,7100,11.0
"06065","5","56143","77","0","2022","A","","Riverside County, California","Private","NAICS 56143 Business service centers","County, NAICS 5-digit -- by ownership sector","All establishment sizes",96,592,20240345,6012143,176296,657,34175,"",1.27,1.40,1.37,1.67,1.63,0.98,0.98,"",-5,-5.0,31,5.5,1567191,8.4,807688,15.5,8002,4.8,16,2.5,865,2.6
"06065","5","561431","78","0","2022","A","","Riverside County, California","Private","NAICS 561431 Private mail centers","County, NAICS 6-digit -- by ownership sector","All establishment sizes",52,400,12174249,4376782,135359,585,30417,"",1.41,2.11,2.42,2.80,3.10,1.15,1.15,"",-4,-7.1,36,9.9,1556721,14.7,330838,8.2,5570,4.3,24,4.3,1248,4.3
"06065","5","561439","78","0","2022","A","","Riverside County, California","Private","NAICS 561439 Other business service centers (including copy shops)","County, NAICS 6-digit -- by ownership sector","All establishment sizes",44,192,8066096,1635361,40937,808,42011,"",1.13,0.82,0.83,0.80,0.64,1.01,1.01,"",-2,-4.3,-5,-2.5,10470,0.1,476850,41.2,2432,6.3,20,2.5,1033,2.5
"06065","5","56144","77","0","2022","A","","Riverside County, California","Private","NAICS 56144 Collection agencies","County, NAICS 5-digit -- by ownership sector","All establishment sizes",24,210,10933192,1929447,94425,1003,52166,"",0.61,0.39,0.43,0.38,0.56,1.11,1.11,"",2,9.1,-12,-5.4,431777,4.1,-21387,-1.1,-11969,-11.2,95,10.5,4933,10.4
"06065","5","561440","78","0","2022","A","","Riverside County, California","Private","NAICS 561440 Collection agencies","County, NAICS 6-digit -- by ownership sector","All establishment sizes",24,210,10933192,1929447,94425,1003,52166,"",0.61,0.39,0.43,0.38,0.56,1.11,1.11,"",2,9.1,-12,-5.4,431777,4.1,-21387,-1.1,-11969,-11.2,95,10.5,4933,10.4
"06065","5","56145","77","0","2022","A","N","Riverside County, California","Private","NAICS 56145 Credit bureaus","County, NAICS 5-digit -- by ownership sector","All establishment sizes",2,0,0,0,0,0,0,"N",0.24,0,0,0,0,0,0,"N",-1,-33.3,0,0,0,0,0,0,0,0,0,0,0,0
"06065","5","561450","78","0","2022","A","N","Riverside County, California","Private","NAICS 561450 Credit bureaus","County, NAICS 6-digit -- by ownership sector","All establishment sizes",2,0,0,0,0,0,0,"N",0.24,0,0,0,0,0,0,"N",-1,-33.3,0,0,0,0,0,0,0,0,0,0,0,0
"06065","5","56149","77","0","2022","A","","Riverside County, California","Private","NAICS 56149 Other business support services","County, NAICS 5-digit -- by ownership sector","All establishment sizes",35,177,10825030,1551873,51070,1179,61303,"",0.30,0.32,0.31,0.31,0.28,0.96,0.96,"",3,9.4,-21,-10.6,-1792429,-14.2,-111219,-6.7,-4022,-7.3,-50,-4.1,-2583,-4.0
"06065","5","561491","78","0","2022","A","N","Riverside County, California","Private","NAICS 561491 Repossession services","County, NAICS 6-digit -- by ownership sector","All establishment sizes",3,0,0,0,0,0,0,"N",0.57,0,0,0,0,0,0,"N",-1,-25.0,0,0,0,0,0,0,0,0,0,0,0,0
"06065","5","561492","78","0","2022","A","N","Riverside County, California","Private","NAICS 561492 Court reporting and stenotype services","County, NAICS 6-digit -- by ownership sector","All establishment sizes",12,0,0,0,0,0,0,"N",0.57,0,0,0,0,0,0,"N",1,9.1,0,0,0,0,0,0,0,0,0,0,0,0
"06065","5","561499","78","0","2022","A","","Riverside County, California","Private","NAICS 561499 All other business support services","County, NAICS 6-digit -- by ownership sector","All establishment sizes",20,149,8935590,1318214,43835,1153,59937,"",0.22,0.33,0.29,0.32,0.28,0.89,0.88,"",3,17.6,-18,-10.8,-1735977,-16.3,-96462,-6.8,-2308,-5.0,-73,-6.0,-3806,-6.0
"06065","5","5615","76","0","2022","A","","Riverside County, California","Private","NAICS 5615 Travel arrangement and reservation services","County, NAICS 4-digit -- by ownership sector","All establishment sizes",62,776,59843653,5854836,229986,1483,77102,"",0.45,0.83,0.91,0.61,0.75,1.09,1.09,"",-6,-8.8,173,28.7,23756271,65.8,1344275,29.8,20525,9.8,332,28.8,17256,28.8
"06065","5","56151","77","0","2022","A","","Riverside County, California","Private","NAICS 56151 Travel agencies","County, NAICS 5-digit -- by ownership sector","All establishment sizes",36,53,2170571,516587,16110,795,41344,"",0.44,0.14,0.08,0.12,0.12,0.59,0.59,"",-4,-10.0,3,6.0,15783,0.7,19189,3.9,-2931,-15.4,-35,-4.2,-1824,-4.2
"06065","5","561510","78","0","2022","A","","Riverside County, California","Private","NAICS 561510 Travel agencies","County, NAICS 6-digit -- by ownership sector","All establishment sizes",36,53,2170571,516587,16110,795,41344,"",0.44,0.14,0.08,0.12,0.12,0.59,0.59,"",-4,-10.0,3,6.0,15783,0.7,19189,3.9,-2931,-15.4,-35,-4.2,-1824,-4.2
"06065","5","56152","77","0","2022","A","","Riverside County, California","Private","NAICS 56152 Tour operators","County, NAICS 5-digit -- by ownership sector","All establishment sizes",6,60,1895025,485357,23362,607,31584,"",0.29,0.54,0.35,0.38,0.50,0.65,0.65,"",-3,-33.3,16,36.4,707752,59.6,115938,31.4,4520,24.0,92,17.9,4803,17.9
"06065","5","561520","78","0","2022","A","","Riverside County, California","Private","NAICS 561520 Tour operators","County, NAICS 6-digit -- by ownership sector","All establishment sizes",6,60,1895025,485357,23362,607,31584,"",0.29,0.54,0.35,0.38,0.50,0.65,0.65,"",-3,-33.3,16,36.4,707752,59.6,115938,31.4,4520,24.0,92,17.9,4803,17.9
"06065","5","56159","77","0","2022","A","","Riverside County, California","Private","NAICS 56159 Other travel arrangement and reservation services","County, NAICS 5-digit -- by ownership sector","All establishment sizes",20,664,55778057,4852892,190514,1616,84045,"",0.56,1.49,1.61,1.21,1.59,1.09,1.09,"",1,5.3,155,30.5,23032736,70.3,1209148,33.2,18936,11.0,378,30.5,19681,30.6
"06065","5","561591","78","0","2022","A","","Riverside County, California","Private","NAICS 561591 Convention and visitors bureaus","County, NAICS 6-digit -- by ownership sector","All establishment sizes",3,23,2038585,198827,4171,1717,89281,"",0.46,0.54,0.87,0.53,0.36,1.62,1.62,"N",1,50.0,0,0,0,0,0,0,0,0,0,0,0,0
"06065","5","561599","78","0","2022","A","","Riverside County, California","Private","NAICS 561599 All other travel arrangement and reservation services","County, NAICS 6-digit -- by ownership sector","All establishment sizes",17,641,53739472,4654065,186343,1613,83859,"",0.58,1.59,1.67,1.29,1.72,1.05,1.05,"N",0,0.0,0,0,0,0,0,0,0,0,0,0,0,0
"06065","5","5616","76","0","2022","A","","Riverside County, California","Private","NAICS 5616 Investigation and security services","County, NAICS 4-digit -- by ownership sector","All establishment sizes",268,11390,336324608,80025166,2390793,568,29528,"",1.08,2.19,1.87,1.71,1.55,0.85,0.85,"",13,5.1,712,6.7,45383981,15.6,4353547,5.8,-392753,-14.1,44,8.4,2280,8.4
"06065","5","56161","77","0","2022","A","","Riverside County, California","Private","NAICS 56161 Investigation, guard, and armored car services","County, NAICS 5-digit -- by ownership sector","All establishment sizes",187,10356,266737077,70400928,2091490,495,25757,"",1.24,2.38,2.04,1.82,1.61,0.86,0.86,"",10,5.6,672,6.9,35775637,15.5,4405191,6.7,-300291,-12.6,36,7.8,1907,8.0
"06065","5","561611","78","0","2022","A","N","Riverside County, California","Private","NAICS 561611 Investigation and personal background check services","County, NAICS 6-digit -- by ownership sector","All establishment sizes",46,0,0,0,0,0,0,"N",1.24,0,0,0,0,0,0,"N",0,0.0,0,0,0,0,0,0,0,0,0,0,0,0
"06065","5","561612","78","0","2022","A","","Riverside County, California","Private","NAICS 561612 Security guards and patrol services","County, NAICS 6-digit -- by ownership sector","All establishment sizes",138,9988,246713108,66881334,1990358,475,24702,"",1.29,2.51,2.16,1.90,1.68,0.86,0.86,"",9,7.0,621,6.6,32392875,15.1,3671509,5.8,-305815,-13.3,35,8.0,1821,8.0
"06065","5","561613","78","0","2022","A","N","Riverside County, California","Private","NAICS 561613 Armored car services","County, NAICS 6-digit -- by ownership sector","All establishment sizes",3,0,0,0,0,0,0,"N",0.51,0,0,0,0,0,0,"N",1,50.0,0,0,0,0,0,0,0,0,0,0,0,0
"06065","5","56162","77","0","2022","A","","Riverside County, California","Private","NAICS 56162 Security systems services","County, NAICS 5-digit -- by ownership sector","All establishment sizes",81,1034,69587531,9624238,299303,1294,67283,"",0.83,1.24,1.40,1.19,1.23,1.14,1.13,"",3,3.8,41,4.1,9608344,16.0,-51644,-0.5,-92462,-23.6,133,11.5,6906,11.4
"06065","5","561621","78","0","2022","A","","Riverside County, California","Private","NAICS 561621 Security systems services (except locksmiths)","County, NAICS 6-digit -- by ownership sector","All establishment sizes",64,947,65513739,8881321,281919,1331,69205,"",0.92,1.27,1.43,1.22,1.27,1.13,1.13,"",5,8.5,34,3.7,9275581,16.5,-65332,-0.7,-90329,-24.3,147,12.4,7636,12.4
"06065","5","561622","78","0","2022","A","","Riverside County, California","Private","NAICS 561622 Locksmiths","County, NAICS 6-digit -- by ownership sector","All establishment sizes",18,88,4073792,742917,17384,894,46513,"",0.65,0.96,1.06,0.88,0.86,1.12,1.12,"",-1,-5.3,8,10.0,332763,8.9,13688,1.9,-2133,-10.9,-5,-0.6,-250,-0.5
"06065","5","5617","76","0","2022","A","","Riverside County, California","Private","NAICS 5617 Services to buildings and dwellings","County, NAICS 4-digit -- by ownership sector","All establishment sizes",1499,15029,664477895,154057133,4155821,850,44215,"",0.93,1.27,1.80,1.41,0.98,1.41,1.41,"",88,6.2,803,5.6,48607559,7.9,8318113,5.7,-459711,-10.0,17,2.0,924,2.1
"06065","5","56171","77","0","2022","A","","Riverside County, California","Private","NAICS 56171 Exterminating and pest control services","County, NAICS 5-digit -- by ownership sector","All establishment sizes",158,1291,69582206,12702432,406107,1036,53881,"",1.42,1.67,2.16,1.82,2.00,1.29,1.29,"",8,5.3,11,0.9,2166393,3.2,-176794,-1.4,-102284,-20.1,23,2.3,1206,2.3
"06065","5","561710","78","0","2022","A","","Riverside County, California","Private","NAICS 561710 Exterminating and pest control services","County, NAICS 6-digit -- by ownership sector","All establishment sizes",158,1291,69582206,12702432,406107,1036,53881,"",1.42,1.67,2.16,1.82,2.00,1.29,1.29,"",8,5.3,11,0.9,2166393,3.2,-176794,-1.4,-102284,-20.1,23,2.3,1206,2.3
"06065","5","56172","77","0","2022","A","","Riverside County, California","Private","NAICS 56172 Janitorial services","County, NAICS 5-digit -- by ownership sector","All establishment sizes",412,3337,101681480,33885286,880141,586,30470,"",0.78,0.59,0.73,0.72,0.65,1.23,1.23,"",16,4.0,112,3.5,9319939,10.1,2926804,9.5,-29572,-3.3,35,6.4,1828,6.4
"06065","5","561720","78","0","2022","A","","Riverside County, California","Private","NAICS 561720 Janitorial services","County, NAICS 6-digit -- by ownership sector","All establishment sizes",412,3337,101681480,33885286,880141,586,30470,"",0.78,0.59,0.73,0.72,0.65,1.23,1.23,"",16,4.0,112,3.5,9319939,10.1,2926804,9.5,-29572,-3.3,35,6.4,1828,6.4
"06065","5","56173","77","0","2022","A","","Riverside County, California","Private","NAICS 56173 Landscaping services","County, NAICS 5-digit -- by ownership sector","All establishment sizes",657,9301,446241204,96734572,2568155,923,47979,"",0.83,2.01,2.64,2.03,1.08,1.31,1.31,"",40,6.5,526,6.0,28368085,6.8,4463093,4.8,-309730,-10.8,7,0.8,359,0.8
"06065","5","561730","78","0","2022","A","","Riverside County, California","Private","NAICS 561730 Landscaping services","County, NAICS 6-digit -- by ownership sector","All establishment sizes",657,9301,446241204,96734572,2568155,923,47979,"",0.83,2.01,2.64,2.03,1.08,1.31,1.31,"",40,6.5,526,6.0,28368085,6.8,4463093,4.8,-309730,-10.8,7,0.8,359,0.8
"06065","5","56174","77","0","2022","A","","Riverside County, California","Private","NAICS 56174 Carpet and upholstery cleaning services","County, NAICS 5-digit -- by ownership sector","All establishment sizes",61,236,9958016,2461648,70936,810,42121,"",1.27,1.15,1.44,1.24,1.20,1.25,1.25,"",2,3.4,7,3.1,717284,7.8,212021,9.4,-4700,-6.2,35,4.5,1812,4.5
"06065","5","561740","78","0","2022","A","","Riverside County, California","Private","NAICS 561740 Carpet and upholstery cleaning services","County, NAICS 6-digit -- by ownership sector","All establishment sizes",61,236,9958016,2461648,70936,810,42121,"",1.27,1.15,1.44,1.24,1.20,1.25,1.25,"",2,3.4,7,3.1,717284,7.8,212021,9.4,-4700,-6.2,35,4.5,1812,4.5
"06065","5","56179","77","0","2022","A","","Riverside County, California","Private","NAICS 56179 Other services to buildings and dwellings","County, NAICS 5-digit -- by ownership sector","All establishment sizes",212,863,37014989,8273195,230482,825,42903,"",1.66,1.49,1.70,1.52,1.00,1.14,1.14,"",23,12.2,146,20.4,8035858,27.7,892989,12.1,-13425,-5.5,48,6.2,2509,6.2
"06065","5","561790","78","0","2022","A","","Riverside County, California","Private","NAICS 561790 Other services to buildings and dwellings","County, NAICS 6-digit -- by ownership sector","All establishment sizes",212,863,37014989,8273195,230482,825,42903,"",1.66,1.49,1.70,1.52,1.00,1.14,1.14,"",23,12.2,146,20.4,8035858,27.7,892989,12.1,-13425,-5.5,48,6.2,2509,6.2
"06065","5","5619","76","0","2022","A","","Riverside County, California","Private","NAICS 5619 Other support services","County, NAICS 4-digit -- by ownership sector","All establishment sizes",152,2080,109705601,20299121,804227,1014,52739,"",0.72,1.19,1.37,1.14,1.11,1.15,1.15,"",12,8.6,290,16.2,22171168,25.3,4177874,25.9,137832,20.7,74,7.9,3846,7.9
"06065","5","56191","77","0","2022","A","","Riverside County, California","Private","NAICS 56191 Packaging and labeling services","County, NAICS 5-digit -- by ownership sector","All establishment sizes",21,702,43379920,6588146,219643,1188,61758,"",1.08,1.98,2.83,1.89,2.05,1.43,1.43,"",2,10.5,76,12.1,5866736,15.6,470828,7.7,8954,4.2,36,3.1,1865,3.1
"06065","5","561910","78","0","2022","A","","Riverside County, California","Private","NAICS 561910 Packaging and labeling services","County, NAICS 6-digit -- by ownership sector","All establishment sizes",21,702,43379920,6588146,219643,1188,61758,"",1.08,1.98,2.83,1.89,2.05,1.43,1.43,"",2,10.5,76,12.1,5866736,15.6,470828,7.7,8954,4.2,36,3.1,1865,3.1
"06065","5","56192","77","0","2022","A","","Riverside County, California","Private","NAICS 56192 Convention and trade show organizers","County, NAICS 5-digit -- by ownership sector","All establishment sizes",43,331,14872989,4874088,231342,863,44877,"",0.90,1.22,1.03,1.62,1.25,0.84,0.84,"",7,19.4,222,203.7,10397747,232.3,3163368,184.9,145491,169.5,72,9.1,3725,9.1
"06065","5","561920","78","0","2022","A","","Riverside County, California","Private","NAICS 561920 Convention and trade show organizers","County, NAICS 6-digit -- by ownership sector","All establishment sizes",43,331,14872989,4874088,231342,863,44877,"",0.90,1.22,1.03,1.62,1.25,0.84,0.84,"",7,19.4,222,203.7,10397747,232.3,3163368,184.9,145491,169.5,72,9.1,3725,9.1
"06065","5","56199","77","0","2022","A","","Riverside County, California","Private","NAICS 56199 All other support services","County, NAICS 5-digit -- by ownership sector","All establishment sizes",88,1046,51452692,8836887,353242,946,49174,"",0.61,0.93,1.02,0.79,0.81,1.10,1.10,"",3,3.5,-9,-0.9,5906685,13.0,543678,6.6,-16613,-4.5,116,14.0,6013,13.9
"06065","5","561990","78","0","2022","A","","Riverside County, California","Private","NAICS 561990 All other support services","County, NAICS 6-digit -- by ownership sector","All establishment sizes",88,1046,51452692,8836887,353242,946,49174,"",0.61,0.93,1.02,0.79,0.81,1.10,1.10,"",3,3.5,-9,-0.9,5906685,13.0,543678,6.6,-16613,-4.5,116,14.0,6013,13.9
"06065","5","562","75","0","2022","A","","Riverside County, California","Private","NAICS 562 Waste management and remediation services","County, NAICS 3-digit -- by ownership sector","All establishment sizes",126,2212,161669162,20023103,584277,1406,73096,"",0.57,0.87,1.13,0.72,0.58,1.30,1.30,"",11,9.6,200,9.9,23866893,17.3,1427083,7.7,-74712,-11.3,89,6.8,4606,6.7
"06065","5","5621","76","0","2022","A","","Riverside County, California","Private","NAICS 5621 Waste collection","County, NAICS 4-digit -- by ownership sector","All establishment sizes",56,953,69533054,9082875,258900,1403,72975,"",0.66,0.87,1.23,0.81,0.75,1.41,1.41,"",4,7.7,124,15.0,13674629,24.5,1180675,14.9,-16010,-5.8,107,8.3,5574,8.3
"06065","5","56211","77","0","2022","A","","Riverside County, California","Private","NAICS 56211 Waste collection","County, NAICS 5-digit -- by ownership sector","All establishment sizes",56,953,69533054,9082875,258900,1403,72975,"",0.66,0.87,1.23,0.81,0.75,1.41,1.41,"",4,7.7,124,15.0,13674629,24.5,1180675,14.9,-16010,-5.8,107,8.3,5574,8.3
"06065","5","562111","78","0","2022","A","","Riverside County, California","Private","NAICS 562111 Solid waste collection","County, NAICS 6-digit -- by ownership sector","All establishment sizes",43,809,60682696,7670716,216151,1442,74994,"",0.65,0.86,1.25,0.78,0.75,1.46,1.46,"",4,10.3,44,5.8,7641907,14.4,427301,5.9,-31516,-12.7,108,8.1,5614,8.1
"06065","5","562112","78","0","2022","A","N","Riverside County, California","Private","NAICS 562112 Hazardous waste collection","County, NAICS 6-digit -- by ownership sector","All establishment sizes",1,0,0,0,0,0,0,"N",0.21,0,0,0,0,0,0,"N",0,0.0,0,0,0,0,0,0,0,0,0,0,0,0
"06065","5","562119","78","0","2022","A","N","Riverside County, California","Private","NAICS 562119 Other waste collection","County, NAICS 6-digit -- by ownership sector","All establishment sizes",13,0,0,0,0,0,0,"N",0.91,0,0,0,0,0,0,"N",1,8.3,0,0,0,0,0,0,0,0,0,0,0,0
"06065","5","5622","76","0","2022","A","","Riverside County, California","Private","NAICS 5622 Waste treatment and disposal","County, NAICS 4-digit -- by ownership sector","All establishment sizes",17,633,55697804,5086083,115235,1691,87955,"",0.60,1.18,1.53,0.86,0.69,1.30,1.30,"",1,6.2,45,7.7,6663480,13.6,-6730,-0.1,-30324,-20.8,88,5.5,4587,5.5
"06065","5","56221","77","0","2022","A","","Riverside County, California","Private","NAICS 56221 Waste treatment and disposal","County, NAICS 5-digit -- by ownership sector","All establishment sizes",17,633,55697804,5086083,115235,1691,87955,"",0.60,1.18,1.53,0.86,0.69,1.30,1.30,"",1,6.2,45,7.7,6663480,13.6,-6730,-0.1,-30324,-20.8,88,5.5,4587,5.5
"06065","5","562211","78","0","2022","A","N","Riverside County, California","Private","NAICS 562211 Hazardous waste treatment and disposal","County, NAICS 6-digit -- by ownership sector","All establishment sizes",2,0,0,0,0,0,0,"N",0.24,0,0,0,0,0,0,"N",0,0.0,0,0,0,0,0,0,0,0,0,0,0,0
"06065","5","562212","78","0","2022","A","","Riverside County, California","Private","NAICS 562212 Solid waste landfill","County, NAICS 6-digit -- by ownership sector","All establishment sizes",8,544,49117111,4327826,95143,1736,90275,"",0.76,2.68,3.61,2.22,1.65,1.35,1.35,"",1,14.3,48,9.7,6658387,15.7,78284,1.8,-21896,-18.7,89,5.4,4615,5.4
"06065","5","562213","78","0","2022","A","N","Riverside County, California","Private","NAICS 562213 Solid waste combustors and incinerators","County, NAICS 6-digit -- by ownership sector","All establishment sizes",2,0,0,0,0,0,0,"N",1.73,0,0,0,0,0,0,"N",0,0.0,0,0,0,0,0,0,0,0,0,0,0,0
"06065","5","562219","78","0","2022","A","","Riverside County, California","Private","NAICS 562219 Other nonhazardous waste treatment and disposal","County, NAICS 6-digit -- by ownership sector","All establishment sizes",5,9,470155,98512,3550,1014,52728,"",0.61,0.08,0.07,0.08,0.09,0.88,0.88,"",0,0.0,-4,-30.8,-103353,-18.0,-8718,-8.1,-457,-11.4,155,18.0,8039,18.0
"06065","5","5629","76","0","2022","A","","Riverside County, California","Private","NAICS 5629 Remediation and other waste management services","County, NAICS 4-digit -- by ownership sector","All establishment sizes",53,626,36438304,5854145,210142,1120,58239,"",0.50,0.68,0.72,0.54,0.43,1.05,1.05,"",6,12.8,31,5.2,3528784,10.7,253138,4.5,-28378,-11.9,56,5.3,2937,5.3
"06065","5","56291","77","0","2022","A","","Riverside County, California","Private","NAICS 56291 Remediation services","County, NAICS 5-digit -- by ownership sector","All establishment sizes",22,232,16292267,2428400,107229,1350,70175,"",0.41,0.46,0.54,0.39,0.33,1.16,1.16,"",5,29.4,18,8.4,2439576,17.6,252135,11.6,-6113,-5.4,104,8.3,5392,8.3
"06065","5","562910","78","0","2022","A","","Riverside County, California","Private","NAICS 562910 Remediation services","County, NAICS 6-digit -- by ownership sector","All establishment sizes",22,232,16292267,2428400,107229,1350,70175,"",0.41,0.46,0.54,0.39,0.33,1.16,1.16,"",5,29.4,18,8.4,2439576,17.6,252135,11.6,-6113,-5.4,104,8.3,5392,8.3
"06065","5","56292","77","0","2022","A","","Riverside County, California","Private","NAICS 56292 Materials recovery facilities","County, NAICS 5-digit -- by ownership sector","All establishment sizes",5,60,2153697,492542,14556,689,35845,"",0.49,0.47,0.34,0.37,0.31,0.73,0.73,"",0,0.0,-10,-14.3,-784367,-26.7,-194077,-28.3,-5499,-27.4,-120,-14.8,-6228,-14.8
"06065","5","562920","78","0","2022","A","","Riverside County, California","Private","NAICS 562920 Materials recovery facilities","County, NAICS 6-digit -- by ownership sector","All establishment sizes",5,60,2153697,492542,14556,689,35845,"",0.49,0.47,0.34,0.37,0.31,0.73,0.73,"",0,0.0,-10,-14.3,-784367,-26.7,-194077,-28.3,-5499,-27.4,-120,-14.8,-6228,-14.8
"06065","5","56299","77","0","2022","A","","Riverside County, California","Private","NAICS 56299 All other waste management services","County, NAICS 5-digit -- by ownership sector","All establishment sizes",26,333,17992340,2933203,88357,1038,53964,"",0.60,1.13,1.24,0.93,0.75,1.10,1.10,"",0,0.0,22,7.1,1873575,11.6,195080,7.1,-16766,-15.9,43,4.3,2205,4.3
"06065","5","562991","78","0","2022","A","","Riverside County, California","Private","NAICS 562991 Septic tank and related services","County, NAICS 6-digit -- by ownership sector","All establishment sizes",20,261,14312689,2241808,72444,1056,54908,"",0.71,1.49,1.76,1.18,1.03,1.18,1.18,"",0,0.0,26,11.1,1856163,14.9,169406,8.2,-15655,-17.8,37,3.6,1939,3.7
"06065","5","562998","78","0","2022","A","","Riverside County, California","Private","NAICS 562998 All other miscellaneous waste management services","County, NAICS 6-digit -- by ownership sector","All establishment sizes",6,73,3679651,691395,15913,973,50579,"",0.39,0.61,0.58,0.55,0.33,0.95,0.95,"",1,20.0,-3,-3.9,17412,0.5,25674,3.9,-1111,-6.5,49,5.3,2550,5.3
"06065","5","61","74","0","2022","A","","Riverside County, California","Private","NAICS 61 Educational services","County, NAICS Sector -- by ownership sector","All establishment sizes",540,7588,371229461,40911404,1345420,941,48922,"",0.54,0.47,0.49,0.63,0.72,1.03,1.03,"",22,4.2,644,9.3,53526737,16.8,3490770,9.3,-31510,-2.3,61,6.9,3168,6.9
"06065","5","611","75","0","2022","A","","Riverside County, California","Private","NAICS 611 Educational services","County, NAICS 3-digit -- by ownership sector","All establishment sizes",540,7588,371229461,40911404,1345420,941,48922,"",0.54,0.47,0.49,0.63,0.72,1.03,1.03,"",22,4.2,644,9.3,53526737,16.8,3490770,9.3,-31510,-2.3,61,6.9,3168,6.9
"06065","5","6111","76","0","2022","A","","Riverside County, California","Private","NAICS 6111 Elementary and secondary schools","County, NAICS 4-digit -- by ownership sector","All establishment sizes",59,2424,135110202,12845562,455776,1072,55740,"",0.44,0.50,0.71,0.57,0.83,1.41,1.41,"",1,1.7,385,18.9,31022906,29.8,1004654,8.5,-27631,-5.7,90,9.2,4683,9.2
"06065","5","61111","77","0","2022","A","","Riverside County, California","Private","NAICS 61111 Elementary and secondary schools","County, NAICS 5-digit -- by ownership sector","All establishment sizes",59,2424,135110202,12845562,455776,1072,55740,"",0.44,0.50,0.71,0.57,0.83,1.41,1.41,"",1,1.7,385,18.9,31022906,29.8,1004654,8.5,-27631,-5.7,90,9.2,4683,9.2
"06065","5","611110","78","0","2022","A","","Riverside County, California","Private","NAICS 611110 Elementary and secondary schools","County, NAICS 6-digit -- by ownership sector","All establishment sizes",59,2424,135110202,12845562,455776,1072,55740,"",0.44,0.50,0.71,0.57,0.83,1.41,1.41,"",1,1.7,385,18.9,31022906,29.8,1004654,8.5,-27631,-5.7,90,9.2,4683,9.2
"06065","5","6112","76","0","2022","A","N","Riverside County, California","Private","NAICS 6112 Junior colleges","County, NAICS 4-digit -- by ownership sector","All establishment sizes",3,0,0,0,0,0,0,"N",0.47,0,0,0,0,0,0,"N",0,0.0,0,0,0,0,0,0,0,0,0,0,0,0
"06065","5","61121","77","0","2022","A","N","Riverside County, California","Private","NAICS 61121 Junior colleges","County, NAICS 5-digit -- by ownership sector","All establishment sizes",3,0,0,0,0,0,0,"N",0.47,0,0,0,0,0,0,"N",0,0.0,0,0,0,0,0,0,0,0,0,0,0,0
"06065","5","611210","78","0","2022","A","N","Riverside County, California","Private","NAICS 611210 Junior colleges","County, NAICS 6-digit -- by ownership sector","All establishment sizes",3,0,0,0,0,0,0,"N",0.47,0,0,0,0,0,0,"N",0,0.0,0,0,0,0,0,0,0,0,0,0,0,0
"06065","5","6113","76","0","2022","A","","Riverside County, California","Private","NAICS 6113 Colleges, universities, and professional schools","County, NAICS 4-digit -- by ownership sector","All establishment sizes",23,1907,123493505,1201733,35746,1246,64766,"",0.28,0.29,0.30,0.16,0.18,1.05,1.05,"",0,0.0,29,1.5,6965554,6.0,98132,8.9,-3428,-8.8,53,4.4,2717,4.4
"06065","5","61131","77","0","2022","A","","Riverside County, California","Private","NAICS 61131 Colleges, universities, and professional schools","County, NAICS 5-digit -- by ownership sector","All establishment sizes",23,1907,123493505,1201733,35746,1246,64766,"",0.28,0.29,0.30,0.16,0.18,1.05,1.05,"",0,0.0,29,1.5,6965554,6.0,98132,8.9,-3428,-8.8,53,4.4,2717,4.4
"06065","5","611310","78","0","2022","A","","Riverside County, California","Private","NAICS 611310 Colleges, universities, and professional schools","County, NAICS 6-digit -- by ownership sector","All establishment sizes",23,1907,123493505,1201733,35746,1246,64766,"",0.28,0.29,0.30,0.16,0.18,1.05,1.05,"",0,0.0,29,1.5,6965554,6.0,98132,8.9,-3428,-8.8,53,4.4,2717,4.4
"06065","5","6114","76","0","2022","A","N","Riverside County, California","Private","NAICS 6114 Business schools and computer and management training","County, NAICS 4-digit -- by ownership sector","All establishment sizes",35,0,0,0,0,0,0,"N",0.31,0,0,0,0,0,0,"N",9,34.6,0,0,0,0,0,0,0,0,0,0,0,0
"06065","5","61141","77","0","2022","A","N","Riverside County, California","Private","NAICS 61141 Business and secretarial schools","County, NAICS 5-digit -- by ownership sector","All establishment sizes",2,0,0,0,0,0,0,"N",0.82,0,0,0,0,0,0,"N",0,0.0,0,0,0,0,0,0,0,0,0,0,0,0
"06065","5","611410","78","0","2022","A","N","Riverside County, California","Private","NAICS 611410 Business and secretarial schools","County, NAICS 6-digit -- by ownership sector","All establishment sizes",2,0,0,0,0,0,0,"N",0.82,0,0,0,0,0,0,"N",0,0.0,0,0,0,0,0,0,0,0,0,0,0,0
"06065","5","61142","77","0","2022","A","","Riverside County, California","Private","NAICS 61142 Computer training","County, NAICS 5-digit -- by ownership sector","All establishment sizes",5,9,882637,119860,4093,1803,93731,"",0.19,0.08,0.10,0.09,0.09,1.27,1.27,"N",2,66.7,0,0,0,0,0,0,0,0,0,0,0,0
"06065","5","611420","78","0","2022","A","","Riverside County, California","Private","NAICS 611420 Computer training","County, NAICS 6-digit -- by ownership sector","All establishment sizes",5,9,882637,119860,4093,1803,93731,"",0.19,0.08,0.10,0.09,0.09,1.27,1.27,"N",2,66.7,0,0,0,0,0,0,0,0,0,0,0,0
"06065","5","61143","77","0","2022","A","","Riverside County, California","Private","NAICS 61143 Professional and management development training","County, NAICS 5-digit -- by ownership sector","All establishment sizes",28,49,3143135,510276,19183,1227,63820,"",0.33,0.17,0.15,0.19,0.22,0.86,0.86,"",7,33.3,10,25.6,1045491,49.8,117305,29.9,3583,23.0,181,17.3,9453,17.4
"06065","5","611430","78","0","2022","A","","Riverside County, California","Private","NAICS 611430 Professional and management development training","County, NAICS 6-digit -- by ownership sector","All establishment sizes",28,49,3143135,510276,19183,1227,63820,"",0.33,0.17,0.15,0.19,0.22,0.86,0.86,"",7,33.3,10,25.6,1045491,49.8,117305,29.9,3583,23.0,181,17.3,9453,17.4
"06065","5","6115","76","0","2022","A","","Riverside County, California","Private","NAICS 6115 Technical and trade schools","County, NAICS 4-digit -- by ownership sector","All establishment sizes",67,561,29495497,5409520,219400,1012,52600,"",0.87,0.90,1.03,0.97,1.12,1.15,1.15,"",1,1.5,2,0.4,2660436,9.9,864830,19.0,15777,7.7,89,9.6,4587,9.6
"06065","5","61151","77","0","2022","A","","Riverside County, California","Private","NAICS 61151 Technical and trade schools","County, NAICS 5-digit -- by ownership sector","All establishment sizes",67,561,29495497,5409520,219400,1012,52600,"",0.87,0.90,1.03,0.97,1.12,1.15,1.15,"",1,1.5,2,0.4,2660436,9.9,864830,19.0,15777,7.7,89,9.6,4587,9.6
"06065","5","611511","78","0","2022","A","","Riverside County, California","Private","NAICS 611511 Cosmetology and barber schools","County, NAICS 6-digit -- by ownership sector","All establishment sizes",14,158,6511182,1477295,66858,794,41297,"",1.12,1.64,2.15,1.70,2.21,1.32,1.32,"",1,7.7,24,17.9,1043124,19.1,269087,22.3,8580,14.7,9,1.1,465,1.1
"06065","5","611512","78","0","2022","A","","Riverside County, California","Private","NAICS 611512 Flight training","County, NAICS 6-digit -- by ownership sector","All establishment sizes",14,49,2048106,459806,12286,798,41516,"",1.30,0.41,0.28,0.39,0.46,0.67,0.67,"",0,0.0,-13,-21.0,-462192,-18.4,-15856,-3.3,-1268,-9.4,21,2.7,1136,2.8
"06065","5","611513","78","0","2022","A","","Riverside County, California","Private","NAICS 611513 Apprenticeship training","County, NAICS 6-digit -- by ownership sector","All establishment sizes",6,80,7470893,814432,24911,1798,93484,"",0.58,0.98,2.03,1.05,0.93,2.08,2.08,"",0,0.0,18,29.0,2465742,49.3,199590,32.5,5071,25.6,250,16.1,12972,16.1
"06065","5","611519","78","0","2022","A","","Riverside County, California","Private","NAICS 611519 Other technical and trade schools","County, NAICS 6-digit -- by ownership sector","All establishment sizes",34,274,13465316,2657987,115345,946,49173,"",0.78,0.84,0.94,0.96,1.03,1.11,1.11,"",1,3.0,-27,-9.0,-386238,-2.8,412009,18.3,3394,3.0,60,6.8,3104,6.7
"06065","5","6116","76","0","2022","A","","Riverside County, California","Private","NAICS 6116 Other schools and instruction","County, NAICS 4-digit -- by ownership sector","All establishment sizes",279,2053,50600417,16260182,468330,474,24643,"",0.68,0.83,0.97,1.07,1.03,1.17,1.17,"",12,4.5,170,9.0,7950131,18.6,894668,5.8,16947,3.8,38,8.7,1994,8.8
"06065","5","61161","77","0","2022","A","","Riverside County, California","Private","NAICS 61161 Fine arts schools","County, NAICS 5-digit -- by ownership sector","All establishment sizes",82,662,17743995,5205283,172448,515,26787,"",0.82,1.13,1.72,1.64,1.82,1.53,1.53,"",5,6.5,108,19.5,3832092,27.5,970742,22.9,30265,21.3,32,6.6,1683,6.7
"06065","5","611610","78","0","2022","A","","Riverside County, California","Private","NAICS 611610 Fine arts schools","County, NAICS 6-digit -- by ownership sector","All establishment sizes",82,662,17743995,5205283,172448,515,26787,"",0.82,1.13,1.72,1.64,1.82,1.53,1.53,"",5,6.5,108,19.5,3832092,27.5,970742,22.9,30265,21.3,32,6.6,1683,6.7
"06065","5","61162","77","0","2022","A","","Riverside County, California","Private","NAICS 61162 Sports and recreation instruction","County, NAICS 5-digit -- by ownership sector","All establishment sizes",115,791,19752028,6355120,162776,480,24968,"",0.90,0.95,1.32,1.28,1.22,1.39,1.39,"",8,7.5,129,19.5,3767069,23.6,814261,14.7,6229,4.0,15,3.2,809,3.3
"06065","5","611620","78","0","2022","A","","Riverside County, California","Private","NAICS 611620 Sports and recreation instruction","County, NAICS 6-digit -- by ownership sector","All establishment sizes",115,791,19752028,6355120,162776,480,24968,"",0.90,0.95,1.32,1.28,1.22,1.39,1.39,"",8,7.5,129,19.5,3767069,23.6,814261,14.7,6229,4.0,15,3.2,809,3.3
"06065","5","61163","77","0","2022","A","","Riverside County, California","Private","NAICS 61163 Language schools","County, NAICS 5-digit -- by ownership sector","All establishment sizes",5,14,98261,57284,1259,133,6896,"",0.38,0.16,0.05,0.10,0.07,0.31,0.31,"",-2,-28.6,-2,-12.5,-34603,-26.0,-34481,-37.6,-695,-35.6,-25,-15.8,-1322,-16.1
"06065","5","611630","78","0","2022","A","","Riverside County, California","Private","NAICS 611630 Language schools","County, NAICS 6-digit -- by ownership sector","All establishment sizes",5,14,98261,57284,1259,133,6896,"",0.38,0.16,0.05,0.10,0.07,0.31,0.31,"",-2,-28.6,-2,-12.5,-34603,-26.0,-34481,-37.6,-695,-35.6,-25,-15.8,-1322,-16.1
"06065","5","61169","77","0","2022","A","","Riverside County, California","Private","NAICS 61169 All other schools and instruction","County, NAICS 5-digit -- by ownership sector","All establishment sizes",76,586,13006133,4642495,131847,427,22211,"",0.46,0.60,0.52,0.71,0.63,0.87,0.87,"",0,0.0,-65,-10.0,385573,3.1,-855854,-15.6,-18852,-12.5,54,14.5,2827,14.6
"06065","5","611691","78","0","2022","A","","Riverside County, California","Private","NAICS 611691 Exam preparation and tutoring","County, NAICS 6-digit -- by ownership sector","All establishment sizes",42,390,7031616,3003751,84107,347,18026,"",0.58,0.78,0.61,1.02,0.85,0.79,0.79,"",1,2.4,72,22.6,1580619,29.0,474642,18.8,5990,7.7,17,5.2,862,5.0
"06065","5","611692","78","0","2022","A","","Riverside County, California","Private","NAICS 611692 Automobile driving schools","County, NAICS 6-digit -- by ownership sector","All establishment sizes",16,116,3239680,1031726,31148,536,27848,"",0.91,1.37,1.71,1.56,1.75,1.25,1.25,"",1,6.7,16,16.0,604147,22.9,111951,12.2,5698,22.4,30,5.9,1537,5.8
"06065","5","611699","78","0","2022","A","","Riverside County, California","Private","NAICS 611699 All other miscellaneous schools and instruction","County, NAICS 6-digit -- by ownership sector","All establishment sizes",18,79,2734837,607018,16592,664,34545,"",0.24,0.20,0.24,0.21,0.18,1.16,1.16,"",-2,-10.0,-154,-66.1,-1799193,-39.7,-1442447,-70.4,-30540,-64.8,290,77.5,15113,77.8
"06065","5","6117","76","0","2022","A","","Riverside County, California","Private","NAICS 6117 Educational support services","County, NAICS 4-digit -- by ownership sector","All establishment sizes",74,449,21526492,3417409,80854,923,47988,"",0.41,0.44,0.41,0.40,0.26,0.94,0.94,"",-1,-1.3,27,6.4,1816455,9.2,296523,9.5,-40707,-33.5,24,2.7,1254,2.7
"06065","5","61171","77","0","2022","A","","Riverside County, California","Private","NAICS 61171 Educational support services","County, NAICS 5-digit -- by ownership sector","All establishment sizes",74,449,21526492,3417409,80854,923,47988,"",0.41,0.44,0.41,0.40,0.26,0.94,0.94,"",-1,-1.3,27,6.4,1816455,9.2,296523,9.5,-40707,-33.5,24,2.7,1254,2.7
"06065","5","611710","78","0","2022","A","","Riverside County, California","Private","NAICS 611710 Educational support services","County, NAICS 6-digit -- by ownership sector","All establishment sizes",74,449,21526492,3417409,80854,923,47988,"",0.41,0.44,0.41,0.40,0.26,0.94,0.94,"",-1,-1.3,27,6.4,1816455,9.2,296523,9.5,-40707,-33.5,24,2.7,1254,2.7
"06065","5","62","74","0","2022","A","","Riverside County, California","Private","NAICS 62 Health care and social assistance","County, NAICS Sector -- by ownership sector","All establishment sizes",34195,113384,5893225384,871345013,23459266,1000,51976,"",2.81,1.04,1.11,1.35,1.33,1.07,1.07,"",880,2.6,5722,5.3,530892333,9.9,56783670,7.0,-1567280,-6.3,42,4.4,2169,4.4
"06065","5","621","75","0","2022","A","","Riverside County, California","Private","NAICS 621 Ambulatory health care services","County, NAICS 3-digit -- by ownership sector","All establishment sizes",4004,39414,2786504864,341419449,8844031,1360,70698,"",0.90,0.91,1.11,1.00,0.99,1.23,1.23,"",169,4.4,1686,4.5,205067797,7.9,18013931,5.6,-940171,-9.6,44,3.3,2276,3.3
"06065","5","6211","76","0","2022","A","","Riverside County, California","Private","NAICS 6211 Offices of physicians","County, NAICS 4-digit -- by ownership sector","All establishment sizes",1458,11408,1080681606,100805720,2596280,1822,94729,"",0.97,0.76,0.87,0.91,0.96,1.15,1.15,"",10,0.7,118,1.0,65484844,6.5,4192104,4.3,-417596,-13.9,93,5.4,4812,5.4
"06065","5","62111","77","0","2022","A","","Riverside County, California","Private","NAICS 62111 Offices of physicians","County, NAICS 5-digit -- by ownership sector","All establishment sizes",1458,11408,1080681606,100805720,2596280,1822,94729,"",0.97,0.76,0.87,0.91,0.96,1.15,1.15,"",10,0.7,118,1.0,65484844,6.5,4192104,4.3,-417596,-13.9,93,5.4,4812,5.4
"06065","5","621111","78","0","2022","A","","Riverside County, California","Private","NAICS 621111 Offices of physicians (except mental health specialists)","County, NAICS 6-digit -- by ownership sector","All establishment sizes",1406,11234,1068247757,99280969,2557522,1829,95091,"",1.00,0.76,0.88,0.92,0.98,1.15,1.15,"",0,0.0,72,0.6,60595180,6.0,3773339,4.0,-423602,-14.2,93,5.4,4819,5.3
"06065","5","621112","78","0","2022","A","","Riverside County, California","Private","NAICS 621112 Offices of physicians, mental health specialists","County, NAICS 6-digit -- by ownership sector","All establishment sizes",52,174,12433849,1524751,38758,1373,71391,"",0.59,0.45,0.55,0.45,0.40,1.22,1.22,"",9,20.9,46,35.9,4889664,64.8,418765,37.9,6006,18.3,240,21.2,12452,21.1
"06065","5","6212","76","0","2022","A","","Riverside County, California","Private","NAICS 6212 Offices of dentists","County, NAICS 4-digit -- by ownership sector","All establishment sizes",967,6256,342880411,56329914,1438937,1054,54809,"",1.10,1.15,1.32,1.10,1.16,1.15,1.15,"",68,7.6,159,2.6,22355671,7.0,1601919,2.9,-186899,-11.5,43,4.3,2240,4.3
"06065","5","62121","77","0","2022","A","","Riverside County, California","Private","NAICS 62121 Offices of dentists","County, NAICS 5-digit -- by ownership sector","All establishment sizes",967,6256,342880411,56329914,1438937,1054,54809,"",1.10,1.15,1.32,1.10,1.16,1.15,1.15,"",68,7.6,159,2.6,22355671,7.0,1601919,2.9,-186899,-11.5,43,4.3,2240,4.3
"06065","5","621210","78","0","2022","A","","Riverside County, California","Private","NAICS 621210 Offices of dentists","County, NAICS 6-digit -- by ownership sector","All establishment sizes",967,6256,342880411,56329914,1438937,1054,54809,"",1.10,1.15,1.32,1.10,1.16,1.15,1.15,"",68,7.6,159,2.6,22355671,7.0,1601919,2.9,-186899,-11.5,43,4.3,2240,4.3
"06065","5","6213","76","0","2022","A","","Riverside County, California","Private","NAICS 6213 Offices of other health practitioners","County, NAICS 4-digit -- by ownership sector","All establishment sizes",787,5093,217078559,48688134,1333211,820,42626,"",0.67,0.87,0.95,0.93,0.97,1.09,1.09,"",30,4.0,648,14.6,26998169,14.2,6643705,15.8,63460,5.0,-2,-0.2,-138,-0.3
"06065","5","62131","77","0","2022","A","","Riverside County, California","Private","NAICS 62131 Offices of chiropractors","County, NAICS 5-digit -- by ownership sector","All establishment sizes",163,561,20641224,4898525,133206,707,36783,"",0.63,0.72,0.83,0.70,0.85,1.15,1.15,"",0,0.0,29,5.5,1987974,10.7,142025,3.0,-10702,-7.4,32,4.7,1688,4.8
"06065","5","621310","78","0","2022","A","","Riverside County, California","Private","NAICS 621310 Offices of chiropractors","County, NAICS 6-digit -- by ownership sector","All establishment sizes",163,561,20641224,4898525,133206,707,36783,"",0.63,0.72,0.83,0.70,0.85,1.15,1.15,"",0,0.0,29,5.5,1987974,10.7,142025,3.0,-10702,-7.4,32,4.7,1688,4.8
"06065","5","62132","77","0","2022","A","","Riverside County, California","Private","NAICS 62132 Offices of optometrists","County, NAICS 5-digit -- by ownership sector","All establishment sizes",131,812,37527175,7902007,208587,888,46197,"",0.94,1.01,1.19,1.07,1.28,1.17,1.17,"",5,4.0,-2,-0.2,1066684,2.9,425680,5.7,-26264,-11.2,27,3.1,1401,3.1
"06065","5","621320","78","0","2022","A","","Riverside County, California","Private","NAICS 621320 Offices of optometrists","County, NAICS 6-digit -- by ownership sector","All establishment sizes",131,812,37527175,7902007,208587,888,46197,"",0.94,1.01,1.19,1.07,1.28,1.17,1.17,"",5,4.0,-2,-0.2,1066684,2.9,425680,5.7,-26264,-11.2,27,3.1,1401,3.1
"06065","5","62133","77","0","2022","A","","Riverside County, California","Private","NAICS 62133 Offices of mental health practitioners (except physicians)","County, NAICS 5-digit -- by ownership sector","All establishment sizes",124,777,28983885,6781172,190514,717,37298,"",0.58,0.83,0.82,0.80,0.71,0.98,0.98,"",23,22.8,108,16.1,5709688,24.5,719809,11.9,1857,1.0,48,7.2,2491,7.2
"06065","5","621330","78","0","2022","A","","Riverside County, California","Private","NAICS 621330 Offices of mental health practitioners (except physicians)","County, NAICS 6-digit -- by ownership sector","All establishment sizes",124,777,28983885,6781172,190514,717,37298,"",0.58,0.83,0.82,0.80,0.71,0.98,0.98,"",23,22.8,108,16.1,5709688,24.5,719809,11.9,1857,1.0,48,7.2,2491,7.2
"06065","5","62134","77","0","2022","A","","Riverside County, California","Private","NAICS 62134 Offices of physical, occupational and speech therapists, and audiologists","County, NAICS 5-digit -- by ownership sector","All establishment sizes",203,2361,103871275,23910680,645770,846,44002,"",0.66,0.99,1.12,1.15,1.18,1.13,1.13,"",-2,-1.0,436,22.6,15559606,17.6,4996977,26.4,114258,21.5,-36,-4.1,-1870,-4.1
"06065","5","621340","78","0","2022","A","","Riverside County, California","Private","NAICS 621340 Offices of physical, occupational and speech therapists, and audiologists","County, NAICS 6-digit -- by ownership sector","All establishment sizes",203,2361,103871275,23910680,645770,846,44002,"",0.66,0.99,1.12,1.15,1.18,1.13,1.13,"",-2,-1.0,436,22.6,15559606,17.6,4996977,26.4,114258,21.5,-36,-4.1,-1870,-4.1
"06065","5","62139","77","0","2022","A","","Riverside County, California","Private","NAICS 62139 Offices of all other health practitioners","County, NAICS 5-digit -- by ownership sector","All establishment sizes",166,581,26055000,5195750,155134,862,44813,"",0.67,0.62,0.61,0.58,0.62,0.98,0.98,"",3,1.8,75,14.8,2674217,11.4,359214,7.4,-15689,-9.2,-27,-3.0,-1432,-3.1
"06065","5","621391","78","0","2022","A","","Riverside County, California","Private","NAICS 621391 Offices of podiatrists","County, NAICS 6-digit -- by ownership sector","All establishment sizes",21,88,4244447,797566,21743,932,48462,"",0.47,0.49,0.54,0.51,0.53,1.10,1.10,"",0,0.0,0,0.0,138224,3.4,-24110,-2.9,-5064,-18.9,30,3.3,1534,3.3
"06065","5","621399","78","0","2022","A","","Riverside County, California","Private","NAICS 621399 Offices of all other miscellaneous health practitioners","County, NAICS 6-digit -- by ownership sector","All establishment sizes",146,494,21810553,4398184,133391,849,44166,"",0.71,0.65,0.62,0.60,0.64,0.96,0.96,"",5,3.5,76,18.2,2535993,13.2,383324,9.5,-10625,-7.4,-38,-4.3,-1936,-4.2
"06065","5","6214","76","0","2022","A","","Riverside County, California","Private","NAICS 6214 Outpatient care centers","County, NAICS 4-digit -- by ownership sector","All establishment sizes",304,8581,729640765,62214682,1352912,1635,85035,"",0.99,1.56,2.16,1.83,1.45,1.39,1.39,"",13,4.5,386,4.7,62094918,9.3,3474712,5.9,-167181,-11.0,68,4.3,3575,4.4
"06065","5","62141","77","0","2022","A","","Riverside County, California","Private","NAICS 62141 Family planning centers","County, NAICS 5-digit -- by ownership sector","All establishment sizes",17,242,15541277,671115,16426,1235,64198,"",0.98,1.67,2.12,0.78,0.60,1.27,1.27,"",1,6.2,40,19.8,3459635,28.6,154930,30.0,-359,-2.1,87,7.6,4511,7.6
"06065","5","621410","78","0","2022","A","","Riverside County, California","Private","NAICS 621410 Family planning centers","County, NAICS 6-digit -- by ownership sector","All establishment sizes",17,242,15541277,671115,16426,1235,64198,"",0.98,1.67,2.12,0.78,0.60,1.27,1.27,"",1,6.2,40,19.8,3459635,28.6,154930,30.0,-359,-2.1,87,7.6,4511,7.6
"06065","5","62142","77","0","2022","A","","Riverside County, California","Private","NAICS 62142 Outpatient mental health and substance abuse centers","County, NAICS 5-digit -- by ownership sector","All establishment sizes",41,698,32644149,4452132,162963,899,46763,"",0.43,0.47,0.52,0.52,0.61,1.11,1.11,"",5,13.9,52,8.0,3645342,12.6,474821,11.9,-8310,-4.9,36,4.2,1873,4.2
"06065","5","621420","78","0","2022","A","","Riverside County, California","Private","NAICS 621420 Outpatient mental health and substance abuse centers","County, NAICS 6-digit -- by ownership sector","All establishment sizes",41,698,32644149,4452132,162963,899,46763,"",0.43,0.47,0.52,0.52,0.61,1.11,1.11,"",5,13.9,52,8.0,3645342,12.6,474821,11.9,-8310,-4.9,36,4.2,1873,4.2
"06065","5","62149","77","0","2022","A","","Riverside County, California","Private","NAICS 62149 Other outpatient care centers","County, NAICS 5-digit -- by ownership sector","All establishment sizes",247,7640,681455339,57091435,1173523,1715,89192,"",1.27,1.97,2.55,2.32,1.84,1.29,1.29,"",8,3.3,294,4.0,54989941,8.8,2844961,5.2,-158512,-11.9,75,4.6,3916,4.6
"06065","5","621491","78","0","2022","A","N","Riverside County, California","Private","NAICS 621491 Hmo medical centers","County, NAICS 6-digit -- by ownership sector","All establishment sizes",82,0,0,0,0,0,0,"N",4.29,0,0,0,0,0,0,"N",0,0.0,0,0,0,0,0,0,0,0,0,0,0,0
"06065","5","621492","78","0","2022","A","","Riverside County, California","Private","NAICS 621492 Kidney dialysis centers","County, NAICS 6-digit -- by ownership sector","All establishment sizes",43,1086,73263182,9386831,182299,1297,67456,"",0.81,1.55,1.92,1.48,1.38,1.24,1.24,"",-1,-2.3,-16,-1.5,3504025,5.0,-23264,-0.2,-41958,-18.7,79,6.5,4125,6.5
"06065","5","621493","78","0","2022","A","N","Riverside County, California","Private","NAICS 621493 Freestanding ambulatory surgical and emergency centers","County, NAICS 6-digit -- by ownership sector","All establishment sizes",62,0,0,0,0,0,0,"N",1.10,0,0,0,0,0,0,"N",4,6.9,0,0,0,0,0,0,0,0,0,0,0,0
"06065","5","621498","78","0","2022","A","","Riverside County, California","Private","NAICS 621498 All other outpatient care centers","County, NAICS 6-digit -- by ownership sector","All establishment sizes",60,1885,111499747,8866823,251328,1138,59156,"",0.90,1.62,1.60,1.31,1.27,0.99,0.99,"",3,5.3,394,26.4,32639501,41.4,1494794,20.3,27330,12.2,121,11.9,6277,11.9
"06065","5","6215","76","0","2022","A","","Riverside County, California","Private","NAICS 6215 Medical and diagnostic laboratories","County, NAICS 4-digit -- by ownership sector","All establishment sizes",194,1849,110966549,15438877,471756,1154,60009,"",1.04,1.08,1.05,0.97,1.08,0.97,0.97,"",34,21.2,370,25.0,19226159,21.0,2574248,20.0,9626,2.1,-39,-3.3,-2034,-3.3
"06065","5","62151","77","0","2022","A","","Riverside County, California","Private","NAICS 62151 Medical and diagnostic laboratories","County, NAICS 5-digit -- by ownership sector","All establishment sizes",194,1849,110966549,15438877,471756,1154,60009,"",1.04,1.08,1.05,0.97,1.08,0.97,0.97,"",34,21.2,370,25.0,19226159,21.0,2574248,20.0,9626,2.1,-39,-3.3,-2034,-3.3
"06065","5","621511","78","0","2022","A","","Riverside County, California","Private","NAICS 621511 Medical laboratories","County, NAICS 6-digit -- by ownership sector","All establishment sizes",118,775,41393321,6107298,182561,1028,53439,"",0.84,0.61,0.53,0.50,0.57,0.87,0.87,"",14,13.5,127,19.6,7069170,20.6,1213505,24.8,-4090,-2.2,10,1.0,490,0.9
"06065","5","621512","78","0","2022","A","","Riverside County, California","Private","NAICS 621512 Diagnostic imaging centers","County, NAICS 6-digit -- by ownership sector","All establishment sizes",76,1075,69573228,9331579,289195,1245,64744,"",1.62,2.43,2.53,2.44,2.57,1.04,1.04,"",20,35.7,245,29.5,12156989,21.2,1360743,17.1,13716,5.0,-85,-6.4,-4397,-6.4
"06065","5","6216","76","0","2022","A","","Riverside County, California","Private","NAICS 6216 Home health care services","County, NAICS 4-digit -- by ownership sector","All establishment sizes",246,4925,222201139,46631907,1427171,868,45115,"",0.79,0.60,0.88,0.77,0.78,1.47,1.47,"",16,7.0,210,4.5,8231866,3.8,2901786,6.6,-69354,-4.6,-5,-0.6,-267,-0.6
"06065","5","62161","77","0","2022","A","","Riverside County, California","Private","NAICS 62161 Home health care services","County, NAICS 5-digit -- by ownership sector","All establishment sizes",246,4925,222201139,46631907,1427171,868,45115,"",0.79,0.60,0.88,0.77,0.78,1.47,1.47,"",16,7.0,210,4.5,8231866,3.8,2901786,6.6,-69354,-4.6,-5,-0.6,-267,-0.6
"06065","5","621610","78","0","2022","A","","Riverside County, California","Private","NAICS 621610 Home health care services","County, NAICS 6-digit -- by ownership sector","All establishment sizes",246,4925,222201139,46631907,1427171,868,45115,"",0.79,0.60,0.88,0.77,0.78,1.47,1.47,"",16,7.0,210,4.5,8231866,3.8,2901786,6.6,-69354,-4.6,-5,-0.6,-267,-0.6
"06065","5","6219","76","0","2022","A","","Riverside County, California","Private","NAICS 6219 Other ambulatory health care services","County, NAICS 4-digit -- by ownership sector","All establishment sizes",49,1303,83055835,11310215,223764,1226,63742,"",0.41,0.74,0.98,0.77,0.55,1.32,1.32,"",-1,-2.0,-204,-13.5,676170,0.8,-3374543,-23.0,-172227,-43.5,175,16.7,9086,16.6
"06065","5","62191","77","0","2022","A","","Riverside County, California","Private","NAICS 62191 Ambulance services","County, NAICS 5-digit -- by ownership sector","All establishment sizes",24,1147,75727149,10319719,188416,1270,66027,"",0.64,1.31,2.01,1.38,1.00,1.53,1.53,"",0,0.0,-113,-9.0,3754799,5.2,-1902962,-15.6,-117810,-38.5,171,15.6,8902,15.6
"06065","5","621910","78","0","2022","A","","Riverside County, California","Private","NAICS 621910 Ambulance services","County, NAICS 6-digit -- by ownership sector","All establishment sizes",24,1147,75727149,10319719,188416,1270,66027,"",0.64,1.31,2.01,1.38,1.00,1.53,1.53,"",0,0.0,-113,-9.0,3754799,5.2,-1902962,-15.6,-117810,-38.5,171,15.6,8902,15.6
"06065","5","62199","77","0","2022","A","","Riverside County, California","Private","NAICS 62199 All other ambulatory health care services","County, NAICS 5-digit -- by ownership sector","All establishment sizes",25,156,7328686,990496,35348,903,46954,"",0.30,0.18,0.16,0.14,0.16,0.88,0.88,"",-1,-3.8,-91,-36.8,-3078629,-29.6,-1471581,-59.8,-54417,-60.6,94,11.6,4876,11.6
"06065","5","621991","78","0","2022","A","","Riverside County, California","Private","NAICS 621991 Blood and organ banks","County, NAICS 6-digit -- by ownership sector","All establishment sizes",7,86,4507512,375899,16341,1006,52312,"",0.47,0.19,0.22,0.12,0.21,1.14,1.14,"",-1,-12.5,-8,-8.5,882136,24.3,-63702,-14.5,-5493,-25.2,266,35.9,13812,35.9
"06065","5","621999","78","0","2022","A","","Riverside County, California","Private","NAICS 621999 All other miscellaneous ambulatory health care services","County, NAICS 6-digit -- by ownership sector","All establishment sizes",18,70,2821174,614597,19007,776,40351,"",0.26,0.16,0.11,0.15,0.14,0.65,0.65,"",0,0.0,-83,-54.2,-3960765,-58.4,-1407879,-69.6,-48924,-72.0,-76,-8.9,-3927,-8.9
"06065","5","622","75","0","2022","A","","Riverside County, California","Private","NAICS 622 Hospitals","County, NAICS 3-digit -- by ownership sector","All establishment sizes",34,19342,1603290031,97346135,2169705,1594,82893,"",0.39,0.71,0.95,2.04,2.27,1.34,1.34,"",1,3.0,484,2.6,135201775,9.2,3857662,4.1,-170468,-7.3,97,6.5,5042,6.5
"06065","5","6221","76","0","2022","A","","Riverside County, California","Private","NAICS 6221 General medical and surgical hospitals","County, NAICS 4-digit -- by ownership sector","All establishment sizes",20,18551,1550552139,92265470,2015738,1607,83581,"",0.31,0.73,0.98,2.40,2.78,1.34,1.34,"",3,17.6,490,2.7,132198347,9.3,3996795,4.5,-156416,-7.2,97,6.4,5048,6.4
"06065","5","62211","77","0","2022","A","","Riverside County, California","Private","NAICS 62211 General medical and surgical hospitals","County, NAICS 5-digit -- by ownership sector","All establishment sizes",20,18551,1550552139,92265470,2015738,1607,83581,"",0.31,0.73,0.98,2.40,2.78,1.34,1.34,"",3,17.6,490,2.7,132198347,9.3,3996795,4.5,-156416,-7.2,97,6.4,5048,6.4
"06065","5","622110","78","0","2022","A","","Riverside County, California","Private","NAICS 622110 General medical and surgical hospitals","County, NAICS 6-digit -- by ownership sector","All establishment sizes",20,18551,1550552139,92265470,2015738,1607,83581,"",0.31,0.73,0.98,2.40,2.78,1.34,1.34,"",3,17.6,490,2.7,132198347,9.3,3996795,4.5,-156416,-7.2,97,6.4,5048,6.4
"06065","5","6222","76","0","2022","A","","Riverside County, California","Private","NAICS 6222 Psychiatric and substance abuse hospitals","County, NAICS 4-digit -- by ownership sector","All establishment sizes",7,389,24932918,2094681,61286,1233,64095,"",0.75,0.59,0.81,0.47,0.52,1.37,1.36,"",-1,-12.5,-7,-1.8,2115526,9.3,-23292,-1.1,-14061,-18.7,124,11.2,6451,11.2
"06065","5","62221","77","0","2022","A","","Riverside County, California","Private","NAICS 62221 Psychiatric and substance abuse hospitals","County, NAICS 5-digit -- by ownership sector","All establishment sizes",7,389,24932918,2094681,61286,1233,64095,"",0.75,0.59,0.81,0.47,0.52,1.37,1.36,"",-1,-12.5,-7,-1.8,2115526,9.3,-23292,-1.1,-14061,-18.7,124,11.2,6451,11.2
"06065","5","622210","78","0","2022","A","","Riverside County, California","Private","NAICS 622210 Psychiatric and substance abuse hospitals","County, NAICS 6-digit -- by ownership sector","All establishment sizes",7,389,24932918,2094681,61286,1233,64095,"",0.75,0.59,0.81,0.47,0.52,1.37,1.36,"",-1,-12.5,-7,-1.8,2115526,9.3,-23292,-1.1,-14061,-18.7,124,11.2,6451,11.2
"06065","5","6223","76","0","2022","A","","Riverside County, California","Private","NAICS 6223 Specialty (except psychiatric and substance abuse) hospitals","County, NAICS 4-digit -- by ownership sector","All establishment sizes",7,401,27804974,2985984,92681,1333,69296,"",0.49,0.31,0.36,0.61,0.83,1.15,1.15,"",0,0.0,0,0.0,887902,3.3,-115841,-3.7,9,0.0,43,3.3,2213,3.3
"06065","5","62231","77","0","2022","A","","Riverside County, California","Private","NAICS 62231 Specialty (except psychiatric and substance abuse) hospitals","County, NAICS 5-digit -- by ownership sector","All establishment sizes",7,401,27804974,2985984,92681,1333,69296,"",0.49,0.31,0.36,0.61,0.83,1.15,1.15,"",0,0.0,0,0.0,887902,3.3,-115841,-3.7,9,0.0,43,3.3,2213,3.3
"06065","5","622310","78","0","2022","A","","Riverside County, California","Private","NAICS 622310 Specialty (except psychiatric and substance abuse) hospitals","County, NAICS 6-digit -- by ownership sector","All establishment sizes",7,401,27804974,2985984,92681,1333,69296,"",0.49,0.31,0.36,0.61,0.83,1.15,1.15,"",0,0.0,0,0.0,887902,3.3,-115841,-3.7,9,0.0,43,3.3,2213,3.3
"06065","5","623","75","0","2022","A","","Riverside County, California","Private","NAICS 623 Nursing and residential care facilities","County, NAICS 3-digit -- by ownership sector","All establishment sizes",547,13495,593602815,125388916,3374830,846,43988,"",0.95,0.84,1.09,1.10,1.14,1.30,1.30,"",34,6.6,441,3.4,64371237,12.2,5320559,4.4,-444708,-11.6,66,8.5,3445,8.5
"06065","5","6231","76","0","2022","A","","Riverside County, California","Private","NAICS 6231 Nursing care facilities (skilled nursing facilities)","County, NAICS 4-digit -- by ownership sector","All establishment sizes",75,5176,247163930,48951291,1167749,918,47756,"",0.59,0.72,0.95,0.86,0.82,1.32,1.32,"",5,7.1,319,6.6,33730636,15.8,4634506,10.5,-51000,-4.2,73,8.6,3815,8.7
"06065","5","62311","77","0","2022","A","","Riverside County, California","Private","NAICS 62311 Nursing care facilities (skilled nursing facilities)","County, NAICS 5-digit -- by ownership sector","All establishment sizes",75,5176,247163930,48951291,1167749,918,47756,"",0.59,0.72,0.95,0.86,0.82,1.32,1.32,"",5,7.1,319,6.6,33730636,15.8,4634506,10.5,-51000,-4.2,73,8.6,3815,8.7
"06065","5","623110","78","0","2022","A","","Riverside County, California","Private","NAICS 623110 Nursing care facilities (skilled nursing facilities)","County, NAICS 6-digit -- by ownership sector","All establishment sizes",75,5176,247163930,48951291,1167749,918,47756,"",0.59,0.72,0.95,0.86,0.82,1.32,1.32,"",5,7.1,319,6.6,33730636,15.8,4634506,10.5,-51000,-4.2,73,8.6,3815,8.7
"06065","5","6232","76","0","2022","A","","Riverside County, California","Private","NAICS 6232 Residential intellectual and developmental disability, mental health, and substance abuse facilities","County, NAICS 4-digit -- by ownership sector","All establishment sizes",189,3390,155205679,26213521,780987,880,45783,"",0.88,1.05,1.37,1.53,1.73,1.31,1.31,"",15,8.6,227,7.2,21647634,16.2,1372932,5.5,-125311,-13.8,68,8.4,3560,8.4
"06065","5","62321","77","0","2022","A","","Riverside County, California","Private","NAICS 62321 Residential intellectual and developmental disability facilities","County, NAICS 5-digit -- by ownership sector","All establishment sizes",124,1386,55629170,9997378,230404,772,40127,"",0.81,0.70,0.85,1.08,1.13,1.21,1.21,"",3,2.5,38,2.8,6184502,12.5,58572,0.6,-47892,-17.2,67,9.5,3454,9.4
"06065","5","623210","78","0","2022","A","","Riverside County, California","Private","NAICS 623210 Residential intellectual and developmental disability facilities","County, NAICS 6-digit -- by ownership sector","All establishment sizes",124,1386,55629170,9997378,230404,772,40127,"",0.81,0.70,0.85,1.08,1.13,1.21,1.21,"",3,2.5,38,2.8,6184502,12.5,58572,0.6,-47892,-17.2,67,9.5,3454,9.4
"06065","5","62322","77","0","2022","A","","Riverside County, California","Private","NAICS 62322 Residential mental health and substance abuse facilities","County, NAICS 5-digit -- by ownership sector","All establishment sizes",66,2004,99576509,16216143,550583,956,49697,"",1.07,1.59,2.10,2.08,2.23,1.32,1.32,"",12,22.2,189,10.4,15463132,18.4,1314360,8.8,-77419,-12.3,65,7.3,3351,7.2
"06065","5","623220","78","0","2022","A","","Riverside County, California","Private","NAICS 623220 Residential mental health and substance abuse facilities","County, NAICS 6-digit -- by ownership sector","All establishment sizes",66,2004,99576509,16216143,550583,956,49697,"",1.07,1.59,2.10,2.08,2.23,1.32,1.32,"",12,22.2,189,10.4,15463132,18.4,1314360,8.8,-77419,-12.3,65,7.3,3351,7.2
"06065","5","6233","76","0","2022","A","","Riverside County, California","Private","NAICS 6233 Continuing care retirement communities and assisted living facilities for the elderly","County, NAICS 4-digit -- by ownership sector","All establishment sizes",244,4244,161222487,44994991,1285863,731,37986,"",1.30,0.89,1.14,1.27,1.35,1.29,1.29,"",13,5.6,-50,-1.2,7959512,5.2,-657113,-1.4,-227914,-15.1,45,6.6,2294,6.4
"06065","5","62331","77","0","2022","A","","Riverside County, California","Private","NAICS 62331 Continuing care retirement communities and assisted living facilities for the elderly","County, NAICS 5-digit -- by ownership sector","All establishment sizes",244,4244,161222487,44994991,1285863,731,37986,"",1.30,0.89,1.14,1.27,1.35,1.29,1.29,"",13,5.6,-50,-1.2,7959512,5.2,-657113,-1.4,-227914,-15.1,45,6.6,2294,6.4
"06065","5","623311","78","0","2022","A","","Riverside County, California","Private","NAICS 623311 Continuing care retirement communities","County, NAICS 6-digit -- by ownership sector","All establishment sizes",32,1332,54518246,13562744,384798,787,40942,"",0.67,0.56,0.74,0.93,1.07,1.32,1.32,"",-3,-8.6,35,2.7,5696250,11.7,105370,0.8,-38438,-9.1,63,8.7,3295,8.8
"06065","5","623312","78","0","2022","A","","Riverside County, California","Private","NAICS 623312 Assisted living facilities for the elderly","County, NAICS 6-digit -- by ownership sector","All establishment sizes",212,2913,106704241,31432247,901065,705,36635,"",1.52,1.22,1.59,1.50,1.52,1.31,1.31,"",15,7.6,-84,-2.8,2263262,2.2,-762483,-2.4,-189476,-17.4,35,5.2,1789,5.1
"06065","5","6239","76","0","2022","A","","Riverside County, California","Private","NAICS 6239 Other residential care facilities","County, NAICS 4-digit -- by ownership sector","All establishment sizes",39,685,30010719,5229113,140231,843,43817,"",0.84,0.84,1.05,1.13,1.10,1.25,1.25,"",1,2.6,-54,-7.3,1033455,3.6,-29766,-0.6,-40483,-22.4,89,11.8,4610,11.8
"06065","5","62399","77","0","2022","A","","Riverside County, California","Private","NAICS 62399 Other residential care facilities","County, NAICS 5-digit -- by ownership sector","All establishment sizes",39,685,30010719,5229113,140231,843,43817,"",0.84,0.84,1.05,1.13,1.10,1.25,1.25,"",1,2.6,-54,-7.3,1033455,3.6,-29766,-0.6,-40483,-22.4,89,11.8,4610,11.8
"06065","5","623990","78","0","2022","A","","Riverside County, California","Private","NAICS 623990 Other residential care facilities","County, NAICS 6-digit -- by ownership sector","All establishment sizes",39,685,30010719,5229113,140231,843,43817,"",0.84,0.84,1.05,1.13,1.10,1.25,1.25,"",1,2.6,-54,-7.3,1033455,3.6,-29766,-0.6,-40483,-22.4,89,11.8,4610,11.8
"06065","5","624","75","0","2022","A","","Riverside County, California","Private","NAICS 624 Social assistance","County, NAICS 3-digit -- by ownership sector","All establishment sizes",29610,41133,909827674,307190513,9070700,425,22119,"",4.22,1.83,1.63,2.13,1.92,0.89,0.89,"",676,2.3,3110,8.2,126251524,16.1,29591518,10.7,-11933,-0.1,29,7.3,1511,7.3
"06065","5","6241","76","0","2022","A","","Riverside County, California","Private","NAICS 6241 Individual and family services","County, NAICS 4-digit -- by ownership sector","All establishment sizes",29229,36842,772168245,278058626,8263230,403,20959,"",4.59,2.45,2.16,2.97,2.56,0.89,0.89,"",658,2.3,2647,7.7,108753712,16.4,25892958,10.3,61615,0.8,30,8.0,1558,8.0
"06065","5","62411","77","0","2022","A","","Riverside County, California","Private","NAICS 62411 Child and youth services","County, NAICS 5-digit -- by ownership sector","All establishment sizes",57,794,36277398,3454691,106492,879,45699,"",0.67,0.71,0.96,0.62,0.60,1.35,1.35,"",2,3.6,21,2.7,3559927,10.9,26532,0.8,-21014,-16.5,65,8.0,3369,8.0
"06065","5","624110","78","0","2022","A","","Riverside County, California","Private","NAICS 624110 Child and youth services","County, NAICS 6-digit -- by ownership sector","All establishment sizes",57,794,36277398,3454691,106492,879,45699,"",0.67,0.71,0.96,0.62,0.60,1.35,1.35,"",2,3.6,21,2.7,3559927,10.9,26532,0.8,-21014,-16.5,65,8.0,3369,8.0
"06065","5","62412","77","0","2022","A","","Riverside County, California","Private","NAICS 62412 Services for the elderly and persons with disabilities","County, NAICS 5-digit -- by ownership sector","All establishment sizes",28985,34617,673653989,261885770,7749738,374,19460,"",4.81,3.03,2.99,3.63,3.12,0.98,0.99,"",645,2.3,2507,7.8,97783794,17.0,24847214,10.5,122944,1.6,29,8.4,1526,8.5
"06065","5","624120","78","0","2022","A","","Riverside County, California","Private","NAICS 624120 Services for the elderly and persons with disabilities","County, NAICS 6-digit -- by ownership sector","All establishment sizes",28985,34617,673653989,261885770,7749738,374,19460,"",4.81,3.03,2.99,3.63,3.12,0.98,0.99,"",645,2.3,2507,7.8,97783794,17.0,24847214,10.5,122944,1.6,29,8.4,1526,8.5
"06065","5","62419","77","0","2022","A","","Riverside County, California","Private","NAICS 62419 Other individual and family services","County, NAICS 5-digit -- by ownership sector","All establishment sizes",188,1432,62236858,12718165,407000,836,43464,"",0.72,0.57,0.66,0.79,0.71,1.18,1.17,"",12,6.8,120,9.1,7409991,13.5,1019212,8.7,-40315,-9.0,32,4.0,1678,4.0
"06065","5","624190","78","0","2022","A","","Riverside County, California","Private","NAICS 624190 Other individual and family services","County, NAICS 6-digit -- by ownership sector","All establishment sizes",188,1432,62236858,12718165,407000,836,43464,"",0.72,0.57,0.66,0.79,0.71,1.18,1.17,"",12,6.8,120,9.1,7409991,13.5,1019212,8.7,-40315,-9.0,32,4.0,1678,4.0
"06065","5","6242","76","0","2022","A","","Riverside County, California","Private","NAICS 6242 Community food and housing, and emergency and other relief services","County, NAICS 4-digit -- by ownership sector","All establishment sizes",58,628,26449958,4994194,161684,810,42101,"",0.64,0.57,0.61,0.77,0.72,1.07,1.07,"",0,0.0,11,1.8,1895135,7.7,-239398,-4.6,-60730,-27.3,45,5.9,2315,5.8
"06065","5","62421","77","0","2022","A","","Riverside County, California","Private","NAICS 62421 Community food services","County, NAICS 5-digit -- by ownership sector","All establishment sizes",26,163,7160316,819425,25706,845,43928,"",1.03,0.69,0.85,0.57,0.57,1.23,1.23,"N",-3,-10.3,0,0,0,0,0,0,0,0,0,0,0,0
"06065","5","624210","78","0","2022","A","","Riverside County, California","Private","NAICS 624210 Community food services","County, NAICS 6-digit -- by ownership sector","All establishment sizes",26,163,7160316,819425,25706,845,43928,"",1.03,0.69,0.85,0.57,0.57,1.23,1.23,"N",-3,-10.3,0,0,0,0,0,0,0,0,0,0,0,0
"06065","5","62422","77","0","2022","A","","Riverside County, California","Private","NAICS 62422 Community housing services","County, NAICS 5-digit -- by ownership sector","All establishment sizes",28,439,17686620,3935329,122005,776,40334,"",0.58,0.64,0.69,0.94,0.81,1.08,1.08,"",4,16.7,19,4.5,1695861,10.6,94577,2.5,-32446,-21.0,44,6.0,2268,6.0
"06065","5","624221","78","0","2022","A","","Riverside County, California","Private","NAICS 624221 Temporary shelters","County, NAICS 6-digit -- by ownership sector","All establishment sizes",12,273,10381841,2519143,85364,730,37982,"",0.45,0.62,0.69,0.99,1.00,1.12,1.12,"",1,9.1,7,2.6,568357,5.8,146388,6.2,-22279,-20.7,21,3.0,1101,3.0
"06065","5","624229","78","0","2022","A","","Riverside County, California","Private","NAICS 624229 Other community housing services","County, NAICS 6-digit -- by ownership sector","All establishment sizes",16,165,7304779,1416186,36641,851,44227,"",0.74,0.69,0.70,0.85,0.56,1.01,1.01,"",3,23.1,11,7.1,1127504,18.3,-51811,-3.5,-10167,-21.7,80,10.4,4115,10.3
"06065","5","62423","77","0","2022","A","","Riverside County, California","Private","NAICS 62423 Emergency and other relief services","County, NAICS 5-digit -- by ownership sector","All establishment sizes",5,27,1603022,239440,13973,1152,59926,"",0.31,0.15,0.17,0.28,0.50,1.17,1.17,"N",-1,-16.7,0,0,0,0,0,0,0,0,0,0,0,0
"06065","5","624230","78","0","2022","A","","Riverside County, California","Private","NAICS 624230 Emergency and other relief services","County, NAICS 6-digit -- by ownership sector","All establishment sizes",5,27,1603022,239440,13973,1152,59926,"",0.31,0.15,0.17,0.28,0.50,1.17,1.17,"N",-1,-16.7,0,0,0,0,0,0,0,0,0,0,0,0
"06065","5","6243","76","0","2022","A","","Riverside County, California","Private","NAICS 6243 Vocational rehabilitation services","County, NAICS 4-digit -- by ownership sector","All establishment sizes",30,1097,31136247,2882445,86531,546,28381,"",0.48,0.74,0.74,0.50,0.55,0.99,0.99,"",-1,-3.2,51,4.9,1760186,6.0,190534,7.1,-13580,-13.6,6,1.1,308,1.1
"06065","5","62431","77","0","2022","A","","Riverside County, California","Private","NAICS 62431 Vocational rehabilitation services","County, NAICS 5-digit -- by ownership sector","All establishment sizes",30,1097,31136247,2882445,86531,546,28381,"",0.48,0.74,0.74,0.50,0.55,0.99,0.99,"",-1,-3.2,51,4.9,1760186,6.0,190534,7.1,-13580,-13.6,6,1.1,308,1.1
"06065","5","624310","78","0","2022","A","","Riverside County, California","Private","NAICS 624310 Vocational rehabilitation services","County, NAICS 6-digit -- by ownership sector","All establishment sizes",30,1097,31136247,2882445,86531,546,28381,"",0.48,0.74,0.74,0.50,0.55,0.99,0.99,"",-1,-3.2,51,4.9,1760186,6.0,190534,7.1,-13580,-13.6,6,1.1,308,1.1
"06065","5","6244","76","0","2022","A","","Riverside County, California","Private","NAICS 6244 Child care services","County, NAICS 4-digit -- by ownership sector","All establishment sizes",293,2565,80073224,21255248,559255,600,31217,"",0.59,0.54,0.70,0.55,0.50,1.30,1.30,"",19,6.9,400,18.5,13842491,20.9,3747424,21.4,762,0.1,12,2.0,621,2.0
"06065","5","62441","77","0","2022","A","","Riverside County, California","Private","NAICS 62441 Child care services","County, NAICS 5-digit -- by ownership sector","All establishment sizes",293,2565,80073224,21255248,559255,600,31217,"",0.59,0.54,0.70,0.55,0.50,1.30,1.30,"",19,6.9,400,18.5,13842491,20.9,3747424,21.4,762,0.1,12,2.0,621,2.0
"06065","5","624410","78","0","2022","A","","Riverside County, California","Private","NAICS 624410 Child care services","County, NAICS 6-digit -- by ownership sector","All establishment sizes",293,2565,80073224,21255248,559255,600,31217,"",0.59,0.54,0.70,0.55,0.50,1.30,1.30,"",19,6.9,400,18.5,13842491,20.9,3747424,21.4,762,0.1,12,2.0,621,2.0
"06065","5","71","74","0","2022","A","","Riverside County, California","Private","NAICS 71 Arts, entertainment, and recreation","County, NAICS Sector -- by ownership sector","All establishment sizes",736,12678,463611356,113711493,4322439,703,36569,"",0.65,1.02,0.97,1.30,1.33,0.95,0.95,"",36,5.1,1523,13.7,70837720,18.0,11105593,10.8,-3241,-0.1,26,3.8,1357,3.9
"06065","5","711","75","0","2022","A","","Riverside County, California","Private","NAICS 711 Performing arts, spectator sports, and related industries","County, NAICS 3-digit -- by ownership sector","All establishment sizes",256,1389,64746640,13126061,449435,896,46605,"",0.54,0.52,0.26,0.60,0.47,0.51,0.51,"",31,13.8,361,35.1,17820091,38.0,2684759,25.7,50644,12.7,18,2.1,957,2.1
"06065","5","7111","76","0","2022","A","","Riverside County, California","Private","NAICS 7111 Performing arts companies","County, NAICS 4-digit -- by ownership sector","All establishment sizes",29,256,10124351,2926105,101178,762,39626,"",0.37,0.39,0.34,0.54,0.32,0.87,0.87,"",3,11.5,158,161.2,6892487,213.3,1851930,172.4,61286,153.6,127,20.0,6620,20.1
"06065","5","71111","77","0","2022","A","","Riverside County, California","Private","NAICS 71111 Theater companies and dinner theaters","County, NAICS 5-digit -- by ownership sector","All establishment sizes",10,192,7279451,2167784,84292,731,38013,"",0.39,0.54,0.58,0.71,0.45,1.09,1.09,"",1,11.1,147,326.7,5889325,423.7,1674521,339.5,58591,228.0,134,22.4,6949,22.4
"06065","5","711110","78","0","2022","A","","Riverside County, California","Private","NAICS 711110 Theater companies and dinner theaters","County, NAICS 6-digit -- by ownership sector","All establishment sizes",10,192,7279451,2167784,84292,731,38013,"",0.39,0.54,0.58,0.71,0.45,1.09,1.09,"",1,11.1,147,326.7,5889325,423.7,1674521,339.5,58591,228.0,134,22.4,6949,22.4
"06065","5","71112","77","0","2022","A","N","Riverside County, California","Private","NAICS 71112 Dance companies","County, NAICS 5-digit -- by ownership sector","All establishment sizes",1,0,0,0,0,0,0,"N",0.12,0,0,0,0,0,0,"N",-1,-50.0,0,0,0,0,0,0,0,0,0,0,0,0
"06065","5","711120","78","0","2022","A","N","Riverside County, California","Private","NAICS 711120 Dance companies","County, NAICS 6-digit -- by ownership sector","All establishment sizes",1,0,0,0,0,0,0,"N",0.12,0,0,0,0,0,0,"N",-1,-50.0,0,0,0,0,0,0,0,0,0,0,0,0
"06065","5","71113","77","0","2022","A","","Riverside County, California","Private","NAICS 71113 Musical groups and artists","County, NAICS 5-digit -- by ownership sector","All establishment sizes",15,39,2119097,561256,11942,1043,54220,"",0.41,0.21,0.16,0.43,0.18,0.77,0.77,"",4,36.4,1,2.6,594269,39.0,103816,22.7,598,5.3,275,35.8,14268,35.7
"06065","5","711130","78","0","2022","A","","Riverside County, California","Private","NAICS 711130 Musical groups and artists","County, NAICS 6-digit -- by ownership sector","All establishment sizes",15,39,2119097,561256,11942,1043,54220,"",0.41,0.21,0.16,0.43,0.18,0.77,0.77,"",4,36.4,1,2.6,594269,39.0,103816,22.7,598,5.3,275,35.8,14268,35.7
"06065","5","71119","77","0","2022","A","N","Riverside County, California","Private","NAICS 71119 Other performing arts companies","County, NAICS 5-digit -- by ownership sector","All establishment sizes",3,0,0,0,0,0,0,"N",0.41,0,0,0,0,0,0,"N",0,0.0,0,0,0,0,0,0,0,0,0,0,0,0
"06065","5","711190","78","0","2022","A","N","Riverside County, California","Private","NAICS 711190 Other performing arts companies","County, NAICS 6-digit -- by ownership sector","All establishment sizes",3,0,0,0,0,0,0,"N",0.41,0,0,0,0,0,0,"N",0,0.0,0,0,0,0,0,0,0,0,0,0,0,0
"06065","5","7112","76","0","2022","A","","Riverside County, California","Private","NAICS 7112 Spectator sports","County, NAICS 4-digit -- by ownership sector","All establishment sizes",44,462,21572777,4271430,158612,899,46728,"",0.86,0.60,0.18,0.66,0.80,0.30,0.30,"",-2,-4.3,29,6.7,3203092,17.4,258145,6.4,-10803,-6.4,83,10.2,4304,10.1
"06065","5","71121","77","0","2022","A","","Riverside County, California","Private","NAICS 71121 Spectator sports","County, NAICS 5-digit -- by ownership sector","All establishment sizes",44,462,21572777,4271430,158612,899,46728,"",0.86,0.60,0.18,0.66,0.80,0.30,0.30,"",-2,-4.3,29,6.7,3203092,17.4,258145,6.4,-10803,-6.4,83,10.2,4304,10.1
"06065","5","711211","78","0","2022","A","","Riverside County, California","Private","NAICS 711211 Sports teams and clubs","County, NAICS 6-digit -- by ownership sector","All establishment sizes",14,297,11262501,2581007,103818,728,37868,"",0.68,0.57,0.10,0.58,0.80,0.18,0.18,"",1,7.7,32,12.1,2035286,22.1,149347,6.1,-19022,-15.5,59,8.8,3081,8.9
"06065","5","711212","78","0","2022","A","N","Riverside County, California","Private","NAICS 711212 Racetracks","County, NAICS 6-digit -- by ownership sector","All establishment sizes",6,0,0,0,0,0,0,"N",1.17,0,0,0,0,0,0,"N",-1,-14.3,0,0,0,0,0,0,0,0,0,0,0,0
"06065","5","711219","78","0","2022","A","N","Riverside County, California","Private","NAICS 711219 Other spectator sports","County, NAICS 6-digit -- by ownership sector","All establishment sizes",24,0,0,0,0,0,0,"N",0.93,0,0,0,0,0,0,"N",-3,-11.1,0,0,0,0,0,0,0,0,0,0,0,0
"06065","5","7113","76","0","2022","A","","Riverside County, California","Private","NAICS 7113 Promoters of performing arts, sports, and similar events","County, NAICS 4-digit -- by ownership sector","All establishment sizes",46,449,15302319,3619286,124037,655,34081,"",0.70,0.57,0.44,0.62,0.49,0.77,0.77,"",2,4.5,133,42.1,2230292,17.1,360253,11.1,-2570,-2.0,-140,-17.6,-7243,-17.5
"06065","5","71131","77","0","2022","A","","Riverside County, California","Private","NAICS 71131 Promoters of performing arts, sports, and similar events with facilities","County, NAICS 5-digit -- by ownership sector","All establishment sizes",31,371,11951228,2892755,97068,619,32206,"",1.11,0.64,0.53,0.72,0.54,0.82,0.82,"",3,10.7,104,39.0,851916,7.7,165991,6.1,-7580,-7.2,-179,-22.4,-9313,-22.4
"06065","5","711310","78","0","2022","A","","Riverside County, California","Private","NAICS 711310 Promoters of performing arts, sports, and similar events with facilities","County, NAICS 6-digit -- by ownership sector","All establishment sizes",31,371,11951228,2892755,97068,619,32206,"",1.11,0.64,0.53,0.72,0.54,0.82,0.82,"",3,10.7,104,39.0,851916,7.7,165991,6.1,-7580,-7.2,-179,-22.4,-9313,-22.4
"06065","5","71132","77","0","2022","A","","Riverside County, California","Private","NAICS 71132 Promoters of performing arts, sports, and similar events without facilities","County, NAICS 5-digit -- by ownership sector","All establishment sizes",15,78,3351091,726531,26969,827,43009,"",0.40,0.39,0.29,0.40,0.36,0.74,0.73,"",-1,-6.2,29,59.2,1378376,69.9,194262,36.5,5010,22.8,53,6.8,2750,6.8
"06065","5","711320","78","0","2022","A","","Riverside County, California","Private","NAICS 711320 Promoters of performing arts, sports, and similar events without facilities","County, NAICS 6-digit -- by ownership sector","All establishment sizes",15,78,3351091,726531,26969,827,43009,"",0.40,0.39,0.29,0.40,0.36,0.74,0.73,"",-1,-6.2,29,59.2,1378376,69.9,194262,36.5,5010,22.8,53,6.8,2750,6.8
"06065","5","7114","76","0","2022","A","","Riverside County, California","Private","NAICS 7114 Agents and managers for artists, athletes, entertainers, and other public figures","County, NAICS 4-digit -- by ownership sector","All establishment sizes",10,20,1663744,226131,6086,1634,84957,"",0.25,0.13,0.10,0.19,0.10,0.77,0.77,"",-1,-9.1,-2,-9.1,47778,3.0,-9320,-4.0,-953,-13.5,211,14.8,10943,14.8
"06065","5","71141","77","0","2022","A","","Riverside County, California","Private","NAICS 71141 Agents and managers for artists, athletes, entertainers, and other public figures","County, NAICS 5-digit -- by ownership sector","All establishment sizes",10,20,1663744,226131,6086,1634,84957,"",0.25,0.13,0.10,0.19,0.10,0.77,0.77,"",-1,-9.1,-2,-9.1,47778,3.0,-9320,-4.0,-953,-13.5,211,14.8,10943,14.8
"06065","5","711410","78","0","2022","A","","Riverside County, California","Private","NAICS 711410 Agents and managers for artists, athletes, entertainers, and other public figures","County, NAICS 6-digit -- by ownership sector","All establishment sizes",10,20,1663744,226131,6086,1634,84957,"",0.25,0.13,0.10,0.19,0.10,0.77,0.77,"",-1,-9.1,-2,-9.1,47778,3.0,-9320,-4.0,-953,-13.5,211,14.8,10943,14.8
"06065","5","7115","76","0","2022","A","","Riverside County, California","Private","NAICS 7115 Independent artists, writers, and performers","County, NAICS 4-digit -- by ownership sector","All establishment sizes",127,204,16083449,2083109,59522,1520,79034,"",0.53,0.65,0.38,0.69,0.49,0.59,0.59,"",28,28.3,45,28.3,5446442,51.2,223751,12.0,3684,6.6,233,18.1,12100,18.1
"06065","5","71151","77","0","2022","A","","Riverside County, California","Private","NAICS 71151 Independent artists, writers, and performers","County, NAICS 5-digit -- by ownership sector","All establishment sizes",127,204,16083449,2083109,59522,1520,79034,"",0.53,0.65,0.38,0.69,0.49,0.59,0.59,"",28,28.3,45,28.3,5446442,51.2,223751,12.0,3684,6.6,233,18.1,12100,18.1
"06065","5","711510","78","0","2022","A","","Riverside County, California","Private","NAICS 711510 Independent artists, writers, and performers","County, NAICS 6-digit -- by ownership sector","All establishment sizes",127,204,16083449,2083109,59522,1520,79034,"",0.53,0.65,0.38,0.69,0.49,0.59,0.59,"",28,28.3,45,28.3,5446442,51.2,223751,12.0,3684,6.6,233,18.1,12100,18.1
"06065","5","712","75","0","2022","A","","Riverside County, California","Private","NAICS 712 Museums, historical sites, and similar institutions","County, NAICS 3-digit -- by ownership sector","All establishment sizes",29,432,20422136,2036516,94558,909,47292,"",0.59,0.51,0.70,0.53,0.85,1.36,1.36,"",0,0.0,95,28.2,5049497,32.8,327743,19.2,12003,14.5,31,3.5,1642,3.6
"06065","5","7121","76","0","2022","A","","Riverside County, California","Private","NAICS 7121 Museums, historical sites, and similar institutions","County, NAICS 4-digit -- by ownership sector","All establishment sizes",29,432,20422136,2036516,94558,909,47292,"",0.59,0.51,0.70,0.53,0.85,1.36,1.36,"",0,0.0,95,28.2,5049497,32.8,327743,19.2,12003,14.5,31,3.5,1642,3.6
"06065","5","71211","77","0","2022","A","","Riverside County, California","Private","NAICS 71211 Museums","County, NAICS 5-digit -- by ownership sector","All establishment sizes",24,224,9346000,1627674,81435,803,41754,"",0.73,0.47,0.53,0.77,1.25,1.12,1.12,"",0,0.0,54,31.8,2243243,31.6,266618,19.6,12595,18.3,0,0.0,-27,-0.1
"06065","5","712110","78","0","2022","A","","Riverside County, California","Private","NAICS 712110 Museums","County, NAICS 6-digit -- by ownership sector","All establishment sizes",24,224,9346000,1627674,81435,803,41754,"",0.73,0.47,0.53,0.77,1.25,1.12,1.12,"",0,0.0,54,31.8,2243243,31.6,266618,19.6,12595,18.3,0,0.0,-27,-0.1
"06065","5","71212","77","0","2022","A","N","Riverside County, California","Private","NAICS 71212 Historical sites","County, NAICS 5-digit -- by ownership sector","All establishment sizes",0,0,0,0,0,0,0,"N",0.00,0,0,0,0,0,0,"N",0,0,0,0,0,0,0,0,0,0,0,0,0,0
"06065","5","712120","78","0","2022","A","N","Riverside County, California","Private","NAICS 712120 Historical sites","County, NAICS 6-digit -- by ownership sector","All establishment sizes",0,0,0,0,0,0,0,"N",0.00,0,0,0,0,0,0,"N",0,0,0,0,0,0,0,0,0,0,0,0,0,0
"06065","5","71213","77","0","2022","A","N","Riverside County, California","Private","NAICS 71213 Zoos and botanical gardens","County, NAICS 5-digit -- by ownership sector","All establishment sizes",2,0,0,0,0,0,0,"N",0.35,0,0,0,0,0,0,"N",0,0.0,0,0,0,0,0,0,0,0,0,0,0,0
"06065","5","712130","78","0","2022","A","N","Riverside County, California","Private","NAICS 712130 Zoos and botanical gardens","County, NAICS 6-digit -- by ownership sector","All establishment sizes",2,0,0,0,0,0,0,"N",0.35,0,0,0,0,0,0,"N",0,0.0,0,0,0,0,0,0,0,0,0,0,0,0
"06065","5","71219","77","0","2022","A","N","Riverside County, California","Private","NAICS 71219 Nature parks and other similar institutions","County, NAICS 5-digit -- by ownership sector","All establishment sizes",3,0,0,0,0,0,0,"N",0.51,0,0,0,0,0,0,"N",0,0.0,0,0,0,0,0,0,0,0,0,0,0,0
"06065","5","712190","78","0","2022","A","N","Riverside County, California","Private","NAICS 712190 Nature parks and other similar institutions","County, NAICS 6-digit -- by ownership sector","All establishment sizes",3,0,0,0,0,0,0,"N",0.51,0,0,0,0,0,0,"N",0,0.0,0,0,0,0,0,0,0,0,0,0,0,0
"06065","5","713","75","0","2022","A","","Riverside County, California","Private","NAICS 713 Amusement, gambling, and recreation industries","County, NAICS 3-digit -- by ownership sector","All establishment sizes",451,10857,378442580,98548916,3778446,670,34858,"",0.74,1.22,1.86,1.59,1.72,1.52,1.52,"",5,1.1,1067,10.9,47968132,14.5,8093091,8.9,-65888,-1.7,21,3.2,1101,3.3
"06065","5","7131","76","0","2022","A","N","Riverside County, California","Private","NAICS 7131 Amusement parks and arcades","County, NAICS 4-digit -- by ownership sector","All establishment sizes",23,0,0,0,0,0,0,"N",0.90,0,0,0,0,0,0,"N",1,4.5,0,0,0,0,0,0,0,0,0,0,0,0
"06065","5","71311","77","0","2022","A","","Riverside County, California","Private","NAICS 71311 Amusement and theme parks","County, NAICS 5-digit -- by ownership sector","All establishment sizes",9,381,11517808,4009825,97683,582,30270,"",1.14,0.38,0.41,0.63,0.64,1.07,1.07,"",0,0.0,79,26.2,2977148,34.9,1137025,39.6,2516,2.6,39,7.2,2013,7.1
"06065","5","713110","78","0","2022","A","","Riverside County, California","Private","NAICS 713110 Amusement and theme parks","County, NAICS 6-digit -- by ownership sector","All establishment sizes",9,381,11517808,4009825,97683,582,30270,"",1.14,0.38,0.41,0.63,0.64,1.07,1.07,"",0,0.0,79,26.2,2977148,34.9,1137025,39.6,2516,2.6,39,7.2,2013,7.1
"06065","5","71312","77","0","2022","A","N","Riverside County, California","Private","NAICS 71312 Amusement arcades","County, NAICS 5-digit -- by ownership sector","All establishment sizes",14,0,0,0,0,0,0,"N",0.80,0,0,0,0,0,0,"N",0,0.0,0,0,0,0,0,0,0,0,0,0,0,0
"06065","5","713120","78","0","2022","A","N","Riverside County, California","Private","NAICS 713120 Amusement arcades","County, NAICS 6-digit -- by ownership sector","All establishment sizes",14,0,0,0,0,0,0,"N",0.80,0,0,0,0,0,0,"N",0,0.0,0,0,0,0,0,0,0,0,0,0,0,0
"06065","5","7132","76","0","2022","A","N","Riverside County, California","Private","NAICS 7132 Gambling industries","County, NAICS 4-digit -- by ownership sector","All establishment sizes",3,0,0,0,0,0,0,"N",0.12,0,0,0,0,0,0,"N",-2,-40.0,0,0,0,0,0,0,0,0,0,0,0,0
"06065","5","71321","77","0","2022","A","N","Riverside County, California","Private","NAICS 71321 Casinos (except casino hotels)","County, NAICS 5-digit -- by ownership sector","All establishment sizes",0,0,0,0,0,0,0,"N",0.00,0,0,0,0,0,0,"N",-1,-100.0,0,0,0,0,0,0,0,0,0,0,0,0
"06065","5","713210","78","0","2022","A","N","Riverside County, California","Private","NAICS 713210 Casinos (except casino hotels)","County, NAICS 6-digit -- by ownership sector","All establishment sizes",0,0,0,0,0,0,0,"N",0.00,0,0,0,0,0,0,"N",-1,-100.0,0,0,0,0,0,0,0,0,0,0,0,0
"06065","5","71329","77","0","2022","A","N","Riverside County, California","Private","NAICS 71329 Other gambling industries","County, NAICS 5-digit -- by ownership sector","All establishment sizes",3,0,0,0,0,0,0,"N",0.13,0,0,0,0,0,0,"N",-1,-25.0,0,0,0,0,0,0,0,0,0,0,0,0
"06065","5","713290","78","0","2022","A","N","Riverside County, California","Private","NAICS 713290 Other gambling industries","County, NAICS 6-digit -- by ownership sector","All establishment sizes",3,0,0,0,0,0,0,"N",0.13,0,0,0,0,0,0,"N",-1,-25.0,0,0,0,0,0,0,0,0,0,0,0,0
"06065","5","7139","76","0","2022","A","","Riverside County, California","Private","NAICS 7139 Other amusement and recreation industries","County, NAICS 4-digit -- by ownership sector","All establishment sizes",425,10273,360074576,92725504,3624862,674,35049,"",0.76,1.44,2.39,1.90,1.99,1.66,1.66,"",5,1.2,1329,14.9,64547578,21.8,10651365,13.0,68905,1.9,39,6.1,2006,6.1
"06065","5","71391","77","0","2022","A","","Riverside County, California","Private","NAICS 71391 Golf courses and country clubs","County, NAICS 5-digit -- by ownership sector","All establishment sizes",88,5462,245644430,54463243,2591054,865,44970,"",1.23,2.62,4.50,3.37,3.36,1.72,1.72,"",1,1.1,402,7.9,38821246,18.8,4159806,8.3,62531,2.5,79,10.1,4098,10.0
"06065","5","713910","78","0","2022","A","","Riverside County, California","Private","NAICS 713910 Golf courses and country clubs","County, NAICS 6-digit -- by ownership sector","All establishment sizes",88,5462,245644430,54463243,2591054,865,44970,"",1.23,2.62,4.50,3.37,3.36,1.72,1.72,"",1,1.1,402,7.9,38821246,18.8,4159806,8.3,62531,2.5,79,10.1,4098,10.0
"06065","5","71393","77","0","2022","A","N","Riverside County, California","Private","NAICS 71393 Marinas","County, NAICS 5-digit -- by ownership sector","All establishment sizes",1,0,0,0,0,0,0,"N",0.04,0,0,0,0,0,0,"N",0,0.0,0,0,0,0,0,0,0,0,0,0,0,0
"06065","5","713930","78","0","2022","A","N","Riverside County, California","Private","NAICS 713930 Marinas","County, NAICS 6-digit -- by ownership sector","All establishment sizes",1,0,0,0,0,0,0,"N",0.04,0,0,0,0,0,0,"N",0,0.0,0,0,0,0,0,0,0,0,0,0,0,0
"06065","5","71394","77","0","2022","A","","Riverside County, California","Private","NAICS 71394 Fitness and recreational sports centers","County, NAICS 5-digit -- by ownership sector","All establishment sizes",245,3425,72408446,25083991,701170,407,21141,"",0.87,1.11,1.40,1.46,1.34,1.26,1.26,"",8,3.4,593,20.9,15067446,26.3,3917602,18.5,13789,2.0,18,4.6,896,4.4
"06065","5","713940","78","0","2022","A","","Riverside County, California","Private","NAICS 713940 Fitness and recreational sports centers","County, NAICS 6-digit -- by ownership sector","All establishment sizes",245,3425,72408446,25083991,701170,407,21141,"",0.87,1.11,1.40,1.46,1.34,1.26,1.26,"",8,3.4,593,20.9,15067446,26.3,3917602,18.5,13789,2.0,18,4.6,896,4.4
"06065","5","71395","77","0","2022","A","N","Riverside County, California","Private","NAICS 71395 Bowling centers","County, NAICS 5-digit -- by ownership sector","All establishment sizes",9,0,0,0,0,0,0,"N",0.40,0,0,0,0,0,0,"N",0,0.0,0,0,0,0,0,0,0,0,0,0,0,0
"06065","5","713950","78","0","2022","A","N","Riverside County, California","Private","NAICS 713950 Bowling centers","County, NAICS 6-digit -- by ownership sector","All establishment sizes",9,0,0,0,0,0,0,"N",0.40,0,0,0,0,0,0,"N",0,0.0,0,0,0,0,0,0,0,0,0,0,0,0
"06065","5","71399","77","0","2022","A","","Riverside County, California","Private","NAICS 71399 All other amusement and recreation industries","County, NAICS 5-digit -- by ownership sector","All establishment sizes",83,1036,31667836,9827618,239297,588,30572,"",0.54,0.88,1.27,1.12,0.85,1.45,1.44,"",-2,-2.4,218,26.7,6373856,25.2,1783792,22.2,-12138,-4.8,-7,-1.2,-359,-1.2
"06065","5","713990","78","0","2022","A","","Riverside County, California","Private","NAICS 713990 All other amusement and recreation industries","County, NAICS 6-digit -- by ownership sector","All establishment sizes",83,1036,31667836,9827618,239297,588,30572,"",0.54,0.88,1.27,1.12,0.85,1.45,1.44,"",-2,-2.4,218,26.7,6373856,25.2,1783792,22.2,-12138,-4.8,-7,-1.2,-359,-1.2
"06065","5","72","74","0","2022","A","","Riverside County, California","Private","NAICS 72 Accommodation and food services","County, NAICS Sector -- by ownership sector","All establishment sizes",4362,88199,2572707938,833411313,21652477,561,29169,"",0.87,1.22,1.64,1.44,1.34,1.34,1.34,"",199,4.8,10709,13.8,459742512,21.8,77332885,10.2,-605901,-2.7,37,7.1,1901,7.0
"06065","5","721","75","0","2022","A","","Riverside County, California","Private","NAICS 721 Accommodation","County, NAICS 3-digit -- by ownership sector","All establishment sizes",369,11550,477993313,116015123,3594149,796,41386,"",0.73,1.22,1.60,1.21,1.23,1.31,1.31,"",13,3.7,2246,24.1,125111762,35.5,19071794,19.7,-12632,-0.4,67,9.2,3458,9.1
"06065","5","7211","76","0","2022","A","","Riverside County, California","Private","NAICS 7211 Traveler accommodation","County, NAICS 4-digit -- by ownership sector","All establishment sizes",328,11137,462614345,112152606,3434827,799,41539,"",0.75,1.23,1.61,1.22,1.24,1.30,1.30,"",10,3.1,2157,24.0,121194386,35.5,18012966,19.1,-32663,-0.9,68,9.3,3517,9.2
"06065","5","72111","77","0","2022","A","","Riverside County, California","Private","NAICS 72111 Hotels (except casino hotels) and motels","County, NAICS 5-digit -- by ownership sector","All establishment sizes",308,10733,447828621,108517229,3335804,802,41724,"",0.77,1.41,1.90,1.55,1.50,1.35,1.35,"",11,3.7,2080,24.0,118447255,36.0,18065408,20.0,-17426,-0.5,70,9.6,3657,9.6
"06065","5","721110","78","0","2022","A","","Riverside County, California","Private","NAICS 721110 Hotels (except casino hotels) and motels","County, NAICS 6-digit -- by ownership sector","All establishment sizes",308,10733,447828621,108517229,3335804,802,41724,"",0.77,1.41,1.90,1.55,1.50,1.35,1.35,"",11,3.7,2080,24.0,118447255,36.0,18065408,20.0,-17426,-0.5,70,9.6,3657,9.6
"06065","5","72112","77","0","2022","A","N","Riverside County, California","Private","NAICS 72112 Casino hotels","County, NAICS 5-digit -- by ownership sector","All establishment sizes",2,0,0,0,0,0,0,"N",0.78,0,0,0,0,0,0,"N",0,0.0,0,0,0,0,0,0,0,0,0,0,0,0
"06065","5","721120","78","0","2022","A","N","Riverside County, California","Private","NAICS 721120 Casino hotels","County, NAICS 6-digit -- by ownership sector","All establishment sizes",2,0,0,0,0,0,0,"N",0.78,0,0,0,0,0,0,"N",0,0.0,0,0,0,0,0,0,0,0,0,0,0,0
"06065","5","72119","77","0","2022","A","N","Riverside County, California","Private","NAICS 72119 Other traveler accommodation","County, NAICS 5-digit -- by ownership sector","All establishment sizes",17,0,0,0,0,0,0,"N",0.50,0,0,0,0,0,0,"N",-2,-10.5,0,0,0,0,0,0,0,0,0,0,0,0
"06065","5","721191","78","0","2022","A","","Riverside County, California","Private","NAICS 721191 Bed-and-breakfast inns","County, NAICS 6-digit -- by ownership sector","All establishment sizes",7,196,7794033,1840266,52150,763,39681,"",0.43,2.60,4.51,3.04,2.33,1.73,1.73,"",0,0.0,26,15.3,1608925,26.0,87797,5.0,4435,9.3,61,8.7,3191,8.7
"06065","5","721199","78","0","2022","A","N","Riverside County, California","Private","NAICS 721199 All other traveler accommodation","County, NAICS 6-digit -- by ownership sector","All establishment sizes",11,0,0,0,0,0,0,"N",0.62,0,0,0,0,0,0,"N",-1,-8.3,0,0,0,0,0,0,0,0,0,0,0,0
"06065","5","7212","76","0","2022","A","","Riverside County, California","Private","NAICS 7212 Rv (recreational vehicle) parks and recreational camps","County, NAICS 4-digit -- by ownership sector","All establishment sizes",37,407,15195660,3808517,157777,717,37298,"",0.66,1.05,1.59,1.20,1.34,1.51,1.51,"",5,15.6,90,28.4,3969468,35.4,1078048,39.5,20444,14.9,35,5.1,1828,5.2
"06065","5","72121","77","0","2022","A","","Riverside County, California","Private","NAICS 72121 Rv (recreational vehicle) parks and recreational camps","County, NAICS 5-digit -- by ownership sector","All establishment sizes",37,407,15195660,3808517,157777,717,37298,"",0.66,1.05,1.59,1.20,1.34,1.51,1.51,"",5,15.6,90,28.4,3969468,35.4,1078048,39.5,20444,14.9,35,5.1,1828,5.2
"06065","5","721211","78","0","2022","A","","Riverside County, California","Private","NAICS 721211 Rv (recreational vehicle) parks and campgrounds","County, NAICS 6-digit -- by ownership sector","All establishment sizes",31,290,10665392,2852145,137483,708,36820,"",0.88,1.48,2.38,1.77,2.00,1.61,1.61,"",3,10.7,31,12.0,1591003,17.5,536370,23.2,12898,10.4,34,5.0,1772,5.1
"06065","5","721214","78","0","2022","A","","Riverside County, California","Private","NAICS 721214 Recreational and vacation camps (except campgrounds)","County, NAICS 6-digit -- by ownership sector","All establishment sizes",6,118,4530268,956372,20294,740,38474,"",0.29,0.62,0.89,0.62,0.41,1.45,1.45,"",1,20.0,60,103.4,2378465,110.5,541678,130.6,7546,59.2,21,2.9,1105,3.0
"06065","5","7213","76","0","2022","A","","Riverside County, California","Private","NAICS 7213 Rooming and boarding houses, dormitories, and workers' camps","County, NAICS 4-digit -- by ownership sector","All establishment sizes",5,5,183308,54000,1545,682,35479,"",0.41,0.09,0.12,0.11,0.08,1.26,1.26,"",-1,-16.7,-3,-37.5,-52092,-22.1,-19220,-26.2,-413,-21.1,116,20.5,6054,20.6
"06065","5","72131","77","0","2022","A","","Riverside County, California","Private","NAICS 72131 Rooming and boarding houses, dormitories, and workers' camps","County, NAICS 5-digit -- by ownership sector","All establishment sizes",5,5,183308,54000,1545,682,35479,"",0.41,0.09,0.12,0.11,0.08,1.26,1.26,"",-1,-16.7,-3,-37.5,-52092,-22.1,-19220,-26.2,-413,-21.1,116,20.5,6054,20.6
"06065","5","721310","78","0","2022","A","","Riverside County, California","Private","NAICS 721310 Rooming and boarding houses, dormitories, and workers' camps","County, NAICS 6-digit -- by ownership sector","All establishment sizes",5,5,183308,54000,1545,682,35479,"",0.41,0.09,0.12,0.11,0.08,1.26,1.26,"",-1,-16.7,-3,-37.5,-52092,-22.1,-19220,-26.2,-413,-21.1,116,20.5,6054,20.6
"06065","5","722","75","0","2022","A","","Riverside County, California","Private","NAICS 722 Food services and drinking places","County, NAICS 3-digit -- by ownership sector","All establishment sizes",3993,76649,2094714625,717396190,18058328,526,27329,"",0.89,1.23,1.65,1.49,1.36,1.35,1.35,"",186,4.9,8463,12.4,334630750,19.0,58261091,8.8,-593269,-3.2,30,6.0,1516,5.9
"06065","5","7223","76","0","2022","A","","Riverside County, California","Private","NAICS 7223 Special food services","County, NAICS 4-digit -- by ownership sector","All establishment sizes",173,1955,70239636,20984325,754821,691,35937,"",0.56,0.55,0.72,0.68,0.45,1.30,1.30,"",33,23.6,591,43.3,24892164,54.9,6679219,46.7,196453,35.2,52,8.1,2697,8.1
"06065","5","72231","77","0","2022","A","","Riverside County, California","Private","NAICS 72231 Food service contractors","County, NAICS 5-digit -- by ownership sector","All establishment sizes",74,996,38553269,11077788,400061,744,38705,"",0.47,0.40,0.53,0.49,0.30,1.35,1.35,"",17,29.8,299,42.9,13698850,55.1,3988503,56.3,120300,43.0,59,8.6,3063,8.6
"06065","5","722310","78","0","2022","A","","Riverside County, California","Private","NAICS 722310 Food service contractors","County, NAICS 6-digit -- by ownership sector","All establishment sizes",74,996,38553269,11077788,400061,744,38705,"",0.47,0.40,0.53,0.49,0.30,1.35,1.35,"",17,29.8,299,42.9,13698850,55.1,3988503,56.3,120300,43.0,59,8.6,3063,8.6
"06065","5","72232","77","0","2022","A","","Riverside County, California","Private","NAICS 72232 Caterers","County, NAICS 5-digit -- by ownership sector","All establishment sizes",71,807,27615051,8472111,314593,658,34216,"",0.82,0.97,1.30,1.27,1.17,1.34,1.34,"",8,12.7,268,49.7,10264012,59.2,2529554,42.6,75644,31.7,39,6.3,2005,6.2
"06065","5","722320","78","0","2022","A","","Riverside County, California","Private","NAICS 722320 Caterers","County, NAICS 6-digit -- by ownership sector","All establishment sizes",71,807,27615051,8472111,314593,658,34216,"",0.82,0.97,1.30,1.27,1.17,1.34,1.34,"",8,12.7,268,49.7,10264012,59.2,2529554,42.6,75644,31.7,39,6.3,2005,6.2
"06065","5","72233","77","0","2022","A","","Riverside County, California","Private","NAICS 72233 Mobile food services","County, NAICS 5-digit -- by ownership sector","All establishment sizes",28,151,4071316,1434426,40167,517,26903,"",0.45,0.78,1.01,0.89,0.69,1.30,1.30,"",8,40.0,23,18.0,929302,29.6,161162,12.7,509,1.3,46,9.8,2404,9.8
"06065","5","722330","78","0","2022","A","","Riverside County, California","Private","NAICS 722330 Mobile food services","County, NAICS 6-digit -- by ownership sector","All establishment sizes",28,151,4071316,1434426,40167,517,26903,"",0.45,0.78,1.01,0.89,0.69,1.30,1.30,"",8,40.0,23,18.0,929302,29.6,161162,12.7,509,1.3,46,9.8,2404,9.8
"06065","5","7224","76","0","2022","A","","Riverside County, California","Private","NAICS 7224 Drinking places (alcoholic beverages)","County, NAICS 4-digit -- by ownership sector","All establishment sizes",84,979,29034955,9061046,262711,570,29663,"",0.30,0.45,0.67,0.54,0.51,1.48,1.48,"",1,1.2,225,29.8,7358474,33.9,1103033,13.9,-140,-0.1,17,3.1,902,3.1
"06065","5","72241","77","0","2022","A","","Riverside County, California","Private","NAICS 72241 Drinking places (alcoholic beverages)","County, NAICS 5-digit -- by ownership sector","All establishment sizes",84,979,29034955,9061046,262711,570,29663,"",0.30,0.45,0.67,0.54,0.51,1.48,1.48,"",1,1.2,225,29.8,7358474,33.9,1103033,13.9,-140,-0.1,17,3.1,902,3.1
"06065","5","722410","78","0","2022","A","","Riverside County, California","Private","NAICS 722410 Drinking places (alcoholic beverages)","County, NAICS 6-digit -- by ownership sector","All establishment sizes",84,979,29034955,9061046,262711,570,29663,"",0.30,0.45,0.67,0.54,0.51,1.48,1.48,"",1,1.2,225,29.8,7358474,33.9,1103033,13.9,-140,-0.1,17,3.1,902,3.1
"06065","5","7225","76","0","2022","A","","Riverside County, California","Private","NAICS 7225 Restaurants and other eating places","County, NAICS 4-digit -- by ownership sector","All establishment sizes",3737,73716,1995440034,687350819,17040796,521,27069,"",0.95,1.30,1.77,1.58,1.54,1.37,1.36,"",152,4.2,7648,11.6,302380112,17.9,50478839,7.9,-789582,-4.4,28,5.7,1443,5.6
"06065","5","72251","77","0","2022","A","","Riverside County, California","Private","NAICS 72251 Restaurants and other eating places","County, NAICS 5-digit -- by ownership sector","All establishment sizes",3737,73716,1995440034,687350819,17040796,521,27069,"",0.95,1.30,1.77,1.58,1.54,1.37,1.36,"",152,4.2,7648,11.6,302380112,17.9,50478839,7.9,-789582,-4.4,28,5.7,1443,5.6
"06065","5","722511","78","0","2022","A","","Riverside County, California","Private","NAICS 722511 Full-service restaurants","County, NAICS 6-digit -- by ownership sector","All establishment sizes",1318,29003,929291967,289559114,7891665,616,32042,"",0.78,1.05,1.49,1.28,1.29,1.41,1.41,"",27,2.1,4168,16.8,183328243,24.6,33485296,13.1,-47005,-0.6,38,6.6,2006,6.7
"06065","5","722513","78","0","2022","A","","Riverside County, California","Private","NAICS 722513 Limited-service restaurants","County, NAICS 6-digit -- by ownership sector","All establishment sizes",1842,36474,881086583,330683405,7583652,465,24157,"",1.09,1.52,2.14,1.93,1.94,1.41,1.41,"",93,5.3,2476,7.3,90293718,11.4,16945712,5.4,-573400,-7.0,18,4.0,897,3.9
"06065","5","722514","78","0","2022","A","","Riverside County, California","Private","NAICS 722514 Cafeterias, grill buffets, and buffets","County, NAICS 6-digit -- by ownership sector","All establishment sizes",25,341,7038798,2912808,80990,397,20637,"",0.71,0.88,0.92,1.05,1.10,1.05,1.05,"",1,4.2,30,9.6,575830,8.9,-397086,-12.0,-23457,-22.5,-2,-0.5,-122,-0.6
"06065","5","722515","78","0","2022","A","","Riverside County, California","Private","NAICS 722515 Snack and nonalcoholic beverage bars","County, NAICS 6-digit -- by ownership sector","All establishment sizes",552,7898,178022686,64195492,1484489,433,22540,"",1.11,1.60,2.14,1.86,1.55,1.33,1.33,"",30,5.7,975,14.1,28182321,18.8,444917,0.7,-145720,-8.9,17,4.1,897,4.1
"06065","5","81","74","0","2022","A","","Riverside County, California","Private","NAICS 81 Other services (except public administration)","County, NAICS Sector -- by ownership sector","All establishment sizes",3859,21985,967014039,201100300,6309357,846,43986,"",0.68,0.93,1.06,1.05,1.11,1.14,1.14,"",178,4.8,2304,11.7,146121755,17.8,19900053,11.0,-205347,-3.2,44,5.5,2277,5.5
"06065","5","811","75","0","2022","A","","Riverside County, California","Private","NAICS 811 Repair and maintenance","County, NAICS 3-digit -- by ownership sector","All establishment sizes",1473,8754,458365206,83079715,2481543,1007,52364,"",0.93,1.18,1.40,1.15,1.19,1.19,1.19,"",57,4.0,783,9.8,68110226,17.5,6852969,9.0,-187766,-7.0,65,6.9,3403,7.0
"06065","5","8111","76","0","2022","A","","Riverside County, California","Private","NAICS 8111 Automotive repair and maintenance","County, NAICS 4-digit -- by ownership sector","All establishment sizes",1154,7027,345393185,67260370,1985025,945,49153,"",1.03,1.34,1.69,1.36,1.51,1.25,1.26,"",41,3.7,702,11.1,59367255,20.8,6147624,10.1,-119453,-5.7,75,8.6,3929,8.7
"06065","5","81111","77","0","2022","A","","Riverside County, California","Private","NAICS 81111 Automotive mechanical and electrical repair and maintenance","County, NAICS 5-digit -- by ownership sector","All establishment sizes",619,2704,140552398,26169532,852001,1000,51981,"",0.98,1.19,1.49,1.18,1.50,1.25,1.25,"",16,2.7,217,8.7,19542417,16.1,2326490,9.8,-28857,-3.3,64,6.8,3314,6.8
"06065","5","811111","78","0","2022","A","","Riverside County, California","Private","NAICS 811111 General automotive repair","County, NAICS 6-digit -- by ownership sector","All establishment sizes",541,2366,122366387,22958238,752398,995,51720,"",0.97,1.17,1.45,1.15,1.48,1.24,1.24,"",16,3.0,171,7.8,16170709,15.2,1801462,8.5,-30372,-3.9,65,7.0,3347,6.9
"06065","5","811114","78","0","2022","A","","Riverside County, California","Private","NAICS 811114 Specialized automotive repair","County, NAICS 6-digit -- by ownership sector","All establishment sizes",78,338,18186011,3211294,99603,1035,53805,"",1.11,1.38,1.83,1.40,1.74,1.32,1.32,"N",78,100.0,0,0,0,0,0,0,0,0,0,0,0,0
"06065","5","81112","77","0","2022","A","","Riverside County, California","Private","NAICS 81112 Automotive body, paint, interior, and glass repair","County, NAICS 5-digit -- by ownership sector","All establishment sizes",256,2097,131530091,20231833,570339,1206,62725,"",0.93,1.38,1.83,1.33,1.36,1.32,1.32,"",15,6.2,291,16.1,28047859,27.1,1845246,10.0,-75358,-11.7,104,9.4,5429,9.5
"06065","5","811121","78","0","2022","A","","Riverside County, California","Private","NAICS 811121 Automotive body, paint, and interior repair and maintenance","County, NAICS 6-digit -- by ownership sector","All establishment sizes",196,1878,120558503,18165471,490950,1234,64181,"",0.85,1.42,1.89,1.37,1.36,1.33,1.33,"",14,7.7,266,16.5,25687699,27.1,1519737,9.1,-82170,-14.3,102,9.0,5328,9.1
"06065","5","811122","78","0","2022","A","","Riverside County, California","Private","NAICS 811122 Automotive glass replacement shops","County, NAICS 6-digit -- by ownership sector","All establishment sizes",61,219,10971588,2066362,79389,966,50213,"",1.42,1.12,1.34,1.07,1.33,1.20,1.20,"",2,3.4,25,12.9,2360160,27.4,325509,18.7,6812,9.4,113,13.2,5843,13.2
"06065","5","81119","77","0","2022","A","","Riverside County, California","Private","NAICS 81119 Other automotive repair and maintenance","County, NAICS 5-digit -- by ownership sector","All establishment sizes",280,2226,73310696,20859005,562685,633,32934,"",1.29,1.53,1.88,1.70,1.72,1.23,1.23,"",11,4.1,194,9.5,11776979,19.1,1975888,10.5,-15238,-2.6,51,8.8,2653,8.8
"06065","5","811191","78","0","2022","A","","Riverside County, California","Private","NAICS 811191 Automotive oil change and lubrication shops","County, NAICS 6-digit -- by ownership sector","All establishment sizes",42,416,15754686,4153425,118652,729,37910,"",0.83,1.15,1.44,1.21,1.36,1.26,1.26,"",-2,-4.5,17,4.3,1247198,8.6,1143359,38.0,20719,21.2,29,4.1,1535,4.2
"06065","5","811192","78","0","2022","A","","Riverside County, California","Private","NAICS 811192 Car washes","County, NAICS 6-digit -- by ownership sector","All establishment sizes",140,1494,42110891,13685007,348370,542,28180,"",1.15,1.59,1.89,1.83,1.75,1.19,1.19,"",12,9.4,139,10.3,7226870,20.7,609258,4.7,-27432,-7.3,47,9.5,2434,9.5
"06065","5","811198","78","0","2022","A","","Riverside County, California","Private","NAICS 811198 All other automotive repair and maintenance","County, NAICS 6-digit -- by ownership sector","All establishment sizes",98,316,15445119,3020573,95663,940,48864,"",2.17,2.10,2.71,2.25,2.31,1.29,1.29,"",1,1.0,38,13.7,3302911,27.2,223271,8.0,-8525,-8.2,101,12.0,5239,12.0
"06065","5","8112","76","0","2022","A","","Riverside County, California","Private","NAICS 8112 Electronic and precision equipment repair and maintenance","County, NAICS 4-digit -- by ownership sector","All establishment sizes",79,294,14061348,2756586,82261,919,47801,"",0.72,0.51,0.43,0.50,0.47,0.83,0.83,"",2,2.6,13,4.6,1037482,8.0,122246,4.6,-11884,-12.6,28,3.1,1453,3.1
"06065","5","81121","77","0","2022","A","","Riverside County, California","Private","NAICS 81121 Electronic and precision equipment repair and maintenance","County, NAICS 5-digit -- by ownership sector","All establishment sizes",79,294,14061348,2756586,82261,919,47801,"",0.72,0.51,0.43,0.50,0.47,0.83,0.83,"",2,2.6,13,4.6,1037482,8.0,122246,4.6,-11884,-12.6,28,3.1,1453,3.1
"06065","5","811210","78","0","2022","A","","Riverside County, California","Private","NAICS 811210 Electronic and precision equipment repair and maintenance","County, NAICS 6-digit -- by ownership sector","All establishment sizes",79,294,14061348,2756586,82261,919,47801,"",0.72,0.51,0.43,0.50,0.47,0.83,0.83,"N",79,100.0,0,0,0,0,0,0,0,0,0,0,0,0
"06065","5","8113","76","0","2022","A","","Riverside County, California","Private","NAICS 8113 Commercial and industrial machinery and equipment (except automotive and electronic) repair and maintenance","County, NAICS 4-digit -- by ownership sector","All establishment sizes",118,1019,79083670,8788732,290828,1492,77596,"",0.59,0.85,1.09,0.68,0.63,1.28,1.28,"",6,5.4,4,0.4,4138332,5.5,16583,0.2,-56615,-16.3,72,5.1,3770,5.1
"06065","5","81131","77","0","2022","A","","Riverside County, California","Private","NAICS 81131 Commercial and industrial machinery and equipment (except automotive and electronic) repair and maintenance","County, NAICS 5-digit -- by ownership sector","All establishment sizes",118,1019,79083670,8788732,290828,1492,77596,"",0.59,0.85,1.09,0.68,0.63,1.28,1.28,"",6,5.4,4,0.4,4138332,5.5,16583,0.2,-56615,-16.3,72,5.1,3770,5.1
"06065","5","811310","78","0","2022","A","","Riverside County, California","Private","NAICS 811310 Commercial and industrial machinery and equipment (except automotive and electronic) repair and maintenance","County, NAICS 6-digit -- by ownership sector","All establishment sizes",118,1019,79083670,8788732,290828,1492,77596,"",0.59,0.85,1.09,0.68,0.63,1.28,1.28,"",6,5.4,4,0.4,4138332,5.5,16583,0.2,-56615,-16.3,72,5.1,3770,5.1
"06065","5","8114","76","0","2022","A","","Riverside County, California","Private","NAICS 8114 Personal and household goods repair and maintenance","County, NAICS 4-digit -- by ownership sector","All establishment sizes",122,413,19827003,4274027,123429,922,47969,"",0.76,0.91,1.21,1.06,0.99,1.32,1.32,"",7,6.1,63,18.0,3567157,21.9,566516,15.3,186,0.2,28,3.1,1501,3.2
"06065","5","81141","77","0","2022","A","","Riverside County, California","Private","NAICS 81141 Home and garden equipment and appliance repair and maintenance","County, NAICS 5-digit -- by ownership sector","All establishment sizes",50,168,8988884,1769364,50753,1027,53399,"",0.96,1.06,1.45,1.20,1.13,1.36,1.36,"",4,8.7,36,27.3,2313102,34.6,418463,31.0,5252,11.5,52,5.3,2697,5.3
"06065","5","811411","78","0","2022","A","","Riverside County, California","Private","NAICS 811411 Home and garden equipment repair and maintenance","County, NAICS 6-digit -- by ownership sector","All establishment sizes",9,45,2268074,403371,10867,971,50495,"",0.69,1.40,2.16,1.35,1.02,1.54,1.54,"",-1,-10.0,2,4.7,180846,8.7,28548,7.6,-969,-8.2,46,5.0,2421,5.0
"06065","5","811412","78","0","2022","A","","Riverside County, California","Private","NAICS 811412 Appliance repair and maintenance","County, NAICS 6-digit -- by ownership sector","All establishment sizes",41,123,6720810,1365993,39886,1047,54456,"",1.05,0.97,1.30,1.16,1.17,1.33,1.33,"",5,13.9,35,39.8,2132256,46.5,389915,39.9,6221,18.5,47,4.7,2461,4.7
"06065","5","81142","77","0","2022","A","","Riverside County, California","Private","NAICS 81142 Reupholstery and furniture repair","County, NAICS 5-digit -- by ownership sector","All establishment sizes",27,108,4733916,1107645,35113,841,43731,"",1.13,1.49,1.88,1.77,1.95,1.26,1.26,"",1,3.8,13,13.7,838414,21.5,166550,17.7,2072,6.3,55,7.0,2869,7.0
"06065","5","811420","78","0","2022","A","","Riverside County, California","Private","NAICS 811420 Reupholstery and furniture repair","County, NAICS 6-digit -- by ownership sector","All establishment sizes",27,108,4733916,1107645,35113,841,43731,"",1.13,1.49,1.88,1.77,1.95,1.26,1.26,"",1,3.8,13,13.7,838414,21.5,166550,17.7,2072,6.3,55,7.0,2869,7.0
"06065","5","81143","77","0","2022","A","","Riverside County, California","Private","NAICS 81143 Footwear and leather goods repair","County, NAICS 5-digit -- by ownership sector","All establishment sizes",3,6,182665,52297,2035,611,31768,"",0.61,0.60,0.62,0.66,0.96,1.07,1.07,"",0,0.0,3,100.0,100712,122.9,20182,62.8,729,55.8,20,3.4,1036,3.4
"06065","5","811430","78","0","2022","A","","Riverside County, California","Private","NAICS 811430 Footwear and leather goods repair","County, NAICS 6-digit -- by ownership sector","All establishment sizes",3,6,182665,52297,2035,611,31768,"",0.61,0.60,0.62,0.66,0.96,1.07,1.07,"",0,0.0,3,100.0,100712,122.9,20182,62.8,729,55.8,20,3.4,1036,3.4
"06065","5","81149","77","0","2022","A","","Riverside County, California","Private","NAICS 81149 Other personal and household goods repair and maintenance","County, NAICS 5-digit -- by ownership sector","All establishment sizes",43,131,5921538,1344721,35528,869,45203,"",0.55,0.62,0.80,0.72,0.59,1.28,1.28,"",3,7.5,11,9.2,314929,5.6,-38679,-2.8,-7867,-18.1,-28,-3.1,-1422,-3.0
"06065","5","811490","78","0","2022","A","","Riverside County, California","Private","NAICS 811490 Other personal and household goods repair and maintenance","County, NAICS 6-digit -- by ownership sector","All establishment sizes",43,131,5921538,1344721,35528,869,45203,"",0.55,0.62,0.80,0.72,0.59,1.28,1.28,"",3,7.5,11,9.2,314929,5.6,-38679,-2.8,-7867,-18.1,-28,-3.1,-1422,-3.0
"06065","5","812","75","0","2022","A","","Riverside County, California","Private","NAICS 812 Personal and laundry services","County, NAICS 3-digit -- by ownership sector","All establishment sizes",1441,8578,297713370,80988505,2513228,667,34706,"",0.87,1.08,1.33,1.24,1.34,1.22,1.22,"",87,6.4,1182,16.0,54781696,22.6,10697481,15.2,23981,1.0,35,5.5,1860,5.7
"06065","5","8121","76","0","2022","A","","Riverside County, California","Private","NAICS 8121 Personal care services","County, NAICS 4-digit -- by ownership sector","All establishment sizes",944,4963,136458022,47088899,1469078,529,27498,"",0.99,1.30,1.42,1.50,1.59,1.09,1.09,"",73,8.4,865,21.1,31512122,30.0,7278109,18.3,107518,7.9,37,7.5,1890,7.4
"06065","5","81211","77","0","2022","A","","Riverside County, California","Private","NAICS 81211 Hair, nail, and skin care services","County, NAICS 5-digit -- by ownership sector","All establishment sizes",766,3740,96682230,34975847,1041031,497,25850,"",1.01,1.29,1.35,1.47,1.53,1.04,1.04,"",58,8.2,677,22.1,22552979,30.4,5533255,18.8,100814,10.7,32,6.9,1647,6.8
"06065","5","812111","78","0","2022","A","","Riverside County, California","Private","NAICS 812111 Barber shops","County, NAICS 6-digit -- by ownership sector","All establishment sizes",35,117,3500336,1088870,34426,575,29917,"",0.74,0.71,0.76,0.71,0.77,1.07,1.07,"",9,34.6,26,28.6,857380,32.4,145374,15.4,4,0.0,19,3.4,980,3.4
"06065","5","812112","78","0","2022","A","","Riverside County, California","Private","NAICS 812112 Beauty salons","County, NAICS 6-digit -- by ownership sector","All establishment sizes",374,1542,48136093,14255833,406902,600,31213,"",0.75,0.79,0.94,0.89,0.98,1.18,1.19,"",24,6.9,194,14.4,7775227,19.3,1001403,7.6,-8491,-2.0,24,4.2,1270,4.2
"06065","5","812113","78","0","2022","A","","Riverside County, California","Private","NAICS 812113 Nail salons","County, NAICS 6-digit -- by ownership sector","All establishment sizes",357,2081,45045801,19631144,599703,416,21647,"",1.70,2.69,2.87,3.13,2.68,1.06,1.06,"",25,7.5,457,28.1,13920372,44.7,4386478,28.8,109301,22.3,47,12.7,2475,12.9
"06065","5","81219","77","0","2022","A","","Riverside County, California","Private","NAICS 81219 Other personal care services","County, NAICS 5-digit -- by ownership sector","All establishment sizes",178,1222,39775792,12113052,428047,626,32539,"",0.90,1.31,1.62,1.60,1.79,1.23,1.23,"",15,9.2,187,18.1,8959143,29.1,1744854,16.8,6704,1.6,54,9.4,2776,9.3
"06065","5","812191","78","0","2022","A","","Riverside County, California","Private","NAICS 812191 Diet and weight reducing centers","County, NAICS 6-digit -- by ownership sector","All establishment sizes",27,121,5106002,1087854,33942,811,42169,"",1.34,1.62,2.21,2.17,2.21,1.36,1.36,"",1,3.8,-12,-9.0,217613,4.5,-37574,-3.3,-8901,-20.8,102,14.4,5299,14.4
"06065","5","812199","78","0","2022","A","","Riverside County, California","Private","NAICS 812199 Other personal care services","County, NAICS 6-digit -- by ownership sector","All establishment sizes",151,1101,34669790,11025198,394105,605,31480,"",0.85,1.28,1.55,1.56,1.76,1.21,1.21,"",14,10.2,198,21.9,8741530,33.7,1782428,19.3,15605,4.1,53,9.6,2761,9.6
"06065","5","8122","76","0","2022","A","","Riverside County, California","Private","NAICS 8122 Death care services","County, NAICS 4-digit -- by ownership sector","All establishment sizes",59,557,29941682,4380139,139826,1033,53739,"",0.49,0.76,1.08,0.77,0.97,1.42,1.42,"",8,15.7,-13,-2.3,1144779,4.0,-486771,-10.0,-55334,-28.4,61,6.3,3218,6.4
"06065","5","81221","77","0","2022","A","","Riverside County, California","Private","NAICS 81221 Funeral homes and funeral services","County, NAICS 5-digit -- by ownership sector","All establishment sizes",43,362,17516242,2871965,102192,931,48410,"",0.47,0.64,0.84,0.66,1.16,1.32,1.32,"",7,19.4,-36,-9.0,-1006768,-5.4,-435993,-13.2,-44864,-30.5,36,4.0,1870,4.0
"06065","5","812210","78","0","2022","A","","Riverside County, California","Private","NAICS 812210 Funeral homes and funeral services","County, NAICS 6-digit -- by ownership sector","All establishment sizes",43,362,17516242,2871965,102192,931,48410,"",0.47,0.64,0.84,0.66,1.16,1.32,1.32,"",7,19.4,-36,-9.0,-1006768,-5.4,-435993,-13.2,-44864,-30.5,36,4.0,1870,4.0
"06065","5","81222","77","0","2022","A","","Riverside County, California","Private","NAICS 81222 Cemeteries and crematories","County, NAICS 5-digit -- by ownership sector","All establishment sizes",17,195,12425440,1508174,37634,1223,63611,"",0.59,1.19,1.81,1.13,0.67,1.52,1.52,"",1,6.2,23,13.4,2151547,20.9,-50778,-3.3,-10470,-21.8,74,6.4,3879,6.5
"06065","5","812220","78","0","2022","A","","Riverside County, California","Private","NAICS 812220 Cemeteries and crematories","County, NAICS 6-digit -- by ownership sector","All establishment sizes",17,195,12425440,1508174,37634,1223,63611,"",0.59,1.19,1.81,1.13,0.67,1.52,1.52,"",1,6.2,23,13.4,2151547,20.9,-50778,-3.3,-10470,-21.8,74,6.4,3879,6.5
"06065","5","8123","76","0","2022","A","","Riverside County, California","Private","NAICS 8123 Drycleaning and laundry services","County, NAICS 4-digit -- by ownership sector","All establishment sizes",147,1036,48156947,9662761,305902,894,46506,"",0.78,0.78,1.13,0.82,1.00,1.45,1.45,"",-8,-5.2,67,6.9,6770416,16.4,764524,8.6,-27680,-8.3,73,8.9,3788,8.9
"06065","5","81231","77","0","2022","A","","Riverside County, California","Private","NAICS 81231 Coin-operated laundries and drycleaners","County, NAICS 5-digit -- by ownership sector","All establishment sizes",36,144,4378829,1125645,29100,586,30461,"",0.56,0.72,1.03,0.76,0.64,1.44,1.44,"",-2,-5.3,-1,-0.7,223330,5.4,-39928,-3.4,-4947,-14.5,36,6.5,1885,6.6
"06065","5","812310","78","0","2022","A","","Riverside County, California","Private","NAICS 812310 Coin-operated laundries and drycleaners","County, NAICS 6-digit -- by ownership sector","All establishment sizes",36,144,4378829,1125645,29100,586,30461,"",0.56,0.72,1.03,0.76,0.64,1.44,1.44,"",-2,-5.3,-1,-0.7,223330,5.4,-39928,-3.4,-4947,-14.5,36,6.5,1885,6.6
"06065","5","81232","77","0","2022","A","","Riverside County, California","Private","NAICS 81232 Drycleaning and laundry services (except coin-operated)","County, NAICS 5-digit -- by ownership sector","All establishment sizes",102,472,13974843,4378063,108304,570,29629,"",0.96,0.97,1.24,1.15,1.17,1.29,1.29,"",-5,-4.7,37,8.5,2425946,21.0,188335,4.5,-9228,-7.9,59,11.5,3080,11.6
"06065","5","812320","78","0","2022","A","","Riverside County, California","Private","NAICS 812320 Drycleaning and laundry services (except coin-operated)","County, NAICS 6-digit -- by ownership sector","All establishment sizes",102,472,13974843,4378063,108304,570,29629,"",0.96,0.97,1.24,1.15,1.17,1.29,1.29,"",-5,-4.7,37,8.5,2425946,21.0,188335,4.5,-9228,-7.9,59,11.5,3080,11.6
"06065","5","81233","77","0","2022","A","","Riverside County, California","Private","NAICS 81233 Linen and uniform supply","County, NAICS 5-digit -- by ownership sector","All establishment sizes",9,420,29803275,4159053,168498,1364,70946,"",0.48,0.65,1.10,0.64,1.01,1.68,1.68,"",-1,-10.0,32,8.2,4121140,16.0,616117,17.4,-13505,-7.4,92,7.2,4826,7.3
"06065","5","812331","78","0","2022","A","","Riverside County, California","Private","NAICS 812331 Linen supply","County, NAICS 6-digit -- by ownership sector","All establishment sizes",3,39,2347224,416088,9082,1167,60704,"",0.32,0.12,0.20,0.12,0.11,1.63,1.63,"",0,0.0,6,18.2,334347,16.6,43414,11.6,-1130,-11.1,3,0.3,166,0.3
"06065","5","812332","78","0","2022","A","","Riverside County, California","Private","NAICS 812332 Industrial launderers","County, NAICS 6-digit -- by ownership sector","All establishment sizes",6,381,27456051,3742965,159416,1384,71984,"",0.65,1.19,1.81,1.24,1.94,1.52,1.52,"",-1,-14.3,26,7.3,3786793,16.0,572703,18.1,-12375,-7.2,102,8.0,5341,8.0
"06065","5","8129","76","0","2022","A","","Riverside County, California","Private","NAICS 8129 Other personal services","County, NAICS 4-digit -- by ownership sector","All establishment sizes",292,2023,83156719,19856706,598422,791,41107,"",0.76,1.00,1.44,1.21,1.18,1.44,1.44,"",15,5.4,264,15.0,15354379,22.6,3141619,18.8,-523,-0.1,50,6.7,2561,6.6
"06065","5","81291","77","0","2022","A","","Riverside County, California","Private","NAICS 81291 Pet care (except veterinary) services","County, NAICS 5-digit -- by ownership sector","All establishment sizes",150,1098,39855532,10670605,314079,698,36301,"",0.95,1.22,1.95,1.48,1.59,1.60,1.60,"",7,4.9,129,13.3,7857824,24.6,1760122,19.8,-8338,-2.6,63,9.9,3274,9.9
"06065","5","812910","78","0","2022","A","","Riverside County, California","Private","NAICS 812910 Pet care (except veterinary) services","County, NAICS 6-digit -- by ownership sector","All establishment sizes",150,1098,39855532,10670605,314079,698,36301,"",0.95,1.22,1.95,1.48,1.59,1.60,1.60,"",7,4.9,129,13.3,7857824,24.6,1760122,19.8,-8338,-2.6,63,9.9,3274,9.9
"06065","5","81293","77","0","2022","A","","Riverside County, California","Private","NAICS 81293 Parking lots and garages","County, NAICS 5-digit -- by ownership sector","All establishment sizes",26,293,8349177,3189286,95675,548,28495,"",0.50,0.47,0.50,0.65,0.61,1.07,1.07,"N",-3,-10.3,0,0,0,0,0,0,0,0,0,0,0,0
"06065","5","812930","78","0","2022","A","","Riverside County, California","Private","NAICS 812930 Parking lots and garages","County, NAICS 6-digit -- by ownership sector","All establishment sizes",26,293,8349177,3189286,95675,548,28495,"",0.50,0.47,0.50,0.65,0.61,1.07,1.07,"N",-3,-10.3,0,0,0,0,0,0,0,0,0,0,0,0
"06065","5","81299","77","0","2022","A","","Riverside County, California","Private","NAICS 81299 All other personal services","County, NAICS 5-digit -- by ownership sector","All establishment sizes",117,632,34952010,5996815,188668,1064,55304,"",0.68,1.37,1.83,1.52,1.37,1.34,1.34,"",13,12.5,79,14.3,5249219,17.7,641728,12.0,-2841,-1.5,30,2.9,1551,2.9
"06065","5","812990","78","0","2022","A","","Riverside County, California","Private","NAICS 812990 All other personal services","County, NAICS 6-digit -- by ownership sector","All establishment sizes",117,632,34952010,5996815,188668,1064,55304,"",0.68,1.37,1.83,1.52,1.37,1.34,1.34,"",13,12.5,79,14.3,5249219,17.7,641728,12.0,-2841,-1.5,30,2.9,1551,2.9
"06065","5","813","75","0","2022","A","","Riverside County, California","Private","NAICS 813 Religious, grantmaking, civic, professional, and similar organizations","County, NAICS 3-digit -- by ownership sector","All establishment sizes",544,3929,184958853,30239824,1104869,905,47071,"",0.49,0.55,0.57,0.68,0.78,1.04,1.03,"",12,2.3,275,7.5,20150006,12.2,2158213,7.7,-30859,-2.7,38,4.4,1971,4.4
"06065","5","8131","76","0","2022","A","","Riverside County, California","Private","NAICS 8131 Religious organizations","County, NAICS 4-digit -- by ownership sector","All establishment sizes",163,820,21886545,3237473,85898,513,26680,"",0.98,0.80,0.74,0.84,0.68,0.93,0.93,"",0,0.0,25,3.1,1993496,10.0,-183986,-5.4,-15409,-15.2,32,6.7,1663,6.6
"06065","5","81311","77","0","2022","A","","Riverside County, California","Private","NAICS 81311 Religious organizations","County, NAICS 5-digit -- by ownership sector","All establishment sizes",163,820,21886545,3237473,85898,513,26680,"",0.98,0.80,0.74,0.84,0.68,0.93,0.93,"",0,0.0,25,3.1,1993496,10.0,-183986,-5.4,-15409,-15.2,32,6.7,1663,6.6
"06065","5","813110","78","0","2022","A","","Riverside County, California","Private","NAICS 813110 Religious organizations","County, NAICS 6-digit -- by ownership sector","All establishment sizes",163,820,21886545,3237473,85898,513,26680,"",0.98,0.80,0.74,0.84,0.68,0.93,0.93,"",0,0.0,25,3.1,1993496,10.0,-183986,-5.4,-15409,-15.2,32,6.7,1663,6.6
"06065","5","8132","76","0","2022","A","","Riverside County, California","Private","NAICS 8132 Grantmaking and giving services","County, NAICS 4-digit -- by ownership sector","All establishment sizes",91,352,21689322,3111079,104522,1186,61690,"",0.64,0.43,0.39,0.57,0.59,0.91,0.91,"",7,8.3,8,2.3,2176333,11.2,96804,3.2,-15217,-12.7,96,8.8,5021,8.9
"06065","5","81321","77","0","2022","A","","Riverside County, California","Private","NAICS 81321 Grantmaking and giving services","County, NAICS 5-digit -- by ownership sector","All establishment sizes",91,352,21689322,3111079,104522,1186,61690,"",0.64,0.43,0.39,0.57,0.59,0.91,0.91,"",7,8.3,8,2.3,2176333,11.2,96804,3.2,-15217,-12.7,96,8.8,5021,8.9
"06065","5","813211","78","0","2022","A","","Riverside County, California","Private","NAICS 813211 Grantmaking foundations","County, NAICS 6-digit -- by ownership sector","All establishment sizes",47,240,14574241,2140449,70922,1168,60726,"",0.64,0.61,0.49,0.76,0.83,0.80,0.80,"",3,6.8,17,7.6,2656603,22.3,158077,8.0,-7897,-10.0,140,13.6,7264,13.6
"06065","5","813212","78","0","2022","A","","Riverside County, California","Private","NAICS 813212 Voluntary health organizations","County, NAICS 6-digit -- by ownership sector","All establishment sizes",19,37,2601581,368084,9155,1349,70155,"",0.57,0.17,0.18,0.29,0.19,1.05,1.05,"",2,11.8,-16,-30.2,-822469,-24.0,-48729,-11.7,-2576,-22.0,97,7.7,5038,7.7
"06065","5","813219","78","0","2022","A","","Riverside County, California","Private","NAICS 813219 Other grantmaking and giving services","County, NAICS 6-digit -- by ownership sector","All establishment sizes",26,75,4513500,602546,24445,1165,60584,"",0.72,0.34,0.38,0.46,0.53,1.13,1.13,"",3,13.0,6,8.7,342199,8.2,-12544,-2.0,-4744,-16.3,0,0.0,-16,0.0
"06065","5","8133","76","0","2022","A","","Riverside County, California","Private","NAICS 8133 Social advocacy organizations","County, NAICS 4-digit -- by ownership sector","All establishment sizes",80,504,25344242,4379804,167842,966,50253,"",0.39,0.38,0.39,0.44,0.49,1.02,1.02,"",7,9.6,43,9.3,4094961,19.3,341456,8.5,-15058,-8.2,79,8.9,4134,9.0
"06065","5","81331","77","0","2022","A","","Riverside County, California","Private","NAICS 81331 Social advocacy organizations","County, NAICS 5-digit -- by ownership sector","All establishment sizes",80,504,25344242,4379804,167842,966,50253,"",0.39,0.38,0.39,0.44,0.49,1.02,1.02,"",7,9.6,43,9.3,4094961,19.3,341456,8.5,-15058,-8.2,79,8.9,4134,9.0
"06065","5","813311","78","0","2022","A","","Riverside County, California","Private","NAICS 813311 Human rights organizations","County, NAICS 6-digit -- by ownership sector","All establishment sizes",18,76,2911987,709055,35035,733,38107,"",0.44,0.26,0.20,0.34,0.46,0.76,0.76,"",-1,-5.3,7,10.1,527464,22.1,116514,19.7,6485,22.7,68,10.2,3549,10.3
"06065","5","813312","78","0","2022","A","","Riverside County, California","Private","NAICS 813312 Environment, conservation and wildlife organizations","County, NAICS 6-digit -- by ownership sector","All establishment sizes",26,179,7984108,1550771,58996,860,44708,"",0.46,0.44,0.42,0.52,0.67,0.95,0.95,"",4,18.2,11,6.5,1198354,17.7,181649,13.3,-4142,-6.6,82,10.5,4276,10.6
"06065","5","813319","78","0","2022","A","","Riverside County, California","Private","NAICS 813319 Other social advocacy organizations","County, NAICS 6-digit -- by ownership sector","All establishment sizes",36,249,14448147,2119978,73811,1114,57947,"",0.33,0.41,0.47,0.43,0.41,1.16,1.16,"",4,12.5,25,11.2,2369143,19.6,43293,2.1,-17401,-19.1,77,7.4,4003,7.4
"06065","5","8134","76","0","2022","A","","Riverside County, California","Private","NAICS 8134 Civic and social organizations","County, NAICS 4-digit -- by ownership sector","All establishment sizes",62,451,16086114,3343520,92180,687,35701,"",0.35,0.26,0.42,0.55,0.48,1.59,1.59,"",-1,-1.6,74,19.6,2146921,15.4,629542,23.2,5755,6.7,-24,-3.4,-1281,-3.5
"06065","5","81341","77","0","2022","A","","Riverside County, California","Private","NAICS 81341 Civic and social organizations","County, NAICS 5-digit -- by ownership sector","All establishment sizes",62,451,16086114,3343520,92180,687,35701,"",0.35,0.26,0.42,0.55,0.48,1.59,1.59,"",-1,-1.6,74,19.6,2146921,15.4,629542,23.2,5755,6.7,-24,-3.4,-1281,-3.5
"06065","5","813410","78","0","2022","A","","Riverside County, California","Private","NAICS 813410 Civic and social organizations","County, NAICS 6-digit -- by ownership sector","All establishment sizes",62,451,16086114,3343520,92180,687,35701,"",0.35,0.26,0.42,0.55,0.48,1.59,1.59,"",-1,-1.6,74,19.6,2146921,15.4,629542,23.2,5755,6.7,-24,-3.4,-1281,-3.5
"06065","5","8139","76","0","2022","A","","Riverside County, California","Private","NAICS 8139 Business, professional, labor, political, and similar organizations","County, NAICS 4-digit -- by ownership sector","All establishment sizes",149,1803,99952630,16167948,654427,1066,55452,"",0.36,0.79,0.73,0.85,1.15,0.92,0.92,"",-1,-0.7,126,7.5,9738295,10.8,1274397,8.6,9070,1.4,32,3.1,1662,3.1
"06065","5","81391","77","0","2022","A","","Riverside County, California","Private","NAICS 81391 Business associations","County, NAICS 5-digit -- by ownership sector","All establishment sizes",44,224,12052649,1726523,53451,1036,53847,"",0.32,0.36,0.25,0.30,0.34,0.69,0.69,"",-1,-2.2,17,8.2,766903,6.8,36815,2.2,-12351,-18.8,-12,-1.1,-652,-1.2
"06065","5","813910","78","0","2022","A","","Riverside County, California","Private","NAICS 813910 Business associations","County, NAICS 6-digit -- by ownership sector","All establishment sizes",44,224,12052649,1726523,53451,1036,53847,"",0.32,0.36,0.25,0.30,0.34,0.69,0.69,"",-1,-2.2,17,8.2,766903,6.8,36815,2.2,-12351,-18.8,-12,-1.1,-652,-1.2
"06065","5","81392","77","0","2022","A","N","Riverside County, California","Private","NAICS 81392 Professional organizations","County, NAICS 5-digit -- by ownership sector","All establishment sizes",19,0,0,0,0,0,0,"N",0.27,0,0,0,0,0,0,"N",2,11.8,0,0,0,0,0,0,0,0,0,0,0,0
"06065","5","813920","78","0","2022","A","N","Riverside County, California","Private","NAICS 813920 Professional organizations","County, NAICS 6-digit -- by ownership sector","All establishment sizes",19,0,0,0,0,0,0,"N",0.27,0,0,0,0,0,0,"N",2,11.8,0,0,0,0,0,0,0,0,0,0,0,0
"06065","5","81393","77","0","2022","A","","Riverside County, California","Private","NAICS 81393 Labor unions and similar labor organizations","County, NAICS 5-digit -- by ownership sector","All establishment sizes",20,134,8866646,1053325,36132,1277,66417,"",0.23,0.24,0.37,0.26,0.31,1.55,1.55,"",0,0.0,10,8.1,558431,6.7,50655,5.1,-5307,-12.8,-17,-1.3,-856,-1.3
"06065","5","813930","78","0","2022","A","","Riverside County, California","Private","NAICS 813930 Labor unions and similar labor organizations","County, NAICS 6-digit -- by ownership sector","All establishment sizes",20,134,8866646,1053325,36132,1277,66417,"",0.23,0.24,0.37,0.26,0.31,1.55,1.55,"",0,0.0,10,8.1,558431,6.7,50655,5.1,-5307,-12.8,-17,-1.3,-856,-1.3
"06065","5","81394","77","0","2022","A","N","Riverside County, California","Private","NAICS 81394 Political organizations","County, NAICS 5-digit -- by ownership sector","All establishment sizes",2,0,0,0,0,0,0,"N",0.08,0,0,0,0,0,0,"N",0,0.0,0,0,0,0,0,0,0,0,0,0,0,0
"06065","5","813940","78","0","2022","A","N","Riverside County, California","Private","NAICS 813940 Political organizations","County, NAICS 6-digit -- by ownership sector","All establishment sizes",2,0,0,0,0,0,0,"N",0.08,0,0,0,0,0,0,"N",0,0.0,0,0,0,0,0,0,0,0,0,0,0,0
"06065","5","81399","77","0","2022","A","","Riverside County, California","Private","NAICS 81399 Other similar organizations (except business, professional, labor, and political organizations)","County, NAICS 5-digit -- by ownership sector","All establishment sizes",65,1361,68970016,12593617,549508,975,50695,"",0.64,2.42,2.92,2.68,4.14,1.21,1.21,"",-2,-3.0,94,7.4,7945383,13.0,1172891,10.3,26864,5.1,49,5.3,2537,5.3
"06065","5","813990","78","0","2022","A","","Riverside County, California","Private","NAICS 813990 Other similar organizations (except business, professional, labor, and political organizations)","County, NAICS 6-digit -- by ownership sector","All establishment sizes",65,1361,68970016,12593617,549508,975,50695,"",0.64,2.42,2.92,2.68,4.14,1.21,1.21,"",-2,-3.0,94,7.4,7945383,13.0,1172891,10.3,26864,5.1,49,5.3,2537,5.3
"06065","5","814","75","0","2022","A","","Riverside County, California","Private","NAICS 814 Private households","County, NAICS 3-digit -- by ownership sector","All establishment sizes",400,724,25976610,6792256,209717,690,35900,"",0.30,0.64,0.77,0.72,0.66,1.21,1.21,"",21,5.5,64,9.7,3079827,13.5,191390,2.9,-10703,-4.9,23,3.4,1225,3.5
"06065","5","8141","76","0","2022","A","","Riverside County, California","Private","NAICS 8141 Private households","County, NAICS 4-digit -- by ownership sector","All establishment sizes",400,724,25976610,6792256,209717,690,35900,"",0.30,0.64,0.77,0.72,0.66,1.21,1.21,"",21,5.5,64,9.7,3079827,13.5,191390,2.9,-10703,-4.9,23,3.4,1225,3.5
"06065","5","81411","77","0","2022","A","","Riverside County, California","Private","NAICS 81411 Private households","County, NAICS 5-digit -- by ownership sector","All establishment sizes",400,724,25976610,6792256,209717,690,35900,"",0.30,0.64,0.77,0.72,0.66,1.21,1.21,"",21,5.5,64,9.7,3079827,13.5,191390,2.9,-10703,-4.9,23,3.4,1225,3.5
"06065","5","814110","78","0","2022","A","","Riverside County, California","Private","NAICS 814110 Private households","County, NAICS 6-digit -- by ownership sector","All establishment sizes",400,724,25976610,6792256,209717,690,35900,"",0.30,0.64,0.77,0.72,0.66,1.21,1.21,"",21,5.5,64,9.7,3079827,13.5,191390,2.9,-10703,-4.9,23,3.4,1225,3.5
"06065","5","99","74","0","2022","A","","Riverside County, California","Private","NAICS 99 Unclassified","County, NAICS Sector -- by ownership sector","All establishment sizes",48,36,3282148,1098814,37349,1774,92238,"",0.02,0.02,0.03,0.06,0.04,1.56,1.56,"",45,1500.0,25,227.3,2768949,539.5,920495,516.2,31200,507.4,841,90.1,43747,90.2
"06065","5","999","75","0","2022","A","","Riverside County, California","Private","NAICS 999 Unclassified","County, NAICS 3-digit -- by ownership sector","All establishment sizes",48,36,3282148,1098814,37349,1774,92238,"",0.02,0.02,0.03,0.06,0.04,1.56,1.56,"",45,1500.0,25,227.3,2768949,539.5,920495,516.2,31200,507.4,841,90.1,43747,90.2
"06065","5","9999","76","0","2022","A","","Riverside County, California","Private","NAICS 9999 Unclassified","County, NAICS 4-digit -- by ownership sector","All establishment sizes",48,36,3282148,1098814,37349,1774,92238,"",0.02,0.02,0.03,0.06,0.04,1.56,1.56,"",45,1500.0,25,227.3,2768949,539.5,920495,516.2,31200,507.4,841,90.1,43747,90.2
"06065","5","99999","77","0","2022","A","","Riverside County, California","Private","NAICS 99999 Unclassified","County, NAICS 5-digit -- by ownership sector","All establishment sizes",48,36,3282148,1098814,37349,1774,92238,"",0.02,0.02,0.03,0.06,0.04,1.56,1.56,"",45,1500.0,25,227.3,2768949,539.5,920495,516.2,31200,507.4,841,90.1,43747,90.2
"06065","5","999999","78","0","2022","A","","Riverside County, California","Private","NAICS 999999 Unclassified","County, NAICS 6-digit -- by ownership sector","All establishment sizes",48,36,3282148,1098814,37349,1774,92238,"",0.02,0.02,0.03,0.06,0.04,1.56,1.56,"",45,1500.0,25,227.3,2768949,539.5,920495,516.2,31200,507.4,841,90.1,43747,90.2
