"area_fips","own_code","industry_code","agglvl_code","size_code","year","qtr","disclosure_code","area_title","own_title","industry_title","agglvl_title","size_title","annual_avg_estabs_count","annual_avg_emplvl","total_annual_wages","taxable_annual_wages","annual_contributions","annual_avg_wkly_wage","avg_annual_pay","lq_disclosure_code","lq_annual_avg_estabs_count","lq_annual_avg_emplvl","lq_total_annual_wages","lq_taxable_annual_wages","lq_annual_contributions","lq_annual_avg_wkly_wage","lq_avg_annual_pay","oty_disclosure_code","oty_annual_avg_estabs_count_chg","oty_annual_avg_estabs_count_pct_chg","oty_annual_avg_emplvl_chg","oty_annual_avg_emplvl_pct_chg","oty_total_annual_wages_chg","oty_total_annual_wages_pct_chg","oty_taxable_annual_wages_chg","oty_taxable_annual_wages_pct_chg","oty_annual_contributions_chg","oty_annual_contributions_pct_chg","oty_annual_avg_wkly_wage_chg","oty_annual_avg_wkly_wage_pct_chg","oty_avg_annual_pay_chg","oty_avg_annual_pay_pct_chg"
"41061","0","10","70","0","2022","A","","Union County, Oregon","Total Covered","10 Total, all industries","County, Total Covered","All establishment sizes",1066,10309,492841560,237696039,4910683,919,47807,"",1.00,1.00,1.00,1.00,1.00,1.00,1.00,"",32,3.1,208,2.1,34522476,7.5,23092961,10.8,-127419,-2.5,46,5.3,2432,5.4
"41061","1","10","71","0","2022","A","","Union County, Oregon","Federal Government","10 Total, all industries","County, Total -- by ownership sector","All establishment sizes",15,236,18576352,0,0,1516,78853,"",2.66,1.20,1.49,0.00,0.00,1.24,1.24,"",-1,-6.2,-11,-4.5,996955,5.7,0,0.0,0,0.0,149,10.9,7777,10.9
"41061","1","101","72","0","2022","A","","Union County, Oregon","Federal Government","101 Goods-producing","County, by Domain -- by ownership sector","All establishment sizes",1,147,12721604,0,0,1660,86297,"",78.88,40.78,56.26,0.00,0.00,1.38,1.38,"",0,0.0,1,0.7,1344847,11.8,0,0.0,0,0.0,156,10.4,8106,10.4
"41061","1","1011","73","0","2022","A","","Union County, Oregon","Federal Government","1011 Natural resources and mining","County, by Supersector -- by ownership sector","All establishment sizes",1,147,12721604,0,0,1660,86297,"",146.03,583.07,877.98,0.00,0.00,1.50,1.50,"",0,0.0,1,0.7,1344847,11.8,0,0.0,0,0.0,156,10.4,8106,10.4
"41061","1","102","72","0","2022","A","","Union County, Oregon","Federal Government","102 Service-providing","County, by Domain -- by ownership sector","All establishment sizes",14,88,5854748,0,0,1277,66405,"",2.49,0.46,0.48,0.00,0.00,1.05,1.05,"",-1,-6.7,-14,-13.7,-347892,-5.6,0,0.0,0,0.0,106,9.1,5495,9.0
"41061","1","1021","73","0","2022","A","","Union County, Oregon","Federal Government","1021 Trade, transportation, and utilities","County, by Supersector -- by ownership sector","All establishment sizes",6,40,2339884,0,0,1134,58989,"",2.14,0.87,1.07,0.00,0.00,1.24,1.24,"",0,0.0,-1,-2.4,50486,2.2,0,0.0,0,0.0,51,4.7,2692,4.8
"41061","1","1025","73","0","2022","A","","Union County, Oregon","Federal Government","1025 Education and health services","County, by Supersector -- by ownership sector","All establishment sizes",1,14,1045373,0,0,1394,72511,"",7.64,0.48,0.56,0.00,0.00,1.13,1.13,"",0,0.0,-5,-26.3,21747,2.1,0,0.0,0,0.0,371,36.3,19336,36.4
"41061","1","1028","73","0","2022","A","","Union County, Oregon","Federal Government","1028 Public administration","County, by Supersector -- by ownership sector","All establishment sizes",7,34,2469491,0,0,1393,72455,"",3.02,0.31,0.32,0.00,0.00,1.03,1.03,"",-1,-12.5,-8,-19.0,-420125,-14.5,0,0.0,0,0.0,67,5.1,3518,5.1
"41061","1","11","74","0","2022","A","","Union County, Oregon","Federal Government","NAICS 11 Agriculture, forestry, fishing and hunting","County, NAICS Sector -- by ownership sector","All establishment sizes",1,147,12721604,0,0,1660,86297,"",146.03,583.07,877.98,0.00,0.00,1.50,1.50,"",0,0.0,1,0.7,1344847,11.8,0,0.0,0,0.0,156,10.4,8106,10.4
"41061","1","113","75","0","2022","A","","Union County, Oregon","Federal Government","NAICS 113 Forestry and logging","County, NAICS 3-digit -- by ownership sector","All establishment sizes",1,147,12721604,0,0,1660,86297,"",154.37,588.36,884.76,0.00,0.00,1.50,1.50,"",0,0.0,1,0.7,1344847,11.8,0,0.0,0,0.0,156,10.4,8106,10.4
"41061","1","1131","76","0","2022","A","","Union County, Oregon","Federal Government","NAICS 1131 Timber tract operations","County, NAICS 4-digit -- by ownership sector","All establishment sizes",1,147,12721604,0,0,1660,86297,"",154.37,588.36,884.76,0.00,0.00,1.50,1.50,"",0,0.0,1,0.7,1344847,11.8,0,0.0,0,0.0,156,10.4,8106,10.4
"41061","1","11311","77","0","2022","A","","Union County, Oregon","Federal Government","NAICS 11311 Timber tract operations","County, NAICS 5-digit -- by ownership sector","All establishment sizes",1,147,12721604,0,0,1660,86297,"",154.37,588.36,884.76,0.00,0.00,1.50,1.50,"",0,0.0,1,0.7,1344847,11.8,0,0.0,0,0.0,156,10.4,8106,10.4
"41061","1","113110","78","0","2022","A","","Union County, Oregon","Federal Government","NAICS 113110 Timber tract operations","County, NAICS 6-digit -- by ownership sector","All establishment sizes",1,147,12721604,0,0,1660,86297,"",154.37,588.36,884.76,0.00,0.00,1.50,1.50,"",0,0.0,1,0.7,1344847,11.8,0,0.0,0,0.0,156,10.4,8106,10.4
"41061","1","48-49","74","0","2022","A","","Union County, Oregon","Federal Government","NAICS 48-49 Transportation and warehousing","County, NAICS Sector -- by ownership sector","All establishment sizes",6,40,2339884,0,0,1134,58989,"",2.21,0.95,1.15,0.00,0.00,1.23,1.23,"",0,0.0,-1,-2.4,50486,2.2,0,0.0,0,0.0,51,4.7,2692,4.8
"41061","1","491","75","0","2022","A","","Union County, Oregon","Federal Government","NAICS 491 Postal service","County, NAICS 3-digit -- by ownership sector","All establishment sizes",6,40,2339884,0,0,1134,58989,"",2.22,0.97,1.20,0.00,0.00,1.25,1.25,"",0,0.0,-1,-2.4,50486,2.2,0,0.0,0,0.0,51,4.7,2692,4.8
"41061","1","4911","76","0","2022","A","","Union County, Oregon","Federal Government","NAICS 4911 Postal service","County, NAICS 4-digit -- by ownership sector","All establishment sizes",6,40,2339884,0,0,1134,58989,"",2.22,0.97,1.20,0.00,0.00,1.25,1.25,"",0,0.0,-1,-2.4,50486,2.2,0,0.0,0,0.0,51,4.7,2692,4.8
"41061","1","49111","77","0","2022","A","","Union County, Oregon","Federal Government","NAICS 49111 Postal service","County, NAICS 5-digit -- by ownership sector","All establishment sizes",6,40,2339884,0,0,1134,58989,"",2.22,0.97,1.20,0.00,0.00,1.25,1.25,"",0,0.0,-1,-2.4,50486,2.2,0,0.0,0,0.0,51,4.7,2692,4.8
"41061","1","491110","78","0","2022","A","","Union County, Oregon","Federal Government","NAICS 491110 Postal service","County, NAICS 6-digit -- by ownership sector","All establishment sizes",6,40,2339884,0,0,1134,58989,"",2.22,0.97,1.20,0.00,0.00,1.25,1.25,"",0,0.0,-1,-2.4,50486,2.2,0,0.0,0,0.0,51,4.7,2692,4.8
"41061","1","62","74","0","2022","A","","Union County, Oregon","Federal Government","NAICS 62 Health care and social assistance","County, NAICS Sector -- by ownership sector","All establishment sizes",1,14,1045373,0,0,1394,72511,"",8.70,0.49,0.57,0.00,0.00,1.13,1.13,"",0,0.0,-5,-26.3,21747,2.1,0,0.0,0,0.0,371,36.3,19336,36.4
"41061","1","621","75","0","2022","A","","Union County, Oregon","Federal Government","NAICS 621 Ambulatory health care services","County, NAICS 3-digit -- by ownership sector","All establishment sizes",1,14,1045373,0,0,1394,72511,"",22.70,5.07,5.86,0.00,0.00,1.12,1.12,"",0,0.0,-5,-26.3,21747,2.1,0,0.0,0,0.0,371,36.3,19336,36.4
"41061","1","6214","76","0","2022","A","","Union County, Oregon","Federal Government","NAICS 6214 Outpatient care centers","County, NAICS 4-digit -- by ownership sector","All establishment sizes",1,14,1045373,0,0,1394,72511,"",85.76,13.70,16.68,0.00,0.00,1.18,1.18,"",0,0.0,-5,-26.3,21747,2.1,0,0.0,0,0.0,371,36.3,19336,36.4
"41061","1","62149","77","0","2022","A","","Union County, Oregon","Federal Government","NAICS 62149 Other outpatient care centers","County, NAICS 5-digit -- by ownership sector","All establishment sizes",1,14,1045373,0,0,1394,72511,"",87.15,13.75,16.74,0.00,0.00,1.18,1.18,"",0,0.0,-5,-26.3,21747,2.1,0,0.0,0,0.0,371,36.3,19336,36.4
"41061","1","621498","78","0","2022","A","","Union County, Oregon","Federal Government","NAICS 621498 All other outpatient care centers","County, NAICS 6-digit -- by ownership sector","All establishment sizes",1,14,1045373,0,0,1394,72511,"",177.15,20.67,24.41,0.00,0.00,1.15,1.15,"",0,0.0,-5,-26.3,21747,2.1,0,0.0,0,0.0,371,36.3,19336,36.4
"41061","1","92","74","0","2022","A","","Union County, Oregon","Federal Government","NAICS 92 Public administration","County, NAICS Sector -- by ownership sector","All establishment sizes",7,34,2469491,0,0,1393,72455,"",3.02,0.31,0.32,0.00,0.00,1.03,1.03,"",-1,-12.5,-8,-19.0,-420125,-14.5,0,0.0,0,0.0,67,5.1,3518,5.1
"41061","1","923","75","0","2022","A","","Union County, Oregon","Federal Government","NAICS 923 Administration of human resource programs","County, NAICS 3-digit -- by ownership sector","All establishment sizes",1,7,594279,0,0,1652,85920,"",4.15,0.48,0.56,0.00,0.00,1.18,1.18,"",0,0.0,0,0.0,2638,0.4,0,0.0,0,0.0,27,1.7,1400,1.7
"41061","1","9231","76","0","2022","A","","Union County, Oregon","Federal Government","NAICS 9231 Administration of human resource programs","County, NAICS 4-digit -- by ownership sector","All establishment sizes",1,7,594279,0,0,1652,85920,"",4.15,0.48,0.56,0.00,0.00,1.18,1.18,"",0,0.0,0,0.0,2638,0.4,0,0.0,0,0.0,27,1.7,1400,1.7
"41061","1","92313","77","0","2022","A","","Union County, Oregon","Federal Government","NAICS 92313 Administration of human resource programs (except education, public health, and veterans' affairs programs)","County, NAICS 5-digit -- by ownership sector","All establishment sizes",1,7,594279,0,0,1652,85920,"",7.39,1.51,1.96,0.00,0.00,1.31,1.31,"",0,0.0,0,0.0,2638,0.4,0,0.0,0,0.0,27,1.7,1400,1.7
"41061","1","923130","78","0","2022","A","","Union County, Oregon","Federal Government","NAICS 923130 Administration of human resource programs (except education, public health, and veterans' affairs programs)","County, NAICS 6-digit -- by ownership sector","All establishment sizes",1,7,594279,0,0,1652,85920,"",7.39,1.51,1.96,0.00,0.00,1.31,1.31,"",0,0.0,0,0.0,2638,0.4,0,0.0,0,0.0,27,1.7,1400,1.7
"41061","1","924","75","0","2022","A","","Union County, Oregon","Federal Government","NAICS 924 Administration of environmental quality programs","County, NAICS 3-digit -- by ownership sector","All establishment sizes",2,10,892668,0,0,1776,92345,"",4.16,1.52,2.08,0.00,0.00,1.42,1.42,"",-1,-33.3,-1,-9.1,-101606,-10.2,0,0.0,0,0.0,89,5.3,4615,5.3
"41061","1","9241","76","0","2022","A","","Union County, Oregon","Federal Government","NAICS 9241 Administration of environmental quality programs","County, NAICS 4-digit -- by ownership sector","All establishment sizes",2,10,892668,0,0,1776,92345,"",4.16,1.52,2.08,0.00,0.00,1.42,1.42,"",-1,-33.3,-1,-9.1,-101606,-10.2,0,0.0,0,0.0,89,5.3,4615,5.3
"41061","1","92411","77","0","2022","A","","Union County, Oregon","Federal Government","NAICS 92411 Administration of air and water resource and solid waste management programs","County, NAICS 5-digit -- by ownership sector","All establishment sizes",1,3,333646,0,0,2139,111215,"",36.02,2.53,3.31,0.00,0.00,1.31,1.31,"",0,0.0,0,0.0,8882,2.7,0,0.0,0,0.0,57,2.7,2960,2.7
"41061","1","924110","78","0","2022","A","","Union County, Oregon","Federal Government","NAICS 924110 Administration of air and water resource and solid waste management programs","County, NAICS 6-digit -- by ownership sector","All establishment sizes",1,3,333646,0,0,2139,111215,"",36.02,2.53,3.31,0.00,0.00,1.31,1.31,"",0,0.0,0,0.0,8882,2.7,0,0.0,0,0.0,57,2.7,2960,2.7
"41061","1","92412","77","0","2022","A","","Union County, Oregon","Federal Government","NAICS 92412 Administration of conservation programs","County, NAICS 5-digit -- by ownership sector","All establishment sizes",1,7,559022,0,0,1613,83853,"",2.21,1.29,1.70,0.00,0.00,1.38,1.38,"",-1,-50.0,-1,-12.5,-110488,-16.5,0,0.0,0,0.0,68,4.4,3512,4.4
"41061","1","924120","78","0","2022","A","","Union County, Oregon","Federal Government","NAICS 924120 Administration of conservation programs","County, NAICS 6-digit -- by ownership sector","All establishment sizes",1,7,559022,0,0,1613,83853,"",2.21,1.29,1.70,0.00,0.00,1.38,1.38,"",-1,-50.0,-1,-12.5,-110488,-16.5,0,0.0,0,0.0,68,4.4,3512,4.4
"41061","1","926","75","0","2022","A","","Union County, Oregon","Federal Government","NAICS 926 Administration of economic programs","County, NAICS 3-digit -- by ownership sector","All establishment sizes",3,7,459573,0,0,1233,64126,"",3.37,0.42,0.39,0.00,0.00,0.89,0.89,"",0,0.0,-1,-12.5,-30138,-6.2,0,0.0,0,0.0,5,0.4,251,0.4
"41061","1","9261","76","0","2022","A","","Union County, Oregon","Federal Government","NAICS 9261 Administration of economic programs","County, NAICS 4-digit -- by ownership sector","All establishment sizes",3,7,459573,0,0,1233,64126,"",3.37,0.42,0.39,0.00,0.00,0.89,0.89,"",0,0.0,-1,-12.5,-30138,-6.2,0,0.0,0,0.0,5,0.4,251,0.4
"41061","1","92611","77","0","2022","A","","Union County, Oregon","Federal Government","NAICS 92611 Administration of general economic programs","County, NAICS 5-digit -- by ownership sector","All establishment sizes",1,0,0,0,0,0,0,"",2.53,0.00,0.00,0.00,0.00,0.00,0.00,"",0,0.0,0,0.0,0,0.0,0,0.0,0,0.0,0,0.0,0,0.0
"41061","1","926110","78","0","2022","A","","Union County, Oregon","Federal Government","NAICS 926110 Administration of general economic programs","County, NAICS 6-digit -- by ownership sector","All establishment sizes",1,0,0,0,0,0,0,"",2.53,0.00,0.00,0.00,0.00,0.00,0.00,"",0,0.0,0,0.0,0,0.0,0,0.0,0,0.0,0,0.0,0,0.0
"41061","1","92614","77","0","2022","A","","Union County, Oregon","Federal Government","NAICS 92614 Regulation of agricultural marketing and commodities","County, NAICS 5-digit -- by ownership sector","All establishment sizes",2,7,459573,0,0,1233,64126,"",6.90,2.31,2.50,0.00,0.00,1.06,1.06,"",0,0.0,-1,-12.5,-30138,-6.2,0,0.0,0,0.0,5,0.4,251,0.4
"41061","1","926140","78","0","2022","A","","Union County, Oregon","Federal Government","NAICS 926140 Regulation of agricultural marketing and commodities","County, NAICS 6-digit -- by ownership sector","All establishment sizes",2,7,459573,0,0,1233,64126,"",6.90,2.31,2.50,0.00,0.00,1.06,1.06,"",0,0.0,-1,-12.5,-30138,-6.2,0,0.0,0,0.0,5,0.4,251,0.4
"41061","1","928","75","0","2022","A","","Union County, Oregon","Federal Government","NAICS 928 National security and international affairs","County, NAICS 3-digit -- by ownership sector","All establishment sizes",1,10,522971,0,0,973,50610,"",4.47,0.25,0.20,0.00,0.00,0.77,0.77,"",0,0.0,-6,-37.5,-291019,-35.8,0,0.0,0,0.0,-10,-1.0,-531,-1.0
"41061","1","9281","76","0","2022","A","","Union County, Oregon","Federal Government","NAICS 9281 National security and international affairs","County, NAICS 4-digit -- by ownership sector","All establishment sizes",1,10,522971,0,0,973,50610,"",4.47,0.25,0.20,0.00,0.00,0.77,0.77,"",0,0.0,-6,-37.5,-291019,-35.8,0,0.0,0,0.0,-10,-1.0,-531,-1.0
"41061","1","92811","77","0","2022","A","","Union County, Oregon","Federal Government","NAICS 92811 National security","County, NAICS 5-digit -- by ownership sector","All establishment sizes",1,10,522971,0,0,973,50610,"",5.86,0.26,0.21,0.00,0.00,0.79,0.79,"",0,0.0,-6,-37.5,-291019,-35.8,0,0.0,0,0.0,-10,-1.0,-531,-1.0
"41061","1","928110","78","0","2022","A","","Union County, Oregon","Federal Government","NAICS 928110 National security","County, NAICS 6-digit -- by ownership sector","All establishment sizes",1,10,522971,0,0,973,50610,"",5.86,0.26,0.21,0.00,0.00,0.79,0.79,"",0,0.0,-6,-37.5,-291019,-35.8,0,0.0,0,0.0,-10,-1.0,-531,-1.0
"41061","2","10","71","0","2022","A","","Union County, Oregon","State Government","10 Total, all industries","County, Total -- by ownership sector","All establishment sizes",18,388,28748599,0,0,1426,74126,"",2.73,1.24,1.85,0.00,0.00,1.49,1.49,"",0,0.0,8,2.1,1058265,3.8,0,0.0,0,0.0,26,1.9,1337,1.8
"41061","2","101","72","0","2022","A","","Union County, Oregon","State Government","101 Goods-producing","County, by Domain -- by ownership sector","All establishment sizes",4,141,11729513,0,0,1600,83188,"",22.50,28.13,56.23,0.00,0.00,2.00,2.00,"",0,0.0,0,0.0,440997,3.9,0,0.0,0,0.0,60,3.9,3128,3.9
"41061","2","1011","73","0","2022","A","","Union County, Oregon","State Government","1011 Natural resources and mining","County, by Supersector -- by ownership sector","All establishment sizes",1,6,414265,0,0,1258,65410,"N",77.19,0,0,0,0,0,0,"N",0,0.0,0,0,0,0,0,0,0,0,0,0,0,0
"41061","2","1012","73","0","2022","A","","Union County, Oregon","State Government","1012 Construction","County, by Supersector -- by ownership sector","All establishment sizes",3,135,11315248,0,0,1616,84024,"",18.45,27.90,56.01,0.00,0.00,2.01,2.01,"N",0,0.0,0,0,0,0,0,0,0,0,0,0,0,0
"41061","2","102","72","0","2022","A","","Union County, Oregon","State Government","102 Service-providing","County, by Domain -- by ownership sector","All establishment sizes",14,247,17019086,0,0,1326,68950,"",2.19,0.80,1.11,0.00,0.00,1.38,1.38,"",0,0.0,8,3.3,617268,3.8,0,0.0,0,0.0,9,0.7,443,0.6
"41061","2","1024","73","0","2022","A","","Union County, Oregon","State Government","1024 Professional and business services","County, by Supersector -- by ownership sector","All establishment sizes",1,5,123478,0,0,491,25547,"",9.19,1.99,0.92,0.00,0.00,0.48,0.48,"N",0,0.0,0,0,0,0,0,0,0,0,0,0,0,0
"41061","2","1025","73","0","2022","A","","Union County, Oregon","State Government","1025 Education and health services","County, by Supersector -- by ownership sector","All establishment sizes",1,67,3867932,0,0,1109,57659,"",0.72,0.38,0.44,0.00,0.00,1.15,1.15,"N",0,0.0,0,0,0,0,0,0,0,0,0,0,0,0
"41061","2","1028","73","0","2022","A","","Union County, Oregon","State Government","1028 Public administration","County, by Supersector -- by ownership sector","All establishment sizes",12,175,13027676,0,0,1432,74479,"",2.57,1.45,2.17,0.00,0.00,1.50,1.50,"",0,0.0,2,1.2,306701,2.4,0,0.0,0,0.0,14,1.0,734,1.0
"41061","2","11","74","0","2022","A","","Union County, Oregon","State Government","NAICS 11 Agriculture, forestry, fishing and hunting","County, NAICS Sector -- by ownership sector","All establishment sizes",1,6,414265,0,0,1258,65410,"N",77.19,0,0,0,0,0,0,"N",0,0.0,0,0,0,0,0,0,0,0,0,0,0,0
"41061","2","112","75","0","2022","A","","Union County, Oregon","State Government","NAICS 112 Animal production and aquaculture","County, NAICS 3-digit -- by ownership sector","All establishment sizes",1,6,414265,0,0,1258,65410,"",196.47,211.42,370.80,0.00,0.00,1.66,1.66,"N",0,0.0,0,0,0,0,0,0,0,0,0,0,0,0
"41061","2","1125","76","0","2022","A","","Union County, Oregon","State Government","NAICS 1125 Aquaculture","County, NAICS 4-digit -- by ownership sector","All establishment sizes",1,6,414265,0,0,1258,65410,"",196.47,211.42,370.80,0.00,0.00,1.66,1.66,"N",0,0.0,0,0,0,0,0,0,0,0,0,0,0,0
"41061","2","11251","77","0","2022","A","","Union County, Oregon","State Government","NAICS 11251 Aquaculture","County, NAICS 5-digit -- by ownership sector","All establishment sizes",1,6,414265,0,0,1258,65410,"",196.47,211.42,370.80,0.00,0.00,1.66,1.66,"N",0,0.0,0,0,0,0,0,0,0,0,0,0,0,0
"41061","2","112511","78","0","2022","A","","Union County, Oregon","State Government","NAICS 112511 Finfish farming and fish hatcheries","County, NAICS 6-digit -- by ownership sector","All establishment sizes",1,6,414265,0,0,1258,65410,"",196.47,211.42,370.80,0.00,0.00,1.66,1.66,"N",0,0.0,0,0,0,0,0,0,0,0,0,0,0,0
"41061","2","23","74","0","2022","A","","Union County, Oregon","State Government","NAICS 23 Construction","County, NAICS Sector -- by ownership sector","All establishment sizes",3,135,11315248,0,0,1616,84024,"",18.45,27.90,56.01,0.00,0.00,2.01,2.01,"N",0,0.0,0,0,0,0,0,0,0,0,0,0,0,0
"41061","2","237","75","0","2022","A","","Union County, Oregon","State Government","NAICS 237 Heavy and civil engineering construction","County, NAICS 3-digit -- by ownership sector","All establishment sizes",3,135,11315248,0,0,1616,84024,"",18.48,28.00,56.37,0.00,0.00,2.02,2.02,"N",0,0.0,0,0,0,0,0,0,0,0,0,0,0,0
"41061","2","2373","76","0","2022","A","","Union County, Oregon","State Government","NAICS 2373 Highway, street, and bridge construction","County, NAICS 4-digit -- by ownership sector","All establishment sizes",3,135,11315248,0,0,1616,84024,"",18.49,28.02,56.40,0.00,0.00,2.02,2.02,"N",0,0.0,0,0,0,0,0,0,0,0,0,0,0,0
"41061","2","23731","77","0","2022","A","","Union County, Oregon","State Government","NAICS 23731 Highway, street, and bridge construction","County, NAICS 5-digit -- by ownership sector","All establishment sizes",3,135,11315248,0,0,1616,84024,"",18.49,28.02,56.40,0.00,0.00,2.02,2.02,"N",0,0.0,0,0,0,0,0,0,0,0,0,0,0,0
"41061","2","237310","78","0","2022","A","","Union County, Oregon","State Government","NAICS 237310 Highway, street, and bridge construction","County, NAICS 6-digit -- by ownership sector","All establishment sizes",3,135,11315248,0,0,1616,84024,"",18.49,28.02,56.40,0.00,0.00,2.02,2.02,"N",0,0.0,0,0,0,0,0,0,0,0,0,0,0,0
"41061","2","56","74","0","2022","A","","Union County, Oregon","State Government","NAICS 56 Administrative and support and waste management and remediation services","County, NAICS Sector -- by ownership sector","All establishment sizes",1,5,123478,0,0,491,25547,"",19.51,6.65,3.88,0.00,0.00,0.60,0.60,"N",0,0.0,0,0,0,0,0,0,0,0,0,0,0,0
"41061","2","561","75","0","2022","A","","Union County, Oregon","State Government","NAICS 561 Administrative and support services","County, NAICS 3-digit -- by ownership sector","All establishment sizes",1,5,123478,0,0,491,25547,"",19.79,6.88,4.04,0.00,0.00,0.61,0.61,"N",0,0.0,0,0,0,0,0,0,0,0,0,0,0,0
"41061","2","5617","76","0","2022","A","","Union County, Oregon","State Government","NAICS 5617 Services to buildings and dwellings","County, NAICS 4-digit -- by ownership sector","All establishment sizes",1,5,123478,0,0,491,25547,"",180.10,35.39,22.47,0.00,0.00,0.66,0.66,"N",0,0.0,0,0,0,0,0,0,0,0,0,0,0,0
"41061","2","56172","77","0","2022","A","","Union County, Oregon","State Government","NAICS 56172 Janitorial services","County, NAICS 5-digit -- by ownership sector","All establishment sizes",1,5,123478,0,0,491,25547,"",270.15,64.68,40.15,0.00,0.00,0.64,0.64,"N",0,0.0,0,0,0,0,0,0,0,0,0,0,0,0
"41061","2","561720","78","0","2022","A","","Union County, Oregon","State Government","NAICS 561720 Janitorial services","County, NAICS 6-digit -- by ownership sector","All establishment sizes",1,5,123478,0,0,491,25547,"",270.15,64.68,40.15,0.00,0.00,0.64,0.64,"N",0,0.0,0,0,0,0,0,0,0,0,0,0,0,0
"41061","2","62","74","0","2022","A","","Union County, Oregon","State Government","NAICS 62 Health care and social assistance","County, NAICS Sector -- by ownership sector","All establishment sizes",1,67,3867932,0,0,1109,57659,"",1.59,1.52,1.70,0.00,0.00,1.12,1.12,"N",0,0.0,0,0,0,0,0,0,0,0,0,0,0,0
"41061","2","624","75","0","2022","A","","Union County, Oregon","State Government","NAICS 624 Social assistance","County, NAICS 3-digit -- by ownership sector","All establishment sizes",1,67,3867932,0,0,1109,57659,"",4.05,10.06,14.58,0.00,0.00,1.45,1.45,"N",0,0.0,0,0,0,0,0,0,0,0,0,0,0,0
"41061","2","6241","76","0","2022","A","","Union County, Oregon","State Government","NAICS 6241 Individual and family services","County, NAICS 4-digit -- by ownership sector","All establishment sizes",1,67,3867932,0,0,1109,57659,"",5.45,11.61,16.70,0.00,0.00,1.44,1.44,"N",0,0.0,0,0,0,0,0,0,0,0,0,0,0,0
"41061","2","62419","77","0","2022","A","","Union County, Oregon","State Government","NAICS 62419 Other individual and family services","County, NAICS 5-digit -- by ownership sector","All establishment sizes",1,67,3867932,0,0,1109,57659,"",10.05,18.62,27.91,0.00,0.00,1.50,1.50,"N",0,0.0,0,0,0,0,0,0,0,0,0,0,0,0
"41061","2","624190","78","0","2022","A","","Union County, Oregon","State Government","NAICS 624190 Other individual and family services","County, NAICS 6-digit -- by ownership sector","All establishment sizes",1,67,3867932,0,0,1109,57659,"",10.05,18.62,27.91,0.00,0.00,1.50,1.50,"N",0,0.0,0,0,0,0,0,0,0,0,0,0,0,0
"41061","2","92","74","0","2022","A","","Union County, Oregon","State Government","NAICS 92 Public administration","County, NAICS Sector -- by ownership sector","All establishment sizes",12,175,13027676,0,0,1432,74479,"",2.57,1.45,2.17,0.00,0.00,1.50,1.50,"",0,0.0,2,1.2,306701,2.4,0,0.0,0,0.0,14,1.0,734,1.0
"41061","2","922","75","0","2022","A","","Union County, Oregon","State Government","NAICS 922 Justice, public order, and safety activities","County, NAICS 3-digit -- by ownership sector","All establishment sizes",3,66,5625898,0,0,1639,85241,"",2.27,1.46,2.42,0.00,0.00,1.66,1.66,"",0,0.0,-2,-2.9,42238,0.8,0,0.0,0,0.0,70,4.5,3628,4.4
"41061","2","9221","76","0","2022","A","","Union County, Oregon","State Government","NAICS 9221 Justice, public order, and safety activities","County, NAICS 4-digit -- by ownership sector","All establishment sizes",3,66,5625898,0,0,1639,85241,"",2.27,1.46,2.42,0.00,0.00,1.66,1.66,"",0,0.0,-2,-2.9,42238,0.8,0,0.0,0,0.0,70,4.5,3628,4.4
"41061","2","92211","77","0","2022","A","","Union County, Oregon","State Government","NAICS 92211 Courts","County, NAICS 5-digit -- by ownership sector","All establishment sizes",1,16,1042090,0,0,1246,64793,"",2.71,2.37,2.99,0.00,0.00,1.26,1.26,"N",0,0.0,0,0,0,0,0,0,0,0,0,0,0,0
"41061","2","922110","78","0","2022","A","","Union County, Oregon","State Government","NAICS 922110 Courts","County, NAICS 6-digit -- by ownership sector","All establishment sizes",1,16,1042090,0,0,1246,64793,"",2.71,2.37,2.99,0.00,0.00,1.26,1.26,"N",0,0.0,0,0,0,0,0,0,0,0,0,0,0,0
"41061","2","92212","77","0","2022","A","","Union County, Oregon","State Government","NAICS 92212 Police protection","County, NAICS 5-digit -- by ownership sector","All establishment sizes",1,22,2541704,0,0,2180,113385,"",4.19,3.19,5.90,0.00,0.00,1.82,1.82,"N",0,0.0,0,0,0,0,0,0,0,0,0,0,0,0
"41061","2","922120","78","0","2022","A","","Union County, Oregon","State Government","NAICS 922120 Police protection","County, NAICS 6-digit -- by ownership sector","All establishment sizes",1,22,2541704,0,0,2180,113385,"",4.19,3.19,5.90,0.00,0.00,1.82,1.82,"N",0,0.0,0,0,0,0,0,0,0,0,0,0,0,0
"41061","2","92214","77","0","2022","A","","Union County, Oregon","State Government","NAICS 92214 Correctional institutions","County, NAICS 5-digit -- by ownership sector","All establishment sizes",1,28,2042104,0,0,1428,74258,"",2.73,1.16,1.75,0.00,0.00,1.54,1.54,"N",0,0.0,0,0,0,0,0,0,0,0,0,0,0,0
"41061","2","922140","78","0","2022","A","","Union County, Oregon","State Government","NAICS 922140 Correctional institutions","County, NAICS 6-digit -- by ownership sector","All establishment sizes",1,28,2042104,0,0,1428,74258,"",2.73,1.16,1.75,0.00,0.00,1.54,1.54,"N",0,0.0,0,0,0,0,0,0,0,0,0,0,0,0
"41061","2","923","75","0","2022","A","","Union County, Oregon","State Government","NAICS 923 Administration of human resource programs","County, NAICS 3-digit -- by ownership sector","All establishment sizes",1,9,520899,0,0,1113,57878,"",0.99,0.32,0.40,0.00,0.00,1.25,1.25,"N",0,0.0,0,0,0,0,0,0,0,0,0,0,0,0
"41061","2","9231","76","0","2022","A","","Union County, Oregon","State Government","NAICS 9231 Administration of human resource programs","County, NAICS 4-digit -- by ownership sector","All establishment sizes",1,9,520899,0,0,1113,57878,"",0.99,0.32,0.40,0.00,0.00,1.25,1.25,"N",0,0.0,0,0,0,0,0,0,0,0,0,0,0,0
"41061","2","92313","77","0","2022","A","","Union County, Oregon","State Government","NAICS 92313 Administration of human resource programs (except education, public health, and veterans' affairs programs)","County, NAICS 5-digit -- by ownership sector","All establishment sizes",1,9,520899,0,0,1113,57878,"",1.95,0.60,0.78,0.00,0.00,1.29,1.29,"N",0,0.0,0,0,0,0,0,0,0,0,0,0,0,0
"41061","2","923130","78","0","2022","A","","Union County, Oregon","State Government","NAICS 923130 Administration of human resource programs (except education, public health, and veterans' affairs programs)","County, NAICS 6-digit -- by ownership sector","All establishment sizes",1,9,520899,0,0,1113,57878,"",1.95,0.60,0.78,0.00,0.00,1.29,1.29,"N",0,0.0,0,0,0,0,0,0,0,0,0,0,0,0
"41061","2","924","75","0","2022","A","","Union County, Oregon","State Government","NAICS 924 Administration of environmental quality programs","County, NAICS 3-digit -- by ownership sector","All establishment sizes",7,99,6777585,0,0,1318,68518,"",10.74,9.93,14.78,0.00,0.00,1.49,1.49,"",0,0.0,4,4.2,196020,3.0,0,0.0,0,0.0,-17,-1.3,-883,-1.3
"41061","2","9241","76","0","2022","A","","Union County, Oregon","State Government","NAICS 9241 Administration of environmental quality programs","County, NAICS 4-digit -- by ownership sector","All establishment sizes",7,99,6777585,0,0,1318,68518,"",10.74,9.93,14.78,0.00,0.00,1.49,1.49,"",0,0.0,4,4.2,196020,3.0,0,0.0,0,0.0,-17,-1.3,-883,-1.3
"41061","2","92412","77","0","2022","A","","Union County, Oregon","State Government","NAICS 92412 Administration of conservation programs","County, NAICS 5-digit -- by ownership sector","All establishment sizes",7,99,6777585,0,0,1318,68518,"",13.14,13.88,23.09,0.00,0.00,1.67,1.66,"",0,0.0,4,4.2,196020,3.0,0,0.0,0,0.0,-17,-1.3,-883,-1.3
"41061","2","924120","78","0","2022","A","","Union County, Oregon","State Government","NAICS 924120 Administration of conservation programs","County, NAICS 6-digit -- by ownership sector","All establishment sizes",7,99,6777585,0,0,1318,68518,"",13.14,13.88,23.09,0.00,0.00,1.67,1.66,"",0,0.0,4,4.2,196020,3.0,0,0.0,0,0.0,-17,-1.3,-883,-1.3
"41061","2","926","75","0","2022","A","","Union County, Oregon","State Government","NAICS 926 Administration of economic programs","County, NAICS 3-digit -- by ownership sector","All establishment sizes",1,1,103294,0,0,1986,103294,"",0.99,0.05,0.10,0.00,0.00,2.10,2.10,"N",0,0.0,0,0,0,0,0,0,0,0,0,0,0,0
"41061","2","9261","76","0","2022","A","","Union County, Oregon","State Government","NAICS 9261 Administration of economic programs","County, NAICS 4-digit -- by ownership sector","All establishment sizes",1,1,103294,0,0,1986,103294,"",0.99,0.05,0.10,0.00,0.00,2.10,2.10,"N",0,0.0,0,0,0,0,0,0,0,0,0,0,0,0
"41061","2","92611","77","0","2022","A","","Union County, Oregon","State Government","NAICS 92611 Administration of general economic programs","County, NAICS 5-digit -- by ownership sector","All establishment sizes",1,1,103294,0,0,1986,103294,"",12.90,0.51,1.18,0.00,0.00,2.31,2.31,"N",0,0.0,0,0,0,0,0,0,0,0,0,0,0,0
"41061","2","926110","78","0","2022","A","","Union County, Oregon","State Government","NAICS 926110 Administration of general economic programs","County, NAICS 6-digit -- by ownership sector","All establishment sizes",1,1,103294,0,0,1986,103294,"",12.90,0.51,1.18,0.00,0.00,2.31,2.31,"N",0,0.0,0,0,0,0,0,0,0,0,0,0,0,0
"41061","3","10","71","0","2022","A","","Union County, Oregon","Local Government","10 Total, all industries","County, Total -- by ownership sector","All establishment sizes",44,1478,71096236,1301048,25426,925,48114,"",2.77,1.55,1.78,0.40,1.04,1.15,1.15,"",0,0.0,34,2.4,4301393,6.4,115511,9.7,2862,12.7,35,3.9,1855,4.0
"41061","3","101","72","0","2022","A","N","Union County, Oregon","Local Government","101 Goods-producing","County, by Domain -- by ownership sector","All establishment sizes",2,0,0,0,0,0,0,"N",4.92,0,0,0,0,0,0,"N",0,0.0,0,0,0,0,0,0,0,0,0,0,0,0
"41061","3","1012","73","0","2022","A","N","Union County, Oregon","Local Government","1012 Construction","County, by Supersector -- by ownership sector","All establishment sizes",2,0,0,0,0,0,0,"N",5.05,0,0,0,0,0,0,"N",0,0.0,0,0,0,0,0,0,0,0,0,0,0,0
"41061","3","102","72","0","2022","A","N","Union County, Oregon","Local Government","102 Service-providing","County, by Domain -- by ownership sector","All establishment sizes",42,0,0,0,0,0,0,"N",2.71,0,0,0,0,0,0,"N",0,0.0,0,0,0,0,0,0,0,0,0,0,0,0
"41061","3","1021","73","0","2022","A","N","Union County, Oregon","Local Government","1021 Trade, transportation, and utilities","County, by Supersector -- by ownership sector","All establishment sizes",2,0,0,0,0,0,0,"N",1.79,0,0,0,0,0,0,"N",0,0.0,0,0,0,0,0,0,0,0,0,0,0,0
"41061","3","1022","73","0","2022","A","N","Union County, Oregon","Local Government","1022 Information","County, by Supersector -- by ownership sector","All establishment sizes",2,0,0,0,0,0,0,"N",4.23,0,0,0,0,0,0,"N",0,0.0,0,0,0,0,0,0,0,0,0,0,0,0
"41061","3","1024","73","0","2022","A","N","Union County, Oregon","Local Government","1024 Professional and business services","County, by Supersector -- by ownership sector","All establishment sizes",1,0,0,0,0,0,0,"N",2.34,0,0,0,0,0,0,"N",0,0.0,0,0,0,0,0,0,0,0,0,0,0,0
"41061","3","1025","73","0","2022","A","","Union County, Oregon","Local Government","1025 Education and health services","County, by Supersector -- by ownership sector","All establishment sizes",16,1053,52718947,525109,14585,963,50089,"",2.36,1.80,2.27,0.41,2.35,1.26,1.26,"",0,0.0,26,2.5,3405229,6.9,30582,6.2,1437,10.9,39,4.2,2052,4.3
"41061","3","1026","73","0","2022","A","N","Union County, Oregon","Local Government","1026 Leisure and hospitality","County, by Supersector -- by ownership sector","All establishment sizes",1,0,0,0,0,0,0,"N",2.33,0,0,0,0,0,0,"N",0,0.0,0,0,0,0,0,0,0,0,0,0,0,0
"41061","3","1027","73","0","2022","A","","Union County, Oregon","Local Government","1027 Other services","County, by Supersector -- by ownership sector","All establishment sizes",6,15,308021,250469,3091,399,20765,"",30.89,6.92,3.90,15.58,13.16,0.57,0.57,"",0,0.0,1,7.1,29687,10.7,38527,18.2,261,9.2,23,6.1,1233,6.3
"41061","3","1028","73","0","2022","A","","Union County, Oregon","Local Government","1028 Public administration","County, by Supersector -- by ownership sector","All establishment sizes",14,331,14924441,394127,3547,868,45134,"",2.39,1.18,1.15,0.29,0.33,0.98,0.98,"",0,0.0,-1,-0.3,750331,5.3,46377,13.3,-1463,-29.2,46,5.6,2398,5.6
"41061","3","22","74","0","2022","A","N","Union County, Oregon","Local Government","NAICS 22 Utilities","County, NAICS Sector -- by ownership sector","All establishment sizes",2,0,0,0,0,0,0,"N",2.58,0,0,0,0,0,0,"N",0,0.0,0,0,0,0,0,0,0,0,0,0,0,0
"41061","3","221","75","0","2022","A","N","Union County, Oregon","Local Government","NAICS 221 Utilities","County, NAICS 3-digit -- by ownership sector","All establishment sizes",2,0,0,0,0,0,0,"N",2.58,0,0,0,0,0,0,"N",0,0.0,0,0,0,0,0,0,0,0,0,0,0,0
"41061","3","2213","76","0","2022","A","N","Union County, Oregon","Local Government","NAICS 2213 Water, sewage and other systems","County, NAICS 4-digit -- by ownership sector","All establishment sizes",2,0,0,0,0,0,0,"N",2.99,0,0,0,0,0,0,"N",0,0.0,0,0,0,0,0,0,0,0,0,0,0,0
"41061","3","22131","77","0","2022","A","N","Union County, Oregon","Local Government","NAICS 22131 Water supply and irrigation systems","County, NAICS 5-digit -- by ownership sector","All establishment sizes",1,0,0,0,0,0,0,"N",2.20,0,0,0,0,0,0,"N",0,0.0,0,0,0,0,0,0,0,0,0,0,0,0
"41061","3","221310","78","0","2022","A","N","Union County, Oregon","Local Government","NAICS 221310 Water supply and irrigation systems","County, NAICS 6-digit -- by ownership sector","All establishment sizes",1,0,0,0,0,0,0,"N",2.20,0,0,0,0,0,0,"N",0,0.0,0,0,0,0,0,0,0,0,0,0,0,0
"41061","3","22132","77","0","2022","A","N","Union County, Oregon","Local Government","NAICS 22132 Sewage treatment facilities","County, NAICS 5-digit -- by ownership sector","All establishment sizes",1,0,0,0,0,0,0,"N",4.65,0,0,0,0,0,0,"N",0,0.0,0,0,0,0,0,0,0,0,0,0,0,0
"41061","3","221320","78","0","2022","A","N","Union County, Oregon","Local Government","NAICS 221320 Sewage treatment facilities","County, NAICS 6-digit -- by ownership sector","All establishment sizes",1,0,0,0,0,0,0,"N",4.65,0,0,0,0,0,0,"N",0,0.0,0,0,0,0,0,0,0,0,0,0,0,0
"41061","3","23","74","0","2022","A","N","Union County, Oregon","Local Government","NAICS 23 Construction","County, NAICS Sector -- by ownership sector","All establishment sizes",2,0,0,0,0,0,0,"N",5.05,0,0,0,0,0,0,"N",0,0.0,0,0,0,0,0,0,0,0,0,0,0,0
"41061","3","236","75","0","2022","A","N","Union County, Oregon","Local Government","NAICS 236 Construction of buildings","County, NAICS 3-digit -- by ownership sector","All establishment sizes",1,0,0,0,0,0,0,"N",94.79,0,0,0,0,0,0,"N",0,0.0,0,0,0,0,0,0,0,0,0,0,0,0
"41061","3","2362","76","0","2022","A","N","Union County, Oregon","Local Government","NAICS 2362 Nonresidential building construction","County, NAICS 4-digit -- by ownership sector","All establishment sizes",1,0,0,0,0,0,0,"N",109.15,0,0,0,0,0,0,"N",0,0.0,0,0,0,0,0,0,0,0,0,0,0,0
"41061","3","23622","77","0","2022","A","N","Union County, Oregon","Local Government","NAICS 23622 Commercial and institutional building construction","County, NAICS 5-digit -- by ownership sector","All establishment sizes",1,0,0,0,0,0,0,"N",109.15,0,0,0,0,0,0,"N",0,0.0,0,0,0,0,0,0,0,0,0,0,0,0
"41061","3","236220","78","0","2022","A","N","Union County, Oregon","Local Government","NAICS 236220 Commercial and institutional building construction","County, NAICS 6-digit -- by ownership sector","All establishment sizes",1,0,0,0,0,0,0,"N",109.15,0,0,0,0,0,0,"N",0,0.0,0,0,0,0,0,0,0,0,0,0,0,0
"41061","3","237","75","0","2022","A","N","Union County, Oregon","Local Government","NAICS 237 Heavy and civil engineering construction","County, NAICS 3-digit -- by ownership sector","All establishment sizes",1,0,0,0,0,0,0,"N",2.64,0,0,0,0,0,0,"N",0,0.0,0,0,0,0,0,0,0,0,0,0,0,0
"41061","3","2373","76","0","2022","A","N","Union County, Oregon","Local Government","NAICS 2373 Highway, street, and bridge construction","County, NAICS 4-digit -- by ownership sector","All establishment sizes",1,0,0,0,0,0,0,"N",2.75,0,0,0,0,0,0,"N",0,0.0,0,0,0,0,0,0,0,0,0,0,0,0
"41061","3","23731","77","0","2022","A","N","Union County, Oregon","Local Government","NAICS 23731 Highway, street, and bridge construction","County, NAICS 5-digit -- by ownership sector","All establishment sizes",1,0,0,0,0,0,0,"N",2.75,0,0,0,0,0,0,"N",0,0.0,0,0,0,0,0,0,0,0,0,0,0,0
"41061","3","237310","78","0","2022","A","N","Union County, Oregon","Local Government","NAICS 237310 Highway, street, and bridge construction","County, NAICS 6-digit -- by ownership sector","All establishment sizes",1,0,0,0,0,0,0,"N",2.75,0,0,0,0,0,0,"N",0,0.0,0,0,0,0,0,0,0,0,0,0,0,0
"41061","3","51","74","0","2022","A","N","Union County, Oregon","Local Government","NAICS 51 Information","County, NAICS Sector -- by ownership sector","All establishment sizes",2,0,0,0,0,0,0,"N",4.23,0,0,0,0,0,0,"N",0,0.0,0,0,0,0,0,0,0,0,0,0,0,0
"41061","3","517","75","0","2022","A","N","Union County, Oregon","Local Government","NAICS 517 Telecommunications","County, NAICS 3-digit -- by ownership sector","All establishment sizes",1,0,0,0,0,0,0,"N",220.53,0,0,0,0,0,0,"N",0,0.0,0,0,0,0,0,0,0,0,0,0,0,0
"41061","3","5171","76","0","2022","A","N","Union County, Oregon","Local Government","NAICS 5171 Wired and wireless telecommunications (except satellite)","County, NAICS 4-digit -- by ownership sector","All establishment sizes",1,0,0,0,0,0,0,"N",251.30,0,0,0,0,0,0,"N",1,100.0,0,0,0,0,0,0,0,0,0,0,0,0
"41061","3","51711","77","0","2022","A","N","Union County, Oregon","Local Government","NAICS 51711 Wired and wireless telecommunications carriers (except satellite)","County, NAICS 5-digit -- by ownership sector","All establishment sizes",1,0,0,0,0,0,0,"N",263.56,0,0,0,0,0,0,"N",1,100.0,0,0,0,0,0,0,0,0,0,0,0,0
"41061","3","517111","78","0","2022","A","N","Union County, Oregon","Local Government","NAICS 517111 Wired telecommunications carriers","County, NAICS 6-digit -- by ownership sector","All establishment sizes",1,0,0,0,0,0,0,"N",432.24,0,0,0,0,0,0,"N",1,100.0,0,0,0,0,0,0,0,0,0,0,0,0
"41061","3","519","75","0","2022","A","N","Union County, Oregon","Local Government","NAICS 519 Web search portals, libraries, archives, and other information services","County, NAICS 3-digit -- by ownership sector","All establishment sizes",1,0,0,0,0,0,0,"N",2.20,0,0,0,0,0,0,"N",0,0.0,0,0,0,0,0,0,0,0,0,0,0,0
"41061","3","5192","76","0","2022","A","N","Union County, Oregon","Local Government","NAICS 5192 Web search portals, libraries, archives, and other information services","County, NAICS 4-digit -- by ownership sector","All establishment sizes",1,0,0,0,0,0,0,"N",2.20,0,0,0,0,0,0,"N",1,100.0,0,0,0,0,0,0,0,0,0,0,0,0
"41061","3","51921","77","0","2022","A","N","Union County, Oregon","Local Government","NAICS 51921 Libraries and archives","County, NAICS 5-digit -- by ownership sector","All establishment sizes",1,0,0,0,0,0,0,"N",2.20,0,0,0,0,0,0,"N",1,100.0,0,0,0,0,0,0,0,0,0,0,0,0
"41061","3","519210","78","0","2022","A","N","Union County, Oregon","Local Government","NAICS 519210 Libraries and archives","County, NAICS 6-digit -- by ownership sector","All establishment sizes",1,0,0,0,0,0,0,"N",2.20,0,0,0,0,0,0,"N",1,100.0,0,0,0,0,0,0,0,0,0,0,0,0
"41061","3","56","74","0","2022","A","N","Union County, Oregon","Local Government","NAICS 56 Administrative and support and waste management and remediation services","County, NAICS Sector -- by ownership sector","All establishment sizes",1,0,0,0,0,0,0,"N",3.13,0,0,0,0,0,0,"N",0,0.0,0,0,0,0,0,0,0,0,0,0,0,0
"41061","3","561","75","0","2022","A","N","Union County, Oregon","Local Government","NAICS 561 Administrative and support services","County, NAICS 3-digit -- by ownership sector","All establishment sizes",1,0,0,0,0,0,0,"N",4.68,0,0,0,0,0,0,"N",0,0.0,0,0,0,0,0,0,0,0,0,0,0,0
"41061","3","5617","76","0","2022","A","N","Union County, Oregon","Local Government","NAICS 5617 Services to buildings and dwellings","County, NAICS 4-digit -- by ownership sector","All establishment sizes",1,0,0,0,0,0,0,"N",7.18,0,0,0,0,0,0,"N",0,0.0,0,0,0,0,0,0,0,0,0,0,0,0
"41061","3","56173","77","0","2022","A","N","Union County, Oregon","Local Government","NAICS 56173 Landscaping services","County, NAICS 5-digit -- by ownership sector","All establishment sizes",1,0,0,0,0,0,0,"N",45.40,0,0,0,0,0,0,"N",0,0.0,0,0,0,0,0,0,0,0,0,0,0,0
"41061","3","561730","78","0","2022","A","N","Union County, Oregon","Local Government","NAICS 561730 Landscaping services","County, NAICS 6-digit -- by ownership sector","All establishment sizes",1,0,0,0,0,0,0,"N",45.40,0,0,0,0,0,0,"N",0,0.0,0,0,0,0,0,0,0,0,0,0,0,0
"41061","3","61","74","0","2022","A","N","Union County, Oregon","Local Government","NAICS 61 Educational services","County, NAICS Sector -- by ownership sector","All establishment sizes",14,0,0,0,0,0,0,"N",2.28,0,0,0,0,0,0,"N",0,0.0,0,0,0,0,0,0,0,0,0,0,0,0
"41061","3","611","75","0","2022","A","N","Union County, Oregon","Local Government","NAICS 611 Educational services","County, NAICS 3-digit -- by ownership sector","All establishment sizes",14,0,0,0,0,0,0,"N",2.28,0,0,0,0,0,0,"N",0,0.0,0,0,0,0,0,0,0,0,0,0,0,0
"41061","3","6111","76","0","2022","A","","Union County, Oregon","Local Government","NAICS 6111 Elementary and secondary schools","County, NAICS 4-digit -- by ownership sector","All establishment sizes",11,600,27408401,0,0,878,45649,"",1.87,1.23,1.45,0.00,0.00,1.18,1.18,"",0,0.0,24,4.2,2430894,9.7,0,0.0,0,0.0,43,5.1,2254,5.2
"41061","3","61111","77","0","2022","A","","Union County, Oregon","Local Government","NAICS 61111 Elementary and secondary schools","County, NAICS 5-digit -- by ownership sector","All establishment sizes",11,600,27408401,0,0,878,45649,"",1.87,1.23,1.45,0.00,0.00,1.18,1.18,"",0,0.0,24,4.2,2430894,9.7,0,0.0,0,0.0,43,5.1,2254,5.2
"41061","3","611110","78","0","2022","A","","Union County, Oregon","Local Government","NAICS 611110 Elementary and secondary schools","County, NAICS 6-digit -- by ownership sector","All establishment sizes",11,600,27408401,0,0,878,45649,"",1.87,1.23,1.45,0.00,0.00,1.18,1.18,"",0,0.0,24,4.2,2430894,9.7,0,0.0,0,0.0,43,5.1,2254,5.2
"41061","3","6113","76","0","2022","A","N","Union County, Oregon","Local Government","NAICS 6113 Colleges, universities, and professional schools","County, NAICS 4-digit -- by ownership sector","All establishment sizes",3,0,0,0,0,0,0,"N",84.86,0,0,0,0,0,0,"N",0,0.0,0,0,0,0,0,0,0,0,0,0,0,0
"41061","3","61131","77","0","2022","A","N","Union County, Oregon","Local Government","NAICS 61131 Colleges, universities, and professional schools","County, NAICS 5-digit -- by ownership sector","All establishment sizes",3,0,0,0,0,0,0,"N",84.86,0,0,0,0,0,0,"N",0,0.0,0,0,0,0,0,0,0,0,0,0,0,0
"41061","3","611310","78","0","2022","A","N","Union County, Oregon","Local Government","NAICS 611310 Colleges, universities, and professional schools","County, NAICS 6-digit -- by ownership sector","All establishment sizes",3,0,0,0,0,0,0,"N",84.86,0,0,0,0,0,0,"N",0,0.0,0,0,0,0,0,0,0,0,0,0,0,0
"41061","3","62","74","0","2022","A","N","Union County, Oregon","Local Government","NAICS 62 Health care and social assistance","County, NAICS Sector -- by ownership sector","All establishment sizes",2,0,0,0,0,0,0,"N",3.06,0,0,0,0,0,0,"N",0,0.0,0,0,0,0,0,0,0,0,0,0,0,0
"41061","3","621","75","0","2022","A","N","Union County, Oregon","Local Government","NAICS 621 Ambulatory health care services","County, NAICS 3-digit -- by ownership sector","All establishment sizes",1,0,0,0,0,0,0,"N",4.91,0,0,0,0,0,0,"N",0,0.0,0,0,0,0,0,0,0,0,0,0,0,0
"41061","3","6213","76","0","2022","A","N","Union County, Oregon","Local Government","NAICS 6213 Offices of other health practitioners","County, NAICS 4-digit -- by ownership sector","All establishment sizes",1,0,0,0,0,0,0,"N",96.48,0,0,0,0,0,0,"N",0,0.0,0,0,0,0,0,0,0,0,0,0,0,0
"41061","3","62139","77","0","2022","A","N","Union County, Oregon","Local Government","NAICS 62139 Offices of all other health practitioners","County, NAICS 5-digit -- by ownership sector","All establishment sizes",1,0,0,0,0,0,0,"N",216.12,0,0,0,0,0,0,"N",0,0.0,0,0,0,0,0,0,0,0,0,0,0,0
"41061","3","621399","78","0","2022","A","N","Union County, Oregon","Local Government","NAICS 621399 Offices of all other miscellaneous health practitioners","County, NAICS 6-digit -- by ownership sector","All establishment sizes",1,0,0,0,0,0,0,"N",216.12,0,0,0,0,0,0,"N",0,0.0,0,0,0,0,0,0,0,0,0,0,0,0
"41061","3","624","75","0","2022","A","N","Union County, Oregon","Local Government","NAICS 624 Social assistance","County, NAICS 3-digit -- by ownership sector","All establishment sizes",1,0,0,0,0,0,0,"N",3.89,0,0,0,0,0,0,"N",0,0.0,0,0,0,0,0,0,0,0,0,0,0,0
"41061","3","6243","76","0","2022","A","N","Union County, Oregon","Local Government","NAICS 6243 Vocational rehabilitation services","County, NAICS 4-digit -- by ownership sector","All establishment sizes",1,0,0,0,0,0,0,"N",54.85,0,0,0,0,0,0,"N",0,0.0,0,0,0,0,0,0,0,0,0,0,0,0
"41061","3","62431","77","0","2022","A","N","Union County, Oregon","Local Government","NAICS 62431 Vocational rehabilitation services","County, NAICS 5-digit -- by ownership sector","All establishment sizes",1,0,0,0,0,0,0,"N",54.85,0,0,0,0,0,0,"N",0,0.0,0,0,0,0,0,0,0,0,0,0,0,0
"41061","3","624310","78","0","2022","A","N","Union County, Oregon","Local Government","NAICS 624310 Vocational rehabilitation services","County, NAICS 6-digit -- by ownership sector","All establishment sizes",1,0,0,0,0,0,0,"N",54.85,0,0,0,0,0,0,"N",0,0.0,0,0,0,0,0,0,0,0,0,0,0,0
"41061","3","71","74","0","2022","A","N","Union County, Oregon","Local Government","NAICS 71 Arts, entertainment, and recreation","County, NAICS Sector -- by ownership sector","All establishment sizes",1,0,0,0,0,0,0,"N",2.74,0,0,0,0,0,0,"N",0,0.0,0,0,0,0,0,0,0,0,0,0,0,0
"41061","3","713","75","0","2022","A","N","Union County, Oregon","Local Government","NAICS 713 Amusement, gambling, and recreation industries","County, NAICS 3-digit -- by ownership sector","All establishment sizes",1,0,0,0,0,0,0,"N",3.55,0,0,0,0,0,0,"N",0,0.0,0,0,0,0,0,0,0,0,0,0,0,0
"41061","3","7139","76","0","2022","A","N","Union County, Oregon","Local Government","NAICS 7139 Other amusement and recreation industries","County, NAICS 4-digit -- by ownership sector","All establishment sizes",1,0,0,0,0,0,0,"N",4.05,0,0,0,0,0,0,"N",0,0.0,0,0,0,0,0,0,0,0,0,0,0,0
"41061","3","71394","77","0","2022","A","N","Union County, Oregon","Local Government","NAICS 71394 Fitness and recreational sports centers","County, NAICS 5-digit -- by ownership sector","All establishment sizes",1,0,0,0,0,0,0,"N",9.19,0,0,0,0,0,0,"N",0,0.0,0,0,0,0,0,0,0,0,0,0,0,0
"41061","3","713940","78","0","2022","A","N","Union County, Oregon","Local Government","NAICS 713940 Fitness and recreational sports centers","County, NAICS 6-digit -- by ownership sector","All establishment sizes",1,0,0,0,0,0,0,"N",9.19,0,0,0,0,0,0,"N",0,0.0,0,0,0,0,0,0,0,0,0,0,0,0
"41061","3","81","74","0","2022","A","","Union County, Oregon","Local Government","NAICS 81 Other services (except public administration)","County, NAICS Sector -- by ownership sector","All establishment sizes",6,15,308021,250469,3091,399,20765,"",30.89,6.92,3.90,15.58,13.16,0.57,0.57,"",0,0.0,1,7.1,29687,10.7,38527,18.2,261,9.2,23,6.1,1233,6.3
"41061","3","812","75","0","2022","A","","Union County, Oregon","Local Government","NAICS 812 Personal and laundry services","County, NAICS 3-digit -- by ownership sector","All establishment sizes",6,15,308021,250469,3091,399,20765,"",62.22,31.74,21.77,88.22,65.14,0.69,0.69,"",0,0.0,1,7.1,29687,10.7,38527,18.2,261,9.2,23,6.1,1233,6.3
"41061","3","8122","76","0","2022","A","","Union County, Oregon","Local Government","NAICS 8122 Death care services","County, NAICS 4-digit -- by ownership sector","All establishment sizes",6,15,308021,250469,3091,399,20765,"",88.57,85.04,75.80,170.73,102.17,0.90,0.90,"",0,0.0,1,7.1,29687,10.7,38527,18.2,261,9.2,23,6.1,1233,6.3
"41061","3","81222","77","0","2022","A","","Union County, Oregon","Local Government","NAICS 81222 Cemeteries and crematories","County, NAICS 5-digit -- by ownership sector","All establishment sizes",6,15,308021,250469,3091,399,20765,"",88.82,85.34,76.08,171.76,103.66,0.90,0.90,"",0,0.0,1,7.1,29687,10.7,38527,18.2,261,9.2,23,6.1,1233,6.3
"41061","3","812220","78","0","2022","A","","Union County, Oregon","Local Government","NAICS 812220 Cemeteries and crematories","County, NAICS 6-digit -- by ownership sector","All establishment sizes",6,15,308021,250469,3091,399,20765,"",88.82,85.34,76.08,171.76,103.66,0.90,0.90,"",0,0.0,1,7.1,29687,10.7,38527,18.2,261,9.2,23,6.1,1233,6.3
"41061","3","92","74","0","2022","A","","Union County, Oregon","Local Government","NAICS 92 Public administration","County, NAICS Sector -- by ownership sector","All establishment sizes",14,331,14924441,394127,3547,868,45134,"",2.39,1.18,1.15,0.29,0.33,0.98,0.98,"",0,0.0,-1,-0.3,750331,5.3,46377,13.3,-1463,-29.2,46,5.6,2398,5.6
"41061","3","921","75","0","2022","A","","Union County, Oregon","Local Government","NAICS 921 Executive, legislative, and other general government support","County, NAICS 3-digit -- by ownership sector","All establishment sizes",9,237,11016099,255833,2302,895,46514,"",2.64,1.29,1.46,0.25,0.28,1.13,1.13,"",0,0.0,-5,-2.1,463593,4.4,35582,16.2,-1177,-33.8,58,6.9,2969,6.8
"41061","3","9211","76","0","2022","A","","Union County, Oregon","Local Government","NAICS 9211 Executive, legislative, and other general government support","County, NAICS 4-digit -- by ownership sector","All establishment sizes",9,237,11016099,255833,2302,895,46514,"",2.64,1.29,1.46,0.25,0.28,1.13,1.13,"",0,0.0,-5,-2.1,463593,4.4,35582,16.2,-1177,-33.8,58,6.9,2969,6.8
"41061","3","92111","77","0","2022","A","N","Union County, Oregon","Local Government","NAICS 92111 Executive offices","County, NAICS 5-digit -- by ownership sector","All establishment sizes",1,0,0,0,0,0,0,"N",2.40,0,0,0,0,0,0,"N",0,0.0,0,0,0,0,0,0,0,0,0,0,0,0
"41061","3","921110","78","0","2022","A","N","Union County, Oregon","Local Government","NAICS 921110 Executive offices","County, NAICS 6-digit -- by ownership sector","All establishment sizes",1,0,0,0,0,0,0,"N",2.40,0,0,0,0,0,0,"N",0,0.0,0,0,0,0,0,0,0,0,0,0,0,0
"41061","3","92114","77","0","2022","A","","Union County, Oregon","Local Government","NAICS 92114 Executive and legislative offices, combined","County, NAICS 5-digit -- by ownership sector","All establishment sizes",7,233,10973195,255833,2302,908,47197,"",3.57,1.95,2.24,0.42,0.74,1.16,1.16,"",0,0.0,-4,-1.7,470417,4.5,35582,16.2,-1177,-33.8,57,6.7,2928,6.6
"41061","3","921140","78","0","2022","A","","Union County, Oregon","Local Government","NAICS 921140 Executive and legislative offices, combined","County, NAICS 6-digit -- by ownership sector","All establishment sizes",7,233,10973195,255833,2302,908,47197,"",3.57,1.95,2.24,0.42,0.74,1.16,1.16,"",0,0.0,-4,-1.7,470417,4.5,35582,16.2,-1177,-33.8,57,6.7,2928,6.6
"41061","3","92119","77","0","2022","A","N","Union County, Oregon","Local Government","NAICS 92119 Other general government support","County, NAICS 5-digit -- by ownership sector","All establishment sizes",1,0,0,0,0,0,0,"N",2.31,0,0,0,0,0,0,"N",0,0.0,0,0,0,0,0,0,0,0,0,0,0,0
"41061","3","921190","78","0","2022","A","N","Union County, Oregon","Local Government","NAICS 921190 Other general government support","County, NAICS 6-digit -- by ownership sector","All establishment sizes",1,0,0,0,0,0,0,"N",2.31,0,0,0,0,0,0,"N",0,0.0,0,0,0,0,0,0,0,0,0,0,0,0
"41061","3","922","75","0","2022","A","N","Union County, Oregon","Local Government","NAICS 922 Justice, public order, and safety activities","County, NAICS 3-digit -- by ownership sector","All establishment sizes",4,0,0,0,0,0,0,"N",3.21,0,0,0,0,0,0,"N",0,0.0,0,0,0,0,0,0,0,0,0,0,0,0
"41061","3","9221","76","0","2022","A","N","Union County, Oregon","Local Government","NAICS 9221 Justice, public order, and safety activities","County, NAICS 4-digit -- by ownership sector","All establishment sizes",4,0,0,0,0,0,0,"N",3.21,0,0,0,0,0,0,"N",0,0.0,0,0,0,0,0,0,0,0,0,0,0,0
"41061","3","92212","77","0","2022","A","N","Union County, Oregon","Local Government","NAICS 92212 Police protection","County, NAICS 5-digit -- by ownership sector","All establishment sizes",1,0,0,0,0,0,0,"N",3.09,0,0,0,0,0,0,"N",0,0.0,0,0,0,0,0,0,0,0,0,0,0,0
"41061","3","922120","78","0","2022","A","N","Union County, Oregon","Local Government","NAICS 922120 Police protection","County, NAICS 6-digit -- by ownership sector","All establishment sizes",1,0,0,0,0,0,0,"N",3.09,0,0,0,0,0,0,"N",0,0.0,0,0,0,0,0,0,0,0,0,0,0,0
"41061","3","92216","77","0","2022","A","","Union County, Oregon","Local Government","NAICS 92216 Fire protection","County, NAICS 5-digit -- by ownership sector","All establishment sizes",3,58,1701257,0,0,565,29374,"",6.02,3.95,1.87,0.00,0.00,0.47,0.47,"",0,0.0,4,7.4,207089,13.9,0,0.0,0,0.0,30,5.6,1532,5.5
"41061","3","922160","78","0","2022","A","","Union County, Oregon","Local Government","NAICS 922160 Fire protection","County, NAICS 6-digit -- by ownership sector","All establishment sizes",3,58,1701257,0,0,565,29374,"",6.02,3.95,1.87,0.00,0.00,0.47,0.47,"",0,0.0,4,7.4,207089,13.9,0,0.0,0,0.0,30,5.6,1532,5.5
"41061","3","924","75","0","2022","A","N","Union County, Oregon","Local Government","NAICS 924 Administration of environmental quality programs","County, NAICS 3-digit -- by ownership sector","All establishment sizes",1,0,0,0,0,0,0,"N",2.58,0,0,0,0,0,0,"N",0,0.0,0,0,0,0,0,0,0,0,0,0,0,0
"41061","3","9241","76","0","2022","A","N","Union County, Oregon","Local Government","NAICS 9241 Administration of environmental quality programs","County, NAICS 4-digit -- by ownership sector","All establishment sizes",1,0,0,0,0,0,0,"N",2.58,0,0,0,0,0,0,"N",0,0.0,0,0,0,0,0,0,0,0,0,0,0,0
"41061","3","92412","77","0","2022","A","N","Union County, Oregon","Local Government","NAICS 92412 Administration of conservation programs","County, NAICS 5-digit -- by ownership sector","All establishment sizes",1,0,0,0,0,0,0,"N",4.29,0,0,0,0,0,0,"N",0,0.0,0,0,0,0,0,0,0,0,0,0,0,0
"41061","3","924120","78","0","2022","A","N","Union County, Oregon","Local Government","NAICS 924120 Administration of conservation programs","County, NAICS 6-digit -- by ownership sector","All establishment sizes",1,0,0,0,0,0,0,"N",4.29,0,0,0,0,0,0,"N",0,0.0,0,0,0,0,0,0,0,0,0,0,0,0
"41061","5","10","71","0","2022","A","","Union County, Oregon","Private","10 Total, all industries","County, Total -- by ownership sector","All establishment sizes",989,8208,374420373,236394991,4885257,877,45617,"",0.95,0.93,0.88,1.01,1.00,0.95,0.95,"",33,3.5,179,2.2,28165863,8.1,22977450,10.8,-130281,-2.6,48,5.8,2492,5.8
"41061","5","101","72","0","2022","A","","Union County, Oregon","Private","101 Goods-producing","County, by Domain -- by ownership sector","All establishment sizes",222,2241,122227534,93962382,2197646,1049,54537,"",1.68,1.46,1.53,1.98,1.78,1.05,1.05,"",5,2.3,41,1.9,11394073,10.3,9498215,11.2,-16723,-0.8,80,8.3,4160,8.3
"41061","5","1011","73","0","2022","A","","Union County, Oregon","Private","1011 Natural resources and mining","County, by Supersector -- by ownership sector","All establishment sizes",75,367,16699527,13913127,320387,874,45462,"",5.65,2.94,2.95,3.41,2.76,1.00,1.00,"",-1,-1.3,-2,-0.5,735454,4.6,483010,3.6,-1268,-0.4,41,4.9,2170,5.0
"41061","5","1012","73","0","2022","A","","Union County, Oregon","Private","1012 Construction","County, by Supersector -- by ownership sector","All establishment sizes",112,586,29663821,24268583,571355,974,50657,"",1.34,1.11,1.12,1.38,0.97,1.01,1.01,"",3,2.8,27,4.8,3844550,14.9,3038859,14.3,40606,7.7,86,9.7,4476,9.7
"41061","5","1013","73","0","2022","A","","Union County, Oregon","Private","1013 Manufacturing","County, by Supersector -- by ownership sector","All establishment sizes",36,1288,75864186,55780672,1305904,1132,58889,"",1.02,1.47,1.59,2.16,2.47,1.08,1.08,"",4,12.5,16,1.3,6814069,9.9,5976346,12.0,-56061,-4.1,88,8.4,4615,8.5
"41061","5","102","72","0","2022","A","","Union County, Oregon","Private","102 Service-providing","County, by Domain -- by ownership sector","All establishment sizes",767,5967,252192839,142432609,2687611,813,42266,"",0.85,0.82,0.73,0.77,0.74,0.90,0.90,"",27,3.6,138,2.4,16771790,7.1,13479235,10.5,-113558,-4.1,36,4.6,1878,4.6
"41061","5","1021","73","0","2022","A","","Union County, Oregon","Private","1021 Trade, transportation, and utilities","County, by Supersector -- by ownership sector","All establishment sizes",170,2011,77521611,61514640,1151947,741,38555,"",0.91,1.03,1.00,1.18,1.24,0.97,0.97,"",8,4.9,49,2.5,4000463,5.4,5078494,9.0,-19720,-1.7,20,2.8,1074,2.9
"41061","5","1022","73","0","2022","A","","Union County, Oregon","Private","1022 Information","County, by Supersector -- by ownership sector","All establishment sizes",21,96,4685158,3147180,67062,936,48677,"",0.86,0.46,0.23,0.45,0.42,0.49,0.49,"",4,23.5,10,11.6,814214,21.0,407780,14.9,9302,16.1,67,7.7,3491,7.7
"41061","5","1023","73","0","2022","A","","Union County, Oregon","Private","1023 Financial activities","County, by Supersector -- by ownership sector","All establishment sizes",61,293,13903648,9447158,176852,912,47399,"",0.64,0.50,0.29,0.55,0.53,0.59,0.59,"",3,5.2,14,5.0,357870,2.6,1117696,13.4,6476,3.8,-21,-2.3,-1123,-2.3
"41061","5","1024","73","0","2022","A","","Union County, Oregon","Private","1024 Professional and business services","County, by Supersector -- by ownership sector","All establishment sizes",103,565,29805118,19544955,407731,1015,52799,"",0.48,0.36,0.30,0.40,0.38,0.82,0.82,"",7,7.3,12,2.2,2357555,8.6,1568826,8.7,27873,7.3,61,6.4,3187,6.4
"41061","5","1025","73","0","2022","A","","Union County, Oregon","Private","1025 Education and health services","County, by Supersector -- by ownership sector","All establishment sizes",209,1655,95347089,20332438,350595,1108,57623,"",1.13,1.03,1.43,0.75,0.72,1.38,1.38,"",0,0.0,-43,-2.5,5294862,5.9,1382979,7.3,-87353,-19.9,88,8.6,4599,8.7
"41061","5","1026","73","0","2022","A","","Union County, Oregon","Private","1026 Leisure and hospitality","County, by Supersector -- by ownership sector","All establishment sizes",87,1020,20787727,19810291,363439,392,20372,"",1.01,0.94,0.92,0.78,0.74,0.98,0.98,"",0,0.0,68,7.1,2476126,13.5,2485093,14.3,-80612,-18.2,22,5.9,1139,5.9
"41061","5","1027","73","0","2022","A","","Union County, Oregon","Private","1027 Other services","County, by Supersector -- by ownership sector","All establishment sizes",84,312,9419771,8058390,156124,580,30175,"",1.05,1.03,0.94,1.11,1.09,0.91,0.91,"",-1,-1.2,23,8.0,1157729,14.0,1208281,17.6,25651,19.7,30,5.5,1554,5.4
"41061","5","1029","73","0","2022","A","","Union County, Oregon","Private","1029 Unclassified","County, by Supersector -- by ownership sector","All establishment sizes",33,15,722717,577557,13861,942,48998,"",1.03,0.74,0.70,0.76,0.56,0.96,0.96,"",8,32.0,5,50.0,312971,76.4,230086,66.2,4825,53.4,167,21.5,8695,21.6
"41061","5","11","74","0","2022","A","N","Union County, Oregon","Private","NAICS 11 Agriculture, forestry, fishing and hunting","County, NAICS Sector -- by ownership sector","All establishment sizes",74,0,0,0,0,0,0,"N",7.12,0,0,0,0,0,0,"N",-1,-1.3,0,0,0,0,0,0,0,0,0,0,0,0
"41061","5","111","75","0","2022","A","","Union County, Oregon","Private","NAICS 111 Crop production","County, NAICS 3-digit -- by ownership sector","All establishment sizes",38,178,6229366,5734696,118831,675,35095,"",8.06,4.73,5.81,4.91,3.59,1.23,1.23,"",1,2.7,-12,-6.3,-143948,-2.3,-152918,-2.6,-6768,-5.4,31,4.8,1625,4.9
"41061","5","1111","76","0","2022","A","","Union County, Oregon","Private","NAICS 1111 Oilseed and grain farming","County, NAICS 4-digit -- by ownership sector","All establishment sizes",4,32,1177800,1105323,17378,704,36616,"",3.15,8.46,9.77,9.01,8.57,1.15,1.15,"",0,0.0,-4,-11.1,-98695,-7.7,-78435,-6.6,-3643,-17.3,27,4.0,1402,4.0
"41061","5","11114","77","0","2022","A","","Union County, Oregon","Private","NAICS 11114 Wheat farming","County, NAICS 5-digit -- by ownership sector","All establishment sizes",4,32,1177800,1105323,17378,704,36616,"",21.71,81.02,104.55,59.26,78.05,1.28,1.28,"",0,0.0,-4,-11.1,-98695,-7.7,-78435,-6.6,-3643,-17.3,27,4.0,1402,4.0
"41061","5","111140","78","0","2022","A","","Union County, Oregon","Private","NAICS 111140 Wheat farming","County, NAICS 6-digit -- by ownership sector","All establishment sizes",4,32,1177800,1105323,17378,704,36616,"",21.71,81.02,104.55,59.26,78.05,1.28,1.28,"",0,0.0,-4,-11.1,-98695,-7.7,-78435,-6.6,-3643,-17.3,27,4.0,1402,4.0
"41061","5","1112","76","0","2022","A","N","Union County, Oregon","Private","NAICS 1112 Vegetable and melon farming","County, NAICS 4-digit -- by ownership sector","All establishment sizes",1,0,0,0,0,0,0,"N",2.05,0,0,0,0,0,0,"N",-1,-50.0,0,0,0,0,0,0,0,0,0,0,0,0
"41061","5","11121","77","0","2022","A","N","Union County, Oregon","Private","NAICS 11121 Vegetable and melon farming","County, NAICS 5-digit -- by ownership sector","All establishment sizes",1,0,0,0,0,0,0,"N",2.05,0,0,0,0,0,0,"N",-1,-50.0,0,0,0,0,0,0,0,0,0,0,0,0
"41061","5","111211","78","0","2022","A","N","Union County, Oregon","Private","NAICS 111211 Potato farming","County, NAICS 6-digit -- by ownership sector","All establishment sizes",1,0,0,0,0,0,0,"N",10.39,0,0,0,0,0,0,"N",-1,-50.0,0,0,0,0,0,0,0,0,0,0,0,0
"41061","5","1113","76","0","2022","A","","Union County, Oregon","Private","NAICS 1113 Fruit and tree nut farming","County, NAICS 4-digit -- by ownership sector","All establishment sizes",5,16,484271,484017,12245,567,29499,"",5.16,1.43,1.74,1.42,1.03,1.18,1.18,"",0,0.0,-2,-11.1,-108749,-18.3,-93522,-16.2,1790,17.1,-61,-9.7,-3144,-9.6
"41061","5","11133","77","0","2022","A","","Union County, Oregon","Private","NAICS 11133 Noncitrus fruit and tree nut farming","County, NAICS 5-digit -- by ownership sector","All establishment sizes",5,16,484271,484017,12245,567,29499,"",5.50,1.49,1.82,1.45,1.06,1.19,1.19,"",0,0.0,-2,-11.1,-108749,-18.3,-93522,-16.2,1790,17.1,-61,-9.7,-3144,-9.6
"41061","5","111339","78","0","2022","A","","Union County, Oregon","Private","NAICS 111339 Other noncitrus fruit farming","County, NAICS 6-digit -- by ownership sector","All establishment sizes",5,16,484271,484017,12245,567,29499,"",24.22,8.73,11.88,7.52,5.77,1.33,1.33,"",0,0.0,-2,-11.1,-108749,-18.3,-93522,-16.2,1790,17.1,-61,-9.7,-3144,-9.6
"41061","5","1114","76","0","2022","A","N","Union County, Oregon","Private","NAICS 1114 Greenhouse, nursery, and floriculture production","County, NAICS 4-digit -- by ownership sector","All establishment sizes",4,0,0,0,0,0,0,"N",4.33,0,0,0,0,0,0,"N",2,100.0,0,0,0,0,0,0,0,0,0,0,0,0
"41061","5","11142","77","0","2022","A","N","Union County, Oregon","Private","NAICS 11142 Nursery and floriculture production","County, NAICS 5-digit -- by ownership sector","All establishment sizes",4,0,0,0,0,0,0,"N",5.93,0,0,0,0,0,0,"N",2,100.0,0,0,0,0,0,0,0,0,0,0,0,0
"41061","5","111421","78","0","2022","A","","Union County, Oregon","Private","NAICS 111421 Nursery and tree production","County, NAICS 6-digit -- by ownership sector","All establishment sizes",3,11,212020,212020,7677,371,19275,"",6.35,1.85,1.23,1.25,1.81,0.67,0.67,"N",1,50.0,0,0,0,0,0,0,0,0,0,0,0,0
"41061","5","111422","78","0","2022","A","N","Union County, Oregon","Private","NAICS 111422 Floriculture production","County, NAICS 6-digit -- by ownership sector","All establishment sizes",1,0,0,0,0,0,0,"N",4.93,0,0,0,0,0,0,"N",1,100.0,0,0,0,0,0,0,0,0,0,0,0,0
"41061","5","1119","76","0","2022","A","","Union County, Oregon","Private","NAICS 1119 Other crop farming","County, NAICS 4-digit -- by ownership sector","All establishment sizes",24,112,4132599,3726691,75174,708,36816,"",22.63,23.85,28.51,22.30,18.41,1.19,1.19,"",0,0.0,-4,-3.4,177661,4.5,122698,3.4,-1943,-2.5,54,8.3,2819,8.3
"41061","5","11194","77","0","2022","A","","Union County, Oregon","Private","NAICS 11194 Hay farming","County, NAICS 5-digit -- by ownership sector","All establishment sizes",5,25,651911,628044,11899,512,26609,"",30.15,40.13,33.46,27.71,22.31,0.85,0.85,"",0,0.0,-3,-10.7,-58610,-8.2,-56344,-8.2,-1898,-13.8,31,6.4,1605,6.4
"41061","5","111940","78","0","2022","A","","Union County, Oregon","Private","NAICS 111940 Hay farming","County, NAICS 6-digit -- by ownership sector","All establishment sizes",5,25,651911,628044,11899,512,26609,"",30.15,40.13,33.46,27.71,22.31,0.85,0.85,"",0,0.0,-3,-10.7,-58610,-8.2,-56344,-8.2,-1898,-13.8,31,6.4,1605,6.4
"41061","5","11199","77","0","2022","A","","Union County, Oregon","Private","NAICS 11199 All other crop farming","County, NAICS 5-digit -- by ownership sector","All establishment sizes",19,88,3480688,3098647,63275,763,39666,"",32.31,29.12,38.75,25.45,20.70,1.34,1.33,"",0,0.0,0,0.0,236271,7.3,179042,6.1,-45,-0.1,53,7.5,2763,7.5
"41061","5","111991","78","0","2022","A","N","Union County, Oregon","Private","NAICS 111991 Sugar beet farming","County, NAICS 6-digit -- by ownership sector","All establishment sizes",1,0,0,0,0,0,0,"N",30.02,0,0,0,0,0,0,"N",0,0.0,0,0,0,0,0,0,0,0,0,0,0,0
"41061","5","111998","78","0","2022","A","N","Union County, Oregon","Private","NAICS 111998 All other miscellaneous crop farming","County, NAICS 6-digit -- by ownership sector","All establishment sizes",18,0,0,0,0,0,0,"N",33.70,0,0,0,0,0,0,"N",0,0.0,0,0,0,0,0,0,0,0,0,0,0,0
"41061","5","112","75","0","2022","A","N","Union County, Oregon","Private","NAICS 112 Animal production and aquaculture","County, NAICS 3-digit -- by ownership sector","All establishment sizes",6,0,0,0,0,0,0,"N",2.31,0,0,0,0,0,0,"N",0,0.0,0,0,0,0,0,0,0,0,0,0,0,0
"41061","5","1121","76","0","2022","A","N","Union County, Oregon","Private","NAICS 1121 Cattle ranching and farming","County, NAICS 4-digit -- by ownership sector","All establishment sizes",6,0,0,0,0,0,0,"N",3.63,0,0,0,0,0,0,"N",0,0.0,0,0,0,0,0,0,0,0,0,0,0,0
"41061","5","11211","77","0","2022","A","N","Union County, Oregon","Private","NAICS 11211 Beef cattle ranching and farming, including feedlots","County, NAICS 5-digit -- by ownership sector","All establishment sizes",6,0,0,0,0,0,0,"N",5.93,0,0,0,0,0,0,"N",0,0.0,0,0,0,0,0,0,0,0,0,0,0,0
"41061","5","112111","78","0","2022","A","N","Union County, Oregon","Private","NAICS 112111 Beef cattle ranching and farming","County, NAICS 6-digit -- by ownership sector","All establishment sizes",6,0,0,0,0,0,0,"N",6.62,0,0,0,0,0,0,"N",0,0.0,0,0,0,0,0,0,0,0,0,0,0,0
"41061","5","113","75","0","2022","A","","Union County, Oregon","Private","NAICS 113 Forestry and logging","County, NAICS 3-digit -- by ownership sector","All establishment sizes",10,37,2429367,1840492,63648,1266,65807,"",11.97,10.65,18.31,14.33,20.30,1.72,1.72,"N",1,11.1,0,0,0,0,0,0,0,0,0,0,0,0
"41061","5","1133","76","0","2022","A","","Union County, Oregon","Private","NAICS 1133 Logging","County, NAICS 4-digit -- by ownership sector","All establishment sizes",10,37,2429367,1840492,63648,1266,65807,"",13.48,11.82,20.61,15.79,21.97,1.75,1.75,"N",1,11.1,0,0,0,0,0,0,0,0,0,0,0,0
"41061","5","11331","77","0","2022","A","","Union County, Oregon","Private","NAICS 11331 Logging","County, NAICS 5-digit -- by ownership sector","All establishment sizes",10,37,2429367,1840492,63648,1266,65807,"",13.48,11.82,20.61,15.79,21.97,1.75,1.75,"N",1,11.1,0,0,0,0,0,0,0,0,0,0,0,0
"41061","5","113310","78","0","2022","A","","Union County, Oregon","Private","NAICS 113310 Logging","County, NAICS 6-digit -- by ownership sector","All establishment sizes",10,37,2429367,1840492,63648,1266,65807,"",13.48,11.82,20.61,15.79,21.97,1.75,1.75,"N",1,11.1,0,0,0,0,0,0,0,0,0,0,0,0
"41061","5","115","75","0","2022","A","","Union County, Oregon","Private","NAICS 115 Support activities for agriculture and forestry","County, NAICS 3-digit -- by ownership sector","All establishment sizes",20,116,6321207,4986084,104367,1046,54415,"",10.02,4.35,8.36,5.94,2.93,1.92,1.92,"",-4,-16.7,10,9.4,408683,6.9,381922,8.3,3679,3.7,-22,-2.1,-1145,-2.1
"41061","5","1151","76","0","2022","A","","Union County, Oregon","Private","NAICS 1151 Support activities for crop production","County, NAICS 4-digit -- by ownership sector","All establishment sizes",11,79,4315300,3449531,65526,1055,54856,"",9.48,3.41,6.84,4.84,1.97,2.01,2.01,"",-1,-8.3,10,14.5,885533,25.8,785887,29.5,15349,30.6,104,10.9,5388,10.9
"41061","5","11511","77","0","2022","A","","Union County, Oregon","Private","NAICS 11511 Support activities for crop production","County, NAICS 5-digit -- by ownership sector","All establishment sizes",11,79,4315300,3449531,65526,1055,54856,"",9.48,3.41,6.84,4.84,1.97,2.01,2.01,"",-1,-8.3,10,14.5,885533,25.8,785887,29.5,15349,30.6,104,10.9,5388,10.9
"41061","5","115112","78","0","2022","A","","Union County, Oregon","Private","NAICS 115112 Soil preparation, planting, and cultivating","County, NAICS 6-digit -- by ownership sector","All establishment sizes",3,16,1510411,999887,32699,1769,92005,"",8.27,8.12,22.29,18.22,18.80,2.68,2.67,"N",-1,-25.0,0,0,0,0,0,0,0,0,0,0,0,0
"41061","5","115113","78","0","2022","A","","Union County, Oregon","Private","NAICS 115113 Crop harvesting, primarily by machine","County, NAICS 6-digit -- by ownership sector","All establishment sizes",5,15,685013,651941,9695,854,44433,"",47.15,18.83,28.56,27.00,8.48,1.47,1.48,"",0,0.0,3,25.0,177458,35.0,182510,38.9,3636,60.0,23,2.8,1237,2.9
"41061","5","115114","78","0","2022","A","","Union County, Oregon","Private","NAICS 115114 Postharvest crop activities (except cotton ginning)","County, NAICS 6-digit -- by ownership sector","All establishment sizes",3,47,2119876,1797703,23132,870,45264,"",14.45,7.96,10.79,9.12,3.17,1.36,1.36,"N",0,0.0,0,0,0,0,0,0,0,0,0,0,0,0
"41061","5","1153","76","0","2022","A","","Union County, Oregon","Private","NAICS 1153 Support activities for forestry","County, NAICS 4-digit -- by ownership sector","All establishment sizes",9,38,2005907,1536553,38841,1029,53491,"",33.84,27.15,33.69,22.53,24.89,1.26,1.26,"N",-2,-18.2,0,0,0,0,0,0,0,0,0,0,0,0
"41061","5","11531","77","0","2022","A","","Union County, Oregon","Private","NAICS 11531 Support activities for forestry","County, NAICS 5-digit -- by ownership sector","All establishment sizes",9,38,2005907,1536553,38841,1029,53491,"",33.84,27.15,33.69,22.53,24.89,1.26,1.26,"N",-2,-18.2,0,0,0,0,0,0,0,0,0,0,0,0
"41061","5","115310","78","0","2022","A","","Union County, Oregon","Private","NAICS 115310 Support activities for forestry","County, NAICS 6-digit -- by ownership sector","All establishment sizes",9,38,2005907,1536553,38841,1029,53491,"",33.84,27.15,33.69,22.53,24.89,1.26,1.26,"N",-2,-18.2,0,0,0,0,0,0,0,0,0,0,0,0
"41061","5","21","74","0","2022","A","N","Union County, Oregon","Private","NAICS 21 Mining, quarrying, and oil and gas extraction","County, NAICS Sector -- by ownership sector","All establishment sizes",1,0,0,0,0,0,0,"N",0.35,0,0,0,0,0,0,"N",0,0.0,0,0,0,0,0,0,0,0,0,0,0,0
"41061","5","212","75","0","2022","A","N","Union County, Oregon","Private","NAICS 212 Mining (except oil and gas)","County, NAICS 3-digit -- by ownership sector","All establishment sizes",1,0,0,0,0,0,0,"N",1.47,0,0,0,0,0,0,"N",0,0.0,0,0,0,0,0,0,0,0,0,0,0,0
"41061","5","2123","76","0","2022","A","N","Union County, Oregon","Private","NAICS 2123 Nonmetallic mineral mining and quarrying","County, NAICS 4-digit -- by ownership sector","All establishment sizes",1,0,0,0,0,0,0,"N",1.83,0,0,0,0,0,0,"N",0,0.0,0,0,0,0,0,0,0,0,0,0,0,0
"41061","5","21231","77","0","2022","A","N","Union County, Oregon","Private","NAICS 21231 Stone mining and quarrying","County, NAICS 5-digit -- by ownership sector","All establishment sizes",1,0,0,0,0,0,0,"N",4.32,0,0,0,0,0,0,"N",0,0.0,0,0,0,0,0,0,0,0,0,0,0,0
"41061","5","212319","78","0","2022","A","N","Union County, Oregon","Private","NAICS 212319 Other crushed and broken stone mining and quarrying","County, NAICS 6-digit -- by ownership sector","All establishment sizes",1,0,0,0,0,0,0,"N",21.66,0,0,0,0,0,0,"N",0,0.0,0,0,0,0,0,0,0,0,0,0,0,0
"41061","5","22","74","0","2022","A","N","Union County, Oregon","Private","NAICS 22 Utilities","County, NAICS Sector -- by ownership sector","All establishment sizes",2,0,0,0,0,0,0,"N",0.98,0,0,0,0,0,0,"N",0,0.0,0,0,0,0,0,0,0,0,0,0,0,0
"41061","5","221","75","0","2022","A","N","Union County, Oregon","Private","NAICS 221 Utilities","County, NAICS 3-digit -- by ownership sector","All establishment sizes",2,0,0,0,0,0,0,"N",0.98,0,0,0,0,0,0,"N",0,0.0,0,0,0,0,0,0,0,0,0,0,0,0
"41061","5","2211","76","0","2022","A","N","Union County, Oregon","Private","NAICS 2211 Electric power generation, transmission and distribution","County, NAICS 4-digit -- by ownership sector","All establishment sizes",1,0,0,0,0,0,0,"N",0.87,0,0,0,0,0,0,"N",0,0.0,0,0,0,0,0,0,0,0,0,0,0,0
"41061","5","22112","77","0","2022","A","N","Union County, Oregon","Private","NAICS 22112 Electric power transmission, control, and distribution","County, NAICS 5-digit -- by ownership sector","All establishment sizes",1,0,0,0,0,0,0,"N",1.54,0,0,0,0,0,0,"N",0,0.0,0,0,0,0,0,0,0,0,0,0,0,0
"41061","5","221122","78","0","2022","A","N","Union County, Oregon","Private","NAICS 221122 Electric power distribution","County, NAICS 6-digit -- by ownership sector","All establishment sizes",1,0,0,0,0,0,0,"N",1.73,0,0,0,0,0,0,"N",0,0.0,0,0,0,0,0,0,0,0,0,0,0,0
"41061","5","2212","76","0","2022","A","N","Union County, Oregon","Private","NAICS 2212 Natural gas distribution","County, NAICS 4-digit -- by ownership sector","All establishment sizes",1,0,0,0,0,0,0,"N",3.36,0,0,0,0,0,0,"N",0,0.0,0,0,0,0,0,0,0,0,0,0,0,0
"41061","5","22121","77","0","2022","A","N","Union County, Oregon","Private","NAICS 22121 Natural gas distribution","County, NAICS 5-digit -- by ownership sector","All establishment sizes",1,0,0,0,0,0,0,"N",3.36,0,0,0,0,0,0,"N",0,0.0,0,0,0,0,0,0,0,0,0,0,0,0
"41061","5","221210","78","0","2022","A","N","Union County, Oregon","Private","NAICS 221210 Natural gas distribution","County, NAICS 6-digit -- by ownership sector","All establishment sizes",1,0,0,0,0,0,0,"N",3.36,0,0,0,0,0,0,"N",0,0.0,0,0,0,0,0,0,0,0,0,0,0,0
"41061","5","23","74","0","2022","A","","Union County, Oregon","Private","NAICS 23 Construction","County, NAICS Sector -- by ownership sector","All establishment sizes",112,586,29663821,24268583,571355,974,50657,"",1.34,1.11,1.12,1.38,0.97,1.01,1.01,"",3,2.8,27,4.8,3844550,14.9,3038859,14.3,40606,7.7,86,9.7,4476,9.7
"41061","5","236","75","0","2022","A","","Union County, Oregon","Private","NAICS 236 Construction of buildings","County, NAICS 3-digit -- by ownership sector","All establishment sizes",51,296,13920183,12080453,255850,905,47067,"",1.95,2.47,2.11,3.03,2.13,0.86,0.86,"",1,2.0,19,6.9,1654601,13.5,1585504,15.1,7803,3.1,53,6.2,2787,6.3
"41061","5","2361","76","0","2022","A","","Union County, Oregon","Private","NAICS 2361 Residential building construction","County, NAICS 4-digit -- by ownership sector","All establishment sizes",45,165,6161426,5782382,139889,720,37437,"",2.20,2.62,2.05,2.82,2.84,0.78,0.78,"",1,2.3,8,5.1,787088,14.6,633497,12.3,7887,6.0,63,9.6,3278,9.6
"41061","5","23611","77","0","2022","A","","Union County, Oregon","Private","NAICS 23611 Residential building construction","County, NAICS 5-digit -- by ownership sector","All establishment sizes",45,165,6161426,5782382,139889,720,37437,"",2.20,2.62,2.05,2.82,2.84,0.78,0.78,"",1,2.3,8,5.1,787088,14.6,633497,12.3,7887,6.0,63,9.6,3278,9.6
"41061","5","236115","78","0","2022","A","","Union County, Oregon","Private","NAICS 236115 New single-family housing construction (except for-sale builders)","County, NAICS 6-digit -- by ownership sector","All establishment sizes",39,144,5287963,4959492,120790,708,36829,"",4.62,5.39,3.90,5.46,6.04,0.72,0.72,"",2,5.4,9,6.7,643026,13.8,499359,11.2,1644,1.4,46,6.9,2380,6.9
"41061","5","236118","78","0","2022","A","","Union County, Oregon","Private","NAICS 236118 Residential remodelers","County, NAICS 6-digit -- by ownership sector","All establishment sizes",7,21,873463,822890,19099,800,41593,"",0.63,0.71,0.76,0.89,0.79,1.07,1.06,"",0,0.0,-2,-8.7,144062,19.8,134138,19.5,6243,48.6,177,28.4,9175,28.3
"41061","5","2362","76","0","2022","A","","Union County, Oregon","Private","NAICS 2362 Nonresidential building construction","County, NAICS 4-digit -- by ownership sector","All establishment sizes",6,131,7758757,6298071,115961,1138,59152,"",1.06,2.29,2.16,3.25,1.63,0.94,0.94,"",0,0.0,11,9.2,867513,12.6,952007,17.8,-84,-0.1,31,2.8,1565,2.7
"41061","5","23621","77","0","2022","A","N","Union County, Oregon","Private","NAICS 23621 Industrial building construction","County, NAICS 5-digit -- by ownership sector","All establishment sizes",1,0,0,0,0,0,0,"N",1.68,0,0,0,0,0,0,"N",0,0.0,0,0,0,0,0,0,0,0,0,0,0,0
"41061","5","236210","78","0","2022","A","N","Union County, Oregon","Private","NAICS 236210 Industrial building construction","County, NAICS 6-digit -- by ownership sector","All establishment sizes",1,0,0,0,0,0,0,"N",1.68,0,0,0,0,0,0,"N",0,0.0,0,0,0,0,0,0,0,0,0,0,0,0
"41061","5","23622","77","0","2022","A","N","Union County, Oregon","Private","NAICS 23622 Commercial and institutional building construction","County, NAICS 5-digit -- by ownership sector","All establishment sizes",5,0,0,0,0,0,0,"N",0.98,0,0,0,0,0,0,"N",0,0.0,0,0,0,0,0,0,0,0,0,0,0,0
"41061","5","236220","78","0","2022","A","N","Union County, Oregon","Private","NAICS 236220 Commercial and institutional building construction","County, NAICS 6-digit -- by ownership sector","All establishment sizes",5,0,0,0,0,0,0,"N",0.98,0,0,0,0,0,0,"N",0,0.0,0,0,0,0,0,0,0,0,0,0,0,0
"41061","5","237","75","0","2022","A","","Union County, Oregon","Private","NAICS 237 Heavy and civil engineering construction","County, NAICS 3-digit -- by ownership sector","All establishment sizes",8,33,1472402,1300391,29663,856,44506,"",1.55,0.45,0.34,0.51,0.26,0.75,0.75,"",0,0.0,-16,-32.7,-387232,-20.8,-327218,-20.1,-10913,-26.9,124,16.9,6425,16.9
"41061","5","2371","76","0","2022","A","N","Union County, Oregon","Private","NAICS 2371 Utility system construction","County, NAICS 4-digit -- by ownership sector","All establishment sizes",2,0,0,0,0,0,0,"N",0.75,0,0,0,0,0,0,"N",0,0.0,0,0,0,0,0,0,0,0,0,0,0,0
"41061","5","23711","77","0","2022","A","N","Union County, Oregon","Private","NAICS 23711 Water and sewer line and related structures construction","County, NAICS 5-digit -- by ownership sector","All establishment sizes",2,0,0,0,0,0,0,"N",1.70,0,0,0,0,0,0,"N",0,0.0,0,0,0,0,0,0,0,0,0,0,0,0
"41061","5","237110","78","0","2022","A","N","Union County, Oregon","Private","NAICS 237110 Water and sewer line and related structures construction","County, NAICS 6-digit -- by ownership sector","All establishment sizes",2,0,0,0,0,0,0,"N",1.70,0,0,0,0,0,0,"N",0,0.0,0,0,0,0,0,0,0,0,0,0,0,0
"41061","5","2372","76","0","2022","A","N","Union County, Oregon","Private","NAICS 2372 Land subdivision","County, NAICS 4-digit -- by ownership sector","All establishment sizes",2,0,0,0,0,0,0,"N",3.60,0,0,0,0,0,0,"N",0,0.0,0,0,0,0,0,0,0,0,0,0,0,0
"41061","5","23721","77","0","2022","A","N","Union County, Oregon","Private","NAICS 23721 Land subdivision","County, NAICS 5-digit -- by ownership sector","All establishment sizes",2,0,0,0,0,0,0,"N",3.60,0,0,0,0,0,0,"N",0,0.0,0,0,0,0,0,0,0,0,0,0,0,0
"41061","5","237210","78","0","2022","A","N","Union County, Oregon","Private","NAICS 237210 Land subdivision","County, NAICS 6-digit -- by ownership sector","All establishment sizes",2,0,0,0,0,0,0,"N",3.60,0,0,0,0,0,0,"N",0,0.0,0,0,0,0,0,0,0,0,0,0,0,0
"41061","5","2373","76","0","2022","A","N","Union County, Oregon","Private","NAICS 2373 Highway, street, and bridge construction","County, NAICS 4-digit -- by ownership sector","All establishment sizes",4,0,0,0,0,0,0,"N",3.63,0,0,0,0,0,0,"N",0,0.0,0,0,0,0,0,0,0,0,0,0,0,0
"41061","5","23731","77","0","2022","A","N","Union County, Oregon","Private","NAICS 23731 Highway, street, and bridge construction","County, NAICS 5-digit -- by ownership sector","All establishment sizes",4,0,0,0,0,0,0,"N",3.63,0,0,0,0,0,0,"N",0,0.0,0,0,0,0,0,0,0,0,0,0,0,0
"41061","5","237310","78","0","2022","A","N","Union County, Oregon","Private","NAICS 237310 Highway, street, and bridge construction","County, NAICS 6-digit -- by ownership sector","All establishment sizes",4,0,0,0,0,0,0,"N",3.63,0,0,0,0,0,0,"N",0,0.0,0,0,0,0,0,0,0,0,0,0,0,0
"41061","5","238","75","0","2022","A","","Union County, Oregon","Private","NAICS 238 Specialty trade contractors","County, NAICS 3-digit -- by ownership sector","All establishment sizes",53,257,14271236,10887739,285842,1069,55584,"",1.01,0.76,0.91,0.98,0.80,1.20,1.20,"",2,3.9,24,10.3,2577181,22.0,1780573,19.6,43716,18.1,105,10.9,5449,10.9
"41061","5","2381","76","0","2022","A","","Union County, Oregon","Private","NAICS 2381 Building foundation and exterior contractors","County, NAICS 4-digit -- by ownership sector","All establishment sizes",8,55,3730781,2747922,94164,1312,68246,"",0.76,0.84,1.32,1.25,1.30,1.57,1.57,"",0,0.0,10,22.2,1024358,37.8,730205,36.2,33239,54.6,160,13.9,8325,13.9
"41061","5","23811","77","0","2022","A","","Union County, Oregon","Private","NAICS 23811 Poured concrete structure contractors","County, NAICS 5-digit -- by ownership sector","All establishment sizes",4,47,3460945,2480812,89170,1431,74429,"",1.84,2.78,4.57,4.33,4.72,1.66,1.66,"",0,0.0,10,27.0,1004247,40.9,708358,40.0,32009,56.0,168,13.3,8771,13.4
"41061","5","238111","78","0","2022","A","N","Union County, Oregon","Private","NAICS 238111 Residential poured foundation contractors","County, NAICS 6-digit -- by ownership sector","All establishment sizes",2,0,0,0,0,0,0,"N",1.26,0,0,0,0,0,0,"N",0,0.0,0,0,0,0,0,0,0,0,0,0,0,0
"41061","5","238112","78","0","2022","A","N","Union County, Oregon","Private","NAICS 238112 Nonresidential poured foundation contractors","County, NAICS 6-digit -- by ownership sector","All establishment sizes",2,0,0,0,0,0,0,"N",3.37,0,0,0,0,0,0,"N",0,0.0,0,0,0,0,0,0,0,0,0,0,0,0
"41061","5","23812","77","0","2022","A","N","Union County, Oregon","Private","NAICS 23812 Steel and precast concrete contractors","County, NAICS 5-digit -- by ownership sector","All establishment sizes",1,0,0,0,0,0,0,"N",1.97,0,0,0,0,0,0,"N",0,0.0,0,0,0,0,0,0,0,0,0,0,0,0
"41061","5","238122","78","0","2022","A","N","Union County, Oregon","Private","NAICS 238122 Nonresidential structural steel contractors","County, NAICS 6-digit -- by ownership sector","All establishment sizes",1,0,0,0,0,0,0,"N",2.69,0,0,0,0,0,0,"N",0,0.0,0,0,0,0,0,0,0,0,0,0,0,0
"41061","5","23813","77","0","2022","A","N","Union County, Oregon","Private","NAICS 23813 Framing contractors","County, NAICS 5-digit -- by ownership sector","All establishment sizes",1,0,0,0,0,0,0,"N",0.92,0,0,0,0,0,0,"N",0,0.0,0,0,0,0,0,0,0,0,0,0,0,0
"41061","5","238131","78","0","2022","A","N","Union County, Oregon","Private","NAICS 238131 Residential framing contractors","County, NAICS 6-digit -- by ownership sector","All establishment sizes",1,0,0,0,0,0,0,"N",1.06,0,0,0,0,0,0,"N",0,0.0,0,0,0,0,0,0,0,0,0,0,0,0
"41061","5","23814","77","0","2022","A","N","Union County, Oregon","Private","NAICS 23814 Masonry contractors","County, NAICS 5-digit -- by ownership sector","All establishment sizes",1,0,0,0,0,0,0,"N",0.54,0,0,0,0,0,0,"N",0,0.0,0,0,0,0,0,0,0,0,0,0,0,0
"41061","5","238141","78","0","2022","A","N","Union County, Oregon","Private","NAICS 238141 Residential masonry contractors","County, NAICS 6-digit -- by ownership sector","All establishment sizes",1,0,0,0,0,0,0,"N",0.72,0,0,0,0,0,0,"N",0,0.0,0,0,0,0,0,0,0,0,0,0,0,0
"41061","5","23817","77","0","2022","A","N","Union County, Oregon","Private","NAICS 23817 Siding contractors","County, NAICS 5-digit -- by ownership sector","All establishment sizes",1,0,0,0,0,0,0,"N",1.26,0,0,0,0,0,0,"N",0,0.0,0,0,0,0,0,0,0,0,0,0,0,0
"41061","5","238171","78","0","2022","A","N","Union County, Oregon","Private","NAICS 238171 Residential siding contractors","County, NAICS 6-digit -- by ownership sector","All establishment sizes",1,0,0,0,0,0,0,"N",1.35,0,0,0,0,0,0,"N",0,0.0,0,0,0,0,0,0,0,0,0,0,0,0
"41061","5","2382","76","0","2022","A","","Union County, Oregon","Private","NAICS 2382 Building equipment contractors","County, NAICS 4-digit -- by ownership sector","All establishment sizes",22,99,5157943,3936759,85254,1005,52276,"",1.06,0.61,0.63,0.74,0.54,1.05,1.05,"",1,4.8,1,1.0,532393,11.5,352619,9.8,1476,1.8,96,10.6,4996,10.6
"41061","5","23821","77","0","2022","A","","Union County, Oregon","Private","NAICS 23821 Electrical and wiring contractors","County, NAICS 5-digit -- by ownership sector","All establishment sizes",6,36,2304917,1423865,21696,1231,64025,"",0.68,0.52,0.66,0.62,0.31,1.27,1.27,"",0,0.0,-1,-2.7,103453,4.7,69554,5.1,-2771,-11.3,76,6.6,3985,6.6
"41061","5","238211","78","0","2022","A","","Union County, Oregon","Private","NAICS 238211 Residential electrical contractors","County, NAICS 6-digit -- by ownership sector","All establishment sizes",6,36,2304917,1423865,21696,1231,64025,"",1.13,1.51,2.31,1.83,1.24,1.52,1.52,"",0,0.0,-1,-2.7,103453,4.7,69554,5.1,-2771,-11.3,76,6.6,3985,6.6
"41061","5","23822","77","0","2022","A","","Union County, Oregon","Private","NAICS 23822 Plumbing and hvac contractors","County, NAICS 5-digit -- by ownership sector","All establishment sizes",16,63,2853026,2512894,63558,876,45527,"",1.48,0.76,0.71,0.95,0.85,0.95,0.94,"",1,6.7,2,3.3,428940,17.7,283065,12.7,4247,7.2,114,15.0,5896,14.9
"41061","5","238221","78","0","2022","A","","Union County, Oregon","Private","NAICS 238221 Residential plumbing and hvac contractors","County, NAICS 6-digit -- by ownership sector","All establishment sizes",12,48,2226841,1963585,46548,889,46232,"",1.47,1.09,1.21,1.43,1.59,1.10,1.10,"",1,9.1,0,0.0,288215,14.9,186100,10.5,1217,2.7,111,14.3,5774,14.3
"41061","5","238222","78","0","2022","A","","Union County, Oregon","Private","NAICS 238222 Nonresidential plumbing and hvac contractors","County, NAICS 6-digit -- by ownership sector","All establishment sizes",4,15,626185,549309,17010,830,43185,"",1.48,0.38,0.29,0.43,0.37,0.78,0.78,"",0,0.0,2,15.4,140725,29.0,96965,21.4,3030,21.7,125,17.7,6547,17.9
"41061","5","2383","76","0","2022","A","","Union County, Oregon","Private","NAICS 2383 Building finishing contractors","County, NAICS 4-digit -- by ownership sector","All establishment sizes",10,39,1837896,1604214,30112,904,47025,"",0.79,0.68,0.79,0.85,0.51,1.15,1.15,"",-1,-9.1,1,2.6,269470,17.2,176236,12.3,-2329,-7.2,110,13.9,5751,13.9
"41061","5","23831","77","0","2022","A","N","Union County, Oregon","Private","NAICS 23831 Drywall and insulation contractors","County, NAICS 5-digit -- by ownership sector","All establishment sizes",2,0,0,0,0,0,0,"N",0.99,0,0,0,0,0,0,"N",0,0.0,0,0,0,0,0,0,0,0,0,0,0,0
"41061","5","238311","78","0","2022","A","N","Union County, Oregon","Private","NAICS 238311 Residential drywall contractors","County, NAICS 6-digit -- by ownership sector","All establishment sizes",2,0,0,0,0,0,0,"N",1.38,0,0,0,0,0,0,"N",0,0.0,0,0,0,0,0,0,0,0,0,0,0,0
"41061","5","23832","77","0","2022","A","","Union County, Oregon","Private","NAICS 23832 Painting and wall covering contractors","County, NAICS 5-digit -- by ownership sector","All establishment sizes",4,20,812348,774552,19997,791,41132,"",1.03,1.41,1.57,1.69,1.34,1.13,1.13,"",0,0.0,2,11.1,116520,16.7,106127,15.9,429,2.2,34,4.5,1746,4.4
"41061","5","238321","78","0","2022","A","N","Union County, Oregon","Private","NAICS 238321 Residential painting contractors","County, NAICS 6-digit -- by ownership sector","All establishment sizes",3,0,0,0,0,0,0,"N",0.92,0,0,0,0,0,0,"N",0,0.0,0,0,0,0,0,0,0,0,0,0,0,0
"41061","5","238322","78","0","2022","A","N","Union County, Oregon","Private","NAICS 238322 Nonresidential painting contractors","County, NAICS 6-digit -- by ownership sector","All establishment sizes",1,0,0,0,0,0,0,"N",1.60,0,0,0,0,0,0,"N",0,0.0,0,0,0,0,0,0,0,0,0,0,0,0
"41061","5","23833","77","0","2022","A","N","Union County, Oregon","Private","NAICS 23833 Flooring contractors","County, NAICS 5-digit -- by ownership sector","All establishment sizes",1,0,0,0,0,0,0,"N",0.56,0,0,0,0,0,0,"N",-1,-50.0,0,0,0,0,0,0,0,0,0,0,0,0
"41061","5","238331","78","0","2022","A","N","Union County, Oregon","Private","NAICS 238331 Residential flooring contractors","County, NAICS 6-digit -- by ownership sector","All establishment sizes",1,0,0,0,0,0,0,"N",0.68,0,0,0,0,0,0,"N",-1,-50.0,0,0,0,0,0,0,0,0,0,0,0,0
"41061","5","23834","77","0","2022","A","N","Union County, Oregon","Private","NAICS 23834 Tile and terrazzo contractors","County, NAICS 5-digit -- by ownership sector","All establishment sizes",2,0,0,0,0,0,0,"N",2.02,0,0,0,0,0,0,"N",0,0.0,0,0,0,0,0,0,0,0,0,0,0,0
"41061","5","238341","78","0","2022","A","N","Union County, Oregon","Private","NAICS 238341 Residential tile and terrazzo contractors","County, NAICS 6-digit -- by ownership sector","All establishment sizes",2,0,0,0,0,0,0,"N",2.30,0,0,0,0,0,0,"N",0,0.0,0,0,0,0,0,0,0,0,0,0,0,0
"41061","5","23835","77","0","2022","A","N","Union County, Oregon","Private","NAICS 23835 Finish carpentry contractors","County, NAICS 5-digit -- by ownership sector","All establishment sizes",1,0,0,0,0,0,0,"N",0.33,0,0,0,0,0,0,"N",0,0.0,0,0,0,0,0,0,0,0,0,0,0,0
"41061","5","238351","78","0","2022","A","N","Union County, Oregon","Private","NAICS 238351 Residential finish carpentry contractors","County, NAICS 6-digit -- by ownership sector","All establishment sizes",1,0,0,0,0,0,0,"N",0.38,0,0,0,0,0,0,"N",0,0.0,0,0,0,0,0,0,0,0,0,0,0,0
"41061","5","2389","76","0","2022","A","","Union County, Oregon","Private","NAICS 2389 Other specialty trade contractors","County, NAICS 4-digit -- by ownership sector","All establishment sizes",13,64,3544616,2598844,76312,1060,55098,"",1.53,1.25,1.51,1.51,1.11,1.21,1.20,"",2,18.2,12,23.1,750960,26.9,521513,25.1,11330,17.4,32,3.1,1631,3.1
"41061","5","23891","77","0","2022","A","","Union County, Oregon","Private","NAICS 23891 Site preparation contractors","County, NAICS 5-digit -- by ownership sector","All establishment sizes",8,42,2636534,1789858,53492,1198,62280,"",2.14,1.61,2.19,2.00,1.59,1.35,1.35,"",1,14.3,7,20.0,596486,29.2,337062,23.2,9357,21.2,66,5.8,3432,5.8
"41061","5","238911","78","0","2022","A","N","Union County, Oregon","Private","NAICS 238911 Residential site preparation contractors","County, NAICS 6-digit -- by ownership sector","All establishment sizes",6,0,0,0,0,0,0,"N",2.77,0,0,0,0,0,0,"N",1,20.0,0,0,0,0,0,0,0,0,0,0,0,0
"41061","5","238912","78","0","2022","A","N","Union County, Oregon","Private","NAICS 238912 Nonresidential site preparation contractors","County, NAICS 6-digit -- by ownership sector","All establishment sizes",2,0,0,0,0,0,0,"N",1.28,0,0,0,0,0,0,"N",0,0.0,0,0,0,0,0,0,0,0,0,0,0,0
"41061","5","23899","77","0","2022","A","","Union County, Oregon","Private","NAICS 23899 All other specialty trade contractors","County, NAICS 5-digit -- by ownership sector","All establishment sizes",5,22,908082,808986,22820,794,41276,"",1.04,0.87,0.80,0.99,0.65,0.91,0.91,"",1,25.0,4,22.2,154474,20.5,184451,29.5,1973,9.5,-30,-3.6,-1583,-3.7
"41061","5","238991","78","0","2022","A","N","Union County, Oregon","Private","NAICS 238991 All other residential trade contractors","County, NAICS 6-digit -- by ownership sector","All establishment sizes",2,0,0,0,0,0,0,"N",0.62,0,0,0,0,0,0,"N",1,100.0,0,0,0,0,0,0,0,0,0,0,0,0
"41061","5","238992","78","0","2022","A","N","Union County, Oregon","Private","NAICS 238992 All other nonresidential trade contractors","County, NAICS 6-digit -- by ownership sector","All establishment sizes",3,0,0,0,0,0,0,"N",1.90,0,0,0,0,0,0,"N",0,0.0,0,0,0,0,0,0,0,0,0,0,0,0
"41061","5","31-33","74","0","2022","A","","Union County, Oregon","Private","NAICS 31-33 Manufacturing","County, NAICS Sector -- by ownership sector","All establishment sizes",36,1288,75864186,55780672,1305904,1132,58889,"",1.02,1.47,1.59,2.16,2.47,1.08,1.08,"",4,12.5,16,1.3,6814069,9.9,5976346,12.0,-56061,-4.1,88,8.4,4615,8.5
"41061","5","311","75","0","2022","A","N","Union County, Oregon","Private","NAICS 311 Food manufacturing","County, NAICS 3-digit -- by ownership sector","All establishment sizes",3,0,0,0,0,0,0,"N",0.84,0,0,0,0,0,0,"N",1,50.0,0,0,0,0,0,0,0,0,0,0,0,0
"41061","5","3112","76","0","2022","A","N","Union County, Oregon","Private","NAICS 3112 Grain and oilseed milling","County, NAICS 4-digit -- by ownership sector","All establishment sizes",1,0,0,0,0,0,0,"N",9.09,0,0,0,0,0,0,"N",1,100.0,0,0,0,0,0,0,0,0,0,0,0,0
"41061","5","31121","77","0","2022","A","N","Union County, Oregon","Private","NAICS 31121 Flour milling and malt manufacturing","County, NAICS 5-digit -- by ownership sector","All establishment sizes",1,0,0,0,0,0,0,"N",20.20,0,0,0,0,0,0,"N",1,100.0,0,0,0,0,0,0,0,0,0,0,0,0
"41061","5","311211","78","0","2022","A","N","Union County, Oregon","Private","NAICS 311211 Flour milling","County, NAICS 6-digit -- by ownership sector","All establishment sizes",1,0,0,0,0,0,0,"N",28.82,0,0,0,0,0,0,"N",1,100.0,0,0,0,0,0,0,0,0,0,0,0,0
"41061","5","3116","76","0","2022","A","N","Union County, Oregon","Private","NAICS 3116 Animal slaughtering and processing","County, NAICS 4-digit -- by ownership sector","All establishment sizes",2,0,0,0,0,0,0,"N",4.92,0,0,0,0,0,0,"N",0,0.0,0,0,0,0,0,0,0,0,0,0,0,0
"41061","5","31161","77","0","2022","A","N","Union County, Oregon","Private","NAICS 31161 Animal slaughtering and processing","County, NAICS 5-digit -- by ownership sector","All establishment sizes",2,0,0,0,0,0,0,"N",4.92,0,0,0,0,0,0,"N",0,0.0,0,0,0,0,0,0,0,0,0,0,0,0
"41061","5","311611","78","0","2022","A","N","Union County, Oregon","Private","NAICS 311611 Animal (except poultry) slaughtering","County, NAICS 6-digit -- by ownership sector","All establishment sizes",1,0,0,0,0,0,0,"N",7.14,0,0,0,0,0,0,"N",0,0.0,0,0,0,0,0,0,0,0,0,0,0,0
"41061","5","311612","78","0","2022","A","N","Union County, Oregon","Private","NAICS 311612 Meat processed from carcasses","County, NAICS 6-digit -- by ownership sector","All establishment sizes",1,0,0,0,0,0,0,"N",5.76,0,0,0,0,0,0,"N",0,0.0,0,0,0,0,0,0,0,0,0,0,0,0
"41061","5","312","75","0","2022","A","N","Union County, Oregon","Private","NAICS 312 Beverage and tobacco product manufacturing","County, NAICS 3-digit -- by ownership sector","All establishment sizes",1,0,0,0,0,0,0,"N",0.68,0,0,0,0,0,0,"N",0,0.0,0,0,0,0,0,0,0,0,0,0,0,0
"41061","5","3121","76","0","2022","A","N","Union County, Oregon","Private","NAICS 3121 Beverage manufacturing","County, NAICS 4-digit -- by ownership sector","All establishment sizes",1,0,0,0,0,0,0,"N",0.71,0,0,0,0,0,0,"N",0,0.0,0,0,0,0,0,0,0,0,0,0,0,0
"41061","5","31211","77","0","2022","A","N","Union County, Oregon","Private","NAICS 31211 Soft drink and ice manufacturing","County, NAICS 5-digit -- by ownership sector","All establishment sizes",1,0,0,0,0,0,0,"N",4.47,0,0,0,0,0,0,"N",0,0.0,0,0,0,0,0,0,0,0,0,0,0,0
"41061","5","312112","78","0","2022","A","N","Union County, Oregon","Private","NAICS 312112 Bottled water manufacturing","County, NAICS 6-digit -- by ownership sector","All establishment sizes",1,0,0,0,0,0,0,"N",15.48,0,0,0,0,0,0,"N",0,0.0,0,0,0,0,0,0,0,0,0,0,0,0
"41061","5","314","75","0","2022","A","N","Union County, Oregon","Private","NAICS 314 Textile product mills","County, NAICS 3-digit -- by ownership sector","All establishment sizes",1,0,0,0,0,0,0,"N",1.68,0,0,0,0,0,0,"N",0,0.0,0,0,0,0,0,0,0,0,0,0,0,0
"41061","5","3149","76","0","2022","A","N","Union County, Oregon","Private","NAICS 3149 Other textile product mills","County, NAICS 4-digit -- by ownership sector","All establishment sizes",1,0,0,0,0,0,0,"N",2.26,0,0,0,0,0,0,"N",0,0.0,0,0,0,0,0,0,0,0,0,0,0,0
"41061","5","31499","77","0","2022","A","N","Union County, Oregon","Private","NAICS 31499 All other textile product mills","County, NAICS 5-digit -- by ownership sector","All establishment sizes",1,0,0,0,0,0,0,"N",3.49,0,0,0,0,0,0,"N",0,0.0,0,0,0,0,0,0,0,0,0,0,0,0
"41061","5","314999","78","0","2022","A","N","Union County, Oregon","Private","NAICS 314999 All other miscellaneous textile product mills","County, NAICS 6-digit -- by ownership sector","All establishment sizes",1,0,0,0,0,0,0,"N",3.69,0,0,0,0,0,0,"N",0,0.0,0,0,0,0,0,0,0,0,0,0,0,0
"41061","5","316","75","0","2022","A","N","Union County, Oregon","Private","NAICS 316 Leather and allied product manufacturing","County, NAICS 3-digit -- by ownership sector","All establishment sizes",1,0,0,0,0,0,0,"N",7.39,0,0,0,0,0,0,"N",0,0.0,0,0,0,0,0,0,0,0,0,0,0,0
"41061","5","3169","76","0","2022","A","N","Union County, Oregon","Private","NAICS 3169 Other leather and allied product manufacturing","County, NAICS 4-digit -- by ownership sector","All establishment sizes",1,0,0,0,0,0,0,"N",11.91,0,0,0,0,0,0,"N",0,0.0,0,0,0,0,0,0,0,0,0,0,0,0
"41061","5","31699","77","0","2022","A","N","Union County, Oregon","Private","NAICS 31699 Other leather and allied product manufacturing","County, NAICS 5-digit -- by ownership sector","All establishment sizes",1,0,0,0,0,0,0,"N",11.91,0,0,0,0,0,0,"N",0,0.0,0,0,0,0,0,0,0,0,0,0,0,0
"41061","5","316990","78","0","2022","A","N","Union County, Oregon","Private","NAICS 316990 Other leather and allied product manufacturing","County, NAICS 6-digit -- by ownership sector","All establishment sizes",1,0,0,0,0,0,0,"N",11.91,0,0,0,0,0,0,"N",1,100.0,0,0,0,0,0,0,0,0,0,0,0,0
"41061","5","321","75","0","2022","A","","Union County, Oregon","Private","NAICS 321 Wood product manufacturing","County, NAICS 3-digit -- by ownership sector","All establishment sizes",7,491,29405458,20967657,511376,1151,59869,"",4.82,16.74,24.77,21.85,30.13,1.48,1.48,"",0,0.0,12,2.5,2395458,8.9,2686765,14.7,91040,21.7,66,6.1,3471,6.2
"41061","5","3211","76","0","2022","A","N","Union County, Oregon","Private","NAICS 3211 Sawmills and wood preservation","County, NAICS 4-digit -- by ownership sector","All establishment sizes",2,0,0,0,0,0,0,"N",6.15,0,0,0,0,0,0,"N",0,0.0,0,0,0,0,0,0,0,0,0,0,0,0
"41061","5","32111","77","0","2022","A","N","Union County, Oregon","Private","NAICS 32111 Sawmills and wood preservation","County, NAICS 5-digit -- by ownership sector","All establishment sizes",2,0,0,0,0,0,0,"N",6.15,0,0,0,0,0,0,"N",0,0.0,0,0,0,0,0,0,0,0,0,0,0,0
"41061","5","321113","78","0","2022","A","N","Union County, Oregon","Private","NAICS 321113 Sawmills","County, NAICS 6-digit -- by ownership sector","All establishment sizes",2,0,0,0,0,0,0,"N",7.01,0,0,0,0,0,0,"N",0,0.0,0,0,0,0,0,0,0,0,0,0,0,0
"41061","5","3212","76","0","2022","A","N","Union County, Oregon","Private","NAICS 3212 Veneer, plywood, and engineered wood product manufacturing","County, NAICS 4-digit -- by ownership sector","All establishment sizes",2,0,0,0,0,0,0,"N",12.26,0,0,0,0,0,0,"N",0,0.0,0,0,0,0,0,0,0,0,0,0,0,0
"41061","5","32121","77","0","2022","A","N","Union County, Oregon","Private","NAICS 32121 Veneer, plywood, and engineered wood product manufacturing","County, NAICS 5-digit -- by ownership sector","All establishment sizes",2,0,0,0,0,0,0,"N",12.26,0,0,0,0,0,0,"N",0,0.0,0,0,0,0,0,0,0,0,0,0,0,0
"41061","5","321212","78","0","2022","A","N","Union County, Oregon","Private","NAICS 321212 Softwood veneer and plywood manufacturing","County, NAICS 6-digit -- by ownership sector","All establishment sizes",1,0,0,0,0,0,0,"N",87.85,0,0,0,0,0,0,"N",0,0.0,0,0,0,0,0,0,0,0,0,0,0,0
"41061","5","321219","78","0","2022","A","N","Union County, Oregon","Private","NAICS 321219 Reconstituted wood product manufacturing","County, NAICS 6-digit -- by ownership sector","All establishment sizes",1,0,0,0,0,0,0,"N",54.58,0,0,0,0,0,0,"N",0,0.0,0,0,0,0,0,0,0,0,0,0,0,0
"41061","5","3219","76","0","2022","A","N","Union County, Oregon","Private","NAICS 3219 Other wood product manufacturing","County, NAICS 4-digit -- by ownership sector","All establishment sizes",3,0,0,0,0,0,0,"N",3.12,0,0,0,0,0,0,"N",0,0.0,0,0,0,0,0,0,0,0,0,0,0,0
"41061","5","32191","77","0","2022","A","N","Union County, Oregon","Private","NAICS 32191 Millwork","County, NAICS 5-digit -- by ownership sector","All establishment sizes",1,0,0,0,0,0,0,"N",3.11,0,0,0,0,0,0,"N",0,0.0,0,0,0,0,0,0,0,0,0,0,0,0
"41061","5","321912","78","0","2022","A","N","Union County, Oregon","Private","NAICS 321912 Cut stock, resawing lumber, and planing","County, NAICS 6-digit -- by ownership sector","All establishment sizes",1,0,0,0,0,0,0,"N",19.51,0,0,0,0,0,0,"N",0,0.0,0,0,0,0,0,0,0,0,0,0,0,0
"41061","5","32199","77","0","2022","A","N","Union County, Oregon","Private","NAICS 32199 All other wood product manufacturing","County, NAICS 5-digit -- by ownership sector","All establishment sizes",2,0,0,0,0,0,0,"N",5.65,0,0,0,0,0,0,"N",0,0.0,0,0,0,0,0,0,0,0,0,0,0,0
"41061","5","321991","78","0","2022","A","N","Union County, Oregon","Private","NAICS 321991 Manufactured home (mobile home) manufacturing","County, NAICS 6-digit -- by ownership sector","All establishment sizes",1,0,0,0,0,0,0,"N",30.27,0,0,0,0,0,0,"N",0,0.0,0,0,0,0,0,0,0,0,0,0,0,0
"41061","5","321992","78","0","2022","A","N","Union County, Oregon","Private","NAICS 321992 Prefabricated wood building manufacturing","County, NAICS 6-digit -- by ownership sector","All establishment sizes",1,0,0,0,0,0,0,"N",12.22,0,0,0,0,0,0,"N",0,0.0,0,0,0,0,0,0,0,0,0,0,0,0
"41061","5","323","75","0","2022","A","N","Union County, Oregon","Private","NAICS 323 Printing and related support activities","County, NAICS 3-digit -- by ownership sector","All establishment sizes",3,0,0,0,0,0,0,"N",1.15,0,0,0,0,0,0,"N",2,200.0,0,0,0,0,0,0,0,0,0,0,0,0
"41061","5","3231","76","0","2022","A","N","Union County, Oregon","Private","NAICS 3231 Printing and related support activities","County, NAICS 4-digit -- by ownership sector","All establishment sizes",3,0,0,0,0,0,0,"N",1.15,0,0,0,0,0,0,"N",2,200.0,0,0,0,0,0,0,0,0,0,0,0,0
"41061","5","32311","77","0","2022","A","N","Union County, Oregon","Private","NAICS 32311 Printing","County, NAICS 5-digit -- by ownership sector","All establishment sizes",3,0,0,0,0,0,0,"N",1.21,0,0,0,0,0,0,"N",2,200.0,0,0,0,0,0,0,0,0,0,0,0,0
"41061","5","323113","78","0","2022","A","N","Union County, Oregon","Private","NAICS 323113 Commercial screen printing","County, NAICS 6-digit -- by ownership sector","All establishment sizes",3,0,0,0,0,0,0,"N",4.31,0,0,0,0,0,0,"N",2,200.0,0,0,0,0,0,0,0,0,0,0,0,0
"41061","5","325","75","0","2022","A","N","Union County, Oregon","Private","NAICS 325 Chemical manufacturing","County, NAICS 3-digit -- by ownership sector","All establishment sizes",1,0,0,0,0,0,0,"N",0.46,0,0,0,0,0,0,"N",0,0.0,0,0,0,0,0,0,0,0,0,0,0,0
"41061","5","3255","76","0","2022","A","N","Union County, Oregon","Private","NAICS 3255 Paint, coating, and adhesive manufacturing","County, NAICS 4-digit -- by ownership sector","All establishment sizes",1,0,0,0,0,0,0,"N",4.45,0,0,0,0,0,0,"N",0,0.0,0,0,0,0,0,0,0,0,0,0,0,0
"41061","5","32552","77","0","2022","A","N","Union County, Oregon","Private","NAICS 32552 Adhesive manufacturing","County, NAICS 5-digit -- by ownership sector","All establishment sizes",1,0,0,0,0,0,0,"N",15.09,0,0,0,0,0,0,"N",0,0.0,0,0,0,0,0,0,0,0,0,0,0,0
"41061","5","325520","78","0","2022","A","N","Union County, Oregon","Private","NAICS 325520 Adhesive manufacturing","County, NAICS 6-digit -- by ownership sector","All establishment sizes",1,0,0,0,0,0,0,"N",15.09,0,0,0,0,0,0,"N",0,0.0,0,0,0,0,0,0,0,0,0,0,0,0
"41061","5","3259","76","0","2022","A","N","Union County, Oregon","Private","NAICS 3259 Other chemical product and preparation manufacturing","County, NAICS 4-digit -- by ownership sector","All establishment sizes",0,0,0,0,0,0,0,"N",0.00,0,0,0,0,0,0,"N",0,0,0,0,0,0,0,0,0,0,0,0,0,0
"41061","5","32599","77","0","2022","A","N","Union County, Oregon","Private","NAICS 32599 All other chemical product and preparation manufacturing","County, NAICS 5-digit -- by ownership sector","All establishment sizes",0,0,0,0,0,0,0,"N",0.00,0,0,0,0,0,0,"N",0,0,0,0,0,0,0,0,0,0,0,0,0,0
"41061","5","325998","78","0","2022","A","N","Union County, Oregon","Private","NAICS 325998 All other miscellaneous chemical product and preparation manufacturing","County, NAICS 6-digit -- by ownership sector","All establishment sizes",0,0,0,0,0,0,0,"N",0.00,0,0,0,0,0,0,"N",0,0,0,0,0,0,0,0,0,0,0,0,0,0
"41061","5","327","75","0","2022","A","N","Union County, Oregon","Private","NAICS 327 Nonmetallic mineral product manufacturing","County, NAICS 3-digit -- by ownership sector","All establishment sizes",2,0,0,0,0,0,0,"N",1.25,0,0,0,0,0,0,"N",0,0.0,0,0,0,0,0,0,0,0,0,0,0,0
"41061","5","3273","76","0","2022","A","N","Union County, Oregon","Private","NAICS 3273 Cement and concrete product manufacturing","County, NAICS 4-digit -- by ownership sector","All establishment sizes",1,0,0,0,0,0,0,"N",1.18,0,0,0,0,0,0,"N",0,0.0,0,0,0,0,0,0,0,0,0,0,0,0
"41061","5","32732","77","0","2022","A","N","Union County, Oregon","Private","NAICS 32732 Ready-mix concrete manufacturing","County, NAICS 5-digit -- by ownership sector","All establishment sizes",1,0,0,0,0,0,0,"N",1.93,0,0,0,0,0,0,"N",0,0.0,0,0,0,0,0,0,0,0,0,0,0,0
"41061","5","327320","78","0","2022","A","N","Union County, Oregon","Private","NAICS 327320 Ready-mix concrete manufacturing","County, NAICS 6-digit -- by ownership sector","All establishment sizes",1,0,0,0,0,0,0,"N",1.93,0,0,0,0,0,0,"N",0,0.0,0,0,0,0,0,0,0,0,0,0,0,0
"41061","5","3279","76","0","2022","A","N","Union County, Oregon","Private","NAICS 3279 Other nonmetallic mineral product manufacturing","County, NAICS 4-digit -- by ownership sector","All establishment sizes",1,0,0,0,0,0,0,"N",2.53,0,0,0,0,0,0,"N",0,0.0,0,0,0,0,0,0,0,0,0,0,0,0
"41061","5","32799","77","0","2022","A","N","Union County, Oregon","Private","NAICS 32799 All other nonmetallic mineral product manufacturing","County, NAICS 5-digit -- by ownership sector","All establishment sizes",1,0,0,0,0,0,0,"N",2.77,0,0,0,0,0,0,"N",0,0.0,0,0,0,0,0,0,0,0,0,0,0,0
"41061","5","327999","78","0","2022","A","N","Union County, Oregon","Private","NAICS 327999 All other miscellaneous nonmetallic mineral product manufacturing","County, NAICS 6-digit -- by ownership sector","All establishment sizes",1,0,0,0,0,0,0,"N",20.39,0,0,0,0,0,0,"N",0,0.0,0,0,0,0,0,0,0,0,0,0,0,0
"41061","5","332","75","0","2022","A","N","Union County, Oregon","Private","NAICS 332 Fabricated metal product manufacturing","County, NAICS 3-digit -- by ownership sector","All establishment sizes",4,0,0,0,0,0,0,"N",0.72,0,0,0,0,0,0,"N",1,33.3,0,0,0,0,0,0,0,0,0,0,0,0
"41061","5","3327","76","0","2022","A","N","Union County, Oregon","Private","NAICS 3327 Machine shops; turned product; and screw, nut, and bolt manufacturing","County, NAICS 4-digit -- by ownership sector","All establishment sizes",3,0,0,0,0,0,0,"N",1.52,0,0,0,0,0,0,"N",0,0.0,0,0,0,0,0,0,0,0,0,0,0,0
"41061","5","33271","77","0","2022","A","N","Union County, Oregon","Private","NAICS 33271 Machine shops","County, NAICS 5-digit -- by ownership sector","All establishment sizes",3,0,0,0,0,0,0,"N",1.69,0,0,0,0,0,0,"N",0,0.0,0,0,0,0,0,0,0,0,0,0,0,0
"41061","5","332710","78","0","2022","A","N","Union County, Oregon","Private","NAICS 332710 Machine shops","County, NAICS 6-digit -- by ownership sector","All establishment sizes",3,0,0,0,0,0,0,"N",1.69,0,0,0,0,0,0,"N",0,0.0,0,0,0,0,0,0,0,0,0,0,0,0
"41061","5","3329","76","0","2022","A","N","Union County, Oregon","Private","NAICS 3329 Other fabricated metal product manufacturing","County, NAICS 4-digit -- by ownership sector","All establishment sizes",1,0,0,0,0,0,0,"N",1.29,0,0,0,0,0,0,"N",1,100.0,0,0,0,0,0,0,0,0,0,0,0,0
"41061","5","33299","77","0","2022","A","N","Union County, Oregon","Private","NAICS 33299 All other fabricated metal product manufacturing","County, NAICS 5-digit -- by ownership sector","All establishment sizes",1,0,0,0,0,0,0,"N",1.66,0,0,0,0,0,0,"N",1,100.0,0,0,0,0,0,0,0,0,0,0,0,0
"41061","5","332999","78","0","2022","A","N","Union County, Oregon","Private","NAICS 332999 All other miscellaneous fabricated metal product manufacturing","County, NAICS 6-digit -- by ownership sector","All establishment sizes",1,0,0,0,0,0,0,"N",2.58,0,0,0,0,0,0,"N",1,100.0,0,0,0,0,0,0,0,0,0,0,0,0
"41061","5","333","75","0","2022","A","N","Union County, Oregon","Private","NAICS 333 Machinery manufacturing","County, NAICS 3-digit -- by ownership sector","All establishment sizes",3,0,0,0,0,0,0,"N",0.99,0,0,0,0,0,0,"N",0,0.0,0,0,0,0,0,0,0,0,0,0,0,0
"41061","5","3331","76","0","2022","A","N","Union County, Oregon","Private","NAICS 3331 Agriculture, construction, and mining machinery manufacturing","County, NAICS 4-digit -- by ownership sector","All establishment sizes",3,0,0,0,0,0,0,"N",7.13,0,0,0,0,0,0,"N",0,0.0,0,0,0,0,0,0,0,0,0,0,0,0
"41061","5","33311","77","0","2022","A","N","Union County, Oregon","Private","NAICS 33311 Agricultural implement manufacturing","County, NAICS 5-digit -- by ownership sector","All establishment sizes",3,0,0,0,0,0,0,"N",17.71,0,0,0,0,0,0,"N",0,0.0,0,0,0,0,0,0,0,0,0,0,0,0
"41061","5","333111","78","0","2022","A","N","Union County, Oregon","Private","NAICS 333111 Farm machinery and equipment manufacturing","County, NAICS 6-digit -- by ownership sector","All establishment sizes",2,0,0,0,0,0,0,"N",13.83,0,0,0,0,0,0,"N",0,0.0,0,0,0,0,0,0,0,0,0,0,0,0
"41061","5","333112","78","0","2022","A","N","Union County, Oregon","Private","NAICS 333112 Lawn and garden tractor and home lawn and garden equipment manufacturing","County, NAICS 6-digit -- by ownership sector","All establishment sizes",1,0,0,0,0,0,0,"N",40.47,0,0,0,0,0,0,"N",0,0.0,0,0,0,0,0,0,0,0,0,0,0,0
"41061","5","334","75","0","2022","A","N","Union County, Oregon","Private","NAICS 334 Computer and electronic product manufacturing","County, NAICS 3-digit -- by ownership sector","All establishment sizes",1,0,0,0,0,0,0,"N",0.45,0,0,0,0,0,0,"N",0,0.0,0,0,0,0,0,0,0,0,0,0,0,0
"41061","5","3345","76","0","2022","A","N","Union County, Oregon","Private","NAICS 3345 Navigational, measuring, electromedical, and control instruments manufacturing","County, NAICS 4-digit -- by ownership sector","All establishment sizes",1,0,0,0,0,0,0,"N",1.07,0,0,0,0,0,0,"N",0,0.0,0,0,0,0,0,0,0,0,0,0,0,0
"41061","5","33451","77","0","2022","A","N","Union County, Oregon","Private","NAICS 33451 Navigational, measuring, electromedical, and control instruments manufacturing","County, NAICS 5-digit -- by ownership sector","All establishment sizes",1,0,0,0,0,0,0,"N",1.07,0,0,0,0,0,0,"N",0,0.0,0,0,0,0,0,0,0,0,0,0,0,0
"41061","5","334513","78","0","2022","A","N","Union County, Oregon","Private","NAICS 334513 Instruments and related products manufacturing for measuring, displaying, and controlling industrial process variables","County, NAICS 6-digit -- by ownership sector","All establishment sizes",1,0,0,0,0,0,0,"N",5.18,0,0,0,0,0,0,"N",0,0.0,0,0,0,0,0,0,0,0,0,0,0,0
"41061","5","336","75","0","2022","A","","Union County, Oregon","Private","NAICS 336 Transportation equipment manufacturing","County, NAICS 3-digit -- by ownership sector","All establishment sizes",4,522,32915937,23545894,566849,1212,63027,"",2.53,4.45,4.87,7.19,7.23,1.10,1.09,"",0,0.0,0,0.0,3611649,12.3,2436297,11.5,-109587,-16.2,132,12.2,6844,12.2
"41061","5","3362","76","0","2022","A","N","Union County, Oregon","Private","NAICS 3362 Motor vehicle body and trailer manufacturing","County, NAICS 4-digit -- by ownership sector","All establishment sizes",3,0,0,0,0,0,0,"N",13.13,0,0,0,0,0,0,"N",0,0.0,0,0,0,0,0,0,0,0,0,0,0,0
"41061","5","33621","77","0","2022","A","N","Union County, Oregon","Private","NAICS 33621 Motor vehicle body and trailer manufacturing","County, NAICS 5-digit -- by ownership sector","All establishment sizes",3,0,0,0,0,0,0,"N",13.13,0,0,0,0,0,0,"N",0,0.0,0,0,0,0,0,0,0,0,0,0,0,0
"41061","5","336214","78","0","2022","A","N","Union County, Oregon","Private","NAICS 336214 Travel trailer and camper manufacturing","County, NAICS 6-digit -- by ownership sector","All establishment sizes",3,0,0,0,0,0,0,"N",38.59,0,0,0,0,0,0,"N",0,0.0,0,0,0,0,0,0,0,0,0,0,0,0
"41061","5","3363","76","0","2022","A","N","Union County, Oregon","Private","NAICS 3363 Motor vehicle parts manufacturing","County, NAICS 4-digit -- by ownership sector","All establishment sizes",1,0,0,0,0,0,0,"N",1.77,0,0,0,0,0,0,"N",0,0.0,0,0,0,0,0,0,0,0,0,0,0,0
"41061","5","33632","77","0","2022","A","N","Union County, Oregon","Private","NAICS 33632 Motor vehicle electrical and electronic equipment manufacturing","County, NAICS 5-digit -- by ownership sector","All establishment sizes",1,0,0,0,0,0,0,"N",12.11,0,0,0,0,0,0,"N",0,0.0,0,0,0,0,0,0,0,0,0,0,0,0
"41061","5","336320","78","0","2022","A","N","Union County, Oregon","Private","NAICS 336320 Motor vehicle electrical and electronic equipment manufacturing","County, NAICS 6-digit -- by ownership sector","All establishment sizes",1,0,0,0,0,0,0,"N",12.11,0,0,0,0,0,0,"N",0,0.0,0,0,0,0,0,0,0,0,0,0,0,0
"41061","5","337","75","0","2022","A","","Union County, Oregon","Private","NAICS 337 Furniture and related product manufacturing","County, NAICS 3-digit -- by ownership sector","All establishment sizes",4,8,304204,304204,6431,724,37633,"",2.38,0.31,0.32,0.39,0.45,1.02,1.02,"",0,0.0,0,0.0,-353,-0.1,3853,1.3,-532,-7.6,21,3.0,1086,3.0
"41061","5","3371","76","0","2022","A","","Union County, Oregon","Private","NAICS 3371 Household and institutional furniture and kitchen cabinet manufacturing","County, NAICS 4-digit -- by ownership sector","All establishment sizes",4,8,304204,304204,6431,724,37633,"",3.37,0.48,0.53,0.60,0.79,1.10,1.09,"",0,0.0,0,0.0,-353,-0.1,3853,1.3,-532,-7.6,21,3.0,1086,3.0
"41061","5","33711","77","0","2022","A","","Union County, Oregon","Private","NAICS 33711 Wood kitchen cabinet and countertop manufacturing","County, NAICS 5-digit -- by ownership sector","All establishment sizes",4,8,304204,304204,6431,724,37633,"",5.35,0.95,1.04,1.16,1.37,1.08,1.08,"",0,0.0,0,0.0,-353,-0.1,3853,1.3,-532,-7.6,21,3.0,1086,3.0
"41061","5","337110","78","0","2022","A","","Union County, Oregon","Private","NAICS 337110 Wood kitchen cabinet and countertop manufacturing","County, NAICS 6-digit -- by ownership sector","All establishment sizes",4,8,304204,304204,6431,724,37633,"",5.35,0.95,1.04,1.16,1.37,1.08,1.08,"",0,0.0,0,0.0,-353,-0.1,3853,1.3,-532,-7.6,21,3.0,1086,3.0
"41061","5","339","75","0","2022","A","N","Union County, Oregon","Private","NAICS 339 Miscellaneous manufacturing","County, NAICS 3-digit -- by ownership sector","All establishment sizes",1,0,0,0,0,0,0,"N",0.30,0,0,0,0,0,0,"N",0,0.0,0,0,0,0,0,0,0,0,0,0,0,0
"41061","5","3391","76","0","2022","A","N","Union County, Oregon","Private","NAICS 3391 Medical equipment and supplies manufacturing","County, NAICS 4-digit -- by ownership sector","All establishment sizes",1,0,0,0,0,0,0,"N",0.80,0,0,0,0,0,0,"N",0,0.0,0,0,0,0,0,0,0,0,0,0,0,0
"41061","5","33911","77","0","2022","A","N","Union County, Oregon","Private","NAICS 33911 Medical equipment and supplies manufacturing","County, NAICS 5-digit -- by ownership sector","All establishment sizes",1,0,0,0,0,0,0,"N",0.80,0,0,0,0,0,0,"N",0,0.0,0,0,0,0,0,0,0,0,0,0,0,0
"41061","5","339116","78","0","2022","A","N","Union County, Oregon","Private","NAICS 339116 Dental laboratories","County, NAICS 6-digit -- by ownership sector","All establishment sizes",1,0,0,0,0,0,0,"N",2.07,0,0,0,0,0,0,"N",0,0.0,0,0,0,0,0,0,0,0,0,0,0,0
"41061","5","42","74","0","2022","A","N","Union County, Oregon","Private","NAICS 42 Wholesale trade","County, NAICS Sector -- by ownership sector","All establishment sizes",35,0,0,0,0,0,0,"N",0.60,0,0,0,0,0,0,"N",4,12.9,0,0,0,0,0,0,0,0,0,0,0,0
"41061","5","423","75","0","2022","A","","Union County, Oregon","Private","NAICS 423 Merchant wholesalers, durable goods","County, NAICS 3-digit -- by ownership sector","All establishment sizes",19,82,5459453,3476421,76159,1274,66242,"",0.63,0.36,0.37,0.51,0.59,1.01,1.01,"",2,11.8,2,2.5,203283,3.9,342037,10.9,4239,5.9,17,1.4,880,1.3
"41061","5","4231","76","0","2022","A","","Union County, Oregon","Private","NAICS 4231 Motor vehicle and motor vehicle parts and supplies merchant wholesalers","County, NAICS 4-digit -- by ownership sector","All establishment sizes",3,17,1752831,782164,17608,1964,102107,"",1.22,0.68,1.39,1.10,1.37,2.04,2.03,"",0,0.0,0,0.0,-132863,-7.0,95772,14.0,813,4.8,-234,-10.6,-12177,-10.7
"41061","5","42311","77","0","2022","A","","Union County, Oregon","Private","NAICS 42311 Automobile and other motor vehicle merchant wholesalers","County, NAICS 5-digit -- by ownership sector","All establishment sizes",3,17,1752831,782164,17608,1964,102107,"",4.33,1.88,3.40,2.93,4.01,1.79,1.79,"",0,0.0,0,0.0,-132863,-7.0,95772,14.0,813,4.8,-234,-10.6,-12177,-10.7
"41061","5","423110","78","0","2022","A","","Union County, Oregon","Private","NAICS 423110 Automobile and other motor vehicle merchant wholesalers","County, NAICS 6-digit -- by ownership sector","All establishment sizes",3,17,1752831,782164,17608,1964,102107,"",4.33,1.88,3.40,2.93,4.01,1.79,1.79,"",0,0.0,0,0.0,-132863,-7.0,95772,14.0,813,4.8,-234,-10.6,-12177,-10.7
"41061","5","4234","76","0","2022","A","N","Union County, Oregon","Private","NAICS 4234 Professional and commercial equipment and supplies merchant wholesalers","County, NAICS 4-digit -- by ownership sector","All establishment sizes",2,0,0,0,0,0,0,"N",0.30,0,0,0,0,0,0,"N",0,0.0,0,0,0,0,0,0,0,0,0,0,0,0
"41061","5","42342","77","0","2022","A","N","Union County, Oregon","Private","NAICS 42342 Office equipment merchant wholesalers","County, NAICS 5-digit -- by ownership sector","All establishment sizes",1,0,0,0,0,0,0,"N",1.77,0,0,0,0,0,0,"N",0,0.0,0,0,0,0,0,0,0,0,0,0,0,0
"41061","5","423420","78","0","2022","A","N","Union County, Oregon","Private","NAICS 423420 Office equipment merchant wholesalers","County, NAICS 6-digit -- by ownership sector","All establishment sizes",1,0,0,0,0,0,0,"N",1.77,0,0,0,0,0,0,"N",0,0.0,0,0,0,0,0,0,0,0,0,0,0,0
"41061","5","42349","77","0","2022","A","N","Union County, Oregon","Private","NAICS 42349 Other professional equipment and supplies merchant wholesalers","County, NAICS 5-digit -- by ownership sector","All establishment sizes",1,0,0,0,0,0,0,"N",2.39,0,0,0,0,0,0,"N",0,0.0,0,0,0,0,0,0,0,0,0,0,0,0
"41061","5","423490","78","0","2022","A","N","Union County, Oregon","Private","NAICS 423490 Other professional equipment and supplies merchant wholesalers","County, NAICS 6-digit -- by ownership sector","All establishment sizes",1,0,0,0,0,0,0,"N",2.39,0,0,0,0,0,0,"N",0,0.0,0,0,0,0,0,0,0,0,0,0,0,0
"41061","5","4235","76","0","2022","A","N","Union County, Oregon","Private","NAICS 4235 Metal and mineral (except petroleum) merchant wholesalers","County, NAICS 4-digit -- by ownership sector","All establishment sizes",1,0,0,0,0,0,0,"N",0.96,0,0,0,0,0,0,"N",0,0.0,0,0,0,0,0,0,0,0,0,0,0,0
"41061","5","42351","77","0","2022","A","N","Union County, Oregon","Private","NAICS 42351 Metal service centers and other metal merchant wholesalers","County, NAICS 5-digit -- by ownership sector","All establishment sizes",1,0,0,0,0,0,0,"N",1.00,0,0,0,0,0,0,"N",0,0.0,0,0,0,0,0,0,0,0,0,0,0,0
"41061","5","423510","78","0","2022","A","N","Union County, Oregon","Private","NAICS 423510 Metal service centers and other metal merchant wholesalers","County, NAICS 6-digit -- by ownership sector","All establishment sizes",1,0,0,0,0,0,0,"N",1.00,0,0,0,0,0,0,"N",0,0.0,0,0,0,0,0,0,0,0,0,0,0,0
"41061","5","4236","76","0","2022","A","N","Union County, Oregon","Private","NAICS 4236 Household appliances and electrical and electronic goods merchant wholesalers","County, NAICS 4-digit -- by ownership sector","All establishment sizes",1,0,0,0,0,0,0,"N",0.29,0,0,0,0,0,0,"N",1,100.0,0,0,0,0,0,0,0,0,0,0,0,0
"41061","5","42361","77","0","2022","A","N","Union County, Oregon","Private","NAICS 42361 Electrical apparatus and equipment, wiring supplies, and related equipment merchant wholesalers","County, NAICS 5-digit -- by ownership sector","All establishment sizes",1,0,0,0,0,0,0,"N",0.59,0,0,0,0,0,0,"N",1,100.0,0,0,0,0,0,0,0,0,0,0,0,0
"41061","5","423610","78","0","2022","A","N","Union County, Oregon","Private","NAICS 423610 Electrical apparatus and equipment, wiring supplies, and related equipment merchant wholesalers","County, NAICS 6-digit -- by ownership sector","All establishment sizes",1,0,0,0,0,0,0,"N",0.59,0,0,0,0,0,0,"N",1,100.0,0,0,0,0,0,0,0,0,0,0,0,0
"41061","5","4237","76","0","2022","A","N","Union County, Oregon","Private","NAICS 4237 Hardware, and plumbing and heating equipment and supplies merchant wholesalers","County, NAICS 4-digit -- by ownership sector","All establishment sizes",1,0,0,0,0,0,0,"N",0.40,0,0,0,0,0,0,"N",0,0.0,0,0,0,0,0,0,0,0,0,0,0,0
"41061","5","42371","77","0","2022","A","N","Union County, Oregon","Private","NAICS 42371 Hardware merchant wholesalers","County, NAICS 5-digit -- by ownership sector","All establishment sizes",1,0,0,0,0,0,0,"N",1.34,0,0,0,0,0,0,"N",0,0.0,0,0,0,0,0,0,0,0,0,0,0,0
"41061","5","423710","78","0","2022","A","N","Union County, Oregon","Private","NAICS 423710 Hardware merchant wholesalers","County, NAICS 6-digit -- by ownership sector","All establishment sizes",1,0,0,0,0,0,0,"N",1.34,0,0,0,0,0,0,"N",0,0.0,0,0,0,0,0,0,0,0,0,0,0,0
"41061","5","4238","76","0","2022","A","","Union County, Oregon","Private","NAICS 4238 Machinery, equipment, and supplies merchant wholesalers","County, NAICS 4-digit -- by ownership sector","All establishment sizes",9,55,3235561,2306809,51041,1123,58386,"",1.30,1.10,1.07,1.52,1.98,0.96,0.96,"",0,0.0,0,0.0,289071,9.8,177392,8.3,1878,3.8,86,8.3,4487,8.3
"41061","5","42382","77","0","2022","A","N","Union County, Oregon","Private","NAICS 42382 Farm and garden machinery and equipment merchant wholesalers","County, NAICS 5-digit -- by ownership sector","All establishment sizes",7,0,0,0,0,0,0,"N",8.23,0,0,0,0,0,0,"N",0,0.0,0,0,0,0,0,0,0,0,0,0,0,0
"41061","5","423820","78","0","2022","A","N","Union County, Oregon","Private","NAICS 423820 Farm and garden machinery and equipment merchant wholesalers","County, NAICS 6-digit -- by ownership sector","All establishment sizes",7,0,0,0,0,0,0,"N",8.23,0,0,0,0,0,0,"N",0,0.0,0,0,0,0,0,0,0,0,0,0,0,0
"41061","5","42384","77","0","2022","A","N","Union County, Oregon","Private","NAICS 42384 Industrial supplies merchant wholesalers","County, NAICS 5-digit -- by ownership sector","All establishment sizes",2,0,0,0,0,0,0,"N",1.67,0,0,0,0,0,0,"N",0,0.0,0,0,0,0,0,0,0,0,0,0,0,0
"41061","5","423840","78","0","2022","A","N","Union County, Oregon","Private","NAICS 423840 Industrial supplies merchant wholesalers","County, NAICS 6-digit -- by ownership sector","All establishment sizes",2,0,0,0,0,0,0,"N",1.67,0,0,0,0,0,0,"N",0,0.0,0,0,0,0,0,0,0,0,0,0,0,0
"41061","5","4239","76","0","2022","A","N","Union County, Oregon","Private","NAICS 4239 Miscellaneous durable goods merchant wholesalers","County, NAICS 4-digit -- by ownership sector","All establishment sizes",2,0,0,0,0,0,0,"N",0.52,0,0,0,0,0,0,"N",1,100.0,0,0,0,0,0,0,0,0,0,0,0,0
"41061","5","42392","77","0","2022","A","N","Union County, Oregon","Private","NAICS 42392 Toy and hobby goods and supplies merchant wholesalers","County, NAICS 5-digit -- by ownership sector","All establishment sizes",1,0,0,0,0,0,0,"N",3.70,0,0,0,0,0,0,"N",1,100.0,0,0,0,0,0,0,0,0,0,0,0,0
"41061","5","423920","78","0","2022","A","N","Union County, Oregon","Private","NAICS 423920 Toy and hobby goods and supplies merchant wholesalers","County, NAICS 6-digit -- by ownership sector","All establishment sizes",1,0,0,0,0,0,0,"N",3.70,0,0,0,0,0,0,"N",1,100.0,0,0,0,0,0,0,0,0,0,0,0,0
"41061","5","42399","77","0","2022","A","N","Union County, Oregon","Private","NAICS 42399 Other miscellaneous durable goods merchant wholesalers","County, NAICS 5-digit -- by ownership sector","All establishment sizes",1,0,0,0,0,0,0,"N",0.73,0,0,0,0,0,0,"N",0,0.0,0,0,0,0,0,0,0,0,0,0,0,0
"41061","5","423990","78","0","2022","A","N","Union County, Oregon","Private","NAICS 423990 Other miscellaneous durable goods merchant wholesalers","County, NAICS 6-digit -- by ownership sector","All establishment sizes",1,0,0,0,0,0,0,"N",0.73,0,0,0,0,0,0,"N",0,0.0,0,0,0,0,0,0,0,0,0,0,0,0
"41061","5","424","75","0","2022","A","","Union County, Oregon","Private","NAICS 424 Merchant wholesalers, nondurable goods","County, NAICS 3-digit -- by ownership sector","All establishment sizes",12,133,5617915,4402805,78065,815,42373,"",0.73,0.90,0.64,0.97,0.90,0.71,0.71,"",2,20.0,-5,-3.6,-197399,-3.4,32064,0.7,-2884,-3.6,5,0.6,233,0.6
"41061","5","4244","76","0","2022","A","","Union County, Oregon","Private","NAICS 4244 Grocery and related product merchant wholesalers","County, NAICS 4-digit -- by ownership sector","All establishment sizes",5,57,2827110,2270264,33035,952,49526,"",1.14,1.05,1.06,1.34,1.03,1.01,1.01,"",1,25.0,3,5.6,355809,14.4,401432,21.5,4875,17.3,79,9.0,4112,9.1
"41061","5","42442","77","0","2022","A","N","Union County, Oregon","Private","NAICS 42442 Packaged frozen food merchant wholesalers","County, NAICS 5-digit -- by ownership sector","All establishment sizes",1,0,0,0,0,0,0,"N",3.95,0,0,0,0,0,0,"N",1,100.0,0,0,0,0,0,0,0,0,0,0,0,0
"41061","5","424420","78","0","2022","A","N","Union County, Oregon","Private","NAICS 424420 Packaged frozen food merchant wholesalers","County, NAICS 6-digit -- by ownership sector","All establishment sizes",1,0,0,0,0,0,0,"N",3.95,0,0,0,0,0,0,"N",1,100.0,0,0,0,0,0,0,0,0,0,0,0,0
"41061","5","42445","77","0","2022","A","N","Union County, Oregon","Private","NAICS 42445 Confectionery merchant wholesalers","County, NAICS 5-digit -- by ownership sector","All establishment sizes",1,0,0,0,0,0,0,"N",2.80,0,0,0,0,0,0,"N",0,0.0,0,0,0,0,0,0,0,0,0,0,0,0
"41061","5","424450","78","0","2022","A","N","Union County, Oregon","Private","NAICS 424450 Confectionery merchant wholesalers","County, NAICS 6-digit -- by ownership sector","All establishment sizes",1,0,0,0,0,0,0,"N",2.80,0,0,0,0,0,0,"N",0,0.0,0,0,0,0,0,0,0,0,0,0,0,0
"41061","5","42449","77","0","2022","A","","Union County, Oregon","Private","NAICS 42449 Other grocery and related products merchant wholesalers","County, NAICS 5-digit -- by ownership sector","All establishment sizes",3,53,2681039,2181519,31151,971,50506,"",1.73,3.29,3.29,4.40,3.24,1.00,1.00,"N",0,0.0,0,0,0,0,0,0,0,0,0,0,0,0
"41061","5","424490","78","0","2022","A","","Union County, Oregon","Private","NAICS 424490 Other grocery and related products merchant wholesalers","County, NAICS 6-digit -- by ownership sector","All establishment sizes",3,53,2681039,2181519,31151,971,50506,"",1.73,3.29,3.29,4.40,3.24,1.00,1.00,"N",0,0.0,0,0,0,0,0,0,0,0,0,0,0,0
"41061","5","4245","76","0","2022","A","N","Union County, Oregon","Private","NAICS 4245 Farm product raw material merchant wholesalers","County, NAICS 4-digit -- by ownership sector","All establishment sizes",2,0,0,0,0,0,0,"N",3.10,0,0,0,0,0,0,"N",1,100.0,0,0,0,0,0,0,0,0,0,0,0,0
"41061","5","42452","77","0","2022","A","N","Union County, Oregon","Private","NAICS 42452 Livestock merchant wholesalers","County, NAICS 5-digit -- by ownership sector","All establishment sizes",2,0,0,0,0,0,0,"N",16.87,0,0,0,0,0,0,"N",1,100.0,0,0,0,0,0,0,0,0,0,0,0,0
"41061","5","424520","78","0","2022","A","N","Union County, Oregon","Private","NAICS 424520 Livestock merchant wholesalers","County, NAICS 6-digit -- by ownership sector","All establishment sizes",2,0,0,0,0,0,0,"N",16.87,0,0,0,0,0,0,"N",1,100.0,0,0,0,0,0,0,0,0,0,0,0,0
"41061","5","4247","76","0","2022","A","N","Union County, Oregon","Private","NAICS 4247 Petroleum and petroleum products merchant wholesalers","County, NAICS 4-digit -- by ownership sector","All establishment sizes",2,0,0,0,0,0,0,"N",2.57,0,0,0,0,0,0,"N",0,0.0,0,0,0,0,0,0,0,0,0,0,0,0
"41061","5","42471","77","0","2022","A","N","Union County, Oregon","Private","NAICS 42471 Petroleum bulk stations and terminals","County, NAICS 5-digit -- by ownership sector","All establishment sizes",2,0,0,0,0,0,0,"N",7.88,0,0,0,0,0,0,"N",0,0.0,0,0,0,0,0,0,0,0,0,0,0,0
"41061","5","424710","78","0","2022","A","N","Union County, Oregon","Private","NAICS 424710 Petroleum bulk stations and terminals","County, NAICS 6-digit -- by ownership sector","All establishment sizes",2,0,0,0,0,0,0,"N",7.88,0,0,0,0,0,0,"N",0,0.0,0,0,0,0,0,0,0,0,0,0,0,0
"41061","5","4248","76","0","2022","A","N","Union County, Oregon","Private","NAICS 4248 Beer, wine, and distilled alcoholic beverage merchant wholesalers","County, NAICS 4-digit -- by ownership sector","All establishment sizes",1,0,0,0,0,0,0,"N",1.19,0,0,0,0,0,0,"N",0,0.0,0,0,0,0,0,0,0,0,0,0,0,0
"41061","5","42481","77","0","2022","A","N","Union County, Oregon","Private","NAICS 42481 Beer and ale merchant wholesalers","County, NAICS 5-digit -- by ownership sector","All establishment sizes",1,0,0,0,0,0,0,"N",3.57,0,0,0,0,0,0,"N",0,0.0,0,0,0,0,0,0,0,0,0,0,0,0
"41061","5","424810","78","0","2022","A","N","Union County, Oregon","Private","NAICS 424810 Beer and ale merchant wholesalers","County, NAICS 6-digit -- by ownership sector","All establishment sizes",1,0,0,0,0,0,0,"N",3.57,0,0,0,0,0,0,"N",0,0.0,0,0,0,0,0,0,0,0,0,0,0,0
"41061","5","4249","76","0","2022","A","N","Union County, Oregon","Private","NAICS 4249 Miscellaneous nondurable goods merchant wholesalers","County, NAICS 4-digit -- by ownership sector","All establishment sizes",2,0,0,0,0,0,0,"N",0.57,0,0,0,0,0,0,"N",0,0.0,0,0,0,0,0,0,0,0,0,0,0,0
"41061","5","42491","77","0","2022","A","N","Union County, Oregon","Private","NAICS 42491 Farm supplies merchant wholesalers","County, NAICS 5-digit -- by ownership sector","All establishment sizes",1,0,0,0,0,0,0,"N",0.84,0,0,0,0,0,0,"N",0,0.0,0,0,0,0,0,0,0,0,0,0,0,0
"41061","5","424910","78","0","2022","A","N","Union County, Oregon","Private","NAICS 424910 Farm supplies merchant wholesalers","County, NAICS 6-digit -- by ownership sector","All establishment sizes",1,0,0,0,0,0,0,"N",0.84,0,0,0,0,0,0,"N",0,0.0,0,0,0,0,0,0,0,0,0,0,0,0
"41061","5","42499","77","0","2022","A","N","Union County, Oregon","Private","NAICS 42499 Other miscellaneous nondurable goods merchant wholesalers","County, NAICS 5-digit -- by ownership sector","All establishment sizes",1,0,0,0,0,0,0,"N",0.74,0,0,0,0,0,0,"N",0,0.0,0,0,0,0,0,0,0,0,0,0,0,0
"41061","5","424990","78","0","2022","A","N","Union County, Oregon","Private","NAICS 424990 Other miscellaneous nondurable goods merchant wholesalers","County, NAICS 6-digit -- by ownership sector","All establishment sizes",1,0,0,0,0,0,0,"N",0.74,0,0,0,0,0,0,"N",0,0.0,0,0,0,0,0,0,0,0,0,0,0,0
"41061","5","425","75","0","2022","A","N","Union County, Oregon","Private","NAICS 425 Wholesale trade agents and brokers","County, NAICS 3-digit -- by ownership sector","All establishment sizes",4,0,0,0,0,0,0,"N",0.33,0,0,0,0,0,0,"N",0,0.0,0,0,0,0,0,0,0,0,0,0,0,0
"41061","5","4251","76","0","2022","A","N","Union County, Oregon","Private","NAICS 4251 Wholesale trade agents and brokers","County, NAICS 4-digit -- by ownership sector","All establishment sizes",4,0,0,0,0,0,0,"N",0.33,0,0,0,0,0,0,"N",0,0.0,0,0,0,0,0,0,0,0,0,0,0,0
"41061","5","42512","77","0","2022","A","N","Union County, Oregon","Private","NAICS 42512 Wholesale trade agents and brokers","County, NAICS 5-digit -- by ownership sector","All establishment sizes",4,0,0,0,0,0,0,"N",0.33,0,0,0,0,0,0,"N",0,0.0,0,0,0,0,0,0,0,0,0,0,0,0
"41061","5","425120","78","0","2022","A","N","Union County, Oregon","Private","NAICS 425120 Wholesale trade agents and brokers","County, NAICS 6-digit -- by ownership sector","All establishment sizes",4,0,0,0,0,0,0,"N",0.33,0,0,0,0,0,0,"N",0,0.0,0,0,0,0,0,0,0,0,0,0,0,0
"41061","5","44-45","74","0","2022","A","","Union County, Oregon","Private","NAICS 44-45 Retail trade","County, NAICS Sector -- by ownership sector","All establishment sizes",98,1487,49973718,41719742,754219,646,33616,"",1.00,1.40,1.70,1.61,1.85,1.22,1.22,"",2,2.1,46,3.2,3121498,6.7,3774301,9.9,-26738,-3.4,21,3.4,1112,3.4
"41061","5","441","75","0","2022","A","","Union County, Oregon","Private","NAICS 441 Motor vehicle and parts dealers","County, NAICS 3-digit -- by ownership sector","All establishment sizes",15,257,13413834,9474986,166045,1005,52262,"",1.32,1.86,2.02,2.39,2.42,1.09,1.09,"",1,7.1,6,2.4,571381,4.4,813455,9.4,-30557,-15.5,20,2.0,1063,2.1
"41061","5","4411","76","0","2022","A","","Union County, Oregon","Private","NAICS 4411 Automobile dealers","County, NAICS 4-digit -- by ownership sector","All establishment sizes",6,155,8870244,5733327,87777,1104,57413,"",1.35,1.79,1.80,2.25,1.92,1.01,1.01,"",1,20.0,5,3.3,181226,2.1,497983,9.5,-24282,-21.7,-10,-0.9,-514,-0.9
"41061","5","44111","77","0","2022","A","","Union County, Oregon","Private","NAICS 44111 New car dealers","County, NAICS 5-digit -- by ownership sector","All establishment sizes",3,144,8363271,5301333,78704,1119,58213,"",1.55,1.95,1.90,2.42,2.01,0.97,0.97,"N",0,0.0,0,0,0,0,0,0,0,0,0,0,0,0
"41061","5","441110","78","0","2022","A","","Union County, Oregon","Private","NAICS 441110 New car dealers","County, NAICS 6-digit -- by ownership sector","All establishment sizes",3,144,8363271,5301333,78704,1119,58213,"",1.55,1.95,1.90,2.42,2.01,0.97,0.97,"N",0,0.0,0,0,0,0,0,0,0,0,0,0,0,0
"41061","5","44112","77","0","2022","A","","Union County, Oregon","Private","NAICS 44112 Used car dealers","County, NAICS 5-digit -- by ownership sector","All establishment sizes",3,11,506973,431994,9073,900,46798,"",1.20,0.88,1.00,1.22,1.34,1.16,1.16,"N",1,50.0,0,0,0,0,0,0,0,0,0,0,0,0
"41061","5","441120","78","0","2022","A","","Union County, Oregon","Private","NAICS 441120 Used car dealers","County, NAICS 6-digit -- by ownership sector","All establishment sizes",3,11,506973,431994,9073,900,46798,"",1.20,0.88,1.00,1.22,1.34,1.16,1.16,"N",1,50.0,0,0,0,0,0,0,0,0,0,0,0,0
"41061","5","4412","76","0","2022","A","N","Union County, Oregon","Private","NAICS 4412 Other motor vehicle dealers","County, NAICS 4-digit -- by ownership sector","All establishment sizes",2,0,0,0,0,0,0,"N",1.43,0,0,0,0,0,0,"N",0,0.0,0,0,0,0,0,0,0,0,0,0,0,0
"41061","5","44121","77","0","2022","A","N","Union County, Oregon","Private","NAICS 44121 Recreational vehicle dealers","County, NAICS 5-digit -- by ownership sector","All establishment sizes",1,0,0,0,0,0,0,"N",3.61,0,0,0,0,0,0,"N",0,0.0,0,0,0,0,0,0,0,0,0,0,0,0
"41061","5","441210","78","0","2022","A","N","Union County, Oregon","Private","NAICS 441210 Recreational vehicle dealers","County, NAICS 6-digit -- by ownership sector","All establishment sizes",1,0,0,0,0,0,0,"N",3.61,0,0,0,0,0,0,"N",0,0.0,0,0,0,0,0,0,0,0,0,0,0,0
"41061","5","44122","77","0","2022","A","N","Union County, Oregon","Private","NAICS 44122 Motorcycle, boat, and other motor vehicle dealers","County, NAICS 5-digit -- by ownership sector","All establishment sizes",1,0,0,0,0,0,0,"N",0.89,0,0,0,0,0,0,"N",0,0.0,0,0,0,0,0,0,0,0,0,0,0,0
"41061","5","441227","78","0","2022","A","N","Union County, Oregon","Private","NAICS 441227 Motorcycle, atv, and all other motor vehicle dealers","County, NAICS 6-digit -- by ownership sector","All establishment sizes",1,0,0,0,0,0,0,"N",1.42,0,0,0,0,0,0,"N",1,100.0,0,0,0,0,0,0,0,0,0,0,0,0
"41061","5","4413","76","0","2022","A","N","Union County, Oregon","Private","NAICS 4413 Automotive parts, accessories, and tire retailers","County, NAICS 4-digit -- by ownership sector","All establishment sizes",7,0,0,0,0,0,0,"N",1.26,0,0,0,0,0,0,"N",0,0.0,0,0,0,0,0,0,0,0,0,0,0,0
"41061","5","44133","77","0","2022","A","","Union County, Oregon","Private","NAICS 44133 Automotive parts and accessories retailers","County, NAICS 5-digit -- by ownership sector","All establishment sizes",5,50,1756309,1674233,32515,680,35362,"",1.37,1.88,2.48,2.53,3.55,1.33,1.33,"N",5,100.0,0,0,0,0,0,0,0,0,0,0,0,0
"41061","5","441330","78","0","2022","A","","Union County, Oregon","Private","NAICS 441330 Automotive parts and accessories retailers","County, NAICS 6-digit -- by ownership sector","All establishment sizes",5,50,1756309,1674233,32515,680,35362,"",1.37,1.88,2.48,2.53,3.55,1.33,1.33,"N",5,100.0,0,0,0,0,0,0,0,0,0,0,0,0
"41061","5","44134","77","0","2022","A","N","Union County, Oregon","Private","NAICS 44134 Tire dealers","County, NAICS 5-digit -- by ownership sector","All establishment sizes",2,0,0,0,0,0,0,"N",1.05,0,0,0,0,0,0,"N",2,100.0,0,0,0,0,0,0,0,0,0,0,0,0
"41061","5","441340","78","0","2022","A","N","Union County, Oregon","Private","NAICS 441340 Tire dealers","County, NAICS 6-digit -- by ownership sector","All establishment sizes",2,0,0,0,0,0,0,"N",1.05,0,0,0,0,0,0,"N",2,100.0,0,0,0,0,0,0,0,0,0,0,0,0
"41061","5","444","75","0","2022","A","","Union County, Oregon","Private","NAICS 444 Building material and garden equipment and supplies dealers","County, NAICS 3-digit -- by ownership sector","All establishment sizes",6,136,4685045,4504846,104594,662,34407,"",0.90,1.39,1.67,1.80,2.54,1.20,1.20,"",1,20.0,2,1.5,3736,0.1,442392,10.9,15867,17.9,-12,-1.8,-615,-1.8
"41061","5","4441","76","0","2022","A","","Union County, Oregon","Private","NAICS 4441 Building material and supplies dealers","County, NAICS 4-digit -- by ownership sector","All establishment sizes",6,136,4685045,4504846,104594,662,34407,"",1.19,1.59,1.89,2.06,3.06,1.19,1.18,"",1,20.0,2,1.5,3736,0.1,442392,10.9,15867,17.9,-12,-1.8,-615,-1.8
"41061","5","44411","77","0","2022","A","N","Union County, Oregon","Private","NAICS 44411 Home centers","County, NAICS 5-digit -- by ownership sector","All establishment sizes",2,0,0,0,0,0,0,"N",2.32,0,0,0,0,0,0,"N",1,100.0,0,0,0,0,0,0,0,0,0,0,0,0
"41061","5","444110","78","0","2022","A","N","Union County, Oregon","Private","NAICS 444110 Home centers","County, NAICS 6-digit -- by ownership sector","All establishment sizes",2,0,0,0,0,0,0,"N",2.32,0,0,0,0,0,0,"N",1,100.0,0,0,0,0,0,0,0,0,0,0,0,0
"41061","5","44412","77","0","2022","A","N","Union County, Oregon","Private","NAICS 44412 Paint and wallpaper retailers","County, NAICS 5-digit -- by ownership sector","All establishment sizes",1,0,0,0,0,0,0,"N",1.58,0,0,0,0,0,0,"N",0,0.0,0,0,0,0,0,0,0,0,0,0,0,0
"41061","5","444120","78","0","2022","A","N","Union County, Oregon","Private","NAICS 444120 Paint and wallpaper retailers","County, NAICS 6-digit -- by ownership sector","All establishment sizes",1,0,0,0,0,0,0,"N",1.58,0,0,0,0,0,0,"N",0,0.0,0,0,0,0,0,0,0,0,0,0,0,0
"41061","5","44414","77","0","2022","A","N","Union County, Oregon","Private","NAICS 44414 Hardware retailers","County, NAICS 5-digit -- by ownership sector","All establishment sizes",2,0,0,0,0,0,0,"N",1.40,0,0,0,0,0,0,"N",2,100.0,0,0,0,0,0,0,0,0,0,0,0,0
"41061","5","444140","78","0","2022","A","N","Union County, Oregon","Private","NAICS 444140 Hardware retailers","County, NAICS 6-digit -- by ownership sector","All establishment sizes",2,0,0,0,0,0,0,"N",1.40,0,0,0,0,0,0,"N",2,100.0,0,0,0,0,0,0,0,0,0,0,0,0
"41061","5","44418","77","0","2022","A","N","Union County, Oregon","Private","NAICS 44418 Other building material dealers","County, NAICS 5-digit -- by ownership sector","All establishment sizes",1,0,0,0,0,0,0,"N",0.47,0,0,0,0,0,0,"N",1,100.0,0,0,0,0,0,0,0,0,0,0,0,0
"41061","5","444180","78","0","2022","A","N","Union County, Oregon","Private","NAICS 444180 Other building material dealers","County, NAICS 6-digit -- by ownership sector","All establishment sizes",1,0,0,0,0,0,0,"N",0.47,0,0,0,0,0,0,"N",1,100.0,0,0,0,0,0,0,0,0,0,0,0,0
"41061","5","445","75","0","2022","A","","Union County, Oregon","Private","NAICS 445 Food and beverage retailers","County, NAICS 3-digit -- by ownership sector","All establishment sizes",17,301,7768501,7184515,104630,497,25838,"",1.16,1.38,1.68,1.44,1.55,1.22,1.22,"",0,0.0,5,1.7,546392,7.6,568835,8.6,-6830,-6.1,27,5.7,1418,5.8
"41061","5","4451","76","0","2022","A","","Union County, Oregon","Private","NAICS 4451 Grocery and convenience retailers","County, NAICS 4-digit -- by ownership sector","All establishment sizes",14,265,6956088,6391164,86762,505,26249,"",1.57,1.39,1.74,1.48,1.58,1.25,1.24,"",0,0.0,7,2.7,526848,8.2,546321,9.3,-4026,-4.4,25,5.2,1305,5.2
"41061","5","44511","77","0","2022","A","","Union County, Oregon","Private","NAICS 44511 Supermarkets and other grocery retailers (except convenience retailers)","County, NAICS 5-digit -- by ownership sector","All establishment sizes",7,224,6291733,5727109,75386,541,28130,"",1.30,1.27,1.69,1.44,1.56,1.33,1.33,"",0,0.0,3,1.4,429642,7.3,449415,8.5,-3615,-4.6,31,6.1,1595,6.0
"41061","5","445110","78","0","2022","A","","Union County, Oregon","Private","NAICS 445110 Supermarkets and other grocery retailers (except convenience retailers)","County, NAICS 6-digit -- by ownership sector","All establishment sizes",7,224,6291733,5727109,75386,541,28130,"",1.30,1.27,1.69,1.44,1.56,1.33,1.33,"",0,0.0,3,1.4,429642,7.3,449415,8.5,-3615,-4.6,31,6.1,1595,6.0
"41061","5","44513","77","0","2022","A","","Union County, Oregon","Private","NAICS 44513 Convenience retailers and vending machine operators","County, NAICS 5-digit -- by ownership sector","All establishment sizes",7,41,664355,664055,11376,309,16073,"",1.98,2.90,2.25,1.94,1.69,0.77,0.77,"N",7,100.0,0,0,0,0,0,0,0,0,0,0,0,0
"41061","5","445131","78","0","2022","A","N","Union County, Oregon","Private","NAICS 445131 Convenience retailers","County, NAICS 6-digit -- by ownership sector","All establishment sizes",6,0,0,0,0,0,0,"N",1.86,0,0,0,0,0,0,"N",6,100.0,0,0,0,0,0,0,0,0,0,0,0,0
"41061","5","445132","78","0","2022","A","N","Union County, Oregon","Private","NAICS 445132 Vending machine operators","County, NAICS 6-digit -- by ownership sector","All establishment sizes",1,0,0,0,0,0,0,"N",3.19,0,0,0,0,0,0,"N",1,100.0,0,0,0,0,0,0,0,0,0,0,0,0
"41061","5","4452","76","0","2022","A","","Union County, Oregon","Private","NAICS 4452 Specialty food retailers","County, NAICS 4-digit -- by ownership sector","All establishment sizes",3,36,812413,793351,17868,438,22778,"",1.15,2.21,2.19,2.02,2.28,1.00,1.00,"",0,0.0,-2,-5.3,19544,2.5,22514,2.9,-2804,-13.6,37,9.2,1913,9.2
"41061","5","44524","77","0","2022","A","N","Union County, Oregon","Private","NAICS 44524 Meat retailers","County, NAICS 5-digit -- by ownership sector","All establishment sizes",1,0,0,0,0,0,0,"N",1.63,0,0,0,0,0,0,"N",1,100.0,0,0,0,0,0,0,0,0,0,0,0,0
"41061","5","445240","78","0","2022","A","N","Union County, Oregon","Private","NAICS 445240 Meat retailers","County, NAICS 6-digit -- by ownership sector","All establishment sizes",1,0,0,0,0,0,0,"N",1.63,0,0,0,0,0,0,"N",1,100.0,0,0,0,0,0,0,0,0,0,0,0,0
"41061","5","44529","77","0","2022","A","N","Union County, Oregon","Private","NAICS 44529 Other specialty food retailers","County, NAICS 5-digit -- by ownership sector","All establishment sizes",2,0,0,0,0,0,0,"N",1.36,0,0,0,0,0,0,"N",0,0.0,0,0,0,0,0,0,0,0,0,0,0,0
"41061","5","445298","78","0","2022","A","N","Union County, Oregon","Private","NAICS 445298 All other specialty food retailers","County, NAICS 6-digit -- by ownership sector","All establishment sizes",2,0,0,0,0,0,0,"N",2.07,0,0,0,0,0,0,"N",2,100.0,0,0,0,0,0,0,0,0,0,0,0,0
"41061","5","449","75","0","2022","A","","Union County, Oregon","Private","NAICS 449 Furniture, home furnishings, electronics, and appliance retailers","County, NAICS 3-digit -- by ownership sector","All establishment sizes",12,99,3682129,2850066,38342,715,37193,"",1.40,1.60,1.55,1.75,1.25,0.97,0.97,"N",12,100.0,0,0,0,0,0,0,0,0,0,0,0,0
"41061","5","4491","76","0","2022","A","","Union County, Oregon","Private","NAICS 4491 Furniture and home furnishings retailers","County, NAICS 4-digit -- by ownership sector","All establishment sizes",6,75,2922943,2248244,25456,752,39103,"",1.36,2.38,2.69,2.73,1.66,1.13,1.13,"N",6,100.0,0,0,0,0,0,0,0,0,0,0,0,0
"41061","5","44911","77","0","2022","A","N","Union County, Oregon","Private","NAICS 44911 Furniture retailers","County, NAICS 5-digit -- by ownership sector","All establishment sizes",4,0,0,0,0,0,0,"N",1.88,0,0,0,0,0,0,"N",4,100.0,0,0,0,0,0,0,0,0,0,0,0,0
"41061","5","449110","78","0","2022","A","N","Union County, Oregon","Private","NAICS 449110 Furniture retailers","County, NAICS 6-digit -- by ownership sector","All establishment sizes",4,0,0,0,0,0,0,"N",1.88,0,0,0,0,0,0,"N",4,100.0,0,0,0,0,0,0,0,0,0,0,0,0
"41061","5","44912","77","0","2022","A","N","Union County, Oregon","Private","NAICS 44912 Home furnishings retailers","County, NAICS 5-digit -- by ownership sector","All establishment sizes",2,0,0,0,0,0,0,"N",0.88,0,0,0,0,0,0,"N",2,100.0,0,0,0,0,0,0,0,0,0,0,0,0
"41061","5","449121","78","0","2022","A","N","Union County, Oregon","Private","NAICS 449121 Floor covering retailers","County, NAICS 6-digit -- by ownership sector","All establishment sizes",1,0,0,0,0,0,0,"N",1.16,0,0,0,0,0,0,"N",1,100.0,0,0,0,0,0,0,0,0,0,0,0,0
"41061","5","449129","78","0","2022","A","N","Union County, Oregon","Private","NAICS 449129 All other home furnishings retailers","County, NAICS 6-digit -- by ownership sector","All establishment sizes",1,0,0,0,0,0,0,"N",0.87,0,0,0,0,0,0,"N",1,100.0,0,0,0,0,0,0,0,0,0,0,0,0
"41061","5","4492","76","0","2022","A","","Union County, Oregon","Private","NAICS 4492 Electronics and appliance retailers","County, NAICS 4-digit -- by ownership sector","All establishment sizes",6,24,759186,601822,12886,602,31307,"",1.44,0.79,0.59,0.75,0.84,0.73,0.73,"N",6,100.0,0,0,0,0,0,0,0,0,0,0,0,0
"41061","5","44921","77","0","2022","A","","Union County, Oregon","Private","NAICS 44921 Electronics and appliance retailers","County, NAICS 5-digit -- by ownership sector","All establishment sizes",6,24,759186,601822,12886,602,31307,"",1.44,0.79,0.59,0.75,0.84,0.73,0.73,"N",6,100.0,0,0,0,0,0,0,0,0,0,0,0,0
"41061","5","449210","78","0","2022","A","","Union County, Oregon","Private","NAICS 449210 Electronics and appliance retailers","County, NAICS 6-digit -- by ownership sector","All establishment sizes",6,24,759186,601822,12886,602,31307,"",1.44,0.79,0.59,0.75,0.84,0.73,0.73,"N",6,100.0,0,0,0,0,0,0,0,0,0,0,0,0
"41061","5","455","75","0","2022","A","","Union County, Oregon","Private","NAICS 455 General merchandise retailers","County, NAICS 3-digit -- by ownership sector","All establishment sizes",5,382,12640537,10986405,230266,637,33105,"",0.71,1.75,2.69,2.18,3.31,1.54,1.54,"N",5,100.0,0,0,0,0,0,0,0,0,0,0,0,0
"41061","5","4551","76","0","2022","A","N","Union County, Oregon","Private","NAICS 4551 Department stores","County, NAICS 4-digit -- by ownership sector","All establishment sizes",1,0,0,0,0,0,0,"N",0.94,0,0,0,0,0,0,"N",1,100.0,0,0,0,0,0,0,0,0,0,0,0,0
"41061","5","45511","77","0","2022","A","N","Union County, Oregon","Private","NAICS 45511 Department stores","County, NAICS 5-digit -- by ownership sector","All establishment sizes",1,0,0,0,0,0,0,"N",0.94,0,0,0,0,0,0,"N",1,100.0,0,0,0,0,0,0,0,0,0,0,0,0
"41061","5","455110","78","0","2022","A","N","Union County, Oregon","Private","NAICS 455110 Department stores","County, NAICS 6-digit -- by ownership sector","All establishment sizes",1,0,0,0,0,0,0,"N",0.94,0,0,0,0,0,0,"N",1,100.0,0,0,0,0,0,0,0,0,0,0,0,0
"41061","5","4552","76","0","2022","A","N","Union County, Oregon","Private","NAICS 4552 Warehouse clubs, supercenters, and other general merchandise retailers","County, NAICS 4-digit -- by ownership sector","All establishment sizes",4,0,0,0,0,0,0,"N",0.67,0,0,0,0,0,0,"N",4,100.0,0,0,0,0,0,0,0,0,0,0,0,0
"41061","5","45521","77","0","2022","A","N","Union County, Oregon","Private","NAICS 45521 Warehouse clubs, supercenters, and other general merchandise retailers","County, NAICS 5-digit -- by ownership sector","All establishment sizes",4,0,0,0,0,0,0,"N",0.67,0,0,0,0,0,0,"N",4,100.0,0,0,0,0,0,0,0,0,0,0,0,0
"41061","5","455211","78","0","2022","A","N","Union County, Oregon","Private","NAICS 455211 Warehouse clubs and supercenters","County, NAICS 6-digit -- by ownership sector","All establishment sizes",1,0,0,0,0,0,0,"N",1.71,0,0,0,0,0,0,"N",1,100.0,0,0,0,0,0,0,0,0,0,0,0,0
"41061","5","455219","78","0","2022","A","","Union County, Oregon","Private","NAICS 455219 All other general merchandise retailers","County, NAICS 6-digit -- by ownership sector","All establishment sizes",3,64,1357126,1301887,24203,410,21316,"",0.55,1.57,1.66,1.49,1.55,1.06,1.06,"N",3,100.0,0,0,0,0,0,0,0,0,0,0,0,0
"41061","5","456","75","0","2022","A","","Union County, Oregon","Private","NAICS 456 Health and personal care retailers","County, NAICS 3-digit -- by ownership sector","All establishment sizes",5,47,2290486,1560854,25236,934,48562,"",0.46,0.62,0.95,0.85,0.87,1.52,1.52,"N",5,100.0,0,0,0,0,0,0,0,0,0,0,0,0
"41061","5","4561","76","0","2022","A","","Union County, Oregon","Private","NAICS 4561 Health and personal care retailers","County, NAICS 4-digit -- by ownership sector","All establishment sizes",5,47,2290486,1560854,25236,934,48562,"",0.46,0.62,0.95,0.85,0.87,1.52,1.52,"N",5,100.0,0,0,0,0,0,0,0,0,0,0,0,0
"41061","5","45611","77","0","2022","A","N","Union County, Oregon","Private","NAICS 45611 Pharmacies and drug retailers","County, NAICS 5-digit -- by ownership sector","All establishment sizes",2,0,0,0,0,0,0,"N",0.33,0,0,0,0,0,0,"N",2,100.0,0,0,0,0,0,0,0,0,0,0,0,0
"41061","5","456110","78","0","2022","A","N","Union County, Oregon","Private","NAICS 456110 Pharmacies and drug retailers","County, NAICS 6-digit -- by ownership sector","All establishment sizes",2,0,0,0,0,0,0,"N",0.33,0,0,0,0,0,0,"N",2,100.0,0,0,0,0,0,0,0,0,0,0,0,0
"41061","5","45619","77","0","2022","A","N","Union County, Oregon","Private","NAICS 45619 Other health and personal care retailers","County, NAICS 5-digit -- by ownership sector","All establishment sizes",3,0,0,0,0,0,0,"N",1.45,0,0,0,0,0,0,"N",3,100.0,0,0,0,0,0,0,0,0,0,0,0,0
"41061","5","456199","78","0","2022","A","N","Union County, Oregon","Private","NAICS 456199 All other health and personal care retailers","County, NAICS 6-digit -- by ownership sector","All establishment sizes",3,0,0,0,0,0,0,"N",2.79,0,0,0,0,0,0,"N",3,100.0,0,0,0,0,0,0,0,0,0,0,0,0
"41061","5","457","75","0","2022","A","","Union County, Oregon","Private","NAICS 457 Gasoline stations and fuel dealers","County, NAICS 3-digit -- by ownership sector","All establishment sizes",10,136,2619117,2450901,52110,371,19317,"",0.92,1.92,1.70,1.29,1.91,0.89,0.89,"N",10,100.0,0,0,0,0,0,0,0,0,0,0,0,0
"41061","5","4571","76","0","2022","A","N","Union County, Oregon","Private","NAICS 4571 Gasoline stations","County, NAICS 4-digit -- by ownership sector","All establishment sizes",9,0,0,0,0,0,0,"N",0.89,0,0,0,0,0,0,"N",9,100.0,0,0,0,0,0,0,0,0,0,0,0,0
"41061","5","45711","77","0","2022","A","","Union County, Oregon","Private","NAICS 45711 Gasoline stations with convenience stores","County, NAICS 5-digit -- by ownership sector","All establishment sizes",8,103,1677638,1647235,32293,312,16235,"",0.87,1.74,1.46,1.04,1.56,0.84,0.84,"N",8,100.0,0,0,0,0,0,0,0,0,0,0,0,0
"41061","5","457110","78","0","2022","A","","Union County, Oregon","Private","NAICS 457110 Gasoline stations with convenience stores","County, NAICS 6-digit -- by ownership sector","All establishment sizes",8,103,1677638,1647235,32293,312,16235,"",0.87,1.74,1.46,1.04,1.56,0.84,0.84,"N",8,100.0,0,0,0,0,0,0,0,0,0,0,0,0
"41061","5","45712","77","0","2022","A","N","Union County, Oregon","Private","NAICS 45712 Other gasoline stations","County, NAICS 5-digit -- by ownership sector","All establishment sizes",1,0,0,0,0,0,0,"N",1.12,0,0,0,0,0,0,"N",1,100.0,0,0,0,0,0,0,0,0,0,0,0,0
"41061","5","457120","78","0","2022","A","N","Union County, Oregon","Private","NAICS 457120 Other gasoline stations","County, NAICS 6-digit -- by ownership sector","All establishment sizes",1,0,0,0,0,0,0,"N",1.12,0,0,0,0,0,0,"N",1,100.0,0,0,0,0,0,0,0,0,0,0,0,0
"41061","5","4572","76","0","2022","A","N","Union County, Oregon","Private","NAICS 4572 Fuel dealers","County, NAICS 4-digit -- by ownership sector","All establishment sizes",1,0,0,0,0,0,0,"N",1.38,0,0,0,0,0,0,"N",1,100.0,0,0,0,0,0,0,0,0,0,0,0,0
"41061","5","45721","77","0","2022","A","N","Union County, Oregon","Private","NAICS 45721 Fuel dealers","County, NAICS 5-digit -- by ownership sector","All establishment sizes",1,0,0,0,0,0,0,"N",1.38,0,0,0,0,0,0,"N",1,100.0,0,0,0,0,0,0,0,0,0,0,0,0
"41061","5","457210","78","0","2022","A","N","Union County, Oregon","Private","NAICS 457210 Fuel dealers","County, NAICS 6-digit -- by ownership sector","All establishment sizes",1,0,0,0,0,0,0,"N",1.38,0,0,0,0,0,0,"N",1,100.0,0,0,0,0,0,0,0,0,0,0,0,0
"41061","5","458","75","0","2022","A","","Union County, Oregon","Private","NAICS 458 Clothing, clothing accessories, shoe, and jewelry retailers","County, NAICS 3-digit -- by ownership sector","All establishment sizes",5,31,769266,669567,9691,481,25017,"",0.45,0.40,0.44,0.40,0.32,1.12,1.12,"N",5,100.0,0,0,0,0,0,0,0,0,0,0,0,0
"41061","5","4581","76","0","2022","A","","Union County, Oregon","Private","NAICS 4581 Clothing and clothing accessories retailers","County, NAICS 4-digit -- by ownership sector","All establishment sizes",3,21,652202,552503,6530,586,30453,"",0.40,0.36,0.54,0.46,0.29,1.47,1.47,"N",3,100.0,0,0,0,0,0,0,0,0,0,0,0,0
"41061","5","45811","77","0","2022","A","","Union County, Oregon","Private","NAICS 45811 Clothing and clothing accessories retailers","County, NAICS 5-digit -- by ownership sector","All establishment sizes",3,21,652202,552503,6530,586,30453,"",0.40,0.36,0.54,0.46,0.29,1.47,1.47,"N",3,100.0,0,0,0,0,0,0,0,0,0,0,0,0
"41061","5","458110","78","0","2022","A","","Union County, Oregon","Private","NAICS 458110 Clothing and clothing accessories retailers","County, NAICS 6-digit -- by ownership sector","All establishment sizes",3,21,652202,552503,6530,586,30453,"",0.40,0.36,0.54,0.46,0.29,1.47,1.47,"N",3,100.0,0,0,0,0,0,0,0,0,0,0,0,0
"41061","5","4582","76","0","2022","A","N","Union County, Oregon","Private","NAICS 4582 Shoe retailers","County, NAICS 4-digit -- by ownership sector","All establishment sizes",1,0,0,0,0,0,0,"N",0.69,0,0,0,0,0,0,"N",1,100.0,0,0,0,0,0,0,0,0,0,0,0,0
"41061","5","45821","77","0","2022","A","N","Union County, Oregon","Private","NAICS 45821 Shoe retailers","County, NAICS 5-digit -- by ownership sector","All establishment sizes",1,0,0,0,0,0,0,"N",0.69,0,0,0,0,0,0,"N",1,100.0,0,0,0,0,0,0,0,0,0,0,0,0
"41061","5","458210","78","0","2022","A","N","Union County, Oregon","Private","NAICS 458210 Shoe retailers","County, NAICS 6-digit -- by ownership sector","All establishment sizes",1,0,0,0,0,0,0,"N",0.69,0,0,0,0,0,0,"N",1,100.0,0,0,0,0,0,0,0,0,0,0,0,0
"41061","5","4583","76","0","2022","A","N","Union County, Oregon","Private","NAICS 4583 Jewelry, luggage, and leather goods retailers","County, NAICS 4-digit -- by ownership sector","All establishment sizes",1,0,0,0,0,0,0,"N",0.51,0,0,0,0,0,0,"N",1,100.0,0,0,0,0,0,0,0,0,0,0,0,0
"41061","5","45831","77","0","2022","A","N","Union County, Oregon","Private","NAICS 45831 Jewelry retailers","County, NAICS 5-digit -- by ownership sector","All establishment sizes",1,0,0,0,0,0,0,"N",0.54,0,0,0,0,0,0,"N",1,100.0,0,0,0,0,0,0,0,0,0,0,0,0
"41061","5","458310","78","0","2022","A","N","Union County, Oregon","Private","NAICS 458310 Jewelry retailers","County, NAICS 6-digit -- by ownership sector","All establishment sizes",1,0,0,0,0,0,0,"N",0.54,0,0,0,0,0,0,"N",1,100.0,0,0,0,0,0,0,0,0,0,0,0,0
"41061","5","459","75","0","2022","A","","Union County, Oregon","Private","NAICS 459 Sporting goods, hobby, musical instrument, book, and miscellaneous retailers","County, NAICS 3-digit -- by ownership sector","All establishment sizes",23,99,2104803,2037602,23305,410,21314,"",1.35,0.95,0.82,0.84,0.54,0.87,0.87,"N",23,100.0,0,0,0,0,0,0,0,0,0,0,0,0
"41061","5","4591","76","0","2022","A","","Union County, Oregon","Private","NAICS 4591 Sporting goods, hobby, and musical instrument retailers","County, NAICS 4-digit -- by ownership sector","All establishment sizes",8,30,664832,650982,6494,433,22537,"",1.95,0.88,0.94,0.84,0.57,1.09,1.09,"N",8,100.0,0,0,0,0,0,0,0,0,0,0,0,0
"41061","5","45911","77","0","2022","A","","Union County, Oregon","Private","NAICS 45911 Sporting goods retailers","County, NAICS 5-digit -- by ownership sector","All establishment sizes",5,27,568576,557026,5648,413,21456,"",2.20,1.30,1.26,1.13,0.78,0.98,0.98,"N",5,100.0,0,0,0,0,0,0,0,0,0,0,0,0
"41061","5","459110","78","0","2022","A","","Union County, Oregon","Private","NAICS 459110 Sporting goods retailers","County, NAICS 6-digit -- by ownership sector","All establishment sizes",5,27,568576,557026,5648,413,21456,"",2.20,1.30,1.26,1.13,0.78,0.98,0.98,"N",5,100.0,0,0,0,0,0,0,0,0,0,0,0,0
"41061","5","45912","77","0","2022","A","N","Union County, Oregon","Private","NAICS 45912 Hobby, toy, and game retailers","County, NAICS 5-digit -- by ownership sector","All establishment sizes",1,0,0,0,0,0,0,"N",0.91,0,0,0,0,0,0,"N",1,100.0,0,0,0,0,0,0,0,0,0,0,0,0
"41061","5","459120","78","0","2022","A","N","Union County, Oregon","Private","NAICS 459120 Hobby, toy, and game retailers","County, NAICS 6-digit -- by ownership sector","All establishment sizes",1,0,0,0,0,0,0,"N",0.91,0,0,0,0,0,0,"N",1,100.0,0,0,0,0,0,0,0,0,0,0,0,0
"41061","5","45913","77","0","2022","A","N","Union County, Oregon","Private","NAICS 45913 Sewing, needlework, and piece goods retailers","County, NAICS 5-digit -- by ownership sector","All establishment sizes",2,0,0,0,0,0,0,"N",5.11,0,0,0,0,0,0,"N",2,100.0,0,0,0,0,0,0,0,0,0,0,0,0
"41061","5","459130","78","0","2022","A","N","Union County, Oregon","Private","NAICS 459130 Sewing, needlework, and piece goods retailers","County, NAICS 6-digit -- by ownership sector","All establishment sizes",2,0,0,0,0,0,0,"N",5.11,0,0,0,0,0,0,"N",2,100.0,0,0,0,0,0,0,0,0,0,0,0,0
"41061","5","4592","76","0","2022","A","N","Union County, Oregon","Private","NAICS 4592 Book retailers and news dealers","County, NAICS 4-digit -- by ownership sector","All establishment sizes",1,0,0,0,0,0,0,"N",1.32,0,0,0,0,0,0,"N",1,100.0,0,0,0,0,0,0,0,0,0,0,0,0
"41061","5","45921","77","0","2022","A","N","Union County, Oregon","Private","NAICS 45921 Book retailers and news dealers","County, NAICS 5-digit -- by ownership sector","All establishment sizes",1,0,0,0,0,0,0,"N",1.32,0,0,0,0,0,0,"N",1,100.0,0,0,0,0,0,0,0,0,0,0,0,0
"41061","5","459210","78","0","2022","A","N","Union County, Oregon","Private","NAICS 459210 Book retailers and news dealers","County, NAICS 6-digit -- by ownership sector","All establishment sizes",1,0,0,0,0,0,0,"N",1.32,0,0,0,0,0,0,"N",1,100.0,0,0,0,0,0,0,0,0,0,0,0,0
"41061","5","4593","76","0","2022","A","","Union County, Oregon","Private","NAICS 4593 Florists","County, NAICS 4-digit -- by ownership sector","All establishment sizes",3,13,247604,241944,2176,378,19677,"",2.60,3.01,3.05,2.44,1.15,1.05,1.05,"N",3,100.0,0,0,0,0,0,0,0,0,0,0,0,0
"41061","5","45931","77","0","2022","A","","Union County, Oregon","Private","NAICS 45931 Florists","County, NAICS 5-digit -- by ownership sector","All establishment sizes",3,13,247604,241944,2176,378,19677,"",2.60,3.01,3.05,2.44,1.15,1.05,1.05,"N",3,100.0,0,0,0,0,0,0,0,0,0,0,0,0
"41061","5","459310","78","0","2022","A","","Union County, Oregon","Private","NAICS 459310 Florists","County, NAICS 6-digit -- by ownership sector","All establishment sizes",3,13,247604,241944,2176,378,19677,"",2.60,3.01,3.05,2.44,1.15,1.05,1.05,"N",3,100.0,0,0,0,0,0,0,0,0,0,0,0,0
"41061","5","4594","76","0","2022","A","N","Union County, Oregon","Private","NAICS 4594 Office supplies, stationery, and gift retailers","County, NAICS 4-digit -- by ownership sector","All establishment sizes",2,0,0,0,0,0,0,"N",0.81,0,0,0,0,0,0,"N",2,100.0,0,0,0,0,0,0,0,0,0,0,0,0
"41061","5","45941","77","0","2022","A","N","Union County, Oregon","Private","NAICS 45941 Office supplies and stationery retailers","County, NAICS 5-digit -- by ownership sector","All establishment sizes",1,0,0,0,0,0,0,"N",1.59,0,0,0,0,0,0,"N",1,100.0,0,0,0,0,0,0,0,0,0,0,0,0
"41061","5","459410","78","0","2022","A","N","Union County, Oregon","Private","NAICS 459410 Office supplies and stationery retailers","County, NAICS 6-digit -- by ownership sector","All establishment sizes",1,0,0,0,0,0,0,"N",1.59,0,0,0,0,0,0,"N",1,100.0,0,0,0,0,0,0,0,0,0,0,0,0
"41061","5","45942","77","0","2022","A","N","Union County, Oregon","Private","NAICS 45942 Gift, novelty, and souvenir retailers","County, NAICS 5-digit -- by ownership sector","All establishment sizes",1,0,0,0,0,0,0,"N",0.55,0,0,0,0,0,0,"N",1,100.0,0,0,0,0,0,0,0,0,0,0,0,0
"41061","5","459420","78","0","2022","A","N","Union County, Oregon","Private","NAICS 459420 Gift, novelty, and souvenir retailers","County, NAICS 6-digit -- by ownership sector","All establishment sizes",1,0,0,0,0,0,0,"N",0.55,0,0,0,0,0,0,"N",1,100.0,0,0,0,0,0,0,0,0,0,0,0,0
"41061","5","4595","76","0","2022","A","","Union County, Oregon","Private","NAICS 4595 Used merchandise retailers","County, NAICS 4-digit -- by ownership sector","All establishment sizes",4,15,297984,297984,3104,382,19866,"",2.31,1.14,1.16,1.47,0.89,1.02,1.02,"N",4,100.0,0,0,0,0,0,0,0,0,0,0,0,0
"41061","5","45951","77","0","2022","A","","Union County, Oregon","Private","NAICS 45951 Used merchandise retailers","County, NAICS 5-digit -- by ownership sector","All establishment sizes",4,15,297984,297984,3104,382,19866,"",2.31,1.14,1.16,1.47,0.89,1.02,1.02,"N",4,100.0,0,0,0,0,0,0,0,0,0,0,0,0
"41061","5","459510","78","0","2022","A","","Union County, Oregon","Private","NAICS 459510 Used merchandise retailers","County, NAICS 6-digit -- by ownership sector","All establishment sizes",4,15,297984,297984,3104,382,19866,"",2.31,1.14,1.16,1.47,0.89,1.02,1.02,"N",4,100.0,0,0,0,0,0,0,0,0,0,0,0,0
"41061","5","4599","76","0","2022","A","","Union County, Oregon","Private","NAICS 4599 Other miscellaneous retailers","County, NAICS 4-digit -- by ownership sector","All establishment sizes",5,26,552911,546526,8829,412,21403,"",0.74,0.79,0.51,0.60,0.48,0.66,0.66,"N",5,100.0,0,0,0,0,0,0,0,0,0,0,0,0
"41061","5","45991","77","0","2022","A","N","Union County, Oregon","Private","NAICS 45991 Pet and pet supplies retailers","County, NAICS 5-digit -- by ownership sector","All establishment sizes",1,0,0,0,0,0,0,"N",1.00,0,0,0,0,0,0,"N",1,100.0,0,0,0,0,0,0,0,0,0,0,0,0
"41061","5","459910","78","0","2022","A","N","Union County, Oregon","Private","NAICS 459910 Pet and pet supplies retailers","County, NAICS 6-digit -- by ownership sector","All establishment sizes",1,0,0,0,0,0,0,"N",1.00,0,0,0,0,0,0,"N",1,100.0,0,0,0,0,0,0,0,0,0,0,0,0
"41061","5","45992","77","0","2022","A","N","Union County, Oregon","Private","NAICS 45992 Art dealers","County, NAICS 5-digit -- by ownership sector","All establishment sizes",0,0,0,0,0,0,0,"N",0.00,0,0,0,0,0,0,"N",0,0,0,0,0,0,0,0,0,0,0,0,0,0
"41061","5","459920","78","0","2022","A","N","Union County, Oregon","Private","NAICS 459920 Art dealers","County, NAICS 6-digit -- by ownership sector","All establishment sizes",0,0,0,0,0,0,0,"N",0.00,0,0,0,0,0,0,"N",0,0,0,0,0,0,0,0,0,0,0,0,0,0
"41061","5","45999","77","0","2022","A","","Union County, Oregon","Private","NAICS 45999 All other miscellaneous retailers","County, NAICS 5-digit -- by ownership sector","All establishment sizes",4,18,388894,388894,7411,415,21605,"",0.79,0.85,0.53,0.64,0.54,0.63,0.63,"N",4,100.0,0,0,0,0,0,0,0,0,0,0,0,0
"41061","5","459991","78","0","2022","A","N","Union County, Oregon","Private","NAICS 459991 Tobacco, electronic cigarette, and other smoking supplies retailers","County, NAICS 6-digit -- by ownership sector","All establishment sizes",2,0,0,0,0,0,0,"N",1.04,0,0,0,0,0,0,"N",2,100.0,0,0,0,0,0,0,0,0,0,0,0,0
"41061","5","459999","78","0","2022","A","N","Union County, Oregon","Private","NAICS 459999 All other miscellaneous retailers","County, NAICS 6-digit -- by ownership sector","All establishment sizes",2,0,0,0,0,0,0,"N",0.63,0,0,0,0,0,0,"N",2,100.0,0,0,0,0,0,0,0,0,0,0,0,0
"41061","5","48-49","74","0","2022","A","","Union County, Oregon","Private","NAICS 48-49 Transportation and warehousing","County, NAICS Sector -- by ownership sector","All establishment sizes",35,276,13421426,10341229,228827,934,48584,"",1.22,0.63,0.74,0.80,0.85,1.18,1.18,"",2,6.1,10,3.8,844375,6.7,879341,9.3,9705,4.4,24,2.6,1272,2.7
"41061","5","484","75","0","2022","A","","Union County, Oregon","Private","NAICS 484 Truck transportation","County, NAICS 3-digit -- by ownership sector","All establishment sizes",25,136,8109457,6005191,159018,1146,59592,"",1.55,1.26,1.72,1.77,2.45,1.36,1.36,"",2,8.7,-3,-2.2,254823,3.2,357900,6.3,7408,4.9,62,5.7,3219,5.7
"41061","5","4841","76","0","2022","A","","Union County, Oregon","Private","NAICS 4841 General freight trucking","County, NAICS 4-digit -- by ownership sector","All establishment sizes",17,92,5319221,4174597,108852,1115,57975,"",1.52,1.21,1.59,1.75,2.57,1.32,1.32,"",0,0.0,-4,-4.2,153049,3.0,208852,5.3,3519,3.3,77,7.4,4020,7.5
"41061","5","48411","77","0","2022","A","N","Union County, Oregon","Private","NAICS 48411 General freight trucking, local","County, NAICS 5-digit -- by ownership sector","All establishment sizes",3,0,0,0,0,0,0,"N",0.68,0,0,0,0,0,0,"N",0,0.0,0,0,0,0,0,0,0,0,0,0,0,0
"41061","5","484110","78","0","2022","A","N","Union County, Oregon","Private","NAICS 484110 General freight trucking, local","County, NAICS 6-digit -- by ownership sector","All establishment sizes",3,0,0,0,0,0,0,"N",0.68,0,0,0,0,0,0,"N",0,0.0,0,0,0,0,0,0,0,0,0,0,0,0
"41061","5","48412","77","0","2022","A","N","Union County, Oregon","Private","NAICS 48412 General freight trucking, long-distance","County, NAICS 5-digit -- by ownership sector","All establishment sizes",14,0,0,0,0,0,0,"N",2.07,0,0,0,0,0,0,"N",0,0.0,0,0,0,0,0,0,0,0,0,0,0,0
"41061","5","484121","78","0","2022","A","","Union County, Oregon","Private","NAICS 484121 General freight trucking, long-distance, truckload","County, NAICS 6-digit -- by ownership sector","All establishment sizes",12,44,2219970,2001217,53828,970,50454,"",2.14,1.19,1.37,1.68,2.91,1.14,1.14,"",0,0.0,-6,-12.0,-90545,-3.9,69132,3.6,149,0.3,74,8.3,3855,8.3
"41061","5","484122","78","0","2022","A","N","Union County, Oregon","Private","NAICS 484122 General freight trucking, long-distance, less than truckload","County, NAICS 6-digit -- by ownership sector","All establishment sizes",2,0,0,0,0,0,0,"N",1.70,0,0,0,0,0,0,"N",0,0.0,0,0,0,0,0,0,0,0,0,0,0,0
"41061","5","4842","76","0","2022","A","","Union County, Oregon","Private","NAICS 4842 Specialized freight trucking","County, NAICS 4-digit -- by ownership sector","All establishment sizes",8,44,2790236,1830594,50166,1210,62938,"",1.60,1.40,2.04,1.82,2.24,1.45,1.45,"",2,33.3,0,0.0,101774,3.8,149048,8.9,3889,8.4,24,2.0,1252,2.0
"41061","5","48421","77","0","2022","A","N","Union County, Oregon","Private","NAICS 48421 Used household and office goods moving","County, NAICS 5-digit -- by ownership sector","All establishment sizes",1,0,0,0,0,0,0,"N",1.08,0,0,0,0,0,0,"N",0,0.0,0,0,0,0,0,0,0,0,0,0,0,0
"41061","5","484210","78","0","2022","A","N","Union County, Oregon","Private","NAICS 484210 Used household and office goods moving","County, NAICS 6-digit -- by ownership sector","All establishment sizes",1,0,0,0,0,0,0,"N",1.08,0,0,0,0,0,0,"N",0,0.0,0,0,0,0,0,0,0,0,0,0,0,0
"41061","5","48422","77","0","2022","A","","Union County, Oregon","Private","NAICS 48422 Specialized freight (except used goods) trucking, local","County, NAICS 5-digit -- by ownership sector","All establishment sizes",6,17,1377280,873184,28231,1550,80621,"",2.06,1.11,2.05,1.72,2.16,1.84,1.84,"",2,50.0,1,6.2,161265,13.3,170049,24.2,3099,12.3,104,7.2,5404,7.2
"41061","5","484220","78","0","2022","A","","Union County, Oregon","Private","NAICS 484220 Specialized freight (except used goods) trucking, local","County, NAICS 6-digit -- by ownership sector","All establishment sizes",6,17,1377280,873184,28231,1550,80621,"",2.06,1.11,2.05,1.72,2.16,1.84,1.84,"",2,50.0,1,6.2,161265,13.3,170049,24.2,3099,12.3,104,7.2,5404,7.2
"41061","5","48423","77","0","2022","A","N","Union County, Oregon","Private","NAICS 48423 Specialized freight (except used goods) trucking, long-distance","County, NAICS 5-digit -- by ownership sector","All establishment sizes",1,0,0,0,0,0,0,"N",0.84,0,0,0,0,0,0,"N",0,0.0,0,0,0,0,0,0,0,0,0,0,0,0
"41061","5","484230","78","0","2022","A","N","Union County, Oregon","Private","NAICS 484230 Specialized freight (except used goods) trucking, long-distance","County, NAICS 6-digit -- by ownership sector","All establishment sizes",1,0,0,0,0,0,0,"N",0.84,0,0,0,0,0,0,"N",0,0.0,0,0,0,0,0,0,0,0,0,0,0,0
"41061","5","485","75","0","2022","A","N","Union County, Oregon","Private","NAICS 485 Transit and ground passenger transportation","County, NAICS 3-digit -- by ownership sector","All establishment sizes",3,0,0,0,0,0,0,"N",1.57,0,0,0,0,0,0,"N",0,0.0,0,0,0,0,0,0,0,0,0,0,0,0
"41061","5","4854","76","0","2022","A","N","Union County, Oregon","Private","NAICS 4854 School and employee bus transportation","County, NAICS 4-digit -- by ownership sector","All establishment sizes",1,0,0,0,0,0,0,"N",2.56,0,0,0,0,0,0,"N",0,0.0,0,0,0,0,0,0,0,0,0,0,0,0
"41061","5","48541","77","0","2022","A","N","Union County, Oregon","Private","NAICS 48541 School and employee bus transportation","County, NAICS 5-digit -- by ownership sector","All establishment sizes",1,0,0,0,0,0,0,"N",2.56,0,0,0,0,0,0,"N",0,0.0,0,0,0,0,0,0,0,0,0,0,0,0
"41061","5","485410","78","0","2022","A","N","Union County, Oregon","Private","NAICS 485410 School and employee bus transportation","County, NAICS 6-digit -- by ownership sector","All establishment sizes",1,0,0,0,0,0,0,"N",2.56,0,0,0,0,0,0,"N",0,0.0,0,0,0,0,0,0,0,0,0,0,0,0
"41061","5","4859","76","0","2022","A","N","Union County, Oregon","Private","NAICS 4859 Other transit and ground passenger transportation","County, NAICS 4-digit -- by ownership sector","All establishment sizes",2,0,0,0,0,0,0,"N",3.15,0,0,0,0,0,0,"N",0,0.0,0,0,0,0,0,0,0,0,0,0,0,0
"41061","5","48599","77","0","2022","A","N","Union County, Oregon","Private","NAICS 48599 Other transit and ground passenger transportation","County, NAICS 5-digit -- by ownership sector","All establishment sizes",2,0,0,0,0,0,0,"N",3.15,0,0,0,0,0,0,"N",0,0.0,0,0,0,0,0,0,0,0,0,0,0,0
"41061","5","485991","78","0","2022","A","N","Union County, Oregon","Private","NAICS 485991 Special needs transportation","County, NAICS 6-digit -- by ownership sector","All establishment sizes",2,0,0,0,0,0,0,"N",5.58,0,0,0,0,0,0,"N",0,0.0,0,0,0,0,0,0,0,0,0,0,0,0
"41061","5","488","75","0","2022","A","N","Union County, Oregon","Private","NAICS 488 Support activities for transportation","County, NAICS 3-digit -- by ownership sector","All establishment sizes",2,0,0,0,0,0,0,"N",0.40,0,0,0,0,0,0,"N",0,0.0,0,0,0,0,0,0,0,0,0,0,0,0
"41061","5","4884","76","0","2022","A","N","Union County, Oregon","Private","NAICS 4884 Support activities for road transportation","County, NAICS 4-digit -- by ownership sector","All establishment sizes",1,0,0,0,0,0,0,"N",0.73,0,0,0,0,0,0,"N",0,0.0,0,0,0,0,0,0,0,0,0,0,0,0
"41061","5","48841","77","0","2022","A","N","Union County, Oregon","Private","NAICS 48841 Motor vehicle towing","County, NAICS 5-digit -- by ownership sector","All establishment sizes",1,0,0,0,0,0,0,"N",1.04,0,0,0,0,0,0,"N",0,0.0,0,0,0,0,0,0,0,0,0,0,0,0
"41061","5","488410","78","0","2022","A","N","Union County, Oregon","Private","NAICS 488410 Motor vehicle towing","County, NAICS 6-digit -- by ownership sector","All establishment sizes",1,0,0,0,0,0,0,"N",1.04,0,0,0,0,0,0,"N",0,0.0,0,0,0,0,0,0,0,0,0,0,0,0
"41061","5","4885","76","0","2022","A","N","Union County, Oregon","Private","NAICS 4885 Freight transportation arrangement","County, NAICS 4-digit -- by ownership sector","All establishment sizes",1,0,0,0,0,0,0,"N",0.47,0,0,0,0,0,0,"N",0,0.0,0,0,0,0,0,0,0,0,0,0,0,0
"41061","5","48851","77","0","2022","A","N","Union County, Oregon","Private","NAICS 48851 Freight transportation arrangement","County, NAICS 5-digit -- by ownership sector","All establishment sizes",1,0,0,0,0,0,0,"N",0.47,0,0,0,0,0,0,"N",0,0.0,0,0,0,0,0,0,0,0,0,0,0,0
"41061","5","488510","78","0","2022","A","N","Union County, Oregon","Private","NAICS 488510 Freight transportation arrangement","County, NAICS 6-digit -- by ownership sector","All establishment sizes",1,0,0,0,0,0,0,"N",0.47,0,0,0,0,0,0,"N",0,0.0,0,0,0,0,0,0,0,0,0,0,0,0
"41061","5","492","75","0","2022","A","","Union County, Oregon","Private","NAICS 492 Couriers and messengers","County, NAICS 3-digit -- by ownership sector","All establishment sizes",5,86,3816182,3037814,37954,852,44288,"",2.37,1.14,1.48,1.47,1.01,1.29,1.29,"",0,0.0,11,14.7,395329,11.6,366108,13.7,553,1.5,-23,-2.6,-1222,-2.7
"41061","5","4921","76","0","2022","A","N","Union County, Oregon","Private","NAICS 4921 Couriers and express delivery services","County, NAICS 4-digit -- by ownership sector","All establishment sizes",4,0,0,0,0,0,0,"N",3.16,0,0,0,0,0,0,"N",0,0.0,0,0,0,0,0,0,0,0,0,0,0,0
"41061","5","49211","77","0","2022","A","N","Union County, Oregon","Private","NAICS 49211 Couriers and express delivery services","County, NAICS 5-digit -- by ownership sector","All establishment sizes",4,0,0,0,0,0,0,"N",3.16,0,0,0,0,0,0,"N",0,0.0,0,0,0,0,0,0,0,0,0,0,0,0
"41061","5","492110","78","0","2022","A","N","Union County, Oregon","Private","NAICS 492110 Couriers and express delivery services","County, NAICS 6-digit -- by ownership sector","All establishment sizes",4,0,0,0,0,0,0,"N",3.16,0,0,0,0,0,0,"N",0,0.0,0,0,0,0,0,0,0,0,0,0,0,0
"41061","5","4922","76","0","2022","A","N","Union County, Oregon","Private","NAICS 4922 Local messengers and local delivery","County, NAICS 4-digit -- by ownership sector","All establishment sizes",1,0,0,0,0,0,0,"N",1.19,0,0,0,0,0,0,"N",0,0.0,0,0,0,0,0,0,0,0,0,0,0,0
"41061","5","49221","77","0","2022","A","N","Union County, Oregon","Private","NAICS 49221 Local messengers and local delivery","County, NAICS 5-digit -- by ownership sector","All establishment sizes",1,0,0,0,0,0,0,"N",1.19,0,0,0,0,0,0,"N",0,0.0,0,0,0,0,0,0,0,0,0,0,0,0
"41061","5","492210","78","0","2022","A","N","Union County, Oregon","Private","NAICS 492210 Local messengers and local delivery","County, NAICS 6-digit -- by ownership sector","All establishment sizes",1,0,0,0,0,0,0,"N",1.19,0,0,0,0,0,0,"N",0,0.0,0,0,0,0,0,0,0,0,0,0,0,0
"41061","5","51","74","0","2022","A","","Union County, Oregon","Private","NAICS 51 Information","County, NAICS Sector -- by ownership sector","All establishment sizes",21,96,4685158,3147180,67062,936,48677,"",0.86,0.46,0.23,0.45,0.42,0.49,0.49,"",4,23.5,10,11.6,814214,21.0,407780,14.9,9302,16.1,67,7.7,3491,7.7
"41061","5","512","75","0","2022","A","N","Union County, Oregon","Private","NAICS 512 Motion picture and sound recording industries","County, NAICS 3-digit -- by ownership sector","All establishment sizes",2,0,0,0,0,0,0,"N",0.56,0,0,0,0,0,0,"N",0,0.0,0,0,0,0,0,0,0,0,0,0,0,0
"41061","5","5121","76","0","2022","A","N","Union County, Oregon","Private","NAICS 5121 Motion picture and video industries","County, NAICS 4-digit -- by ownership sector","All establishment sizes",2,0,0,0,0,0,0,"N",0.64,0,0,0,0,0,0,"N",0,0.0,0,0,0,0,0,0,0,0,0,0,0,0
"41061","5","51211","77","0","2022","A","N","Union County, Oregon","Private","NAICS 51211 Motion picture and video production","County, NAICS 5-digit -- by ownership sector","All establishment sizes",1,0,0,0,0,0,0,"N",0.45,0,0,0,0,0,0,"N",0,0.0,0,0,0,0,0,0,0,0,0,0,0,0
"41061","5","512110","78","0","2022","A","N","Union County, Oregon","Private","NAICS 512110 Motion picture and video production","County, NAICS 6-digit -- by ownership sector","All establishment sizes",1,0,0,0,0,0,0,"N",0.45,0,0,0,0,0,0,"N",0,0.0,0,0,0,0,0,0,0,0,0,0,0,0
"41061","5","51213","77","0","2022","A","N","Union County, Oregon","Private","NAICS 51213 Motion picture and video exhibition","County, NAICS 5-digit -- by ownership sector","All establishment sizes",1,0,0,0,0,0,0,"N",2.43,0,0,0,0,0,0,"N",0,0.0,0,0,0,0,0,0,0,0,0,0,0,0
"41061","5","512131","78","0","2022","A","N","Union County, Oregon","Private","NAICS 512131 Motion picture theaters (except drive-ins)","County, NAICS 6-digit -- by ownership sector","All establishment sizes",1,0,0,0,0,0,0,"N",2.55,0,0,0,0,0,0,"N",0,0.0,0,0,0,0,0,0,0,0,0,0,0,0
"41061","5","513","75","0","2022","A","","Union County, Oregon","Private","NAICS 513 Publishing industries","County, NAICS 3-digit -- by ownership sector","All establishment sizes",5,14,1176642,588825,14324,1656,86096,"",0.51,0.22,0.17,0.23,0.30,0.78,0.78,"N",5,100.0,0,0,0,0,0,0,0,0,0,0,0,0
"41061","5","5131","76","0","2022","A","N","Union County, Oregon","Private","NAICS 5131 Newspaper, periodical, book, and directory publishers","County, NAICS 4-digit -- by ownership sector","All establishment sizes",2,0,0,0,0,0,0,"N",0.71,0,0,0,0,0,0,"N",2,100.0,0,0,0,0,0,0,0,0,0,0,0,0
"41061","5","51311","77","0","2022","A","N","Union County, Oregon","Private","NAICS 51311 Newspaper publishers","County, NAICS 5-digit -- by ownership sector","All establishment sizes",1,0,0,0,0,0,0,"N",1.47,0,0,0,0,0,0,"N",1,100.0,0,0,0,0,0,0,0,0,0,0,0,0
"41061","5","513110","78","0","2022","A","N","Union County, Oregon","Private","NAICS 513110 Newspaper publishers","County, NAICS 6-digit -- by ownership sector","All establishment sizes",1,0,0,0,0,0,0,"N",1.47,0,0,0,0,0,0,"N",1,100.0,0,0,0,0,0,0,0,0,0,0,0,0
"41061","5","51314","77","0","2022","A","N","Union County, Oregon","Private","NAICS 51314 Directory and mailing list publishers","County, NAICS 5-digit -- by ownership sector","All establishment sizes",1,0,0,0,0,0,0,"N",6.37,0,0,0,0,0,0,"N",1,100.0,0,0,0,0,0,0,0,0,0,0,0,0
"41061","5","513140","78","0","2022","A","N","Union County, Oregon","Private","NAICS 513140 Directory and mailing list publishers","County, NAICS 6-digit -- by ownership sector","All establishment sizes",1,0,0,0,0,0,0,"N",6.37,0,0,0,0,0,0,"N",1,100.0,0,0,0,0,0,0,0,0,0,0,0,0
"41061","5","5132","76","0","2022","A","N","Union County, Oregon","Private","NAICS 5132 Software publishers","County, NAICS 4-digit -- by ownership sector","All establishment sizes",3,0,0,0,0,0,0,"N",0.43,0,0,0,0,0,0,"N",3,100.0,0,0,0,0,0,0,0,0,0,0,0,0
"41061","5","51321","77","0","2022","A","N","Union County, Oregon","Private","NAICS 51321 Software publishers","County, NAICS 5-digit -- by ownership sector","All establishment sizes",3,0,0,0,0,0,0,"N",0.43,0,0,0,0,0,0,"N",3,100.0,0,0,0,0,0,0,0,0,0,0,0,0
"41061","5","513210","78","0","2022","A","N","Union County, Oregon","Private","NAICS 513210 Software publishers","County, NAICS 6-digit -- by ownership sector","All establishment sizes",3,0,0,0,0,0,0,"N",0.43,0,0,0,0,0,0,"N",3,100.0,0,0,0,0,0,0,0,0,0,0,0,0
"41061","5","516","75","0","2022","A","","Union County, Oregon","Private","NAICS 516 Broadcasting and content providers","County, NAICS 3-digit -- by ownership sector","All establishment sizes",4,14,425449,406896,4194,584,30389,"",2.30,0.57,0.15,0.57,0.28,0.26,0.26,"N",4,100.0,0,0,0,0,0,0,0,0,0,0,0,0
"41061","5","5161","76","0","2022","A","","Union County, Oregon","Private","NAICS 5161 Radio and television broadcasting stations","County, NAICS 4-digit -- by ownership sector","All establishment sizes",4,14,425449,406896,4194,584,30389,"",7.48,1.71,0.81,1.95,0.97,0.47,0.47,"N",4,100.0,0,0,0,0,0,0,0,0,0,0,0,0
"41061","5","51611","77","0","2022","A","","Union County, Oregon","Private","NAICS 51611 Radio broadcasting stations","County, NAICS 5-digit -- by ownership sector","All establishment sizes",4,14,425449,406896,4194,584,30389,"",10.25,3.87,2.36,4.43,2.32,0.61,0.61,"N",4,100.0,0,0,0,0,0,0,0,0,0,0,0,0
"41061","5","516110","78","0","2022","A","","Union County, Oregon","Private","NAICS 516110 Radio broadcasting stations","County, NAICS 6-digit -- by ownership sector","All establishment sizes",4,14,425449,406896,4194,584,30389,"",10.25,3.87,2.36,4.43,2.32,0.61,0.61,"N",4,100.0,0,0,0,0,0,0,0,0,0,0,0,0
"41061","5","517","75","0","2022","A","","Union County, Oregon","Private","NAICS 517 Telecommunications","County, NAICS 3-digit -- by ownership sector","All establishment sizes",9,49,2815726,1887867,45293,1105,57464,"",2.62,1.08,0.85,1.35,1.50,0.79,0.79,"",4,80.0,8,19.5,461597,19.6,294193,18.5,13892,44.2,-1,-0.1,-71,-0.1
"41061","5","5171","76","0","2022","A","","Union County, Oregon","Private","NAICS 5171 Wired and wireless telecommunications (except satellite)","County, NAICS 4-digit -- by ownership sector","All establishment sizes",9,49,2815726,1887867,45293,1105,57464,"",3.10,1.17,0.95,1.46,1.64,0.81,0.81,"N",9,100.0,0,0,0,0,0,0,0,0,0,0,0,0
"41061","5","51711","77","0","2022","A","","Union County, Oregon","Private","NAICS 51711 Wired and wireless telecommunications carriers (except satellite)","County, NAICS 5-digit -- by ownership sector","All establishment sizes",9,49,2815726,1887867,45293,1105,57464,"",3.62,1.26,1.02,1.57,1.76,0.81,0.81,"N",9,100.0,0,0,0,0,0,0,0,0,0,0,0,0
"41061","5","517111","78","0","2022","A","N","Union County, Oregon","Private","NAICS 517111 Wired telecommunications carriers","County, NAICS 6-digit -- by ownership sector","All establishment sizes",7,0,0,0,0,0,0,"N",3.76,0,0,0,0,0,0,"N",7,100.0,0,0,0,0,0,0,0,0,0,0,0,0
"41061","5","517112","78","0","2022","A","N","Union County, Oregon","Private","NAICS 517112 Wireless telecommunications carriers (except satellite)","County, NAICS 6-digit -- by ownership sector","All establishment sizes",2,0,0,0,0,0,0,"N",3.19,0,0,0,0,0,0,"N",2,100.0,0,0,0,0,0,0,0,0,0,0,0,0
"41061","5","518","75","0","2022","A","N","Union County, Oregon","Private","NAICS 518 Computing infrastructure providers, data processing, web hosting, and related services","County, NAICS 3-digit -- by ownership sector","All establishment sizes",1,0,0,0,0,0,0,"N",0.23,0,0,0,0,0,0,"N",0,0.0,0,0,0,0,0,0,0,0,0,0,0,0
"41061","5","5182","76","0","2022","A","N","Union County, Oregon","Private","NAICS 5182 Computing infrastructure providers, data processing, web hosting, and related services","County, NAICS 4-digit -- by ownership sector","All establishment sizes",1,0,0,0,0,0,0,"N",0.23,0,0,0,0,0,0,"N",0,0.0,0,0,0,0,0,0,0,0,0,0,0,0
"41061","5","51821","77","0","2022","A","N","Union County, Oregon","Private","NAICS 51821 Computing infrastructure providers, data processing, web hosting, and related services","County, NAICS 5-digit -- by ownership sector","All establishment sizes",1,0,0,0,0,0,0,"N",0.23,0,0,0,0,0,0,"N",0,0.0,0,0,0,0,0,0,0,0,0,0,0,0
"41061","5","518210","78","0","2022","A","N","Union County, Oregon","Private","NAICS 518210 Computing infrastructure providers, data processing, web hosting, and related services","County, NAICS 6-digit -- by ownership sector","All establishment sizes",1,0,0,0,0,0,0,"N",0.23,0,0,0,0,0,0,"N",0,0.0,0,0,0,0,0,0,0,0,0,0,0,0
"41061","5","52","74","0","2022","A","","Union County, Oregon","Private","NAICS 52 Finance and insurance","County, NAICS Sector -- by ownership sector","All establishment sizes",38,203,10645319,6739244,125566,1010,52505,"",0.73,0.47,0.27,0.53,0.54,0.58,0.58,"",1,2.7,1,0.5,-216339,-2.0,556561,9.0,5336,4.4,-24,-2.3,-1243,-2.3
"41061","5","522","75","0","2022","A","","Union County, Oregon","Private","NAICS 522 Credit intermediation and related activities","County, NAICS 3-digit -- by ownership sector","All establishment sizes",18,102,5892208,3638361,70964,1112,57814,"",1.00,0.55,0.44,0.67,0.75,0.79,0.79,"",-2,-10.0,-10,-8.9,-813211,-12.1,122283,3.5,1419,2.0,-45,-3.9,-2324,-3.9
"41061","5","5221","76","0","2022","A","","Union County, Oregon","Private","NAICS 5221 Depository credit intermediation","County, NAICS 4-digit -- by ownership sector","All establishment sizes",12,83,3847066,2692759,51903,887,46119,"",1.22,0.68,0.46,0.76,0.94,0.66,0.66,"",-1,-7.7,-8,-8.8,-111641,-2.8,29560,1.1,-1352,-2.5,47,5.6,2457,5.6
"41061","5","52211","77","0","2022","A","","Union County, Oregon","Private","NAICS 52211 Commercial banking","County, NAICS 5-digit -- by ownership sector","All establishment sizes",8,50,2339676,1479550,30962,898,46716,"",1.08,0.53,0.33,0.54,0.72,0.62,0.62,"",-1,-11.1,-12,-19.4,-359917,-13.3,-186086,-11.2,-2463,-7.4,58,6.9,3057,7.0
"41061","5","522110","78","0","2022","A","","Union County, Oregon","Private","NAICS 522110 Commercial banking","County, NAICS 6-digit -- by ownership sector","All establishment sizes",8,50,2339676,1479550,30962,898,46716,"",1.08,0.53,0.33,0.54,0.72,0.62,0.62,"",-1,-11.1,-12,-19.4,-359917,-13.3,-186086,-11.2,-2463,-7.4,58,6.9,3057,7.0
"41061","5","52213","77","0","2022","A","","Union County, Oregon","Private","NAICS 52213 Credit unions","County, NAICS 5-digit -- by ownership sector","All establishment sizes",4,33,1507390,1213209,20941,870,45222,"",2.31,1.63,1.61,1.99,2.53,0.98,0.98,"",0,0.0,4,13.8,248276,19.7,215646,21.6,1111,5.6,30,3.6,1553,3.6
"41061","5","522130","78","0","2022","A","","Union County, Oregon","Private","NAICS 522130 Credit unions","County, NAICS 6-digit -- by ownership sector","All establishment sizes",4,33,1507390,1213209,20941,870,45222,"",2.31,1.63,1.61,1.99,2.53,0.98,0.98,"",0,0.0,4,13.8,248276,19.7,215646,21.6,1111,5.6,30,3.6,1553,3.6
"41061","5","5222","76","0","2022","A","","Union County, Oregon","Private","NAICS 5222 Nondepository credit intermediation","County, NAICS 4-digit -- by ownership sector","All establishment sizes",6,19,2045142,945602,19061,2126,110548,"",1.22,0.47,0.63,0.77,0.75,1.39,1.39,"",-1,-14.3,-2,-9.5,-701570,-25.5,92723,10.9,2771,17.0,-409,-16.1,-21294,-16.2
"41061","5","52229","77","0","2022","A","","Union County, Oregon","Private","NAICS 52229 Other nondepository credit intermediation","County, NAICS 5-digit -- by ownership sector","All establishment sizes",6,19,2045142,945602,19061,2126,110548,"",1.42,0.64,0.88,1.00,1.01,1.43,1.43,"",-1,-14.3,-2,-9.5,-701570,-25.5,92723,10.9,2771,17.0,-409,-16.1,-21294,-16.2
"41061","5","522291","78","0","2022","A","N","Union County, Oregon","Private","NAICS 522291 Consumer lending","County, NAICS 6-digit -- by ownership sector","All establishment sizes",1,0,0,0,0,0,0,"N",0.69,0,0,0,0,0,0,"N",0,0.0,0,0,0,0,0,0,0,0,0,0,0,0
"41061","5","522292","78","0","2022","A","N","Union County, Oregon","Private","NAICS 522292 Real estate credit","County, NAICS 6-digit -- by ownership sector","All establishment sizes",3,0,0,0,0,0,0,"N",1.67,0,0,0,0,0,0,"N",-1,-25.0,0,0,0,0,0,0,0,0,0,0,0,0
"41061","5","522299","78","0","2022","A","N","Union County, Oregon","Private","NAICS 522299 International, secondary market, and all other nondepository credit intermediation","County, NAICS 6-digit -- by ownership sector","All establishment sizes",2,0,0,0,0,0,0,"N",2.01,0,0,0,0,0,0,"N",2,100.0,0,0,0,0,0,0,0,0,0,0,0,0
"41061","5","523","75","0","2022","A","","Union County, Oregon","Private","NAICS 523 Securities, commodity contracts, and other financial investments and related activities","County, NAICS 3-digit -- by ownership sector","All establishment sizes",7,12,669578,331148,4353,1066,55413,"",0.54,0.17,0.05,0.15,0.09,0.29,0.29,"N",2,40.0,0,0,0,0,0,0,0,0,0,0,0,0
"41061","5","5231","76","0","2022","A","N","Union County, Oregon","Private","NAICS 5231 Securities and commodity contracts intermediation and brokerage","County, NAICS 4-digit -- by ownership sector","All establishment sizes",3,0,0,0,0,0,0,"N",0.76,0,0,0,0,0,0,"N",0,0.0,0,0,0,0,0,0,0,0,0,0,0,0
"41061","5","52315","77","0","2022","A","N","Union County, Oregon","Private","NAICS 52315 Investment banking and securities intermediation","County, NAICS 5-digit -- by ownership sector","All establishment sizes",3,0,0,0,0,0,0,"N",0.83,0,0,0,0,0,0,"N",3,100.0,0,0,0,0,0,0,0,0,0,0,0,0
"41061","5","523150","78","0","2022","A","N","Union County, Oregon","Private","NAICS 523150 Investment banking and securities intermediation","County, NAICS 6-digit -- by ownership sector","All establishment sizes",3,0,0,0,0,0,0,"N",0.83,0,0,0,0,0,0,"N",3,100.0,0,0,0,0,0,0,0,0,0,0,0,0
"41061","5","5239","76","0","2022","A","N","Union County, Oregon","Private","NAICS 5239 Other financial investment activities","County, NAICS 4-digit -- by ownership sector","All establishment sizes",4,0,0,0,0,0,0,"N",0.44,0,0,0,0,0,0,"N",2,100.0,0,0,0,0,0,0,0,0,0,0,0,0
"41061","5","52391","77","0","2022","A","N","Union County, Oregon","Private","NAICS 52391 Miscellaneous intermediation","County, NAICS 5-digit -- by ownership sector","All establishment sizes",1,0,0,0,0,0,0,"N",1.19,0,0,0,0,0,0,"N",0,0.0,0,0,0,0,0,0,0,0,0,0,0,0
"41061","5","523910","78","0","2022","A","N","Union County, Oregon","Private","NAICS 523910 Miscellaneous intermediation","County, NAICS 6-digit -- by ownership sector","All establishment sizes",1,0,0,0,0,0,0,"N",1.19,0,0,0,0,0,0,"N",0,0.0,0,0,0,0,0,0,0,0,0,0,0,0
"41061","5","52394","77","0","2022","A","","Union County, Oregon","Private","NAICS 52394 Portfolio management and investment advice","County, NAICS 5-digit -- by ownership sector","All establishment sizes",3,3,96855,78555,1079,677,35220,"",0.41,0.09,0.02,0.08,0.05,0.19,0.19,"N",3,100.0,0,0,0,0,0,0,0,0,0,0,0,0
"41061","5","523940","78","0","2022","A","","Union County, Oregon","Private","NAICS 523940 Portfolio management and investment advice","County, NAICS 6-digit -- by ownership sector","All establishment sizes",3,3,96855,78555,1079,677,35220,"",0.41,0.09,0.02,0.08,0.05,0.19,0.19,"N",3,100.0,0,0,0,0,0,0,0,0,0,0,0,0
"41061","5","524","75","0","2022","A","","Union County, Oregon","Private","NAICS 524 Insurance carriers and related activities","County, NAICS 3-digit -- by ownership sector","All establishment sizes",13,89,4083533,2769735,50249,885,46012,"",0.65,0.52,0.34,0.56,0.56,0.67,0.67,"N",0,0.0,0,0,0,0,0,0,0,0,0,0,0,0
"41061","5","5242","76","0","2022","A","","Union County, Oregon","Private","NAICS 5242 Agencies, brokerages, and other insurance related activities","County, NAICS 4-digit -- by ownership sector","All establishment sizes",13,89,4083533,2769735,50249,885,46012,"",0.77,1.00,0.72,1.07,1.07,0.72,0.72,"N",0,0.0,0,0,0,0,0,0,0,0,0,0,0,0
"41061","5","52421","77","0","2022","A","N","Union County, Oregon","Private","NAICS 52421 Insurance agencies and brokerages","County, NAICS 5-digit -- by ownership sector","All establishment sizes",12,0,0,0,0,0,0,"N",0.83,0,0,0,0,0,0,"N",0,0.0,0,0,0,0,0,0,0,0,0,0,0,0
"41061","5","524210","78","0","2022","A","N","Union County, Oregon","Private","NAICS 524210 Insurance agencies and brokerages","County, NAICS 6-digit -- by ownership sector","All establishment sizes",12,0,0,0,0,0,0,"N",0.83,0,0,0,0,0,0,"N",0,0.0,0,0,0,0,0,0,0,0,0,0,0,0
"41061","5","52429","77","0","2022","A","N","Union County, Oregon","Private","NAICS 52429 Other insurance related activities","County, NAICS 5-digit -- by ownership sector","All establishment sizes",1,0,0,0,0,0,0,"N",0.41,0,0,0,0,0,0,"N",0,0.0,0,0,0,0,0,0,0,0,0,0,0,0
"41061","5","524292","78","0","2022","A","N","Union County, Oregon","Private","NAICS 524292 Pharmacy benefit management and other third party administration of insurance and pension funds","County, NAICS 6-digit -- by ownership sector","All establishment sizes",1,0,0,0,0,0,0,"N",1.25,0,0,0,0,0,0,"N",0,0.0,0,0,0,0,0,0,0,0,0,0,0,0
"41061","5","53","74","0","2022","A","","Union County, Oregon","Private","NAICS 53 Real estate and rental and leasing","County, NAICS Sector -- by ownership sector","All establishment sizes",23,91,3258329,2707914,51286,692,35971,"",0.53,0.56,0.40,0.60,0.52,0.71,0.71,"",2,9.5,14,18.2,574209,21.4,561135,26.1,1140,2.3,22,3.3,1150,3.3
"41061","5","531","75","0","2022","A","N","Union County, Oregon","Private","NAICS 531 Real estate","County, NAICS 3-digit -- by ownership sector","All establishment sizes",21,0,0,0,0,0,0,"N",0.55,0,0,0,0,0,0,"N",2,10.5,0,0,0,0,0,0,0,0,0,0,0,0
"41061","5","5311","76","0","2022","A","","Union County, Oregon","Private","NAICS 5311 Lessors of real estate","County, NAICS 4-digit -- by ownership sector","All establishment sizes",5,25,509347,466085,8921,387,20106,"",0.45,0.59,0.25,0.41,0.36,0.43,0.43,"",0,0.0,6,31.6,141328,38.4,121517,35.3,1404,18.7,6,1.6,302,1.5
"41061","5","53111","77","0","2022","A","N","Union County, Oregon","Private","NAICS 53111 Lessors of residential buildings and dwellings","County, NAICS 5-digit -- by ownership sector","All establishment sizes",2,0,0,0,0,0,0,"N",0.33,0,0,0,0,0,0,"N",0,0.0,0,0,0,0,0,0,0,0,0,0,0,0
"41061","5","531110","78","0","2022","A","N","Union County, Oregon","Private","NAICS 531110 Lessors of residential buildings and dwellings","County, NAICS 6-digit -- by ownership sector","All establishment sizes",2,0,0,0,0,0,0,"N",0.33,0,0,0,0,0,0,"N",0,0.0,0,0,0,0,0,0,0,0,0,0,0,0
"41061","5","53113","77","0","2022","A","N","Union County, Oregon","Private","NAICS 53113 Lessors of miniwarehouses and self-storage units","County, NAICS 5-digit -- by ownership sector","All establishment sizes",1,0,0,0,0,0,0,"N",0.62,0,0,0,0,0,0,"N",0,0.0,0,0,0,0,0,0,0,0,0,0,0,0
"41061","5","531130","78","0","2022","A","N","Union County, Oregon","Private","NAICS 531130 Lessors of miniwarehouses and self-storage units","County, NAICS 6-digit -- by ownership sector","All establishment sizes",1,0,0,0,0,0,0,"N",0.62,0,0,0,0,0,0,"N",0,0.0,0,0,0,0,0,0,0,0,0,0,0,0
"41061","5","53119","77","0","2022","A","N","Union County, Oregon","Private","NAICS 53119 Lessors of other real estate property","County, NAICS 5-digit -- by ownership sector","All establishment sizes",2,0,0,0,0,0,0,"N",2.13,0,0,0,0,0,0,"N",0,0.0,0,0,0,0,0,0,0,0,0,0,0,0
"41061","5","531190","78","0","2022","A","N","Union County, Oregon","Private","NAICS 531190 Lessors of other real estate property","County, NAICS 6-digit -- by ownership sector","All establishment sizes",2,0,0,0,0,0,0,"N",2.13,0,0,0,0,0,0,"N",0,0.0,0,0,0,0,0,0,0,0,0,0,0,0
"41061","5","5312","76","0","2022","A","","Union County, Oregon","Private","NAICS 5312 Offices of real estate agents and brokers","County, NAICS 4-digit -- by ownership sector","All establishment sizes",11,23,999727,810463,8439,830,43154,"",0.75,0.89,0.64,1.07,0.56,0.72,0.72,"",0,0.0,3,15.0,254166,34.1,240251,42.1,-1135,-11.9,107,14.8,5563,14.8
"41061","5","53121","77","0","2022","A","","Union County, Oregon","Private","NAICS 53121 Offices of real estate agents and brokers","County, NAICS 5-digit -- by ownership sector","All establishment sizes",11,23,999727,810463,8439,830,43154,"",0.75,0.89,0.64,1.07,0.56,0.72,0.72,"",0,0.0,3,15.0,254166,34.1,240251,42.1,-1135,-11.9,107,14.8,5563,14.8
"41061","5","531210","78","0","2022","A","","Union County, Oregon","Private","NAICS 531210 Offices of real estate agents and brokers","County, NAICS 6-digit -- by ownership sector","All establishment sizes",11,23,999727,810463,8439,830,43154,"",0.75,0.89,0.64,1.07,0.56,0.72,0.72,"",0,0.0,3,15.0,254166,34.1,240251,42.1,-1135,-11.9,107,14.8,5563,14.8
"41061","5","5313","76","0","2022","A","N","Union County, Oregon","Private","NAICS 5313 Activities related to real estate","County, NAICS 4-digit -- by ownership sector","All establishment sizes",5,0,0,0,0,0,0,"N",0.40,0,0,0,0,0,0,"N",2,66.7,0,0,0,0,0,0,0,0,0,0,0,0
"41061","5","53131","77","0","2022","A","","Union County, Oregon","Private","NAICS 53131 Real estate property managers","County, NAICS 5-digit -- by ownership sector","All establishment sizes",4,8,198968,192151,2891,473,24615,"",0.46,0.17,0.09,0.15,0.10,0.52,0.52,"N",2,100.0,0,0,0,0,0,0,0,0,0,0,0,0
"41061","5","531311","78","0","2022","A","","Union County, Oregon","Private","NAICS 531311 Residential property managers","County, NAICS 6-digit -- by ownership sector","All establishment sizes",4,8,198968,192151,2891,473,24615,"",0.61,0.23,0.14,0.19,0.13,0.61,0.61,"N",2,100.0,0,0,0,0,0,0,0,0,0,0,0,0
"41061","5","53132","77","0","2022","A","N","Union County, Oregon","Private","NAICS 53132 Offices of real estate appraisers","County, NAICS 5-digit -- by ownership sector","All establishment sizes",1,0,0,0,0,0,0,"N",0.76,0,0,0,0,0,0,"N",0,0.0,0,0,0,0,0,0,0,0,0,0,0,0
"41061","5","531320","78","0","2022","A","N","Union County, Oregon","Private","NAICS 531320 Offices of real estate appraisers","County, NAICS 6-digit -- by ownership sector","All establishment sizes",1,0,0,0,0,0,0,"N",0.76,0,0,0,0,0,0,"N",0,0.0,0,0,0,0,0,0,0,0,0,0,0,0
"41061","5","532","75","0","2022","A","N","Union County, Oregon","Private","NAICS 532 Rental and leasing services","County, NAICS 3-digit -- by ownership sector","All establishment sizes",2,0,0,0,0,0,0,"N",0.39,0,0,0,0,0,0,"N",0,0.0,0,0,0,0,0,0,0,0,0,0,0,0
"41061","5","5322","76","0","2022","A","N","Union County, Oregon","Private","NAICS 5322 Consumer goods rental","County, NAICS 4-digit -- by ownership sector","All establishment sizes",2,0,0,0,0,0,0,"N",1.21,0,0,0,0,0,0,"N",0,0.0,0,0,0,0,0,0,0,0,0,0,0,0
"41061","5","53228","77","0","2022","A","N","Union County, Oregon","Private","NAICS 53228 Other consumer goods rental","County, NAICS 5-digit -- by ownership sector","All establishment sizes",2,0,0,0,0,0,0,"N",1.32,0,0,0,0,0,0,"N",0,0.0,0,0,0,0,0,0,0,0,0,0,0,0
"41061","5","532283","78","0","2022","A","N","Union County, Oregon","Private","NAICS 532283 Home health equipment rental","County, NAICS 6-digit -- by ownership sector","All establishment sizes",1,0,0,0,0,0,0,"N",4.00,0,0,0,0,0,0,"N",0,0.0,0,0,0,0,0,0,0,0,0,0,0,0
"41061","5","532289","78","0","2022","A","N","Union County, Oregon","Private","NAICS 532289 All other consumer goods rental","County, NAICS 6-digit -- by ownership sector","All establishment sizes",1,0,0,0,0,0,0,"N",1.19,0,0,0,0,0,0,"N",0,0.0,0,0,0,0,0,0,0,0,0,0,0,0
"41061","5","54","74","0","2022","A","","Union County, Oregon","Private","NAICS 54 Professional, scientific, and technical services","County, NAICS Sector -- by ownership sector","All establishment sizes",59,303,16414044,9109193,184410,1041,54127,"",0.41,0.42,0.28,0.42,0.40,0.68,0.68,"",2,3.5,1,0.3,1293913,8.6,836526,10.1,10440,6.0,80,8.3,4129,8.3
"41061","5","541","75","0","2022","A","","Union County, Oregon","Private","NAICS 541 Professional, scientific, and technical services","County, NAICS 3-digit -- by ownership sector","All establishment sizes",59,303,16414044,9109193,184410,1041,54127,"",0.41,0.42,0.28,0.42,0.40,0.68,0.68,"",2,3.5,1,0.3,1293913,8.6,836526,10.1,10440,6.0,80,8.3,4129,8.3
"41061","5","5411","76","0","2022","A","","Union County, Oregon","Private","NAICS 5411 Legal services","County, NAICS 4-digit -- by ownership sector","All establishment sizes",14,57,2444413,2038066,39358,831,43200,"",0.75,0.71,0.37,0.90,0.98,0.53,0.53,"",-1,-6.7,-5,-8.1,132625,5.7,93911,4.8,-805,-2.0,112,15.6,5813,15.5
"41061","5","54111","77","0","2022","A","N","Union County, Oregon","Private","NAICS 54111 Offices of lawyers","County, NAICS 5-digit -- by ownership sector","All establishment sizes",13,0,0,0,0,0,0,"N",0.76,0,0,0,0,0,0,"N",-1,-7.1,0,0,0,0,0,0,0,0,0,0,0,0
"41061","5","541110","78","0","2022","A","N","Union County, Oregon","Private","NAICS 541110 Offices of lawyers","County, NAICS 6-digit -- by ownership sector","All establishment sizes",13,0,0,0,0,0,0,"N",0.76,0,0,0,0,0,0,"N",-1,-7.1,0,0,0,0,0,0,0,0,0,0,0,0
"41061","5","54119","77","0","2022","A","N","Union County, Oregon","Private","NAICS 54119 Other legal services","County, NAICS 5-digit -- by ownership sector","All establishment sizes",1,0,0,0,0,0,0,"N",0.58,0,0,0,0,0,0,"N",0,0.0,0,0,0,0,0,0,0,0,0,0,0,0
"41061","5","541191","78","0","2022","A","N","Union County, Oregon","Private","NAICS 541191 Title abstract and settlement offices","County, NAICS 6-digit -- by ownership sector","All establishment sizes",1,0,0,0,0,0,0,"N",1.08,0,0,0,0,0,0,"N",0,0.0,0,0,0,0,0,0,0,0,0,0,0,0
"41061","5","5412","76","0","2022","A","","Union County, Oregon","Private","NAICS 5412 Accounting, tax preparation, bookkeeping, and payroll services","County, NAICS 4-digit -- by ownership sector","All establishment sizes",16,98,5113634,1276139,19492,1003,52180,"",1.01,1.27,1.06,0.56,0.41,0.83,0.83,"",3,23.1,1,1.0,465871,10.0,164816,14.8,2517,14.8,77,8.3,4017,8.3
"41061","5","54121","77","0","2022","A","","Union County, Oregon","Private","NAICS 54121 Accounting, tax preparation, bookkeeping, and payroll services","County, NAICS 5-digit -- by ownership sector","All establishment sizes",16,98,5113634,1276139,19492,1003,52180,"",1.01,1.27,1.06,0.56,0.41,0.83,0.83,"",3,23.1,1,1.0,465871,10.0,164816,14.8,2517,14.8,77,8.3,4017,8.3
"41061","5","541211","78","0","2022","A","","Union County, Oregon","Private","NAICS 541211 Offices of certified public accountants","County, NAICS 6-digit -- by ownership sector","All establishment sizes",3,15,764718,609989,12469,954,49603,"",0.54,0.41,0.28,0.55,0.70,0.66,0.66,"N",0,0.0,0,0,0,0,0,0,0,0,0,0,0,0
"41061","5","541213","78","0","2022","A","","Union County, Oregon","Private","NAICS 541213 Tax preparation services","County, NAICS 6-digit -- by ownership sector","All establishment sizes",5,11,373319,364070,3566,633,32940,"",1.50,1.68,1.70,2.06,0.49,0.98,0.98,"N",1,25.0,0,0,0,0,0,0,0,0,0,0,0,0
"41061","5","541219","78","0","2022","A","","Union County, Oregon","Private","NAICS 541219 Other accounting services","County, NAICS 6-digit -- by ownership sector","All establishment sizes",8,71,3975597,302080,3457,1073,55798,"",1.37,3.68,4.23,0.58,0.33,1.15,1.15,"",2,33.3,0,0.0,360832,10.0,95368,46.1,884,34.4,95,9.7,4946,9.7
"41061","5","5413","76","0","2022","A","","Union County, Oregon","Private","NAICS 5413 Architectural, engineering, and related services","County, NAICS 4-digit -- by ownership sector","All establishment sizes",12,89,6096440,3929851,88378,1319,68564,"",0.82,0.81,0.77,1.19,1.23,0.96,0.96,"",0,0.0,5,6.0,537053,9.7,351646,9.8,7031,8.6,41,3.2,2117,3.2
"41061","5","54131","77","0","2022","A","N","Union County, Oregon","Private","NAICS 54131 Architectural services","County, NAICS 5-digit -- by ownership sector","All establishment sizes",1,0,0,0,0,0,0,"N",0.39,0,0,0,0,0,0,"N",1,100.0,0,0,0,0,0,0,0,0,0,0,0,0
"41061","5","541310","78","0","2022","A","N","Union County, Oregon","Private","NAICS 541310 Architectural services","County, NAICS 6-digit -- by ownership sector","All establishment sizes",1,0,0,0,0,0,0,"N",0.39,0,0,0,0,0,0,"N",1,100.0,0,0,0,0,0,0,0,0,0,0,0,0
"41061","5","54133","77","0","2022","A","","Union County, Oregon","Private","NAICS 54133 Engineering services","County, NAICS 5-digit -- by ownership sector","All establishment sizes",9,85,5902933,3782753,86738,1333,69310,"",1.08,1.14,1.03,1.67,1.77,0.90,0.90,"",-1,-10.0,5,6.2,536850,10.0,346866,10.1,7099,8.9,40,3.1,2094,3.1
"41061","5","541330","78","0","2022","A","","Union County, Oregon","Private","NAICS 541330 Engineering services","County, NAICS 6-digit -- by ownership sector","All establishment sizes",9,85,5902933,3782753,86738,1333,69310,"",1.08,1.14,1.03,1.67,1.77,0.90,0.90,"",-1,-10.0,5,6.2,536850,10.0,346866,10.1,7099,8.9,40,3.1,2094,3.1
"41061","5","54137","77","0","2022","A","N","Union County, Oregon","Private","NAICS 54137 Surveying and mapping (except geophysical) services","County, NAICS 5-digit -- by ownership sector","All establishment sizes",1,0,0,0,0,0,0,"N",1.28,0,0,0,0,0,0,"N",0,0.0,0,0,0,0,0,0,0,0,0,0,0,0
"41061","5","541370","78","0","2022","A","N","Union County, Oregon","Private","NAICS 541370 Surveying and mapping (except geophysical) services","County, NAICS 6-digit -- by ownership sector","All establishment sizes",1,0,0,0,0,0,0,"N",1.28,0,0,0,0,0,0,"N",0,0.0,0,0,0,0,0,0,0,0,0,0,0,0
"41061","5","54138","77","0","2022","A","N","Union County, Oregon","Private","NAICS 54138 Testing laboratories and services","County, NAICS 5-digit -- by ownership sector","All establishment sizes",1,0,0,0,0,0,0,"N",0.97,0,0,0,0,0,0,"N",0,0.0,0,0,0,0,0,0,0,0,0,0,0,0
"41061","5","541380","78","0","2022","A","N","Union County, Oregon","Private","NAICS 541380 Testing laboratories and services","County, NAICS 6-digit -- by ownership sector","All establishment sizes",1,0,0,0,0,0,0,"N",0.97,0,0,0,0,0,0,"N",0,0.0,0,0,0,0,0,0,0,0,0,0,0,0
"41061","5","5415","76","0","2022","A","N","Union County, Oregon","Private","NAICS 5415 Computer systems design and related services","County, NAICS 4-digit -- by ownership sector","All establishment sizes",2,0,0,0,0,0,0,"N",0.06,0,0,0,0,0,0,"N",-1,-33.3,0,0,0,0,0,0,0,0,0,0,0,0
"41061","5","54151","77","0","2022","A","N","Union County, Oregon","Private","NAICS 54151 Computer systems design and related services","County, NAICS 5-digit -- by ownership sector","All establishment sizes",2,0,0,0,0,0,0,"N",0.06,0,0,0,0,0,0,"N",-1,-33.3,0,0,0,0,0,0,0,0,0,0,0,0
"41061","5","541511","78","0","2022","A","N","Union County, Oregon","Private","NAICS 541511 Custom computer programming services","County, NAICS 6-digit -- by ownership sector","All establishment sizes",2,0,0,0,0,0,0,"N",0.12,0,0,0,0,0,0,"N",-1,-33.3,0,0,0,0,0,0,0,0,0,0,0,0
"41061","5","5416","76","0","2022","A","","Union County, Oregon","Private","NAICS 5416 Management, scientific, and technical consulting services","County, NAICS 4-digit -- by ownership sector","All establishment sizes",9,15,1021090,588612,12019,1339,69620,"",0.27,0.12,0.11,0.15,0.14,0.89,0.89,"",2,28.6,6,66.7,324504,46.6,284915,93.8,5198,76.2,-149,-10.0,-7778,-10.0
"41061","5","54161","77","0","2022","A","","Union County, Oregon","Private","NAICS 54161 Management consulting services","County, NAICS 5-digit -- by ownership sector","All establishment sizes",3,10,777128,384530,7540,1507,78366,"",0.11,0.10,0.09,0.12,0.11,0.99,0.99,"N",1,50.0,0,0,0,0,0,0,0,0,0,0,0,0
"41061","5","541611","78","0","2022","A","N","Union County, Oregon","Private","NAICS 541611 Administrative management and general management consulting services","County, NAICS 6-digit -- by ownership sector","All establishment sizes",1,0,0,0,0,0,0,"N",0.07,0,0,0,0,0,0,"N",0,0.0,0,0,0,0,0,0,0,0,0,0,0,0
"41061","5","541613","78","0","2022","A","N","Union County, Oregon","Private","NAICS 541613 Marketing consulting services","County, NAICS 6-digit -- by ownership sector","All establishment sizes",2,0,0,0,0,0,0,"N",0.27,0,0,0,0,0,0,"N",1,100.0,0,0,0,0,0,0,0,0,0,0,0,0
"41061","5","54162","77","0","2022","A","N","Union County, Oregon","Private","NAICS 54162 Environmental consulting services","County, NAICS 5-digit -- by ownership sector","All establishment sizes",1,0,0,0,0,0,0,"N",0.76,0,0,0,0,0,0,"N",1,100.0,0,0,0,0,0,0,0,0,0,0,0,0
"41061","5","541620","78","0","2022","A","N","Union County, Oregon","Private","NAICS 541620 Environmental consulting services","County, NAICS 6-digit -- by ownership sector","All establishment sizes",1,0,0,0,0,0,0,"N",0.76,0,0,0,0,0,0,"N",1,100.0,0,0,0,0,0,0,0,0,0,0,0,0
"41061","5","54169","77","0","2022","A","N","Union County, Oregon","Private","NAICS 54169 Other scientific and technical consulting services","County, NAICS 5-digit -- by ownership sector","All establishment sizes",5,0,0,0,0,0,0,"N",1.02,0,0,0,0,0,0,"N",0,0.0,0,0,0,0,0,0,0,0,0,0,0,0
"41061","5","541690","78","0","2022","A","N","Union County, Oregon","Private","NAICS 541690 Other scientific and technical consulting services","County, NAICS 6-digit -- by ownership sector","All establishment sizes",5,0,0,0,0,0,0,"N",1.02,0,0,0,0,0,0,"N",0,0.0,0,0,0,0,0,0,0,0,0,0,0,0
"41061","5","5418","76","0","2022","A","N","Union County, Oregon","Private","NAICS 5418 Advertising, public relations, and related services","County, NAICS 4-digit -- by ownership sector","All establishment sizes",1,0,0,0,0,0,0,"N",0.15,0,0,0,0,0,0,"N",1,100.0,0,0,0,0,0,0,0,0,0,0,0,0
"41061","5","54181","77","0","2022","A","N","Union County, Oregon","Private","NAICS 54181 Advertising agencies","County, NAICS 5-digit -- by ownership sector","All establishment sizes",0,0,0,0,0,0,0,"N",0.00,0,0,0,0,0,0,"N",0,0,0,0,0,0,0,0,0,0,0,0,0,0
"41061","5","541810","78","0","2022","A","N","Union County, Oregon","Private","NAICS 541810 Advertising agencies","County, NAICS 6-digit -- by ownership sector","All establishment sizes",0,0,0,0,0,0,0,"N",0.00,0,0,0,0,0,0,"N",0,0,0,0,0,0,0,0,0,0,0,0,0,0
"41061","5","54189","77","0","2022","A","N","Union County, Oregon","Private","NAICS 54189 Other services related to advertising","County, NAICS 5-digit -- by ownership sector","All establishment sizes",1,0,0,0,0,0,0,"N",1.12,0,0,0,0,0,0,"N",1,100.0,0,0,0,0,0,0,0,0,0,0,0,0
"41061","5","541890","78","0","2022","A","N","Union County, Oregon","Private","NAICS 541890 Other services related to advertising","County, NAICS 6-digit -- by ownership sector","All establishment sizes",1,0,0,0,0,0,0,"N",1.12,0,0,0,0,0,0,"N",1,100.0,0,0,0,0,0,0,0,0,0,0,0,0
"41061","5","5419","76","0","2022","A","","Union County, Oregon","Private","NAICS 5419 Other professional, scientific, and technical services","County, NAICS 4-digit -- by ownership sector","All establishment sizes",6,42,1701990,1240048,24809,775,40284,"",0.53,0.73,0.62,0.76,0.80,0.85,0.85,"",-1,-14.3,-6,-12.5,-148048,-8.0,-40670,-3.2,-2980,-10.7,35,4.7,1808,4.7
"41061","5","54194","77","0","2022","A","","Union County, Oregon","Private","NAICS 54194 Veterinary services","County, NAICS 5-digit -- by ownership sector","All establishment sizes",3,39,1447363,1072117,20865,717,37271,"",0.95,1.25,1.32,1.28,1.73,1.06,1.06,"",0,0.0,-3,-7.1,-63062,-4.2,-190,0.0,-2295,-9.9,28,4.1,1451,4.1
"41061","5","541940","78","0","2022","A","","Union County, Oregon","Private","NAICS 541940 Veterinary services","County, NAICS 6-digit -- by ownership sector","All establishment sizes",3,39,1447363,1072117,20865,717,37271,"",0.95,1.25,1.32,1.28,1.73,1.06,1.06,"",0,0.0,-3,-7.1,-63062,-4.2,-190,0.0,-2295,-9.9,28,4.1,1451,4.1
"41061","5","54199","77","0","2022","A","","Union County, Oregon","Private","NAICS 54199 All other professional, scientific, and technical services","County, NAICS 5-digit -- by ownership sector","All establishment sizes",3,3,254627,167931,3944,1433,74525,"",0.55,0.20,0.25,0.35,0.35,1.10,1.10,"",-1,-25.0,-3,-50.0,-84986,-25.0,-40480,-19.4,-685,-14.8,329,29.8,17126,29.8
"41061","5","541990","78","0","2022","A","","Union County, Oregon","Private","NAICS 541990 All other professional, scientific, and technical services","County, NAICS 6-digit -- by ownership sector","All establishment sizes",3,3,254627,167931,3944,1433,74525,"",0.55,0.20,0.25,0.35,0.35,1.10,1.10,"",-1,-25.0,-3,-50.0,-84986,-25.0,-40480,-19.4,-685,-14.8,329,29.8,17126,29.8
"41061","5","55","74","0","2022","A","","Union County, Oregon","Private","NAICS 55 Management of companies and enterprises","County, NAICS Sector -- by ownership sector","All establishment sizes",5,60,6172566,3555407,55240,1981,103019,"",0.62,0.35,0.36,0.52,0.48,1.04,1.04,"",1,25.0,4,7.1,523743,9.3,185395,5.5,-1279,-2.3,41,2.1,2147,2.1
"41061","5","551","75","0","2022","A","","Union County, Oregon","Private","NAICS 551 Management of companies and enterprises","County, NAICS 3-digit -- by ownership sector","All establishment sizes",5,60,6172566,3555407,55240,1981,103019,"",0.62,0.35,0.36,0.52,0.48,1.04,1.04,"",1,25.0,4,7.1,523743,9.3,185395,5.5,-1279,-2.3,41,2.1,2147,2.1
"41061","5","5511","76","0","2022","A","","Union County, Oregon","Private","NAICS 5511 Management of companies and enterprises","County, NAICS 4-digit -- by ownership sector","All establishment sizes",5,60,6172566,3555407,55240,1981,103019,"",0.62,0.35,0.36,0.52,0.48,1.04,1.04,"",1,25.0,4,7.1,523743,9.3,185395,5.5,-1279,-2.3,41,2.1,2147,2.1
"41061","5","55111","77","0","2022","A","","Union County, Oregon","Private","NAICS 55111 Management of companies and enterprises","County, NAICS 5-digit -- by ownership sector","All establishment sizes",5,60,6172566,3555407,55240,1981,103019,"",0.62,0.35,0.36,0.52,0.48,1.04,1.04,"",1,25.0,4,7.1,523743,9.3,185395,5.5,-1279,-2.3,41,2.1,2147,2.1
"41061","5","551114","78","0","2022","A","","Union County, Oregon","Private","NAICS 551114 Corporate, subsidiary, and regional managing offices","County, NAICS 6-digit -- by ownership sector","All establishment sizes",5,60,6172566,3555407,55240,1981,103019,"",0.73,0.36,0.38,0.54,0.49,1.05,1.05,"",1,25.0,4,7.1,523743,9.3,185395,5.5,-1279,-2.3,41,2.1,2147,2.1
"41061","5","56","74","0","2022","A","","Union County, Oregon","Private","NAICS 56 Administrative and support and waste management and remediation services","County, NAICS Sector -- by ownership sector","All establishment sizes",40,201,7218508,6880355,168081,689,35854,"",0.66,0.31,0.30,0.34,0.33,0.96,0.96,"",5,14.3,6,3.1,539899,8.1,546905,8.6,18712,12.5,30,4.6,1575,4.6
"41061","5","561","75","0","2022","A","","Union County, Oregon","Private","NAICS 561 Administrative and support services","County, NAICS 3-digit -- by ownership sector","All establishment sizes",35,165,5481972,5271411,139086,638,33191,"",0.61,0.27,0.24,0.27,0.29,0.90,0.90,"",4,12.9,9,5.8,454968,9.1,472827,9.9,14193,11.4,19,3.1,1001,3.1
"41061","5","5612","76","0","2022","A","N","Union County, Oregon","Private","NAICS 5612 Facilities support services","County, NAICS 4-digit -- by ownership sector","All establishment sizes",1,0,0,0,0,0,0,"N",1.48,0,0,0,0,0,0,"N",0,0.0,0,0,0,0,0,0,0,0,0,0,0,0
"41061","5","56121","77","0","2022","A","N","Union County, Oregon","Private","NAICS 56121 Facilities support services","County, NAICS 5-digit -- by ownership sector","All establishment sizes",1,0,0,0,0,0,0,"N",1.48,0,0,0,0,0,0,"N",0,0.0,0,0,0,0,0,0,0,0,0,0,0,0
"41061","5","561210","78","0","2022","A","N","Union County, Oregon","Private","NAICS 561210 Facilities support services","County, NAICS 6-digit -- by ownership sector","All establishment sizes",1,0,0,0,0,0,0,"N",1.48,0,0,0,0,0,0,"N",0,0.0,0,0,0,0,0,0,0,0,0,0,0,0
"41061","5","5613","76","0","2022","A","N","Union County, Oregon","Private","NAICS 5613 Employment services","County, NAICS 4-digit -- by ownership sector","All establishment sizes",3,0,0,0,0,0,0,"N",0.22,0,0,0,0,0,0,"N",1,50.0,0,0,0,0,0,0,0,0,0,0,0,0
"41061","5","56132","77","0","2022","A","N","Union County, Oregon","Private","NAICS 56132 Temporary help services","County, NAICS 5-digit -- by ownership sector","All establishment sizes",3,0,0,0,0,0,0,"N",0.33,0,0,0,0,0,0,"N",1,50.0,0,0,0,0,0,0,0,0,0,0,0,0
"41061","5","561320","78","0","2022","A","N","Union County, Oregon","Private","NAICS 561320 Temporary help services","County, NAICS 6-digit -- by ownership sector","All establishment sizes",3,0,0,0,0,0,0,"N",0.33,0,0,0,0,0,0,"N",1,50.0,0,0,0,0,0,0,0,0,0,0,0,0
"41061","5","5614","76","0","2022","A","","Union County, Oregon","Private","NAICS 5614 Business support services","County, NAICS 4-digit -- by ownership sector","All establishment sizes",4,33,1066776,992004,16098,620,32245,"",0.74,0.61,0.50,0.66,0.49,0.81,0.81,"",0,0.0,-2,-5.7,49445,4.9,13958,1.4,-996,-5.8,56,9.9,2899,9.9
"41061","5","56141","77","0","2022","A","N","Union County, Oregon","Private","NAICS 56141 Document preparation services","County, NAICS 5-digit -- by ownership sector","All establishment sizes",1,0,0,0,0,0,0,"N",1.38,0,0,0,0,0,0,"N",0,0.0,0,0,0,0,0,0,0,0,0,0,0,0
"41061","5","561410","78","0","2022","A","N","Union County, Oregon","Private","NAICS 561410 Document preparation services","County, NAICS 6-digit -- by ownership sector","All establishment sizes",1,0,0,0,0,0,0,"N",1.38,0,0,0,0,0,0,"N",0,0.0,0,0,0,0,0,0,0,0,0,0,0,0
"41061","5","56142","77","0","2022","A","N","Union County, Oregon","Private","NAICS 56142 Telephone call centers","County, NAICS 5-digit -- by ownership sector","All establishment sizes",1,0,0,0,0,0,0,"N",0.76,0,0,0,0,0,0,"N",0,0.0,0,0,0,0,0,0,0,0,0,0,0,0
"41061","5","561421","78","0","2022","A","N","Union County, Oregon","Private","NAICS 561421 Telephone answering services","County, NAICS 6-digit -- by ownership sector","All establishment sizes",1,0,0,0,0,0,0,"N",3.63,0,0,0,0,0,0,"N",0,0.0,0,0,0,0,0,0,0,0,0,0,0,0
"41061","5","56143","77","0","2022","A","N","Union County, Oregon","Private","NAICS 56143 Business service centers","County, NAICS 5-digit -- by ownership sector","All establishment sizes",1,0,0,0,0,0,0,"N",0.94,0,0,0,0,0,0,"N",0,0.0,0,0,0,0,0,0,0,0,0,0,0,0
"41061","5","561439","78","0","2022","A","N","Union County, Oregon","Private","NAICS 561439 Other business service centers (including copy shops)","County, NAICS 6-digit -- by ownership sector","All establishment sizes",1,0,0,0,0,0,0,"N",1.83,0,0,0,0,0,0,"N",0,0.0,0,0,0,0,0,0,0,0,0,0,0,0
"41061","5","56144","77","0","2022","A","N","Union County, Oregon","Private","NAICS 56144 Collection agencies","County, NAICS 5-digit -- by ownership sector","All establishment sizes",1,0,0,0,0,0,0,"N",1.80,0,0,0,0,0,0,"N",0,0.0,0,0,0,0,0,0,0,0,0,0,0,0
"41061","5","561440","78","0","2022","A","N","Union County, Oregon","Private","NAICS 561440 Collection agencies","County, NAICS 6-digit -- by ownership sector","All establishment sizes",1,0,0,0,0,0,0,"N",1.80,0,0,0,0,0,0,"N",0,0.0,0,0,0,0,0,0,0,0,0,0,0,0
"41061","5","5615","76","0","2022","A","N","Union County, Oregon","Private","NAICS 5615 Travel arrangement and reservation services","County, NAICS 4-digit -- by ownership sector","All establishment sizes",2,0,0,0,0,0,0,"N",1.02,0,0,0,0,0,0,"N",1,100.0,0,0,0,0,0,0,0,0,0,0,0,0
"41061","5","56151","77","0","2022","A","N","Union County, Oregon","Private","NAICS 56151 Travel agencies","County, NAICS 5-digit -- by ownership sector","All establishment sizes",1,0,0,0,0,0,0,"N",0.86,0,0,0,0,0,0,"N",0,0.0,0,0,0,0,0,0,0,0,0,0,0,0
"41061","5","561510","78","0","2022","A","N","Union County, Oregon","Private","NAICS 561510 Travel agencies","County, NAICS 6-digit -- by ownership sector","All establishment sizes",1,0,0,0,0,0,0,"N",0.86,0,0,0,0,0,0,"N",0,0.0,0,0,0,0,0,0,0,0,0,0,0,0
"41061","5","56159","77","0","2022","A","N","Union County, Oregon","Private","NAICS 56159 Other travel arrangement and reservation services","County, NAICS 5-digit -- by ownership sector","All establishment sizes",1,0,0,0,0,0,0,"N",1.99,0,0,0,0,0,0,"N",1,100.0,0,0,0,0,0,0,0,0,0,0,0,0
"41061","5","561591","78","0","2022","A","N","Union County, Oregon","Private","NAICS 561591 Convention and visitors bureaus","County, NAICS 6-digit -- by ownership sector","All establishment sizes",1,0,0,0,0,0,0,"N",10.82,0,0,0,0,0,0,"N",1,100.0,0,0,0,0,0,0,0,0,0,0,0,0
"41061","5","5616","76","0","2022","A","N","Union County, Oregon","Private","NAICS 5616 Investigation and security services","County, NAICS 4-digit -- by ownership sector","All establishment sizes",1,0,0,0,0,0,0,"N",0.29,0,0,0,0,0,0,"N",1,100.0,0,0,0,0,0,0,0,0,0,0,0,0
"41061","5","56161","77","0","2022","A","N","Union County, Oregon","Private","NAICS 56161 Investigation, guard, and armored car services","County, NAICS 5-digit -- by ownership sector","All establishment sizes",1,0,0,0,0,0,0,"N",0.47,0,0,0,0,0,0,"N",1,100.0,0,0,0,0,0,0,0,0,0,0,0,0
"41061","5","561612","78","0","2022","A","N","Union County, Oregon","Private","NAICS 561612 Security guards and patrol services","County, NAICS 6-digit -- by ownership sector","All establishment sizes",1,0,0,0,0,0,0,"N",0.66,0,0,0,0,0,0,"N",1,100.0,0,0,0,0,0,0,0,0,0,0,0,0
"41061","5","5617","76","0","2022","A","","Union County, Oregon","Private","NAICS 5617 Services to buildings and dwellings","County, NAICS 4-digit -- by ownership sector","All establishment sizes",21,79,1803086,1787286,43257,438,22752,"",0.93,0.52,0.44,0.43,0.41,0.85,0.84,"",1,5.0,8,11.3,79136,4.6,102463,6.1,6187,16.7,-32,-6.8,-1701,-7.0
"41061","5","56172","77","0","2022","A","","Union County, Oregon","Private","NAICS 56172 Janitorial services","County, NAICS 5-digit -- by ownership sector","All establishment sizes",9,48,789347,789347,18609,319,16589,"",1.20,0.67,0.51,0.44,0.54,0.78,0.78,"",0,0.0,9,23.1,78297,11.0,80751,11.4,2524,15.7,-35,-9.9,-1840,-10.0
"41061","5","561720","78","0","2022","A","","Union County, Oregon","Private","NAICS 561720 Janitorial services","County, NAICS 6-digit -- by ownership sector","All establishment sizes",9,48,789347,789347,18609,319,16589,"",1.20,0.67,0.51,0.44,0.54,0.78,0.78,"",0,0.0,9,23.1,78297,11.0,80751,11.4,2524,15.7,-35,-9.9,-1840,-10.0
"41061","5","56173","77","0","2022","A","N","Union County, Oregon","Private","NAICS 56173 Landscaping services","County, NAICS 5-digit -- by ownership sector","All establishment sizes",11,0,0,0,0,0,0,"N",0.99,0,0,0,0,0,0,"N",1,10.0,0,0,0,0,0,0,0,0,0,0,0,0
"41061","5","561730","78","0","2022","A","N","Union County, Oregon","Private","NAICS 561730 Landscaping services","County, NAICS 6-digit -- by ownership sector","All establishment sizes",11,0,0,0,0,0,0,"N",0.99,0,0,0,0,0,0,"N",1,10.0,0,0,0,0,0,0,0,0,0,0,0,0
"41061","5","56174","77","0","2022","A","N","Union County, Oregon","Private","NAICS 56174 Carpet and upholstery cleaning services","County, NAICS 5-digit -- by ownership sector","All establishment sizes",1,0,0,0,0,0,0,"N",1.47,0,0,0,0,0,0,"N",0,0.0,0,0,0,0,0,0,0,0,0,0,0,0
"41061","5","561740","78","0","2022","A","N","Union County, Oregon","Private","NAICS 561740 Carpet and upholstery cleaning services","County, NAICS 6-digit -- by ownership sector","All establishment sizes",1,0,0,0,0,0,0,"N",1.47,0,0,0,0,0,0,"N",0,0.0,0,0,0,0,0,0,0,0,0,0,0,0
"41061","5","5619","76","0","2022","A","","Union County, Oregon","Private","NAICS 5619 Other support services","County, NAICS 4-digit -- by ownership sector","All establishment sizes",3,5,164465,152165,2660,703,36548,"",1.01,0.22,0.19,0.23,0.15,0.93,0.93,"N",0,0.0,0,0,0,0,0,0,0,0,0,0,0,0
"41061","5","56199","77","0","2022","A","","Union County, Oregon","Private","NAICS 56199 All other support services","County, NAICS 5-digit -- by ownership sector","All establishment sizes",3,5,164465,152165,2660,703,36548,"",1.49,0.35,0.30,0.36,0.24,0.95,0.95,"N",0,0.0,0,0,0,0,0,0,0,0,0,0,0,0
"41061","5","561990","78","0","2022","A","","Union County, Oregon","Private","NAICS 561990 All other support services","County, NAICS 6-digit -- by ownership sector","All establishment sizes",3,5,164465,152165,2660,703,36548,"",1.49,0.35,0.30,0.36,0.24,0.95,0.95,"N",0,0.0,0,0,0,0,0,0,0,0,0,0,0,0
"41061","5","562","75","0","2022","A","","Union County, Oregon","Private","NAICS 562 Waste management and remediation services","County, NAICS 3-digit -- by ownership sector","All establishment sizes",5,36,1736536,1608944,28995,923,48015,"",1.61,1.10,1.10,1.52,1.15,0.99,0.99,"",1,25.0,-3,-7.7,84931,5.1,74078,4.8,4519,18.5,102,12.4,5301,12.4
"41061","5","5621","76","0","2022","A","N","Union County, Oregon","Private","NAICS 5621 Waste collection","County, NAICS 4-digit -- by ownership sector","All establishment sizes",1,0,0,0,0,0,0,"N",0.83,0,0,0,0,0,0,"N",0,0.0,0,0,0,0,0,0,0,0,0,0,0,0
"41061","5","56211","77","0","2022","A","N","Union County, Oregon","Private","NAICS 56211 Waste collection","County, NAICS 5-digit -- by ownership sector","All establishment sizes",1,0,0,0,0,0,0,"N",0.83,0,0,0,0,0,0,"N",0,0.0,0,0,0,0,0,0,0,0,0,0,0,0
"41061","5","562111","78","0","2022","A","N","Union County, Oregon","Private","NAICS 562111 Solid waste collection","County, NAICS 6-digit -- by ownership sector","All establishment sizes",1,0,0,0,0,0,0,"N",1.07,0,0,0,0,0,0,"N",0,0.0,0,0,0,0,0,0,0,0,0,0,0,0
"41061","5","5622","76","0","2022","A","N","Union County, Oregon","Private","NAICS 5622 Waste treatment and disposal","County, NAICS 4-digit -- by ownership sector","All establishment sizes",1,0,0,0,0,0,0,"N",2.52,0,0,0,0,0,0,"N",0,0.0,0,0,0,0,0,0,0,0,0,0,0,0
"41061","5","56221","77","0","2022","A","N","Union County, Oregon","Private","NAICS 56221 Waste treatment and disposal","County, NAICS 5-digit -- by ownership sector","All establishment sizes",1,0,0,0,0,0,0,"N",2.52,0,0,0,0,0,0,"N",0,0.0,0,0,0,0,0,0,0,0,0,0,0,0
"41061","5","562212","78","0","2022","A","N","Union County, Oregon","Private","NAICS 562212 Solid waste landfill","County, NAICS 6-digit -- by ownership sector","All establishment sizes",1,0,0,0,0,0,0,"N",6.72,0,0,0,0,0,0,"N",0,0.0,0,0,0,0,0,0,0,0,0,0,0,0
"41061","5","5629","76","0","2022","A","N","Union County, Oregon","Private","NAICS 5629 Remediation and other waste management services","County, NAICS 4-digit -- by ownership sector","All establishment sizes",3,0,0,0,0,0,0,"N",1.99,0,0,0,0,0,0,"N",1,50.0,0,0,0,0,0,0,0,0,0,0,0,0
"41061","5","56299","77","0","2022","A","N","Union County, Oregon","Private","NAICS 56299 All other waste management services","County, NAICS 5-digit -- by ownership sector","All establishment sizes",3,0,0,0,0,0,0,"N",4.91,0,0,0,0,0,0,"N",1,50.0,0,0,0,0,0,0,0,0,0,0,0,0
"41061","5","562991","78","0","2022","A","N","Union County, Oregon","Private","NAICS 562991 Septic tank and related services","County, NAICS 6-digit -- by ownership sector","All establishment sizes",3,0,0,0,0,0,0,"N",7.56,0,0,0,0,0,0,"N",1,50.0,0,0,0,0,0,0,0,0,0,0,0,0
"41061","5","61","74","0","2022","A","","Union County, Oregon","Private","NAICS 61 Educational services","County, NAICS Sector -- by ownership sector","All establishment sizes",7,28,771615,640249,10142,540,28059,"",0.50,0.14,0.09,0.26,0.22,0.69,0.69,"",1,16.7,2,7.7,-34175,-4.2,93497,17.1,843,9.1,-54,-9.1,-2834,-9.2
"41061","5","611","75","0","2022","A","","Union County, Oregon","Private","NAICS 611 Educational services","County, NAICS 3-digit -- by ownership sector","All establishment sizes",7,28,771615,640249,10142,540,28059,"",0.50,0.14,0.09,0.26,0.22,0.69,0.69,"",1,16.7,2,7.7,-34175,-4.2,93497,17.1,843,9.1,-54,-9.1,-2834,-9.2
"41061","5","6111","76","0","2022","A","N","Union County, Oregon","Private","NAICS 6111 Elementary and secondary schools","County, NAICS 4-digit -- by ownership sector","All establishment sizes",2,0,0,0,0,0,0,"N",1.05,0,0,0,0,0,0,"N",0,0.0,0,0,0,0,0,0,0,0,0,0,0,0
"41061","5","61111","77","0","2022","A","N","Union County, Oregon","Private","NAICS 61111 Elementary and secondary schools","County, NAICS 5-digit -- by ownership sector","All establishment sizes",2,0,0,0,0,0,0,"N",1.05,0,0,0,0,0,0,"N",0,0.0,0,0,0,0,0,0,0,0,0,0,0,0
"41061","5","611110","78","0","2022","A","N","Union County, Oregon","Private","NAICS 611110 Elementary and secondary schools","County, NAICS 6-digit -- by ownership sector","All establishment sizes",2,0,0,0,0,0,0,"N",1.05,0,0,0,0,0,0,"N",0,0.0,0,0,0,0,0,0,0,0,0,0,0,0
"41061","5","6114","76","0","2022","A","N","Union County, Oregon","Private","NAICS 6114 Business schools and computer and management training","County, NAICS 4-digit -- by ownership sector","All establishment sizes",2,0,0,0,0,0,0,"N",1.27,0,0,0,0,0,0,"N",1,100.0,0,0,0,0,0,0,0,0,0,0,0,0
"41061","5","61142","77","0","2022","A","N","Union County, Oregon","Private","NAICS 61142 Computer training","County, NAICS 5-digit -- by ownership sector","All establishment sizes",1,0,0,0,0,0,0,"N",2.75,0,0,0,0,0,0,"N",1,100.0,0,0,0,0,0,0,0,0,0,0,0,0
"41061","5","611420","78","0","2022","A","N","Union County, Oregon","Private","NAICS 611420 Computer training","County, NAICS 6-digit -- by ownership sector","All establishment sizes",1,0,0,0,0,0,0,"N",2.75,0,0,0,0,0,0,"N",1,100.0,0,0,0,0,0,0,0,0,0,0,0,0
"41061","5","61143","77","0","2022","A","N","Union County, Oregon","Private","NAICS 61143 Professional and management development training","County, NAICS 5-digit -- by ownership sector","All establishment sizes",1,0,0,0,0,0,0,"N",0.85,0,0,0,0,0,0,"N",0,0.0,0,0,0,0,0,0,0,0,0,0,0,0
"41061","5","611430","78","0","2022","A","N","Union County, Oregon","Private","NAICS 611430 Professional and management development training","County, NAICS 6-digit -- by ownership sector","All establishment sizes",1,0,0,0,0,0,0,"N",0.85,0,0,0,0,0,0,"N",0,0.0,0,0,0,0,0,0,0,0,0,0,0,0
"41061","5","6117","76","0","2022","A","N","Union County, Oregon","Private","NAICS 6117 Educational support services","County, NAICS 4-digit -- by ownership sector","All establishment sizes",3,0,0,0,0,0,0,"N",1.17,0,0,0,0,0,0,"N",0,0.0,0,0,0,0,0,0,0,0,0,0,0,0
"41061","5","61171","77","0","2022","A","N","Union County, Oregon","Private","NAICS 61171 Educational support services","County, NAICS 5-digit -- by ownership sector","All establishment sizes",3,0,0,0,0,0,0,"N",1.17,0,0,0,0,0,0,"N",0,0.0,0,0,0,0,0,0,0,0,0,0,0,0
"41061","5","611710","78","0","2022","A","N","Union County, Oregon","Private","NAICS 611710 Educational support services","County, NAICS 6-digit -- by ownership sector","All establishment sizes",3,0,0,0,0,0,0,"N",1.17,0,0,0,0,0,0,"N",0,0.0,0,0,0,0,0,0,0,0,0,0,0,0
"41061","5","62","74","0","2022","A","","Union County, Oregon","Private","NAICS 62 Health care and social assistance","County, NAICS Sector -- by ownership sector","All establishment sizes",202,1627,94575474,19692189,340453,1118,58123,"",1.18,1.16,1.62,0.80,0.77,1.39,1.39,"",-1,-0.5,-45,-2.7,5329037,6.0,1289482,7.0,-88196,-20.6,92,9.0,4754,8.9
"41061","5","621","75","0","2022","A","","Union County, Oregon","Private","NAICS 621 Ambulatory health care services","County, NAICS 3-digit -- by ownership sector","All establishment sizes",45,461,33579767,9514563,143299,1402,72894,"",0.71,0.83,1.21,0.74,0.64,1.47,1.47,"",0,0.0,6,1.3,2349353,7.5,407044,4.5,-82048,-36.4,81,6.1,4180,6.1
"41061","5","6211","76","0","2022","A","N","Union County, Oregon","Private","NAICS 6211 Offices of physicians","County, NAICS 4-digit -- by ownership sector","All establishment sizes",11,0,0,0,0,0,0,"N",0.52,0,0,0,0,0,0,"N",0,0.0,0,0,0,0,0,0,0,0,0,0,0,0
"41061","5","62111","77","0","2022","A","N","Union County, Oregon","Private","NAICS 62111 Offices of physicians","County, NAICS 5-digit -- by ownership sector","All establishment sizes",11,0,0,0,0,0,0,"N",0.52,0,0,0,0,0,0,"N",0,0.0,0,0,0,0,0,0,0,0,0,0,0,0
"41061","5","621111","78","0","2022","A","N","Union County, Oregon","Private","NAICS 621111 Offices of physicians (except mental health specialists)","County, NAICS 6-digit -- by ownership sector","All establishment sizes",11,0,0,0,0,0,0,"N",0.55,0,0,0,0,0,0,"N",0,0.0,0,0,0,0,0,0,0,0,0,0,0,0
"41061","5","6212","76","0","2022","A","","Union County, Oregon","Private","NAICS 6212 Offices of dentists","County, NAICS 4-digit -- by ownership sector","All establishment sizes",9,89,5039058,3174006,50818,1089,56619,"",0.72,1.28,1.76,1.63,1.63,1.38,1.38,"",0,0.0,2,2.3,380493,8.2,223486,7.6,-41678,-45.1,54,5.2,2815,5.2
"41061","5","62121","77","0","2022","A","","Union County, Oregon","Private","NAICS 62121 Offices of dentists","County, NAICS 5-digit -- by ownership sector","All establishment sizes",9,89,5039058,3174006,50818,1089,56619,"",0.72,1.28,1.76,1.63,1.63,1.38,1.38,"",0,0.0,2,2.3,380493,8.2,223486,7.6,-41678,-45.1,54,5.2,2815,5.2
"41061","5","621210","78","0","2022","A","","Union County, Oregon","Private","NAICS 621210 Offices of dentists","County, NAICS 6-digit -- by ownership sector","All establishment sizes",9,89,5039058,3174006,50818,1089,56619,"",0.72,1.28,1.76,1.63,1.63,1.38,1.38,"",0,0.0,2,2.3,380493,8.2,223486,7.6,-41678,-45.1,54,5.2,2815,5.2
"41061","5","6213","76","0","2022","A","","Union County, Oregon","Private","NAICS 6213 Offices of other health practitioners","County, NAICS 4-digit -- by ownership sector","All establishment sizes",18,117,4715443,3775907,46228,778,40447,"",1.09,1.57,1.88,1.90,1.33,1.20,1.20,"",1,5.9,9,8.3,243462,5.4,366261,10.7,-25826,-35.8,-15,-1.9,-801,-1.9
"41061","5","62131","77","0","2022","A","","Union County, Oregon","Private","NAICS 62131 Offices of chiropractors","County, NAICS 5-digit -- by ownership sector","All establishment sizes",5,24,717167,659894,7480,577,29986,"",1.37,2.41,2.62,2.50,1.91,1.09,1.09,"",0,0.0,-1,-4.0,53526,8.1,63273,10.6,-782,-9.5,63,12.3,3262,12.2
"41061","5","621310","78","0","2022","A","","Union County, Oregon","Private","NAICS 621310 Offices of chiropractors","County, NAICS 6-digit -- by ownership sector","All establishment sizes",5,24,717167,659894,7480,577,29986,"",1.37,2.41,2.62,2.50,1.91,1.09,1.09,"",0,0.0,-1,-4.0,53526,8.1,63273,10.6,-782,-9.5,63,12.3,3262,12.2
"41061","5","62132","77","0","2022","A","N","Union County, Oregon","Private","NAICS 62132 Offices of optometrists","County, NAICS 5-digit -- by ownership sector","All establishment sizes",3,0,0,0,0,0,0,"N",1.52,0,0,0,0,0,0,"N",0,0.0,0,0,0,0,0,0,0,0,0,0,0,0
"41061","5","621320","78","0","2022","A","N","Union County, Oregon","Private","NAICS 621320 Offices of optometrists","County, NAICS 6-digit -- by ownership sector","All establishment sizes",3,0,0,0,0,0,0,"N",1.52,0,0,0,0,0,0,"N",0,0.0,0,0,0,0,0,0,0,0,0,0,0,0
"41061","5","62133","77","0","2022","A","N","Union County, Oregon","Private","NAICS 62133 Offices of mental health practitioners (except physicians)","County, NAICS 5-digit -- by ownership sector","All establishment sizes",3,0,0,0,0,0,0,"N",0.99,0,0,0,0,0,0,"N",1,50.0,0,0,0,0,0,0,0,0,0,0,0,0
"41061","5","621330","78","0","2022","A","N","Union County, Oregon","Private","NAICS 621330 Offices of mental health practitioners (except physicians)","County, NAICS 6-digit -- by ownership sector","All establishment sizes",3,0,0,0,0,0,0,"N",0.99,0,0,0,0,0,0,"N",1,50.0,0,0,0,0,0,0,0,0,0,0,0,0
"41061","5","62134","77","0","2022","A","","Union County, Oregon","Private","NAICS 62134 Offices of physical, occupational and speech therapists, and audiologists","County, NAICS 5-digit -- by ownership sector","All establishment sizes",3,43,1984720,1472766,19752,886,46067,"",0.70,1.41,1.94,1.87,1.44,1.37,1.37,"N",0,0.0,0,0,0,0,0,0,0,0,0,0,0,0
"41061","5","621340","78","0","2022","A","","Union County, Oregon","Private","NAICS 621340 Offices of physical, occupational and speech therapists, and audiologists","County, NAICS 6-digit -- by ownership sector","All establishment sizes",3,43,1984720,1472766,19752,886,46067,"",0.70,1.41,1.94,1.87,1.44,1.37,1.37,"N",0,0.0,0,0,0,0,0,0,0,0,0,0,0,0
"41061","5","62139","77","0","2022","A","","Union County, Oregon","Private","NAICS 62139 Offices of all other health practitioners","County, NAICS 5-digit -- by ownership sector","All establishment sizes",4,12,459305,386921,3484,736,38275,"",1.14,1.00,0.97,1.15,0.56,0.97,0.97,"",0,0.0,0,0.0,-23753,-4.9,-5414,-1.4,-6116,-63.7,-17,-2.3,-892,-2.3
"41061","5","621391","78","0","2022","A","N","Union County, Oregon","Private","NAICS 621391 Offices of podiatrists","County, NAICS 6-digit -- by ownership sector","All establishment sizes",1,0,0,0,0,0,0,"N",1.59,0,0,0,0,0,0,"N",0,0.0,0,0,0,0,0,0,0,0,0,0,0,0
"41061","5","621399","78","0","2022","A","N","Union County, Oregon","Private","NAICS 621399 Offices of all other miscellaneous health practitioners","County, NAICS 6-digit -- by ownership sector","All establishment sizes",3,0,0,0,0,0,0,"N",1.04,0,0,0,0,0,0,"N",0,0.0,0,0,0,0,0,0,0,0,0,0,0,0
"41061","5","6214","76","0","2022","A","N","Union County, Oregon","Private","NAICS 6214 Outpatient care centers","County, NAICS 4-digit -- by ownership sector","All establishment sizes",2,0,0,0,0,0,0,"N",0.46,0,0,0,0,0,0,"N",-1,-33.3,0,0,0,0,0,0,0,0,0,0,0,0
"41061","5","62141","77","0","2022","A","N","Union County, Oregon","Private","NAICS 62141 Family planning centers","County, NAICS 5-digit -- by ownership sector","All establishment sizes",1,0,0,0,0,0,0,"N",4.09,0,0,0,0,0,0,"N",0,0.0,0,0,0,0,0,0,0,0,0,0,0,0
"41061","5","621410","78","0","2022","A","N","Union County, Oregon","Private","NAICS 621410 Family planning centers","County, NAICS 6-digit -- by ownership sector","All establishment sizes",1,0,0,0,0,0,0,"N",4.09,0,0,0,0,0,0,"N",0,0.0,0,0,0,0,0,0,0,0,0,0,0,0
"41061","5","62149","77","0","2022","A","N","Union County, Oregon","Private","NAICS 62149 Other outpatient care centers","County, NAICS 5-digit -- by ownership sector","All establishment sizes",1,0,0,0,0,0,0,"N",0.36,0,0,0,0,0,0,"N",0,0.0,0,0,0,0,0,0,0,0,0,0,0,0
"41061","5","621492","78","0","2022","A","N","Union County, Oregon","Private","NAICS 621492 Kidney dialysis centers","County, NAICS 6-digit -- by ownership sector","All establishment sizes",1,0,0,0,0,0,0,"N",1.34,0,0,0,0,0,0,"N",0,0.0,0,0,0,0,0,0,0,0,0,0,0,0
"41061","5","6215","76","0","2022","A","N","Union County, Oregon","Private","NAICS 6215 Medical and diagnostic laboratories","County, NAICS 4-digit -- by ownership sector","All establishment sizes",2,0,0,0,0,0,0,"N",0.76,0,0,0,0,0,0,"N",0,0.0,0,0,0,0,0,0,0,0,0,0,0,0
"41061","5","62151","77","0","2022","A","N","Union County, Oregon","Private","NAICS 62151 Medical and diagnostic laboratories","County, NAICS 5-digit -- by ownership sector","All establishment sizes",2,0,0,0,0,0,0,"N",0.76,0,0,0,0,0,0,"N",0,0.0,0,0,0,0,0,0,0,0,0,0,0,0
"41061","5","621511","78","0","2022","A","N","Union County, Oregon","Private","NAICS 621511 Medical laboratories","County, NAICS 6-digit -- by ownership sector","All establishment sizes",2,0,0,0,0,0,0,"N",1.01,0,0,0,0,0,0,"N",0,0.0,0,0,0,0,0,0,0,0,0,0,0,0
"41061","5","6216","76","0","2022","A","N","Union County, Oregon","Private","NAICS 6216 Home health care services","County, NAICS 4-digit -- by ownership sector","All establishment sizes",2,0,0,0,0,0,0,"N",0.46,0,0,0,0,0,0,"N",0,0.0,0,0,0,0,0,0,0,0,0,0,0,0
"41061","5","62161","77","0","2022","A","N","Union County, Oregon","Private","NAICS 62161 Home health care services","County, NAICS 5-digit -- by ownership sector","All establishment sizes",2,0,0,0,0,0,0,"N",0.46,0,0,0,0,0,0,"N",0,0.0,0,0,0,0,0,0,0,0,0,0,0,0
"41061","5","621610","78","0","2022","A","N","Union County, Oregon","Private","NAICS 621610 Home health care services","County, NAICS 6-digit -- by ownership sector","All establishment sizes",2,0,0,0,0,0,0,"N",0.46,0,0,0,0,0,0,"N",0,0.0,0,0,0,0,0,0,0,0,0,0,0,0
"41061","5","6219","76","0","2022","A","N","Union County, Oregon","Private","NAICS 6219 Other ambulatory health care services","County, NAICS 4-digit -- by ownership sector","All establishment sizes",1,0,0,0,0,0,0,"N",0.59,0,0,0,0,0,0,"N",0,0.0,0,0,0,0,0,0,0,0,0,0,0,0
"41061","5","62199","77","0","2022","A","N","Union County, Oregon","Private","NAICS 62199 All other ambulatory health care services","County, NAICS 5-digit -- by ownership sector","All establishment sizes",1,0,0,0,0,0,0,"N",0.85,0,0,0,0,0,0,"N",0,0.0,0,0,0,0,0,0,0,0,0,0,0,0
"41061","5","621999","78","0","2022","A","N","Union County, Oregon","Private","NAICS 621999 All other miscellaneous ambulatory health care services","County, NAICS 6-digit -- by ownership sector","All establishment sizes",1,0,0,0,0,0,0,"N",1.04,0,0,0,0,0,0,"N",0,0.0,0,0,0,0,0,0,0,0,0,0,0,0
"41061","5","622","75","0","2022","A","N","Union County, Oregon","Private","NAICS 622 Hospitals","County, NAICS 3-digit -- by ownership sector","All establishment sizes",4,0,0,0,0,0,0,"N",3.23,0,0,0,0,0,0,"N",0,0.0,0,0,0,0,0,0,0,0,0,0,0,0
"41061","5","6221","76","0","2022","A","N","Union County, Oregon","Private","NAICS 6221 General medical and surgical hospitals","County, NAICS 4-digit -- by ownership sector","All establishment sizes",4,0,0,0,0,0,0,"N",4.42,0,0,0,0,0,0,"N",0,0.0,0,0,0,0,0,0,0,0,0,0,0,0
"41061","5","62211","77","0","2022","A","N","Union County, Oregon","Private","NAICS 62211 General medical and surgical hospitals","County, NAICS 5-digit -- by ownership sector","All establishment sizes",4,0,0,0,0,0,0,"N",4.42,0,0,0,0,0,0,"N",0,0.0,0,0,0,0,0,0,0,0,0,0,0,0
"41061","5","622110","78","0","2022","A","N","Union County, Oregon","Private","NAICS 622110 General medical and surgical hospitals","County, NAICS 6-digit -- by ownership sector","All establishment sizes",4,0,0,0,0,0,0,"N",4.42,0,0,0,0,0,0,"N",0,0.0,0,0,0,0,0,0,0,0,0,0,0,0
"41061","5","623","75","0","2022","A","N","Union County, Oregon","Private","NAICS 623 Nursing and residential care facilities","County, NAICS 3-digit -- by ownership sector","All establishment sizes",18,0,0,0,0,0,0,"N",2.22,0,0,0,0,0,0,"N",-3,-14.3,0,0,0,0,0,0,0,0,0,0,0,0
"41061","5","6231","76","0","2022","A","N","Union County, Oregon","Private","NAICS 6231 Nursing care facilities (skilled nursing facilities)","County, NAICS 4-digit -- by ownership sector","All establishment sizes",1,0,0,0,0,0,0,"N",0.56,0,0,0,0,0,0,"N",0,0.0,0,0,0,0,0,0,0,0,0,0,0,0
"41061","5","62311","77","0","2022","A","N","Union County, Oregon","Private","NAICS 62311 Nursing care facilities (skilled nursing facilities)","County, NAICS 5-digit -- by ownership sector","All establishment sizes",1,0,0,0,0,0,0,"N",0.56,0,0,0,0,0,0,"N",0,0.0,0,0,0,0,0,0,0,0,0,0,0,0
"41061","5","623110","78","0","2022","A","N","Union County, Oregon","Private","NAICS 623110 Nursing care facilities (skilled nursing facilities)","County, NAICS 6-digit -- by ownership sector","All establishment sizes",1,0,0,0,0,0,0,"N",0.56,0,0,0,0,0,0,"N",0,0.0,0,0,0,0,0,0,0,0,0,0,0,0
"41061","5","6232","76","0","2022","A","N","Union County, Oregon","Private","NAICS 6232 Residential intellectual and developmental disability, mental health, and substance abuse facilities","County, NAICS 4-digit -- by ownership sector","All establishment sizes",7,0,0,0,0,0,0,"N",2.32,0,0,0,0,0,0,"N",0,0.0,0,0,0,0,0,0,0,0,0,0,0,0
"41061","5","62321","77","0","2022","A","N","Union County, Oregon","Private","NAICS 62321 Residential intellectual and developmental disability facilities","County, NAICS 5-digit -- by ownership sector","All establishment sizes",6,0,0,0,0,0,0,"N",2.79,0,0,0,0,0,0,"N",0,0.0,0,0,0,0,0,0,0,0,0,0,0,0
"41061","5","623210","78","0","2022","A","N","Union County, Oregon","Private","NAICS 623210 Residential intellectual and developmental disability facilities","County, NAICS 6-digit -- by ownership sector","All establishment sizes",6,0,0,0,0,0,0,"N",2.79,0,0,0,0,0,0,"N",0,0.0,0,0,0,0,0,0,0,0,0,0,0,0
"41061","5","62322","77","0","2022","A","N","Union County, Oregon","Private","NAICS 62322 Residential mental health and substance abuse facilities","County, NAICS 5-digit -- by ownership sector","All establishment sizes",1,0,0,0,0,0,0,"N",1.15,0,0,0,0,0,0,"N",0,0.0,0,0,0,0,0,0,0,0,0,0,0,0
"41061","5","623220","78","0","2022","A","N","Union County, Oregon","Private","NAICS 623220 Residential mental health and substance abuse facilities","County, NAICS 6-digit -- by ownership sector","All establishment sizes",1,0,0,0,0,0,0,"N",1.15,0,0,0,0,0,0,"N",0,0.0,0,0,0,0,0,0,0,0,0,0,0,0
"41061","5","6233","76","0","2022","A","","Union County, Oregon","Private","NAICS 6233 Continuing care retirement communities and assisted living facilities for the elderly","County, NAICS 4-digit -- by ownership sector","All establishment sizes",10,145,4940856,4111960,66940,658,34193,"",3.80,2.37,3.18,3.05,2.80,1.35,1.35,"",-3,-23.1,2,1.4,268252,5.7,325867,8.6,-10812,-13.9,29,4.6,1498,4.6
"41061","5","62331","77","0","2022","A","","Union County, Oregon","Private","NAICS 62331 Continuing care retirement communities and assisted living facilities for the elderly","County, NAICS 5-digit -- by ownership sector","All establishment sizes",10,145,4940856,4111960,66940,658,34193,"",3.80,2.37,3.18,3.05,2.80,1.35,1.35,"",-3,-23.1,2,1.4,268252,5.7,325867,8.6,-10812,-13.9,29,4.6,1498,4.6
"41061","5","623312","78","0","2022","A","","Union County, Oregon","Private","NAICS 623312 Assisted living facilities for the elderly","County, NAICS 6-digit -- by ownership sector","All establishment sizes",10,145,4940856,4111960,66940,658,34193,"",5.09,4.74,6.69,5.16,4.50,1.42,1.42,"",-3,-23.1,2,1.4,268252,5.7,325867,8.6,-10812,-13.9,29,4.6,1498,4.6
"41061","5","624","75","0","2022","A","","Union County, Oregon","Private","NAICS 624 Social assistance","County, NAICS 3-digit -- by ownership sector","All establishment sizes",136,391,13132092,4294418,77259,646,33586,"",1.38,1.36,2.14,0.78,0.65,1.57,1.57,"",2,1.5,-15,-3.7,1316320,11.1,122181,2.9,-6111,-7.3,86,15.4,4447,15.3
"41061","5","6241","76","0","2022","A","","Union County, Oregon","Private","NAICS 6241 Individual and family services","County, NAICS 4-digit -- by ownership sector","All establishment sizes",128,315,10677840,2124295,35473,651,33862,"",1.43,1.63,2.71,0.60,0.44,1.66,1.66,"",0,0.0,-16,-4.8,1183995,12.5,29485,1.4,-2853,-7.4,100,18.1,5201,18.1
"41061","5","62411","77","0","2022","A","N","Union County, Oregon","Private","NAICS 62411 Child and youth services","County, NAICS 5-digit -- by ownership sector","All establishment sizes",2,0,0,0,0,0,0,"N",1.66,0,0,0,0,0,0,"N",0,0.0,0,0,0,0,0,0,0,0,0,0,0,0
"41061","5","624110","78","0","2022","A","N","Union County, Oregon","Private","NAICS 624110 Child and youth services","County, NAICS 6-digit -- by ownership sector","All establishment sizes",2,0,0,0,0,0,0,"N",1.66,0,0,0,0,0,0,"N",0,0.0,0,0,0,0,0,0,0,0,0,0,0,0
"41061","5","62412","77","0","2022","A","","Union County, Oregon","Private","NAICS 62412 Services for the elderly and persons with disabilities","County, NAICS 5-digit -- by ownership sector","All establishment sizes",122,188,3415500,1598390,26239,350,18184,"",1.44,1.29,1.37,0.58,0.42,1.07,1.07,"",-1,-0.8,-21,-10.0,-256031,-7.0,-9565,-0.6,-3780,-12.6,13,3.9,645,3.7
"41061","5","624120","78","0","2022","A","","Union County, Oregon","Private","NAICS 624120 Services for the elderly and persons with disabilities","County, NAICS 6-digit -- by ownership sector","All establishment sizes",122,188,3415500,1598390,26239,350,18184,"",1.44,1.29,1.37,0.58,0.42,1.07,1.07,"",-1,-0.8,-21,-10.0,-256031,-7.0,-9565,-0.6,-3780,-12.6,13,3.9,645,3.7
"41061","5","62419","77","0","2022","A","N","Union County, Oregon","Private","NAICS 62419 Other individual and family services","County, NAICS 5-digit -- by ownership sector","All establishment sizes",4,0,0,0,0,0,0,"N",1.09,0,0,0,0,0,0,"N",1,33.3,0,0,0,0,0,0,0,0,0,0,0,0
"41061","5","624190","78","0","2022","A","N","Union County, Oregon","Private","NAICS 624190 Other individual and family services","County, NAICS 6-digit -- by ownership sector","All establishment sizes",4,0,0,0,0,0,0,"N",1.09,0,0,0,0,0,0,"N",1,33.3,0,0,0,0,0,0,0,0,0,0,0,0
"41061","5","6242","76","0","2022","A","N","Union County, Oregon","Private","NAICS 6242 Community food and housing, and emergency and other relief services","County, NAICS 4-digit -- by ownership sector","All establishment sizes",3,0,0,0,0,0,0,"N",2.37,0,0,0,0,0,0,"N",0,0.0,0,0,0,0,0,0,0,0,0,0,0,0
"41061","5","62421","77","0","2022","A","N","Union County, Oregon","Private","NAICS 62421 Community food services","County, NAICS 5-digit -- by ownership sector","All establishment sizes",2,0,0,0,0,0,0,"N",5.61,0,0,0,0,0,0,"N",0,0.0,0,0,0,0,0,0,0,0,0,0,0,0
"41061","5","624210","78","0","2022","A","N","Union County, Oregon","Private","NAICS 624210 Community food services","County, NAICS 6-digit -- by ownership sector","All establishment sizes",2,0,0,0,0,0,0,"N",5.61,0,0,0,0,0,0,"N",0,0.0,0,0,0,0,0,0,0,0,0,0,0,0
"41061","5","62422","77","0","2022","A","N","Union County, Oregon","Private","NAICS 62422 Community housing services","County, NAICS 5-digit -- by ownership sector","All establishment sizes",1,0,0,0,0,0,0,"N",1.46,0,0,0,0,0,0,"N",0,0.0,0,0,0,0,0,0,0,0,0,0,0,0
"41061","5","624229","78","0","2022","A","N","Union County, Oregon","Private","NAICS 624229 Other community housing services","County, NAICS 6-digit -- by ownership sector","All establishment sizes",1,0,0,0,0,0,0,"N",3.26,0,0,0,0,0,0,"N",0,0.0,0,0,0,0,0,0,0,0,0,0,0,0
"41061","5","6243","76","0","2022","A","N","Union County, Oregon","Private","NAICS 6243 Vocational rehabilitation services","County, NAICS 4-digit -- by ownership sector","All establishment sizes",1,0,0,0,0,0,0,"N",1.14,0,0,0,0,0,0,"N",0,0.0,0,0,0,0,0,0,0,0,0,0,0,0
"41061","5","62431","77","0","2022","A","N","Union County, Oregon","Private","NAICS 62431 Vocational rehabilitation services","County, NAICS 5-digit -- by ownership sector","All establishment sizes",1,0,0,0,0,0,0,"N",1.14,0,0,0,0,0,0,"N",0,0.0,0,0,0,0,0,0,0,0,0,0,0,0
"41061","5","624310","78","0","2022","A","N","Union County, Oregon","Private","NAICS 624310 Vocational rehabilitation services","County, NAICS 6-digit -- by ownership sector","All establishment sizes",1,0,0,0,0,0,0,"N",1.14,0,0,0,0,0,0,"N",0,0.0,0,0,0,0,0,0,0,0,0,0,0,0
"41061","5","6244","76","0","2022","A","N","Union County, Oregon","Private","NAICS 6244 Child care services","County, NAICS 4-digit -- by ownership sector","All establishment sizes",4,0,0,0,0,0,0,"N",0.57,0,0,0,0,0,0,"N",1,33.3,0,0,0,0,0,0,0,0,0,0,0,0
"41061","5","62441","77","0","2022","A","N","Union County, Oregon","Private","NAICS 62441 Child care services","County, NAICS 5-digit -- by ownership sector","All establishment sizes",4,0,0,0,0,0,0,"N",0.57,0,0,0,0,0,0,"N",1,33.3,0,0,0,0,0,0,0,0,0,0,0,0
"41061","5","624410","78","0","2022","A","N","Union County, Oregon","Private","NAICS 624410 Child care services","County, NAICS 6-digit -- by ownership sector","All establishment sizes",4,0,0,0,0,0,0,"N",0.57,0,0,0,0,0,0,"N",1,33.3,0,0,0,0,0,0,0,0,0,0,0,0
"41061","5","71","74","0","2022","A","","Union County, Oregon","Private","NAICS 71 Arts, entertainment, and recreation","County, NAICS Sector -- by ownership sector","All establishment sizes",13,111,2360201,1994543,49353,411,21359,"",0.81,0.70,0.45,0.60,0.60,0.64,0.64,"",2,18.2,20,22.0,379627,19.2,395626,24.7,2010,4.2,-9,-2.1,-486,-2.2
"41061","5","711","75","0","2022","A","N","Union County, Oregon","Private","NAICS 711 Performing arts, spectator sports, and related industries","County, NAICS 3-digit -- by ownership sector","All establishment sizes",1,0,0,0,0,0,0,"N",0.15,0,0,0,0,0,0,"N",0,0.0,0,0,0,0,0,0,0,0,0,0,0,0
"41061","5","7111","76","0","2022","A","N","Union County, Oregon","Private","NAICS 7111 Performing arts companies","County, NAICS 4-digit -- by ownership sector","All establishment sizes",1,0,0,0,0,0,0,"N",0.91,0,0,0,0,0,0,"N",0,0.0,0,0,0,0,0,0,0,0,0,0,0,0
"41061","5","71111","77","0","2022","A","N","Union County, Oregon","Private","NAICS 71111 Theater companies and dinner theaters","County, NAICS 5-digit -- by ownership sector","All establishment sizes",1,0,0,0,0,0,0,"N",2.77,0,0,0,0,0,0,"N",0,0.0,0,0,0,0,0,0,0,0,0,0,0,0
"41061","5","711110","78","0","2022","A","N","Union County, Oregon","Private","NAICS 711110 Theater companies and dinner theaters","County, NAICS 6-digit -- by ownership sector","All establishment sizes",1,0,0,0,0,0,0,"N",2.77,0,0,0,0,0,0,"N",0,0.0,0,0,0,0,0,0,0,0,0,0,0,0
"41061","5","713","75","0","2022","A","N","Union County, Oregon","Private","NAICS 713 Amusement, gambling, and recreation industries","County, NAICS 3-digit -- by ownership sector","All establishment sizes",12,0,0,0,0,0,0,"N",1.40,0,0,0,0,0,0,"N",2,20.0,0,0,0,0,0,0,0,0,0,0,0,0
"41061","5","7139","76","0","2022","A","N","Union County, Oregon","Private","NAICS 7139 Other amusement and recreation industries","County, NAICS 4-digit -- by ownership sector","All establishment sizes",12,0,0,0,0,0,0,"N",1.52,0,0,0,0,0,0,"N",2,20.0,0,0,0,0,0,0,0,0,0,0,0,0
"41061","5","71391","77","0","2022","A","N","Union County, Oregon","Private","NAICS 71391 Golf courses and country clubs","County, NAICS 5-digit -- by ownership sector","All establishment sizes",1,0,0,0,0,0,0,"N",0.99,0,0,0,0,0,0,"N",0,0.0,0,0,0,0,0,0,0,0,0,0,0,0
"41061","5","713910","78","0","2022","A","N","Union County, Oregon","Private","NAICS 713910 Golf courses and country clubs","County, NAICS 6-digit -- by ownership sector","All establishment sizes",1,0,0,0,0,0,0,"N",0.99,0,0,0,0,0,0,"N",0,0.0,0,0,0,0,0,0,0,0,0,0,0,0
"41061","5","71392","77","0","2022","A","N","Union County, Oregon","Private","NAICS 71392 Skiing facilities","County, NAICS 5-digit -- by ownership sector","All establishment sizes",1,0,0,0,0,0,0,"N",27.36,0,0,0,0,0,0,"N",0,0.0,0,0,0,0,0,0,0,0,0,0,0,0
"41061","5","713920","78","0","2022","A","N","Union County, Oregon","Private","NAICS 713920 Skiing facilities","County, NAICS 6-digit -- by ownership sector","All establishment sizes",1,0,0,0,0,0,0,"N",27.36,0,0,0,0,0,0,"N",0,0.0,0,0,0,0,0,0,0,0,0,0,0,0
"41061","5","71394","77","0","2022","A","","Union County, Oregon","Private","NAICS 71394 Fitness and recreational sports centers","County, NAICS 5-digit -- by ownership sector","All establishment sizes",4,33,356431,356431,8153,208,10828,"",1.01,0.84,0.63,0.55,0.62,0.75,0.75,"",1,33.3,7,26.9,60184,20.3,60184,20.3,1040,14.6,-8,-3.7,-386,-3.4
"41061","5","713940","78","0","2022","A","","Union County, Oregon","Private","NAICS 713940 Fitness and recreational sports centers","County, NAICS 6-digit -- by ownership sector","All establishment sizes",4,33,356431,356431,8153,208,10828,"",1.01,0.84,0.63,0.55,0.62,0.75,0.75,"",1,33.3,7,26.9,60184,20.3,60184,20.3,1040,14.6,-8,-3.7,-386,-3.4
"41061","5","71395","77","0","2022","A","N","Union County, Oregon","Private","NAICS 71395 Bowling centers","County, NAICS 5-digit -- by ownership sector","All establishment sizes",1,0,0,0,0,0,0,"N",3.16,0,0,0,0,0,0,"N",0,0.0,0,0,0,0,0,0,0,0,0,0,0,0
"41061","5","713950","78","0","2022","A","N","Union County, Oregon","Private","NAICS 713950 Bowling centers","County, NAICS 6-digit -- by ownership sector","All establishment sizes",1,0,0,0,0,0,0,"N",3.16,0,0,0,0,0,0,"N",0,0.0,0,0,0,0,0,0,0,0,0,0,0,0
"41061","5","71399","77","0","2022","A","","Union County, Oregon","Private","NAICS 71399 All other amusement and recreation industries","County, NAICS 5-digit -- by ownership sector","All establishment sizes",5,10,355162,267199,7080,672,34934,"",2.31,0.66,1.30,0.80,1.00,1.92,1.92,"N",1,25.0,0,0,0,0,0,0,0,0,0,0,0,0
"41061","5","713990","78","0","2022","A","","Union County, Oregon","Private","NAICS 713990 All other amusement and recreation industries","County, NAICS 6-digit -- by ownership sector","All establishment sizes",5,10,355162,267199,7080,672,34934,"",2.31,0.66,1.30,0.80,1.00,1.92,1.92,"N",1,25.0,0,0,0,0,0,0,0,0,0,0,0,0
"41061","5","72","74","0","2022","A","","Union County, Oregon","Private","NAICS 72 Accommodation and food services","County, NAICS Sector -- by ownership sector","All establishment sizes",74,910,18427526,17815748,314086,389,20252,"",1.05,0.99,1.07,0.81,0.77,1.08,1.08,"",-3,-3.9,49,5.7,2096499,12.8,2089467,13.3,-82622,-20.8,24,6.6,1294,6.8
"41061","5","721","75","0","2022","A","","Union County, Oregon","Private","NAICS 721 Accommodation","County, NAICS 3-digit -- by ownership sector","All establishment sizes",14,84,1671028,1669189,33797,381,19815,"",1.97,0.69,0.51,0.46,0.46,0.73,0.73,"",1,7.7,4,5.0,141865,9.3,140026,9.2,-4549,-11.9,15,4.1,760,4.0
"41061","5","7211","76","0","2022","A","","Union County, Oregon","Private","NAICS 7211 Traveler accommodation","County, NAICS 4-digit -- by ownership sector","All establishment sizes",10,70,1325362,1325362,28780,367,19070,"",1.63,0.61,0.42,0.38,0.41,0.70,0.69,"N",0,0.0,0,0,0,0,0,0,0,0,0,0,0,0
"41061","5","72111","77","0","2022","A","","Union County, Oregon","Private","NAICS 72111 Hotels (except casino hotels) and motels","County, NAICS 5-digit -- by ownership sector","All establishment sizes",10,70,1325362,1325362,28780,367,19070,"",1.78,0.72,0.51,0.50,0.51,0.72,0.72,"N",0,0.0,0,0,0,0,0,0,0,0,0,0,0,0
"41061","5","721110","78","0","2022","A","","Union County, Oregon","Private","NAICS 721110 Hotels (except casino hotels) and motels","County, NAICS 6-digit -- by ownership sector","All establishment sizes",10,70,1325362,1325362,28780,367,19070,"",1.78,0.72,0.51,0.50,0.51,0.72,0.72,"N",0,0.0,0,0,0,0,0,0,0,0,0,0,0,0
"41061","5","7212","76","0","2022","A","","Union County, Oregon","Private","NAICS 7212 Rv (recreational vehicle) parks and recreational camps","County, NAICS 4-digit -- by ownership sector","All establishment sizes",4,15,345666,343827,5017,448,23303,"",5.09,3.03,3.28,2.86,1.69,1.09,1.09,"N",1,33.3,0,0,0,0,0,0,0,0,0,0,0,0
"41061","5","72121","77","0","2022","A","","Union County, Oregon","Private","NAICS 72121 Rv (recreational vehicle) parks and recreational camps","County, NAICS 5-digit -- by ownership sector","All establishment sizes",4,15,345666,343827,5017,448,23303,"",5.09,3.03,3.28,2.86,1.69,1.09,1.09,"N",1,33.3,0,0,0,0,0,0,0,0,0,0,0,0
"41061","5","721211","78","0","2022","A","N","Union County, Oregon","Private","NAICS 721211 Rv (recreational vehicle) parks and campgrounds","County, NAICS 6-digit -- by ownership sector","All establishment sizes",2,0,0,0,0,0,0,"N",4.05,0,0,0,0,0,0,"N",0,0.0,0,0,0,0,0,0,0,0,0,0,0,0
"41061","5","721214","78","0","2022","A","N","Union County, Oregon","Private","NAICS 721214 Recreational and vacation camps (except campgrounds)","County, NAICS 6-digit -- by ownership sector","All establishment sizes",2,0,0,0,0,0,0,"N",6.84,0,0,0,0,0,0,"N",1,100.0,0,0,0,0,0,0,0,0,0,0,0,0
"41061","5","722","75","0","2022","A","","Union County, Oregon","Private","NAICS 722 Food services and drinking places","County, NAICS 3-digit -- by ownership sector","All establishment sizes",60,826,16756498,16146559,280289,390,20297,"",0.95,1.03,1.20,0.88,0.84,1.16,1.16,"",-4,-6.2,45,5.8,1954634,13.2,1949441,13.7,-78073,-21.8,26,7.1,1349,7.1
"41061","5","7223","76","0","2022","A","N","Union County, Oregon","Private","NAICS 7223 Special food services","County, NAICS 4-digit -- by ownership sector","All establishment sizes",3,0,0,0,0,0,0,"N",0.69,0,0,0,0,0,0,"N",1,50.0,0,0,0,0,0,0,0,0,0,0,0,0
"41061","5","72231","77","0","2022","A","N","Union County, Oregon","Private","NAICS 72231 Food service contractors","County, NAICS 5-digit -- by ownership sector","All establishment sizes",1,0,0,0,0,0,0,"N",0.45,0,0,0,0,0,0,"N",0,0.0,0,0,0,0,0,0,0,0,0,0,0,0
"41061","5","722310","78","0","2022","A","N","Union County, Oregon","Private","NAICS 722310 Food service contractors","County, NAICS 6-digit -- by ownership sector","All establishment sizes",1,0,0,0,0,0,0,"N",0.45,0,0,0,0,0,0,"N",0,0.0,0,0,0,0,0,0,0,0,0,0,0,0
"41061","5","72232","77","0","2022","A","N","Union County, Oregon","Private","NAICS 72232 Caterers","County, NAICS 5-digit -- by ownership sector","All establishment sizes",2,0,0,0,0,0,0,"N",1.64,0,0,0,0,0,0,"N",1,100.0,0,0,0,0,0,0,0,0,0,0,0,0
"41061","5","722320","78","0","2022","A","N","Union County, Oregon","Private","NAICS 722320 Caterers","County, NAICS 6-digit -- by ownership sector","All establishment sizes",2,0,0,0,0,0,0,"N",1.64,0,0,0,0,0,0,"N",1,100.0,0,0,0,0,0,0,0,0,0,0,0,0
"41061","5","7224","76","0","2022","A","N","Union County, Oregon","Private","NAICS 7224 Drinking places (alcoholic beverages)","County, NAICS 4-digit -- by ownership sector","All establishment sizes",4,0,0,0,0,0,0,"N",1.02,0,0,0,0,0,0,"N",0,0.0,0,0,0,0,0,0,0,0,0,0,0,0
"41061","5","72241","77","0","2022","A","N","Union County, Oregon","Private","NAICS 72241 Drinking places (alcoholic beverages)","County, NAICS 5-digit -- by ownership sector","All establishment sizes",4,0,0,0,0,0,0,"N",1.02,0,0,0,0,0,0,"N",0,0.0,0,0,0,0,0,0,0,0,0,0,0,0
"41061","5","722410","78","0","2022","A","N","Union County, Oregon","Private","NAICS 722410 Drinking places (alcoholic beverages)","County, NAICS 6-digit -- by ownership sector","All establishment sizes",4,0,0,0,0,0,0,"N",1.02,0,0,0,0,0,0,"N",0,0.0,0,0,0,0,0,0,0,0,0,0,0,0
"41061","5","7225","76","0","2022","A","","Union County, Oregon","Private","NAICS 7225 Restaurants and other eating places","County, NAICS 4-digit -- by ownership sector","All establishment sizes",54,750,15529613,14982971,255166,398,20704,"",0.98,1.03,1.25,0.91,0.92,1.21,1.21,"",-4,-6.9,34,4.7,1589542,11.4,1604985,12.0,-75560,-22.8,23,6.1,1221,6.3
"41061","5","72251","77","0","2022","A","","Union County, Oregon","Private","NAICS 72251 Restaurants and other eating places","County, NAICS 5-digit -- by ownership sector","All establishment sizes",54,750,15529613,14982971,255166,398,20704,"",0.98,1.03,1.25,0.91,0.92,1.21,1.21,"",-4,-6.9,34,4.7,1589542,11.4,1604985,12.0,-75560,-22.8,23,6.1,1221,6.3
"41061","5","722511","78","0","2022","A","","Union County, Oregon","Private","NAICS 722511 Full-service restaurants","County, NAICS 6-digit -- by ownership sector","All establishment sizes",26,351,7622541,7314901,112729,418,21711,"",1.09,0.99,1.10,0.85,0.74,1.11,1.11,"",-2,-7.1,12,3.5,687568,9.9,646035,9.7,-83000,-42.4,25,6.4,1264,6.2
"41061","5","722513","78","0","2022","A","","Union County, Oregon","Private","NAICS 722513 Limited-service restaurants","County, NAICS 6-digit -- by ownership sector","All establishment sizes",20,299,6064551,5894908,112563,390,20260,"",0.84,0.97,1.34,0.91,1.14,1.37,1.37,"",-2,-9.1,11,3.8,651325,12.0,697771,13.4,554,0.5,29,8.0,1470,7.8
"41061","5","722515","78","0","2022","A","","Union County, Oregon","Private","NAICS 722515 Snack and nonalcoholic beverage bars","County, NAICS 6-digit -- by ownership sector","All establishment sizes",8,100,1842521,1773162,29874,356,18487,"",1.15,1.59,2.01,1.35,1.24,1.27,1.27,"",1,14.3,12,13.6,250649,15.7,261179,17.3,6886,30.0,9,2.6,449,2.5
"41061","5","81","74","0","2022","A","","Union County, Oregon","Private","NAICS 81 Other services (except public administration)","County, NAICS Sector -- by ownership sector","All establishment sizes",84,312,9419771,8058390,156124,580,30175,"",1.05,1.03,0.94,1.11,1.09,0.91,0.91,"",-1,-1.2,23,8.0,1157729,14.0,1208281,17.6,25651,19.7,30,5.5,1554,5.4
"41061","5","811","75","0","2022","A","","Union County, Oregon","Private","NAICS 811 Repair and maintenance","County, NAICS 3-digit -- by ownership sector","All establishment sizes",17,82,3784305,3283930,71944,893,46433,"",0.76,0.86,1.05,1.20,1.38,1.23,1.23,"",0,0.0,3,3.8,573282,17.9,491407,17.6,8779,13.9,115,14.8,5958,14.7
"41061","5","8111","76","0","2022","A","N","Union County, Oregon","Private","NAICS 8111 Automotive repair and maintenance","County, NAICS 4-digit -- by ownership sector","All establishment sizes",16,0,0,0,0,0,0,"N",1.01,0,0,0,0,0,0,"N",0,0.0,0,0,0,0,0,0,0,0,0,0,0,0
"41061","5","81111","77","0","2022","A","","Union County, Oregon","Private","NAICS 81111 Automotive mechanical and electrical repair and maintenance","County, NAICS 5-digit -- by ownership sector","All establishment sizes",7,31,1265189,1183459,20565,783,40703,"",0.79,1.07,1.22,1.41,1.44,1.14,1.14,"N",1,16.7,0,0,0,0,0,0,0,0,0,0,0,0
"41061","5","811111","78","0","2022","A","","Union County, Oregon","Private","NAICS 811111 General automotive repair","County, NAICS 6-digit -- by ownership sector","All establishment sizes",7,31,1265189,1183459,20565,783,40703,"",0.89,1.20,1.36,1.57,1.61,1.13,1.13,"N",1,16.7,0,0,0,0,0,0,0,0,0,0,0,0
"41061","5","81112","77","0","2022","A","","Union County, Oregon","Private","NAICS 81112 Automotive body, paint, interior, and glass repair","County, NAICS 5-digit -- by ownership sector","All establishment sizes",6,35,2026483,1619408,38235,1124,58456,"",1.55,1.81,2.56,2.81,3.61,1.43,1.43,"",0,0.0,4,12.9,548027,37.1,400885,32.9,7195,23.2,214,23.5,11145,23.6
"41061","5","811121","78","0","2022","A","","Union County, Oregon","Private","NAICS 811121 Automotive body, paint, and interior repair and maintenance","County, NAICS 6-digit -- by ownership sector","All establishment sizes",6,35,2026483,1619408,38235,1124,58456,"",1.84,2.07,2.89,3.23,4.21,1.41,1.41,"",0,0.0,4,12.9,548027,37.1,400885,32.9,7195,23.2,214,23.5,11145,23.6
"41061","5","81119","77","0","2022","A","N","Union County, Oregon","Private","NAICS 81119 Other automotive repair and maintenance","County, NAICS 5-digit -- by ownership sector","All establishment sizes",3,0,0,0,0,0,0,"N",0.98,0,0,0,0,0,0,"N",-1,-25.0,0,0,0,0,0,0,0,0,0,0,0,0
"41061","5","811191","78","0","2022","A","N","Union County, Oregon","Private","NAICS 811191 Automotive oil change and lubrication shops","County, NAICS 6-digit -- by ownership sector","All establishment sizes",2,0,0,0,0,0,0,"N",2.82,0,0,0,0,0,0,"N",0,0.0,0,0,0,0,0,0,0,0,0,0,0,0
"41061","5","811198","78","0","2022","A","N","Union County, Oregon","Private","NAICS 811198 All other automotive repair and maintenance","County, NAICS 6-digit -- by ownership sector","All establishment sizes",1,0,0,0,0,0,0,"N",1.57,0,0,0,0,0,0,"N",0,0.0,0,0,0,0,0,0,0,0,0,0,0,0
"41061","5","8114","76","0","2022","A","N","Union County, Oregon","Private","NAICS 8114 Personal and household goods repair and maintenance","County, NAICS 4-digit -- by ownership sector","All establishment sizes",1,0,0,0,0,0,0,"N",0.44,0,0,0,0,0,0,"N",0,0.0,0,0,0,0,0,0,0,0,0,0,0,0
"41061","5","81141","77","0","2022","A","N","Union County, Oregon","Private","NAICS 81141 Home and garden equipment and appliance repair and maintenance","County, NAICS 5-digit -- by ownership sector","All establishment sizes",1,0,0,0,0,0,0,"N",1.37,0,0,0,0,0,0,"N",0,0.0,0,0,0,0,0,0,0,0,0,0,0,0
"41061","5","811411","78","0","2022","A","N","Union County, Oregon","Private","NAICS 811411 Home and garden equipment repair and maintenance","County, NAICS 6-digit -- by ownership sector","All establishment sizes",1,0,0,0,0,0,0,"N",5.47,0,0,0,0,0,0,"N",0,0.0,0,0,0,0,0,0,0,0,0,0,0,0
"41061","5","812","75","0","2022","A","","Union County, Oregon","Private","NAICS 812 Personal and laundry services","County, NAICS 3-digit -- by ownership sector","All establishment sizes",11,42,818194,745673,12485,373,19404,"",0.47,0.41,0.33,0.30,0.26,0.79,0.79,"N",0,0.0,0,0,0,0,0,0,0,0,0,0,0,0
"41061","5","8121","76","0","2022","A","","Union County, Oregon","Private","NAICS 8121 Personal care services","County, NAICS 4-digit -- by ownership sector","All establishment sizes",5,11,312067,311021,6325,541,28156,"",0.37,0.22,0.29,0.26,0.27,1.29,1.30,"",0,0.0,-3,-21.4,-45946,-12.8,-46604,-13.0,-2951,-31.8,46,9.3,2431,9.4
"41061","5","81211","77","0","2022","A","N","Union County, Oregon","Private","NAICS 81211 Hair, nail, and skin care services","County, NAICS 5-digit -- by ownership sector","All establishment sizes",4,0,0,0,0,0,0,"N",0.37,0,0,0,0,0,0,"N",0,0.0,0,0,0,0,0,0,0,0,0,0,0,0
"41061","5","812112","78","0","2022","A","","Union County, Oregon","Private","NAICS 812112 Beauty salons","County, NAICS 6-digit -- by ownership sector","All establishment sizes",3,8,231122,230076,4761,561,29194,"",0.43,0.32,0.41,0.38,0.46,1.29,1.29,"N",0,0.0,0,0,0,0,0,0,0,0,0,0,0,0
"41061","5","812113","78","0","2022","A","N","Union County, Oregon","Private","NAICS 812113 Nail salons","County, NAICS 6-digit -- by ownership sector","All establishment sizes",1,0,0,0,0,0,0,"N",0.34,0,0,0,0,0,0,"N",0,0.0,0,0,0,0,0,0,0,0,0,0,0,0
"41061","5","81219","77","0","2022","A","N","Union County, Oregon","Private","NAICS 81219 Other personal care services","County, NAICS 5-digit -- by ownership sector","All establishment sizes",1,0,0,0,0,0,0,"N",0.36,0,0,0,0,0,0,"N",0,0.0,0,0,0,0,0,0,0,0,0,0,0,0
"41061","5","812191","78","0","2022","A","N","Union County, Oregon","Private","NAICS 812191 Diet and weight reducing centers","County, NAICS 6-digit -- by ownership sector","All establishment sizes",1,0,0,0,0,0,0,"N",3.52,0,0,0,0,0,0,"N",0,0.0,0,0,0,0,0,0,0,0,0,0,0,0
"41061","5","8122","76","0","2022","A","N","Union County, Oregon","Private","NAICS 8122 Death care services","County, NAICS 4-digit -- by ownership sector","All establishment sizes",2,0,0,0,0,0,0,"N",1.18,0,0,0,0,0,0,"N",0,0.0,0,0,0,0,0,0,0,0,0,0,0,0
"41061","5","81221","77","0","2022","A","N","Union County, Oregon","Private","NAICS 81221 Funeral homes and funeral services","County, NAICS 5-digit -- by ownership sector","All establishment sizes",2,0,0,0,0,0,0,"N",1.56,0,0,0,0,0,0,"N",0,0.0,0,0,0,0,0,0,0,0,0,0,0,0
"41061","5","812210","78","0","2022","A","N","Union County, Oregon","Private","NAICS 812210 Funeral homes and funeral services","County, NAICS 6-digit -- by ownership sector","All establishment sizes",2,0,0,0,0,0,0,"N",1.56,0,0,0,0,0,0,"N",0,0.0,0,0,0,0,0,0,0,0,0,0,0,0
"41061","5","8123","76","0","2022","A","N","Union County, Oregon","Private","NAICS 8123 Drycleaning and laundry services","County, NAICS 4-digit -- by ownership sector","All establishment sizes",1,0,0,0,0,0,0,"N",0.37,0,0,0,0,0,0,"N",0,0.0,0,0,0,0,0,0,0,0,0,0,0,0
"41061","5","81231","77","0","2022","A","N","Union County, Oregon","Private","NAICS 81231 Coin-operated laundries and drycleaners","County, NAICS 5-digit -- by ownership sector","All establishment sizes",0,0,0,0,0,0,0,"N",0.00,0,0,0,0,0,0,"N",0,0,0,0,0,0,0,0,0,0,0,0,0,0
"41061","5","812310","78","0","2022","A","N","Union County, Oregon","Private","NAICS 812310 Coin-operated laundries and drycleaners","County, NAICS 6-digit -- by ownership sector","All establishment sizes",0,0,0,0,0,0,0,"N",0.00,0,0,0,0,0,0,"N",0,0,0,0,0,0,0,0,0,0,0,0,0,0
"41061","5","81232","77","0","2022","A","N","Union County, Oregon","Private","NAICS 81232 Drycleaning and laundry services (except coin-operated)","County, NAICS 5-digit -- by ownership sector","All establishment sizes",1,0,0,0,0,0,0,"N",0.67,0,0,0,0,0,0,"N",0,0.0,0,0,0,0,0,0,0,0,0,0,0,0
"41061","5","812320","78","0","2022","A","N","Union County, Oregon","Private","NAICS 812320 Drycleaning and laundry services (except coin-operated)","County, NAICS 6-digit -- by ownership sector","All establishment sizes",1,0,0,0,0,0,0,"N",0.67,0,0,0,0,0,0,"N",0,0.0,0,0,0,0,0,0,0,0,0,0,0,0
"41061","5","8129","76","0","2022","A","N","Union County, Oregon","Private","NAICS 8129 Other personal services","County, NAICS 4-digit -- by ownership sector","All establishment sizes",3,0,0,0,0,0,0,"N",0.55,0,0,0,0,0,0,"N",0,0.0,0,0,0,0,0,0,0,0,0,0,0,0
"41061","5","81291","77","0","2022","A","N","Union County, Oregon","Private","NAICS 81291 Pet care (except veterinary) services","County, NAICS 5-digit -- by ownership sector","All establishment sizes",3,0,0,0,0,0,0,"N",1.35,0,0,0,0,0,0,"N",0,0.0,0,0,0,0,0,0,0,0,0,0,0,0
"41061","5","812910","78","0","2022","A","N","Union County, Oregon","Private","NAICS 812910 Pet care (except veterinary) services","County, NAICS 6-digit -- by ownership sector","All establishment sizes",3,0,0,0,0,0,0,"N",1.35,0,0,0,0,0,0,"N",0,0.0,0,0,0,0,0,0,0,0,0,0,0,0
"41061","5","813","75","0","2022","A","","Union County, Oregon","Private","NAICS 813 Religious, grantmaking, civic, professional, and similar organizations","County, NAICS 3-digit -- by ownership sector","All establishment sizes",43,163,4290154,3503374,61512,505,26266,"",2.75,1.78,1.20,2.08,1.74,0.67,0.67,"",0,0.0,18,12.4,451512,11.8,581736,19.9,17656,40.3,-4,-0.8,-192,-0.7
"41061","5","8131","76","0","2022","A","","Union County, Oregon","Private","NAICS 8131 Religious organizations","County, NAICS 4-digit -- by ownership sector","All establishment sizes",28,91,2077473,1625418,15777,439,22829,"",11.98,6.92,6.41,11.08,4.94,0.93,0.93,"",2,7.7,13,16.7,203709,10.9,168703,11.6,-2577,-14.0,-21,-4.6,-1091,-4.6
"41061","5","81311","77","0","2022","A","","Union County, Oregon","Private","NAICS 81311 Religious organizations","County, NAICS 5-digit -- by ownership sector","All establishment sizes",28,91,2077473,1625418,15777,439,22829,"",11.98,6.92,6.41,11.08,4.94,0.93,0.93,"",2,7.7,13,16.7,203709,10.9,168703,11.6,-2577,-14.0,-21,-4.6,-1091,-4.6
"41061","5","813110","78","0","2022","A","","Union County, Oregon","Private","NAICS 813110 Religious organizations","County, NAICS 6-digit -- by ownership sector","All establishment sizes",28,91,2077473,1625418,15777,439,22829,"",11.98,6.92,6.41,11.08,4.94,0.93,0.93,"",2,7.7,13,16.7,203709,10.9,168703,11.6,-2577,-14.0,-21,-4.6,-1091,-4.6
"41061","5","8133","76","0","2022","A","","Union County, Oregon","Private","NAICS 8133 Social advocacy organizations","County, NAICS 4-digit -- by ownership sector","All establishment sizes",4,28,1333596,1146023,35928,916,47628,"",1.37,1.67,1.87,3.04,4.18,1.12,1.12,"",0,0.0,5,21.7,367960,38.1,310060,37.1,20412,131.6,117,14.6,6095,14.7
"41061","5","81331","77","0","2022","A","","Union County, Oregon","Private","NAICS 81331 Social advocacy organizations","County, NAICS 5-digit -- by ownership sector","All establishment sizes",4,28,1333596,1146023,35928,916,47628,"",1.37,1.67,1.87,3.04,4.18,1.12,1.12,"",0,0.0,5,21.7,367960,38.1,310060,37.1,20412,131.6,117,14.6,6095,14.7
"41061","5","813312","78","0","2022","A","N","Union County, Oregon","Private","NAICS 813312 Environment, conservation and wildlife organizations","County, NAICS 6-digit -- by ownership sector","All establishment sizes",3,0,0,0,0,0,0,"N",3.76,0,0,0,0,0,0,"N",0,0.0,0,0,0,0,0,0,0,0,0,0,0,0
"41061","5","813319","78","0","2022","A","N","Union County, Oregon","Private","NAICS 813319 Other social advocacy organizations","County, NAICS 6-digit -- by ownership sector","All establishment sizes",1,0,0,0,0,0,0,"N",0.64,0,0,0,0,0,0,"N",0,0.0,0,0,0,0,0,0,0,0,0,0,0,0
"41061","5","8134","76","0","2022","A","","Union County, Oregon","Private","NAICS 8134 Civic and social organizations","County, NAICS 4-digit -- by ownership sector","All establishment sizes",3,6,161844,154384,1390,512,26604,"",1.22,0.28,0.38,0.67,0.29,1.37,1.37,"",-1,-25.0,1,20.0,69569,75.4,70980,85.1,-1507,-52.0,118,29.9,6098,29.7
"41061","5","81341","77","0","2022","A","","Union County, Oregon","Private","NAICS 81341 Civic and social organizations","County, NAICS 5-digit -- by ownership sector","All establishment sizes",3,6,161844,154384,1390,512,26604,"",1.22,0.28,0.38,0.67,0.29,1.37,1.37,"",-1,-25.0,1,20.0,69569,75.4,70980,85.1,-1507,-52.0,118,29.9,6098,29.7
"41061","5","813410","78","0","2022","A","","Union County, Oregon","Private","NAICS 813410 Civic and social organizations","County, NAICS 6-digit -- by ownership sector","All establishment sizes",3,6,161844,154384,1390,512,26604,"",1.22,0.28,0.38,0.67,0.29,1.37,1.37,"",-1,-25.0,1,20.0,69569,75.4,70980,85.1,-1507,-52.0,118,29.9,6098,29.7
"41061","5","8139","76","0","2022","A","","Union County, Oregon","Private","NAICS 8139 Business, professional, labor, political, and similar organizations","County, NAICS 4-digit -- by ownership sector","All establishment sizes",8,38,717241,577549,8417,361,18751,"",1.35,1.30,0.47,0.80,0.59,0.36,0.36,"",-1,-11.1,-1,-2.6,-189726,-20.9,31993,5.9,1328,18.7,-86,-19.2,-4505,-19.4
"41061","5","81391","77","0","2022","A","","Union County, Oregon","Private","NAICS 81391 Business associations","County, NAICS 5-digit -- by ownership sector","All establishment sizes",3,10,389574,349290,6040,782,40651,"",1.55,1.27,0.74,1.62,1.53,0.61,0.61,"",0,0.0,0,0.0,-172650,-30.7,34390,10.9,2201,57.3,-318,-28.9,-16524,-28.9
"41061","5","813910","78","0","2022","A","","Union County, Oregon","Private","NAICS 813910 Business associations","County, NAICS 6-digit -- by ownership sector","All establishment sizes",3,10,389574,349290,6040,782,40651,"",1.55,1.27,0.74,1.62,1.53,0.61,0.61,"",0,0.0,0,0.0,-172650,-30.7,34390,10.9,2201,57.3,-318,-28.9,-16524,-28.9
"41061","5","81392","77","0","2022","A","N","Union County, Oregon","Private","NAICS 81392 Professional organizations","County, NAICS 5-digit -- by ownership sector","All establishment sizes",1,0,0,0,0,0,0,"N",0.99,0,0,0,0,0,0,"N",0,0.0,0,0,0,0,0,0,0,0,0,0,0,0
"41061","5","813920","78","0","2022","A","N","Union County, Oregon","Private","NAICS 813920 Professional organizations","County, NAICS 6-digit -- by ownership sector","All establishment sizes",1,0,0,0,0,0,0,"N",0.99,0,0,0,0,0,0,"N",0,0.0,0,0,0,0,0,0,0,0,0,0,0,0
"41061","5","81393","77","0","2022","A","N","Union County, Oregon","Private","NAICS 81393 Labor unions and similar labor organizations","County, NAICS 5-digit -- by ownership sector","All establishment sizes",3,0,0,0,0,0,0,"N",2.50,0,0,0,0,0,0,"N",0,0.0,0,0,0,0,0,0,0,0,0,0,0,0
"41061","5","813930","78","0","2022","A","N","Union County, Oregon","Private","NAICS 813930 Labor unions and similar labor organizations","County, NAICS 6-digit -- by ownership sector","All establishment sizes",3,0,0,0,0,0,0,"N",2.50,0,0,0,0,0,0,"N",0,0.0,0,0,0,0,0,0,0,0,0,0,0,0
"41061","5","81399","77","0","2022","A","N","Union County, Oregon","Private","NAICS 81399 Other similar organizations (except business, professional, labor, and political organizations)","County, NAICS 5-digit -- by ownership sector","All establishment sizes",1,0,0,0,0,0,0,"N",0.70,0,0,0,0,0,0,"N",-1,-50.0,0,0,0,0,0,0,0,0,0,0,0,0
"41061","5","813990","78","0","2022","A","N","Union County, Oregon","Private","NAICS 813990 Other similar organizations (except business, professional, labor, and political organizations)","County, NAICS 6-digit -- by ownership sector","All establishment sizes",1,0,0,0,0,0,0,"N",0.70,0,0,0,0,0,0,"N",-1,-50.0,0,0,0,0,0,0,0,0,0,0,0,0
"41061","5","814","75","0","2022","A","","Union County, Oregon","Private","NAICS 814 Private households","County, NAICS 3-digit -- by ownership sector","All establishment sizes",12,25,527118,525413,10183,403,20945,"",0.64,1.72,1.41,1.47,1.27,0.82,0.82,"N",-2,-14.3,0,0,0,0,0,0,0,0,0,0,0,0
"41061","5","8141","76","0","2022","A","","Union County, Oregon","Private","NAICS 8141 Private households","County, NAICS 4-digit -- by ownership sector","All establishment sizes",12,25,527118,525413,10183,403,20945,"",0.64,1.72,1.41,1.47,1.27,0.82,0.82,"N",-2,-14.3,0,0,0,0,0,0,0,0,0,0,0,0
"41061","5","81411","77","0","2022","A","","Union County, Oregon","Private","NAICS 81411 Private households","County, NAICS 5-digit -- by ownership sector","All establishment sizes",12,25,527118,525413,10183,403,20945,"",0.64,1.72,1.41,1.47,1.27,0.82,0.82,"N",-2,-14.3,0,0,0,0,0,0,0,0,0,0,0,0
"41061","5","814110","78","0","2022","A","","Union County, Oregon","Private","NAICS 814110 Private households","County, NAICS 6-digit -- by ownership sector","All establishment sizes",12,25,527118,525413,10183,403,20945,"",0.64,1.72,1.41,1.47,1.27,0.82,0.82,"N",-2,-14.3,0,0,0,0,0,0,0,0,0,0,0,0
"41061","5","99","74","0","2022","A","","Union County, Oregon","Private","NAICS 99 Unclassified","County, NAICS Sector -- by ownership sector","All establishment sizes",33,15,722717,577557,13861,942,48998,"",1.03,0.74,0.70,0.76,0.56,0.96,0.96,"",8,32.0,5,50.0,312971,76.4,230086,66.2,4825,53.4,167,21.5,8695,21.6
"41061","5","999","75","0","2022","A","","Union County, Oregon","Private","NAICS 999 Unclassified","County, NAICS 3-digit -- by ownership sector","All establishment sizes",33,15,722717,577557,13861,942,48998,"",1.03,0.74,0.70,0.76,0.56,0.96,0.96,"",8,32.0,5,50.0,312971,76.4,230086,66.2,4825,53.4,167,21.5,8695,21.6
"41061","5","9999","76","0","2022","A","","Union County, Oregon","Private","NAICS 9999 Unclassified","County, NAICS 4-digit -- by ownership sector","All establishment sizes",33,15,722717,577557,13861,942,48998,"",1.03,0.74,0.70,0.76,0.56,0.96,0.96,"",8,32.0,5,50.0,312971,76.4,230086,66.2,4825,53.4,167,21.5,8695,21.6
"41061","5","99999","77","0","2022","A","","Union County, Oregon","Private","NAICS 99999 Unclassified","County, NAICS 5-digit -- by ownership sector","All establishment sizes",33,15,722717,577557,13861,942,48998,"",1.03,0.74,0.70,0.76,0.56,0.96,0.96,"",8,32.0,5,50.0,312971,76.4,230086,66.2,4825,53.4,167,21.5,8695,21.6
"41061","5","999999","78","0","2022","A","","Union County, Oregon","Private","NAICS 999999 Unclassified","County, NAICS 6-digit -- by ownership sector","All establishment sizes",33,15,722717,577557,13861,942,48998,"",1.03,0.74,0.70,0.76,0.56,0.96,0.96,"",8,32.0,5,50.0,312971,76.4,230086,66.2,4825,53.4,167,21.5,8695,21.6
