"area_fips","own_code","industry_code","agglvl_code","size_code","year","qtr","disclosure_code","area_title","own_title","industry_title","agglvl_title","size_title","annual_avg_estabs_count","annual_avg_emplvl","total_annual_wages","taxable_annual_wages","annual_contributions","annual_avg_wkly_wage","avg_annual_pay","lq_disclosure_code","lq_annual_avg_estabs_count","lq_annual_avg_emplvl","lq_total_annual_wages","lq_taxable_annual_wages","lq_annual_contributions","lq_annual_avg_wkly_wage","lq_avg_annual_pay","oty_disclosure_code","oty_annual_avg_estabs_count_chg","oty_annual_avg_estabs_count_pct_chg","oty_annual_avg_emplvl_chg","oty_annual_avg_emplvl_pct_chg","oty_total_annual_wages_chg","oty_total_annual_wages_pct_chg","oty_taxable_annual_wages_chg","oty_taxable_annual_wages_pct_chg","oty_annual_contributions_chg","oty_annual_contributions_pct_chg","oty_annual_avg_wkly_wage_chg","oty_annual_avg_wkly_wage_pct_chg","oty_avg_annual_pay_chg","oty_avg_annual_pay_pct_chg"
"30075","0","10","70","0","2022","A","","Powder River County, Montana","Total Covered","10 Total, all industries","County, Total Covered","All establishment sizes",106,526,22567584,14363900,112689,825,42925,"",1.00,1.00,1.00,1.00,1.00,1.00,1.00,"",7,7.1,30,6.0,6306086,38.8,2553858,21.6,47129,71.9,195,31.0,10145,30.9
"30075","1","10","71","0","2022","A","","Powder River County, Montana","Federal Government","10 Total, all industries","County, Total -- by ownership sector","All establishment sizes",6,12,573306,0,0,952,49494,"",10.71,1.20,1.00,0.00,0.00,0.87,0.87,"",0,0.0,-1,-7.7,17498,3.1,0,0.0,0,0.0,130,15.8,6740,15.8
"30075","1","102","72","0","2022","A","","Powder River County, Montana","Federal Government","102 Service-providing","County, by Domain -- by ownership sector","All establishment sizes",6,12,573306,0,0,952,49494,"",10.74,1.22,1.02,0.00,0.00,0.87,0.87,"",0,0.0,-1,-7.7,17498,3.1,0,0.0,0,0.0,130,15.8,6740,15.8
"30075","1","1021","73","0","2022","A","","Powder River County, Montana","Federal Government","1021 Trade, transportation, and utilities","County, by Supersector -- by ownership sector","All establishment sizes",3,5,228365,0,0,909,47248,"",10.77,2.14,2.29,0.00,0.00,1.11,1.11,"",0,0.0,-1,-16.7,-4314,-1.9,0,0.0,0,0.0,131,16.8,6782,16.8
"30075","1","1028","73","0","2022","A","","Powder River County, Montana","Federal Government","1028 Public administration","County, by Supersector -- by ownership sector","All establishment sizes",3,7,344941,0,0,983,51102,"",13.01,1.26,0.99,0.00,0.00,0.81,0.81,"",0,0.0,0,0.0,21812,6.8,0,0.0,0,0.0,126,14.7,6532,14.7
"30075","1","48-49","74","0","2022","A","","Powder River County, Montana","Federal Government","NAICS 48-49 Transportation and warehousing","County, NAICS Sector -- by ownership sector","All establishment sizes",3,5,228365,0,0,909,47248,"",11.10,2.32,2.46,0.00,0.00,1.10,1.10,"",0,0.0,-1,-16.7,-4314,-1.9,0,0.0,0,0.0,131,16.8,6782,16.8
"30075","1","491","75","0","2022","A","","Powder River County, Montana","Federal Government","NAICS 491 Postal service","County, NAICS 3-digit -- by ownership sector","All establishment sizes",3,5,228365,0,0,909,47248,"",11.16,2.37,2.56,0.00,0.00,1.12,1.12,"",0,0.0,-1,-16.7,-4314,-1.9,0,0.0,0,0.0,131,16.8,6782,16.8
"30075","1","4911","76","0","2022","A","","Powder River County, Montana","Federal Government","NAICS 4911 Postal service","County, NAICS 4-digit -- by ownership sector","All establishment sizes",3,5,228365,0,0,909,47248,"",11.16,2.37,2.56,0.00,0.00,1.12,1.12,"",0,0.0,-1,-16.7,-4314,-1.9,0,0.0,0,0.0,131,16.8,6782,16.8
"30075","1","49111","77","0","2022","A","","Powder River County, Montana","Federal Government","NAICS 49111 Postal service","County, NAICS 5-digit -- by ownership sector","All establishment sizes",3,5,228365,0,0,909,47248,"",11.16,2.37,2.56,0.00,0.00,1.12,1.12,"",0,0.0,-1,-16.7,-4314,-1.9,0,0.0,0,0.0,131,16.8,6782,16.8
"30075","1","491110","78","0","2022","A","","Powder River County, Montana","Federal Government","NAICS 491110 Postal service","County, NAICS 6-digit -- by ownership sector","All establishment sizes",3,5,228365,0,0,909,47248,"",11.16,2.37,2.56,0.00,0.00,1.12,1.12,"",0,0.0,-1,-16.7,-4314,-1.9,0,0.0,0,0.0,131,16.8,6782,16.8
"30075","1","92","74","0","2022","A","","Powder River County, Montana","Federal Government","NAICS 92 Public administration","County, NAICS Sector -- by ownership sector","All establishment sizes",3,7,344941,0,0,983,51102,"",13.01,1.26,0.99,0.00,0.00,0.81,0.81,"",0,0.0,0,0.0,21812,6.8,0,0.0,0,0.0,126,14.7,6532,14.7
"30075","1","924","75","0","2022","A","","Powder River County, Montana","Federal Government","NAICS 924 Administration of environmental quality programs","County, NAICS 3-digit -- by ownership sector","All establishment sizes",2,7,344941,0,0,983,51102,"",41.87,20.81,17.52,0.00,0.00,0.87,0.87,"",0,0.0,0,0.0,21812,6.8,0,0.0,0,0.0,126,14.7,6532,14.7
"30075","1","9241","76","0","2022","A","","Powder River County, Montana","Federal Government","NAICS 9241 Administration of environmental quality programs","County, NAICS 4-digit -- by ownership sector","All establishment sizes",2,7,344941,0,0,983,51102,"",41.87,20.81,17.52,0.00,0.00,0.87,0.87,"",0,0.0,0,0.0,21812,6.8,0,0.0,0,0.0,126,14.7,6532,14.7
"30075","1","92412","77","0","2022","A","","Powder River County, Montana","Federal Government","NAICS 92412 Administration of conservation programs","County, NAICS 5-digit -- by ownership sector","All establishment sizes",2,7,344941,0,0,983,51102,"",44.44,25.36,22.89,0.00,0.00,0.94,0.94,"",0,0.0,0,0.0,21812,6.8,0,0.0,0,0.0,126,14.7,6532,14.7
"30075","1","924120","78","0","2022","A","","Powder River County, Montana","Federal Government","NAICS 924120 Administration of conservation programs","County, NAICS 6-digit -- by ownership sector","All establishment sizes",2,7,344941,0,0,983,51102,"",44.44,25.36,22.89,0.00,0.00,0.94,0.94,"",0,0.0,0,0.0,21812,6.8,0,0.0,0,0.0,126,14.7,6532,14.7
"30075","1","926","75","0","2022","A","","Powder River County, Montana","Federal Government","NAICS 926 Administration of economic programs","County, NAICS 3-digit -- by ownership sector","All establishment sizes",1,0,0,0,0,0,0,"",11.29,0.00,0.00,0.00,0.00,0.00,0.00,"",0,0.0,0,0.0,0,0.0,0,0.0,0,0.0,0,0.0,0,0.0
"30075","1","9261","76","0","2022","A","","Powder River County, Montana","Federal Government","NAICS 9261 Administration of economic programs","County, NAICS 4-digit -- by ownership sector","All establishment sizes",1,0,0,0,0,0,0,"",11.29,0.00,0.00,0.00,0.00,0.00,0.00,"",0,0.0,0,0.0,0,0.0,0,0.0,0,0.0,0,0.0,0,0.0
"30075","1","92611","77","0","2022","A","","Powder River County, Montana","Federal Government","NAICS 92611 Administration of general economic programs","County, NAICS 5-digit -- by ownership sector","All establishment sizes",1,0,0,0,0,0,0,"",25.46,0.00,0.00,0.00,0.00,0.00,0.00,"",0,0.0,0,0.0,0,0.0,0,0.0,0,0.0,0,0.0,0,0.0
"30075","1","926110","78","0","2022","A","","Powder River County, Montana","Federal Government","NAICS 926110 Administration of general economic programs","County, NAICS 6-digit -- by ownership sector","All establishment sizes",1,0,0,0,0,0,0,"",25.46,0.00,0.00,0.00,0.00,0.00,0.00,"",0,0.0,0,0.0,0,0.0,0,0.0,0,0.0,0,0.0,0,0.0
"30075","2","10","71","0","2022","A","","Powder River County, Montana","State Government","10 Total, all industries","County, Total -- by ownership sector","All establishment sizes",2,9,549404,549404,1922,1243,64636,"",3.06,0.57,0.77,7.14,34.46,1.45,1.45,"N",0,0.0,0,0,0,0,0,0,0,0,0,0,0,0
"30075","2","101","72","0","2022","A","","Powder River County, Montana","State Government","101 Goods-producing","County, by Domain -- by ownership sector","All establishment sizes",1,8,476950,476950,1669,1223,63593,"",56.57,31.28,49.93,240.42,827.38,1.70,1.70,"N",0,0.0,0,0,0,0,0,0,0,0,0,0,0,0
"30075","2","1012","73","0","2022","A","","Powder River County, Montana","State Government","1012 Construction","County, by Supersector -- by ownership sector","All establishment sizes",1,8,476950,476950,1669,1223,63593,"",61.85,32.40,51.55,240.63,829.65,1.70,1.70,"N",0,0.0,0,0,0,0,0,0,0,0,0,0,0,0
"30075","2","102","72","0","2022","A","","Powder River County, Montana","State Government","102 Service-providing","County, by Domain -- by ownership sector","All establishment sizes",1,1,72454,72454,253,1393,72454,"",1.57,0.06,0.10,0.97,4.71,1.62,1.62,"N",0,0.0,0,0,0,0,0,0,0,0,0,0,0,0
"30075","2","1028","73","0","2022","A","","Powder River County, Montana","State Government","1028 Public administration","County, by Supersector -- by ownership sector","All establishment sizes",1,1,72454,72454,253,1393,72454,"",2.15,0.16,0.26,1.86,8.40,1.62,1.62,"N",0,0.0,0,0,0,0,0,0,0,0,0,0,0,0
"30075","2","23","74","0","2022","A","","Powder River County, Montana","State Government","NAICS 23 Construction","County, NAICS Sector -- by ownership sector","All establishment sizes",1,8,476950,476950,1669,1223,63593,"",61.85,32.40,51.55,240.63,829.65,1.70,1.70,"N",0,0.0,0,0,0,0,0,0,0,0,0,0,0,0
"30075","2","237","75","0","2022","A","","Powder River County, Montana","State Government","NAICS 237 Heavy and civil engineering construction","County, NAICS 3-digit -- by ownership sector","All establishment sizes",1,8,476950,476950,1669,1223,63593,"",61.96,32.52,51.88,240.64,830.43,1.70,1.70,"N",0,0.0,0,0,0,0,0,0,0,0,0,0,0,0
"30075","2","2373","76","0","2022","A","","Powder River County, Montana","State Government","NAICS 2373 Highway, street, and bridge construction","County, NAICS 4-digit -- by ownership sector","All establishment sizes",1,8,476950,476950,1669,1223,63593,"",61.99,32.54,51.92,240.64,830.43,1.70,1.70,"N",0,0.0,0,0,0,0,0,0,0,0,0,0,0,0
"30075","2","23731","77","0","2022","A","","Powder River County, Montana","State Government","NAICS 23731 Highway, street, and bridge construction","County, NAICS 5-digit -- by ownership sector","All establishment sizes",1,8,476950,476950,1669,1223,63593,"",61.99,32.54,51.92,240.64,830.43,1.70,1.70,"N",0,0.0,0,0,0,0,0,0,0,0,0,0,0,0
"30075","2","237310","78","0","2022","A","","Powder River County, Montana","State Government","NAICS 237310 Highway, street, and bridge construction","County, NAICS 6-digit -- by ownership sector","All establishment sizes",1,8,476950,476950,1669,1223,63593,"",61.99,32.54,51.92,240.64,830.43,1.70,1.70,"N",0,0.0,0,0,0,0,0,0,0,0,0,0,0,0
"30075","2","92","74","0","2022","A","","Powder River County, Montana","State Government","NAICS 92 Public administration","County, NAICS Sector -- by ownership sector","All establishment sizes",1,1,72454,72454,253,1393,72454,"",2.15,0.16,0.26,1.86,8.40,1.62,1.62,"N",0,0.0,0,0,0,0,0,0,0,0,0,0,0,0
"30075","2","921","75","0","2022","A","","Powder River County, Montana","State Government","NAICS 921 Executive, legislative, and other general government support","County, NAICS 3-digit -- by ownership sector","All establishment sizes",1,1,72454,72454,253,1393,72454,"",17.51,1.26,1.89,15.26,63.03,1.49,1.49,"N",0,0.0,0,0,0,0,0,0,0,0,0,0,0,0
"30075","2","9211","76","0","2022","A","","Powder River County, Montana","State Government","NAICS 9211 Executive, legislative, and other general government support","County, NAICS 4-digit -- by ownership sector","All establishment sizes",1,1,72454,72454,253,1393,72454,"",17.51,1.26,1.89,15.26,63.03,1.49,1.49,"N",0,0.0,0,0,0,0,0,0,0,0,0,0,0,0
"30075","2","92113","77","0","2022","A","","Powder River County, Montana","State Government","NAICS 92113 Public finance activities","County, NAICS 5-digit -- by ownership sector","All establishment sizes",1,1,72454,72454,253,1393,72454,"",44.32,2.91,4.31,45.01,216.95,1.48,1.48,"N",0,0.0,0,0,0,0,0,0,0,0,0,0,0,0
"30075","2","921130","78","0","2022","A","","Powder River County, Montana","State Government","NAICS 921130 Public finance activities","County, NAICS 6-digit -- by ownership sector","All establishment sizes",1,1,72454,72454,253,1393,72454,"",44.32,2.91,4.31,45.01,216.95,1.48,1.48,"N",0,0.0,0,0,0,0,0,0,0,0,0,0,0,0
"30075","3","10","71","0","2022","A","","Powder River County, Montana","Local Government","10 Total, all industries","County, Total -- by ownership sector","All establishment sizes",8,180,6637340,4602284,15869,710,36943,"",5.07,3.69,3.64,23.69,28.29,0.99,0.99,"N",0,0.0,0,0,0,0,0,0,0,0,0,0,0,0
"30075","3","102","72","0","2022","A","","Powder River County, Montana","Local Government","102 Service-providing","County, by Domain -- by ownership sector","All establishment sizes",8,180,6637340,4602284,15869,710,36943,"",5.20,3.72,3.67,23.94,28.74,0.99,0.99,"N",0,0.0,0,0,0,0,0,0,0,0,0,0,0,0
"30075","3","1025","73","0","2022","A","","Powder River County, Montana","Local Government","1025 Education and health services","County, by Supersector -- by ownership sector","All establishment sizes",5,108,4292373,2257317,7748,767,39867,"",7.41,3.61,4.03,29.22,54.48,1.12,1.12,"",0,0.0,-7,-6.1,41621,1.0,-2658,-0.1,1051,15.7,55,7.7,2850,7.7
"30075","3","1027","73","0","2022","A","","Powder River County, Montana","Local Government","1027 Other services","County, by Supersector -- by ownership sector","All establishment sizes",1,5,88154,88154,221,357,18559,"",51.77,45.21,24.36,90.76,41.01,0.57,0.57,"N",0,0.0,0,0,0,0,0,0,0,0,0,0,0,0
"30075","3","1028","73","0","2022","A","","Powder River County, Montana","Local Government","1028 Public administration","County, by Supersector -- by ownership sector","All establishment sizes",2,67,2256813,2256813,7900,645,33559,"",3.43,4.69,3.81,27.28,31.85,0.81,0.81,"N",0,0.0,0,0,0,0,0,0,0,0,0,0,0,0
"30075","3","61","74","0","2022","A","","Powder River County, Montana","Local Government","NAICS 61 Educational services","County, NAICS Sector -- by ownership sector","All establishment sizes",4,61,2188325,153269,384,694,36071,"",6.56,2.28,2.36,2.45,3.46,1.04,1.04,"N",0,0.0,0,0,0,0,0,0,0,0,0,0,0,0
"30075","3","611","75","0","2022","A","","Powder River County, Montana","Local Government","NAICS 611 Educational services","County, NAICS 3-digit -- by ownership sector","All establishment sizes",4,61,2188325,153269,384,694,36071,"",6.56,2.28,2.36,2.45,3.46,1.04,1.04,"N",0,0.0,0,0,0,0,0,0,0,0,0,0,0,0
"30075","3","6111","76","0","2022","A","","Powder River County, Montana","Local Government","NAICS 6111 Elementary and secondary schools","County, NAICS 4-digit -- by ownership sector","All establishment sizes",4,61,2188325,153269,384,694,36071,"",6.83,2.44,2.52,2.66,3.85,1.04,1.04,"N",0,0.0,0,0,0,0,0,0,0,0,0,0,0,0
"30075","3","61111","77","0","2022","A","","Powder River County, Montana","Local Government","NAICS 61111 Elementary and secondary schools","County, NAICS 5-digit -- by ownership sector","All establishment sizes",4,61,2188325,153269,384,694,36071,"",6.83,2.44,2.52,2.66,3.85,1.04,1.04,"N",0,0.0,0,0,0,0,0,0,0,0,0,0,0,0
"30075","3","611110","78","0","2022","A","","Powder River County, Montana","Local Government","NAICS 611110 Elementary and secondary schools","County, NAICS 6-digit -- by ownership sector","All establishment sizes",4,61,2188325,153269,384,694,36071,"",6.83,2.44,2.52,2.66,3.85,1.04,1.04,"N",0,0.0,0,0,0,0,0,0,0,0,0,0,0,0
"30075","3","62","74","0","2022","A","","Powder River County, Montana","Local Government","NAICS 62 Health care and social assistance","County, NAICS Sector -- by ownership sector","All establishment sizes",1,47,2104048,2104048,7364,861,44767,"",15.39,14.75,15.25,142.85,236.42,1.03,1.03,"N",0,0.0,0,0,0,0,0,0,0,0,0,0,0,0
"30075","3","623","75","0","2022","A","","Powder River County, Montana","Local Government","NAICS 623 Nursing and residential care facilities","County, NAICS 3-digit -- by ownership sector","All establishment sizes",1,47,2104048,2104048,7364,861,44767,"",148.06,248.66,374.52,1892.14,3811.71,1.51,1.51,"N",0,0.0,0,0,0,0,0,0,0,0,0,0,0,0
"30075","3","6231","76","0","2022","A","","Powder River County, Montana","Local Government","NAICS 6231 Nursing care facilities (skilled nursing facilities)","County, NAICS 4-digit -- by ownership sector","All establishment sizes",1,47,2104048,2104048,7364,861,44767,"",349.43,340.64,505.38,4499.81,7176.90,1.48,1.48,"N",0,0.0,0,0,0,0,0,0,0,0,0,0,0,0
"30075","3","62311","77","0","2022","A","","Powder River County, Montana","Local Government","NAICS 62311 Nursing care facilities (skilled nursing facilities)","County, NAICS 5-digit -- by ownership sector","All establishment sizes",1,47,2104048,2104048,7364,861,44767,"",349.43,340.64,505.38,4499.81,7176.90,1.48,1.48,"N",0,0.0,0,0,0,0,0,0,0,0,0,0,0,0
"30075","3","623110","78","0","2022","A","","Powder River County, Montana","Local Government","NAICS 623110 Nursing care facilities (skilled nursing facilities)","County, NAICS 6-digit -- by ownership sector","All establishment sizes",1,47,2104048,2104048,7364,861,44767,"",349.43,340.64,505.38,4499.81,7176.90,1.48,1.48,"N",0,0.0,0,0,0,0,0,0,0,0,0,0,0,0
"30075","3","81","74","0","2022","A","","Powder River County, Montana","Local Government","NAICS 81 Other services (except public administration)","County, NAICS Sector -- by ownership sector","All establishment sizes",1,5,88154,88154,221,357,18559,"",51.77,45.21,24.36,90.76,41.01,0.57,0.57,"N",0,0.0,0,0,0,0,0,0,0,0,0,0,0,0
"30075","3","813","75","0","2022","A","","Powder River County, Montana","Local Government","NAICS 813 Religious, grantmaking, civic, professional, and similar organizations","County, NAICS 3-digit -- by ownership sector","All establishment sizes",1,5,88154,88154,221,357,18559,"",234.21,125.31,65.46,118.22,52.27,0.55,0.55,"N",0,0.0,0,0,0,0,0,0,0,0,0,0,0,0
"30075","3","8139","76","0","2022","A","","Powder River County, Montana","Local Government","NAICS 8139 Business, professional, labor, political, and similar organizations","County, NAICS 4-digit -- by ownership sector","All establishment sizes",1,5,88154,88154,221,357,18559,"",624.56,656.89,253.26,501.44,348.62,0.41,0.41,"N",0,0.0,0,0,0,0,0,0,0,0,0,0,0,0
"30075","3","81391","77","0","2022","A","","Powder River County, Montana","Local Government","NAICS 81391 Business associations","County, NAICS 5-digit -- by ownership sector","All establishment sizes",1,5,88154,88154,221,357,18559,"",944.98,1083.66,412.73,1681.12,1114.12,0.40,0.40,"N",0,0.0,0,0,0,0,0,0,0,0,0,0,0,0
"30075","3","813910","78","0","2022","A","","Powder River County, Montana","Local Government","NAICS 813910 Business associations","County, NAICS 6-digit -- by ownership sector","All establishment sizes",1,5,88154,88154,221,357,18559,"",944.98,1083.66,412.73,1681.12,1114.12,0.40,0.40,"N",0,0.0,0,0,0,0,0,0,0,0,0,0,0,0
"30075","3","92","74","0","2022","A","","Powder River County, Montana","Local Government","NAICS 92 Public administration","County, NAICS Sector -- by ownership sector","All establishment sizes",2,67,2256813,2256813,7900,645,33559,"",3.43,4.69,3.81,27.28,31.85,0.81,0.81,"N",0,0.0,0,0,0,0,0,0,0,0,0,0,0,0
"30075","3","921","75","0","2022","A","","Powder River County, Montana","Local Government","NAICS 921 Executive, legislative, and other general government support","County, NAICS 3-digit -- by ownership sector","All establishment sizes",2,67,2256813,2256813,7900,645,33559,"",5.90,7.13,6.51,36.07,42.54,0.91,0.91,"N",0,0.0,0,0,0,0,0,0,0,0,0,0,0,0
"30075","3","9211","76","0","2022","A","","Powder River County, Montana","Local Government","NAICS 9211 Executive, legislative, and other general government support","County, NAICS 4-digit -- by ownership sector","All establishment sizes",2,67,2256813,2256813,7900,645,33559,"",5.90,7.13,6.51,36.07,42.54,0.91,0.91,"N",0,0.0,0,0,0,0,0,0,0,0,0,0,0,0
"30075","3","92119","77","0","2022","A","","Powder River County, Montana","Local Government","NAICS 92119 Other general government support","County, NAICS 5-digit -- by ownership sector","All establishment sizes",2,67,2256813,2256813,7900,645,33559,"",46.49,62.94,58.31,286.42,516.45,0.92,0.92,"N",0,0.0,0,0,0,0,0,0,0,0,0,0,0,0
"30075","3","921190","78","0","2022","A","","Powder River County, Montana","Local Government","NAICS 921190 Other general government support","County, NAICS 6-digit -- by ownership sector","All establishment sizes",2,67,2256813,2256813,7900,645,33559,"",46.49,62.94,58.31,286.42,516.45,0.92,0.92,"N",0,0.0,0,0,0,0,0,0,0,0,0,0,0,0
"30075","5","10","71","0","2022","A","","Powder River County, Montana","Private","10 Total, all industries","County, Total -- by ownership sector","All establishment sizes",91,326,14807534,9212212,94898,873,45422,"",0.88,0.72,0.76,0.65,0.85,1.05,1.05,"",8,9.6,34,11.6,6059034,69.3,2365356,34.5,44070,86.7,296,51.3,15419,51.4
"30075","5","101","72","0","2022","A","","Powder River County, Montana","Private","101 Goods-producing","County, by Domain -- by ownership sector","All establishment sizes",28,70,2179724,1873557,17040,595,30955,"",2.13,0.90,0.60,0.65,0.60,0.66,0.66,"",2,7.7,-3,-4.1,-180553,-7.6,-108957,-5.5,-1101,-6.1,-29,-4.6,-1489,-4.6
"30075","5","1011","73","0","2022","A","","Powder River County, Montana","Private","1011 Natural resources and mining","County, by Supersector -- by ownership sector","All establishment sizes",11,42,1313609,1103074,8170,601,31276,"",8.34,6.60,5.07,4.47,3.06,0.77,0.77,"",0,0.0,0,0.0,-120603,-8.4,-57296,-4.9,-2226,-21.4,-61,-9.2,-3145,-9.1
"30075","5","1012","73","0","2022","A","N","Powder River County, Montana","Private","1012 Construction","County, by Supersector -- by ownership sector","All establishment sizes",14,0,0,0,0,0,0,"N",1.68,0,0,0,0,0,0,"N",1,7.7,0,0,0,0,0,0,0,0,0,0,0,0
"30075","5","1013","73","0","2022","A","N","Powder River County, Montana","Private","1013 Manufacturing","County, by Supersector -- by ownership sector","All establishment sizes",3,0,0,0,0,0,0,"N",0.86,0,0,0,0,0,0,"N",1,50.0,0,0,0,0,0,0,0,0,0,0,0,0
"30075","5","102","72","0","2022","A","","Powder River County, Montana","Private","102 Service-providing","County, by Domain -- by ownership sector","All establishment sizes",63,256,12627810,7338655,77858,950,49408,"",0.70,0.69,0.80,0.65,0.93,1.17,1.17,"",6,10.5,37,16.9,6239587,97.7,2474313,50.9,45171,138.2,389,69.3,20216,69.3
"30075","5","1021","73","0","2022","A","","Powder River County, Montana","Private","1021 Trade, transportation, and utilities","County, by Supersector -- by ownership sector","All establishment sizes",18,94,2540102,2109631,16437,521,27070,"",0.97,0.94,0.72,0.67,0.77,0.76,0.76,"",1,5.9,-5,-5.1,-129956,-4.9,-64821,-3.0,4699,40.0,1,0.2,31,0.1
"30075","5","1022","73","0","2022","A","N","Powder River County, Montana","Private","1022 Information","County, by Supersector -- by ownership sector","All establishment sizes",2,0,0,0,0,0,0,"N",0.83,0,0,0,0,0,0,"N",-1,-33.3,0,0,0,0,0,0,0,0,0,0,0,0
"30075","5","1023","73","0","2022","A","N","Powder River County, Montana","Private","1023 Financial activities","County, by Supersector -- by ownership sector","All establishment sizes",2,0,0,0,0,0,0,"N",0.21,0,0,0,0,0,0,"N",0,0.0,0,0,0,0,0,0,0,0,0,0,0,0
"30075","5","1024","73","0","2022","A","","Powder River County, Montana","Private","1024 Professional and business services","County, by Supersector -- by ownership sector","All establishment sizes",13,57,6440056,3145247,43426,2192,113983,"",0.61,0.72,1.42,1.07,1.75,1.98,1.98,"",4,44.4,36,171.4,5212176,424.5,2432858,341.5,37304,609.3,1040,90.3,54086,90.3
"30075","5","1025","73","0","2022","A","","Powder River County, Montana","Private","1025 Education and health services","County, by Supersector -- by ownership sector","All establishment sizes",5,8,265145,180459,2136,665,34584,"",0.27,0.10,0.09,0.11,0.19,0.93,0.93,"",1,25.0,3,60.0,131756,98.8,52148,40.6,699,48.6,169,34.1,8767,34.0
"30075","5","1026","73","0","2022","A","","Powder River County, Montana","Private","1026 Leisure and hospitality","County, by Supersector -- by ownership sector","All establishment sizes",16,67,1419498,1114525,10641,410,21346,"",1.86,1.22,1.37,0.73,0.95,1.14,1.14,"",0,0.0,10,17.5,432906,43.9,250852,29.0,2357,28.5,77,23.1,4037,23.3
"30075","5","1027","73","0","2022","A","","Powder River County, Montana","Private","1027 Other services","County, by Supersector -- by ownership sector","All establishment sizes",8,21,566394,453041,2979,519,26971,"",1.00,1.36,1.23,1.03,0.91,0.91,0.91,"",0,0.0,-1,-4.5,-15893,-2.7,-1494,-0.3,-466,-13.5,-2,-0.4,-112,-0.4
"30075","5","11","74","0","2022","A","N","Powder River County, Montana","Private","NAICS 11 Agriculture, forestry, fishing and hunting","County, NAICS Sector -- by ownership sector","All establishment sizes",9,0,0,0,0,0,0,"N",8.70,0,0,0,0,0,0,"N",0,0.0,0,0,0,0,0,0,0,0,0,0,0,0
"30075","5","112","75","0","2022","A","","Powder River County, Montana","Private","NAICS 112 Animal production and aquaculture","County, NAICS 3-digit -- by ownership sector","All establishment sizes",8,30,815295,777231,4284,518,26952,"",30.95,32.41,30.55,22.14,28.37,0.93,0.93,"",0,0.0,1,3.4,-23582,-2.8,21615,2.9,-512,-10.7,-43,-7.7,-2226,-7.6
"30075","5","1121","76","0","2022","A","","Powder River County, Montana","Private","NAICS 1121 Cattle ranching and farming","County, NAICS 4-digit -- by ownership sector","All establishment sizes",8,30,815295,777231,4284,518,26952,"",48.69,53.24,53.21,36.91,48.68,0.99,0.99,"",0,0.0,1,3.4,-23582,-2.8,21615,2.9,-512,-10.7,-43,-7.7,-2226,-7.6
"30075","5","11211","77","0","2022","A","","Powder River County, Montana","Private","NAICS 11211 Beef cattle ranching and farming, including feedlots","County, NAICS 5-digit -- by ownership sector","All establishment sizes",8,30,815295,777231,4284,518,26952,"",79.56,154.63,152.88,113.32,141.19,0.98,0.98,"",0,0.0,1,3.4,-23582,-2.8,21615,2.9,-512,-10.7,-43,-7.7,-2226,-7.6
"30075","5","112111","78","0","2022","A","","Powder River County, Montana","Private","NAICS 112111 Beef cattle ranching and farming","County, NAICS 6-digit -- by ownership sector","All establishment sizes",8,30,815295,777231,4284,518,26952,"",88.83,210.77,223.40,156.45,187.13,1.05,1.05,"",0,0.0,1,3.4,-23582,-2.8,21615,2.9,-512,-10.7,-43,-7.7,-2226,-7.6
"30075","5","115","75","0","2022","A","N","Powder River County, Montana","Private","NAICS 115 Support activities for agriculture and forestry","County, NAICS 3-digit -- by ownership sector","All establishment sizes",1,0,0,0,0,0,0,"N",5.04,0,0,0,0,0,0,"N",0,0.0,0,0,0,0,0,0,0,0,0,0,0,0
"30075","5","1151","76","0","2022","A","N","Powder River County, Montana","Private","NAICS 1151 Support activities for crop production","County, NAICS 4-digit -- by ownership sector","All establishment sizes",1,0,0,0,0,0,0,"N",8.67,0,0,0,0,0,0,"N",0,0.0,0,0,0,0,0,0,0,0,0,0,0,0
"30075","5","11511","77","0","2022","A","N","Powder River County, Montana","Private","NAICS 11511 Support activities for crop production","County, NAICS 5-digit -- by ownership sector","All establishment sizes",1,0,0,0,0,0,0,"N",8.67,0,0,0,0,0,0,"N",0,0.0,0,0,0,0,0,0,0,0,0,0,0,0
"30075","5","115112","78","0","2022","A","N","Powder River County, Montana","Private","NAICS 115112 Soil preparation, planting, and cultivating","County, NAICS 6-digit -- by ownership sector","All establishment sizes",1,0,0,0,0,0,0,"N",27.72,0,0,0,0,0,0,"N",0,0.0,0,0,0,0,0,0,0,0,0,0,0,0
"30075","5","21","74","0","2022","A","N","Powder River County, Montana","Private","NAICS 21 Mining, quarrying, and oil and gas extraction","County, NAICS Sector -- by ownership sector","All establishment sizes",2,0,0,0,0,0,0,"N",7.02,0,0,0,0,0,0,"N",0,0.0,0,0,0,0,0,0,0,0,0,0,0,0
"30075","5","213","75","0","2022","A","N","Powder River County, Montana","Private","NAICS 213 Support activities for mining","County, NAICS 3-digit -- by ownership sector","All establishment sizes",2,0,0,0,0,0,0,"N",12.65,0,0,0,0,0,0,"N",0,0.0,0,0,0,0,0,0,0,0,0,0,0,0
"30075","5","2131","76","0","2022","A","N","Powder River County, Montana","Private","NAICS 2131 Support activities for mining","County, NAICS 4-digit -- by ownership sector","All establishment sizes",2,0,0,0,0,0,0,"N",12.65,0,0,0,0,0,0,"N",0,0.0,0,0,0,0,0,0,0,0,0,0,0,0
"30075","5","21311","77","0","2022","A","N","Powder River County, Montana","Private","NAICS 21311 Support activities for mining","County, NAICS 5-digit -- by ownership sector","All establishment sizes",2,0,0,0,0,0,0,"N",12.65,0,0,0,0,0,0,"N",0,0.0,0,0,0,0,0,0,0,0,0,0,0,0
"30075","5","213112","78","0","2022","A","N","Powder River County, Montana","Private","NAICS 213112 Support activities for oil and gas operations","County, NAICS 6-digit -- by ownership sector","All establishment sizes",2,0,0,0,0,0,0,"N",15.50,0,0,0,0,0,0,"N",0,0.0,0,0,0,0,0,0,0,0,0,0,0,0
"30075","5","23","74","0","2022","A","N","Powder River County, Montana","Private","NAICS 23 Construction","County, NAICS Sector -- by ownership sector","All establishment sizes",14,0,0,0,0,0,0,"N",1.68,0,0,0,0,0,0,"N",1,7.7,0,0,0,0,0,0,0,0,0,0,0,0
"30075","5","236","75","0","2022","A","N","Powder River County, Montana","Private","NAICS 236 Construction of buildings","County, NAICS 3-digit -- by ownership sector","All establishment sizes",2,0,0,0,0,0,0,"N",0.77,0,0,0,0,0,0,"N",-1,-33.3,0,0,0,0,0,0,0,0,0,0,0,0
"30075","5","2361","76","0","2022","A","N","Powder River County, Montana","Private","NAICS 2361 Residential building construction","County, NAICS 4-digit -- by ownership sector","All establishment sizes",1,0,0,0,0,0,0,"N",0.49,0,0,0,0,0,0,"N",-1,-50.0,0,0,0,0,0,0,0,0,0,0,0,0
"30075","5","23611","77","0","2022","A","N","Powder River County, Montana","Private","NAICS 23611 Residential building construction","County, NAICS 5-digit -- by ownership sector","All establishment sizes",1,0,0,0,0,0,0,"N",0.49,0,0,0,0,0,0,"N",-1,-50.0,0,0,0,0,0,0,0,0,0,0,0,0
"30075","5","236118","78","0","2022","A","N","Powder River County, Montana","Private","NAICS 236118 Residential remodelers","County, NAICS 6-digit -- by ownership sector","All establishment sizes",1,0,0,0,0,0,0,"N",0.91,0,0,0,0,0,0,"N",-1,-50.0,0,0,0,0,0,0,0,0,0,0,0,0
"30075","5","2362","76","0","2022","A","N","Powder River County, Montana","Private","NAICS 2362 Nonresidential building construction","County, NAICS 4-digit -- by ownership sector","All establishment sizes",1,0,0,0,0,0,0,"N",1.77,0,0,0,0,0,0,"N",0,0.0,0,0,0,0,0,0,0,0,0,0,0,0
"30075","5","23622","77","0","2022","A","N","Powder River County, Montana","Private","NAICS 23622 Commercial and institutional building construction","County, NAICS 5-digit -- by ownership sector","All establishment sizes",1,0,0,0,0,0,0,"N",1.98,0,0,0,0,0,0,"N",0,0.0,0,0,0,0,0,0,0,0,0,0,0,0
"30075","5","236220","78","0","2022","A","N","Powder River County, Montana","Private","NAICS 236220 Commercial and institutional building construction","County, NAICS 6-digit -- by ownership sector","All establishment sizes",1,0,0,0,0,0,0,"N",1.98,0,0,0,0,0,0,"N",0,0.0,0,0,0,0,0,0,0,0,0,0,0,0
"30075","5","237","75","0","2022","A","","Powder River County, Montana","Private","NAICS 237 Heavy and civil engineering construction","County, NAICS 3-digit -- by ownership sector","All establishment sizes",5,7,294933,224056,2817,810,42133,"",9.73,1.87,1.48,1.45,1.09,0.79,0.79,"",0,0.0,1,16.7,46966,18.9,40404,22.0,1064,60.7,26,3.3,1371,3.4
"30075","5","2371","76","0","2022","A","N","Powder River County, Montana","Private","NAICS 2371 Utility system construction","County, NAICS 4-digit -- by ownership sector","All establishment sizes",2,0,0,0,0,0,0,"N",7.56,0,0,0,0,0,0,"N",0,0.0,0,0,0,0,0,0,0,0,0,0,0,0
"30075","5","23711","77","0","2022","A","N","Powder River County, Montana","Private","NAICS 23711 Water and sewer line and related structures construction","County, NAICS 5-digit -- by ownership sector","All establishment sizes",2,0,0,0,0,0,0,"N",17.08,0,0,0,0,0,0,"N",0,0.0,0,0,0,0,0,0,0,0,0,0,0,0
"30075","5","237110","78","0","2022","A","N","Powder River County, Montana","Private","NAICS 237110 Water and sewer line and related structures construction","County, NAICS 6-digit -- by ownership sector","All establishment sizes",2,0,0,0,0,0,0,"N",17.08,0,0,0,0,0,0,"N",0,0.0,0,0,0,0,0,0,0,0,0,0,0,0
"30075","5","2373","76","0","2022","A","N","Powder River County, Montana","Private","NAICS 2373 Highway, street, and bridge construction","County, NAICS 4-digit -- by ownership sector","All establishment sizes",2,0,0,0,0,0,0,"N",18.27,0,0,0,0,0,0,"N",0,0.0,0,0,0,0,0,0,0,0,0,0,0,0
"30075","5","23731","77","0","2022","A","N","Powder River County, Montana","Private","NAICS 23731 Highway, street, and bridge construction","County, NAICS 5-digit -- by ownership sector","All establishment sizes",2,0,0,0,0,0,0,"N",18.27,0,0,0,0,0,0,"N",0,0.0,0,0,0,0,0,0,0,0,0,0,0,0
"30075","5","237310","78","0","2022","A","N","Powder River County, Montana","Private","NAICS 237310 Highway, street, and bridge construction","County, NAICS 6-digit -- by ownership sector","All establishment sizes",2,0,0,0,0,0,0,"N",18.27,0,0,0,0,0,0,"N",0,0.0,0,0,0,0,0,0,0,0,0,0,0,0
"30075","5","2379","76","0","2022","A","N","Powder River County, Montana","Private","NAICS 2379 Other heavy and civil engineering construction","County, NAICS 4-digit -- by ownership sector","All establishment sizes",1,0,0,0,0,0,0,"N",11.83,0,0,0,0,0,0,"N",0,0.0,0,0,0,0,0,0,0,0,0,0,0,0
"30075","5","23799","77","0","2022","A","N","Powder River County, Montana","Private","NAICS 23799 Other heavy and civil engineering construction","County, NAICS 5-digit -- by ownership sector","All establishment sizes",1,0,0,0,0,0,0,"N",11.83,0,0,0,0,0,0,"N",0,0.0,0,0,0,0,0,0,0,0,0,0,0,0
"30075","5","237990","78","0","2022","A","N","Powder River County, Montana","Private","NAICS 237990 Other heavy and civil engineering construction","County, NAICS 6-digit -- by ownership sector","All establishment sizes",1,0,0,0,0,0,0,"N",11.83,0,0,0,0,0,0,"N",0,0.0,0,0,0,0,0,0,0,0,0,0,0,0
"30075","5","238","75","0","2022","A","","Powder River County, Montana","Private","NAICS 238 Specialty trade contractors","County, NAICS 3-digit -- by ownership sector","All establishment sizes",7,10,201479,197405,2822,408,21208,"",1.35,0.58,0.28,0.29,0.34,0.51,0.51,"",2,40.0,0,0.0,-24821,-11.0,-23588,-10.7,676,31.5,-13,-3.1,-692,-3.2
"30075","5","2381","76","0","2022","A","N","Powder River County, Montana","Private","NAICS 2381 Building foundation and exterior contractors","County, NAICS 4-digit -- by ownership sector","All establishment sizes",2,0,0,0,0,0,0,"N",1.92,0,0,0,0,0,0,"N",1,100.0,0,0,0,0,0,0,0,0,0,0,0,0
"30075","5","23811","77","0","2022","A","N","Powder River County, Montana","Private","NAICS 23811 Poured concrete structure contractors","County, NAICS 5-digit -- by ownership sector","All establishment sizes",1,0,0,0,0,0,0,"N",4.62,0,0,0,0,0,0,"N",1,100.0,0,0,0,0,0,0,0,0,0,0,0,0
"30075","5","238112","78","0","2022","A","N","Powder River County, Montana","Private","NAICS 238112 Nonresidential poured foundation contractors","County, NAICS 6-digit -- by ownership sector","All establishment sizes",1,0,0,0,0,0,0,"N",16.95,0,0,0,0,0,0,"N",1,100.0,0,0,0,0,0,0,0,0,0,0,0,0
"30075","5","23813","77","0","2022","A","N","Powder River County, Montana","Private","NAICS 23813 Framing contractors","County, NAICS 5-digit -- by ownership sector","All establishment sizes",1,0,0,0,0,0,0,"N",9.21,0,0,0,0,0,0,"N",0,0.0,0,0,0,0,0,0,0,0,0,0,0,0
"30075","5","238132","78","0","2022","A","N","Powder River County, Montana","Private","NAICS 238132 Nonresidential framing contractors","County, NAICS 6-digit -- by ownership sector","All establishment sizes",1,0,0,0,0,0,0,"N",68.52,0,0,0,0,0,0,"N",0,0.0,0,0,0,0,0,0,0,0,0,0,0,0
"30075","5","2383","76","0","2022","A","N","Powder River County, Montana","Private","NAICS 2383 Building finishing contractors","County, NAICS 4-digit -- by ownership sector","All establishment sizes",1,0,0,0,0,0,0,"N",0.80,0,0,0,0,0,0,"N",0,0.0,0,0,0,0,0,0,0,0,0,0,0,0
"30075","5","23835","77","0","2022","A","N","Powder River County, Montana","Private","NAICS 23835 Finish carpentry contractors","County, NAICS 5-digit -- by ownership sector","All establishment sizes",1,0,0,0,0,0,0,"N",3.36,0,0,0,0,0,0,"N",0,0.0,0,0,0,0,0,0,0,0,0,0,0,0
"30075","5","238351","78","0","2022","A","N","Powder River County, Montana","Private","NAICS 238351 Residential finish carpentry contractors","County, NAICS 6-digit -- by ownership sector","All establishment sizes",1,0,0,0,0,0,0,"N",3.81,0,0,0,0,0,0,"N",0,0.0,0,0,0,0,0,0,0,0,0,0,0,0
"30075","5","2389","76","0","2022","A","","Powder River County, Montana","Private","NAICS 2389 Other specialty trade contractors","County, NAICS 4-digit -- by ownership sector","All establishment sizes",4,7,124058,119984,1854,353,18379,"",4.72,2.68,1.16,1.16,1.18,0.45,0.45,"N",1,33.3,0,0,0,0,0,0,0,0,0,0,0,0
"30075","5","23891","77","0","2022","A","N","Powder River County, Montana","Private","NAICS 23891 Site preparation contractors","County, NAICS 5-digit -- by ownership sector","All establishment sizes",2,0,0,0,0,0,0,"N",5.39,0,0,0,0,0,0,"N",1,100.0,0,0,0,0,0,0,0,0,0,0,0,0
"30075","5","238911","78","0","2022","A","N","Powder River County, Montana","Private","NAICS 238911 Residential site preparation contractors","County, NAICS 6-digit -- by ownership sector","All establishment sizes",1,0,0,0,0,0,0,"N",4.65,0,0,0,0,0,0,"N",1,100.0,0,0,0,0,0,0,0,0,0,0,0,0
"30075","5","238912","78","0","2022","A","N","Powder River County, Montana","Private","NAICS 238912 Nonresidential site preparation contractors","County, NAICS 6-digit -- by ownership sector","All establishment sizes",1,0,0,0,0,0,0,"N",6.42,0,0,0,0,0,0,"N",0,0.0,0,0,0,0,0,0,0,0,0,0,0,0
"30075","5","23899","77","0","2022","A","N","Powder River County, Montana","Private","NAICS 23899 All other specialty trade contractors","County, NAICS 5-digit -- by ownership sector","All establishment sizes",2,0,0,0,0,0,0,"N",4.20,0,0,0,0,0,0,"N",0,0.0,0,0,0,0,0,0,0,0,0,0,0,0
"30075","5","238991","78","0","2022","A","N","Powder River County, Montana","Private","NAICS 238991 All other residential trade contractors","County, NAICS 6-digit -- by ownership sector","All establishment sizes",1,0,0,0,0,0,0,"N",3.13,0,0,0,0,0,0,"N",0,0.0,0,0,0,0,0,0,0,0,0,0,0,0
"30075","5","238992","78","0","2022","A","N","Powder River County, Montana","Private","NAICS 238992 All other nonresidential trade contractors","County, NAICS 6-digit -- by ownership sector","All establishment sizes",1,0,0,0,0,0,0,"N",6.35,0,0,0,0,0,0,"N",0,0.0,0,0,0,0,0,0,0,0,0,0,0,0
"30075","5","31-33","74","0","2022","A","N","Powder River County, Montana","Private","NAICS 31-33 Manufacturing","County, NAICS Sector -- by ownership sector","All establishment sizes",3,0,0,0,0,0,0,"N",0.86,0,0,0,0,0,0,"N",1,50.0,0,0,0,0,0,0,0,0,0,0,0,0
"30075","5","311","75","0","2022","A","N","Powder River County, Montana","Private","NAICS 311 Food manufacturing","County, NAICS 3-digit -- by ownership sector","All establishment sizes",2,0,0,0,0,0,0,"N",5.60,0,0,0,0,0,0,"N",1,100.0,0,0,0,0,0,0,0,0,0,0,0,0
"30075","5","3116","76","0","2022","A","N","Powder River County, Montana","Private","NAICS 3116 Animal slaughtering and processing","County, NAICS 4-digit -- by ownership sector","All establishment sizes",2,0,0,0,0,0,0,"N",49.44,0,0,0,0,0,0,"N",1,100.0,0,0,0,0,0,0,0,0,0,0,0,0
"30075","5","31161","77","0","2022","A","N","Powder River County, Montana","Private","NAICS 31161 Animal slaughtering and processing","County, NAICS 5-digit -- by ownership sector","All establishment sizes",2,0,0,0,0,0,0,"N",49.44,0,0,0,0,0,0,"N",1,100.0,0,0,0,0,0,0,0,0,0,0,0,0
"30075","5","311611","78","0","2022","A","N","Powder River County, Montana","Private","NAICS 311611 Animal (except poultry) slaughtering","County, NAICS 6-digit -- by ownership sector","All establishment sizes",2,0,0,0,0,0,0,"N",143.56,0,0,0,0,0,0,"N",1,100.0,0,0,0,0,0,0,0,0,0,0,0,0
"30075","5","323","75","0","2022","A","N","Powder River County, Montana","Private","NAICS 323 Printing and related support activities","County, NAICS 3-digit -- by ownership sector","All establishment sizes",1,0,0,0,0,0,0,"N",3.87,0,0,0,0,0,0,"N",0,0.0,0,0,0,0,0,0,0,0,0,0,0,0
"30075","5","3231","76","0","2022","A","N","Powder River County, Montana","Private","NAICS 3231 Printing and related support activities","County, NAICS 4-digit -- by ownership sector","All establishment sizes",1,0,0,0,0,0,0,"N",3.87,0,0,0,0,0,0,"N",0,0.0,0,0,0,0,0,0,0,0,0,0,0,0
"30075","5","32311","77","0","2022","A","N","Powder River County, Montana","Private","NAICS 32311 Printing","County, NAICS 5-digit -- by ownership sector","All establishment sizes",1,0,0,0,0,0,0,"N",4.06,0,0,0,0,0,0,"N",0,0.0,0,0,0,0,0,0,0,0,0,0,0,0
"30075","5","323111","78","0","2022","A","N","Powder River County, Montana","Private","NAICS 323111 Commercial printing (except screen and books)","County, NAICS 6-digit -- by ownership sector","All establishment sizes",1,0,0,0,0,0,0,"N",5.80,0,0,0,0,0,0,"N",0,0.0,0,0,0,0,0,0,0,0,0,0,0,0
"30075","5","42","74","0","2022","A","N","Powder River County, Montana","Private","NAICS 42 Wholesale trade","County, NAICS Sector -- by ownership sector","All establishment sizes",1,0,0,0,0,0,0,"N",0.17,0,0,0,0,0,0,"N",-1,-50.0,0,0,0,0,0,0,0,0,0,0,0,0
"30075","5","424","75","0","2022","A","N","Powder River County, Montana","Private","NAICS 424 Merchant wholesalers, nondurable goods","County, NAICS 3-digit -- by ownership sector","All establishment sizes",1,0,0,0,0,0,0,"N",0.61,0,0,0,0,0,0,"N",0,0.0,0,0,0,0,0,0,0,0,0,0,0,0
"30075","5","4243","76","0","2022","A","N","Powder River County, Montana","Private","NAICS 4243 Apparel, piece goods, and notions merchant wholesalers","County, NAICS 4-digit -- by ownership sector","All establishment sizes",1,0,0,0,0,0,0,"N",6.63,0,0,0,0,0,0,"N",0,0.0,0,0,0,0,0,0,0,0,0,0,0,0
"30075","5","42435","77","0","2022","A","N","Powder River County, Montana","Private","NAICS 42435 Clothing and clothing accessories merchant wholesalers","County, NAICS 5-digit -- by ownership sector","All establishment sizes",1,0,0,0,0,0,0,"N",10.19,0,0,0,0,0,0,"N",1,100.0,0,0,0,0,0,0,0,0,0,0,0,0
"30075","5","424350","78","0","2022","A","N","Powder River County, Montana","Private","NAICS 424350 Clothing and clothing accessories merchant wholesalers","County, NAICS 6-digit -- by ownership sector","All establishment sizes",1,0,0,0,0,0,0,"N",10.19,0,0,0,0,0,0,"N",1,100.0,0,0,0,0,0,0,0,0,0,0,0,0
"30075","5","44-45","74","0","2022","A","","Powder River County, Montana","Private","NAICS 44-45 Retail trade","County, NAICS Sector -- by ownership sector","All establishment sizes",14,88,2330837,1948427,14318,510,26512,"",1.44,1.62,1.73,1.24,1.53,1.07,1.07,"",3,27.3,-3,-3.3,-42091,-1.8,5481,0.3,5286,58.5,7,1.4,340,1.3
"30075","5","441","75","0","2022","A","N","Powder River County, Montana","Private","NAICS 441 Motor vehicle and parts dealers","County, NAICS 3-digit -- by ownership sector","All establishment sizes",1,0,0,0,0,0,0,"N",0.88,0,0,0,0,0,0,"N",0,0.0,0,0,0,0,0,0,0,0,0,0,0,0
"30075","5","4413","76","0","2022","A","N","Powder River County, Montana","Private","NAICS 4413 Automotive parts, accessories, and tire retailers","County, NAICS 4-digit -- by ownership sector","All establishment sizes",1,0,0,0,0,0,0,"N",1.81,0,0,0,0,0,0,"N",0,0.0,0,0,0,0,0,0,0,0,0,0,0,0
"30075","5","44133","77","0","2022","A","N","Powder River County, Montana","Private","NAICS 44133 Automotive parts and accessories retailers","County, NAICS 5-digit -- by ownership sector","All establishment sizes",1,0,0,0,0,0,0,"N",2.76,0,0,0,0,0,0,"N",1,100.0,0,0,0,0,0,0,0,0,0,0,0,0
"30075","5","441330","78","0","2022","A","N","Powder River County, Montana","Private","NAICS 441330 Automotive parts and accessories retailers","County, NAICS 6-digit -- by ownership sector","All establishment sizes",1,0,0,0,0,0,0,"N",2.76,0,0,0,0,0,0,"N",1,100.0,0,0,0,0,0,0,0,0,0,0,0,0
"30075","5","444","75","0","2022","A","","Powder River County, Montana","Private","NAICS 444 Building material and garden equipment and supplies dealers","County, NAICS 3-digit -- by ownership sector","All establishment sizes",3,14,375194,313425,1307,531,27622,"",4.53,2.80,2.91,2.07,1.38,1.07,1.07,"N",1,50.0,0,0,0,0,0,0,0,0,0,0,0,0
"30075","5","4441","76","0","2022","A","N","Powder River County, Montana","Private","NAICS 4441 Building material and supplies dealers","County, NAICS 4-digit -- by ownership sector","All establishment sizes",2,0,0,0,0,0,0,"N",3.99,0,0,0,0,0,0,"N",1,100.0,0,0,0,0,0,0,0,0,0,0,0,0
"30075","5","44414","77","0","2022","A","N","Powder River County, Montana","Private","NAICS 44414 Hardware retailers","County, NAICS 5-digit -- by ownership sector","All establishment sizes",2,0,0,0,0,0,0,"N",14.05,0,0,0,0,0,0,"N",2,100.0,0,0,0,0,0,0,0,0,0,0,0,0
"30075","5","444140","78","0","2022","A","N","Powder River County, Montana","Private","NAICS 444140 Hardware retailers","County, NAICS 6-digit -- by ownership sector","All establishment sizes",2,0,0,0,0,0,0,"N",14.05,0,0,0,0,0,0,"N",2,100.0,0,0,0,0,0,0,0,0,0,0,0,0
"30075","5","4442","76","0","2022","A","N","Powder River County, Montana","Private","NAICS 4442 Lawn and garden equipment and supplies retailers","County, NAICS 4-digit -- by ownership sector","All establishment sizes",1,0,0,0,0,0,0,"N",6.17,0,0,0,0,0,0,"N",0,0.0,0,0,0,0,0,0,0,0,0,0,0,0
"30075","5","44424","77","0","2022","A","N","Powder River County, Montana","Private","NAICS 44424 Nursery, garden center, and farm supply retailers","County, NAICS 5-digit -- by ownership sector","All establishment sizes",1,0,0,0,0,0,0,"N",7.94,0,0,0,0,0,0,"N",1,100.0,0,0,0,0,0,0,0,0,0,0,0,0
"30075","5","444240","78","0","2022","A","N","Powder River County, Montana","Private","NAICS 444240 Nursery, garden center, and farm supply retailers","County, NAICS 6-digit -- by ownership sector","All establishment sizes",1,0,0,0,0,0,0,"N",7.94,0,0,0,0,0,0,"N",1,100.0,0,0,0,0,0,0,0,0,0,0,0,0
"30075","5","445","75","0","2022","A","N","Powder River County, Montana","Private","NAICS 445 Food and beverage retailers","County, NAICS 3-digit -- by ownership sector","All establishment sizes",1,0,0,0,0,0,0,"N",0.69,0,0,0,0,0,0,"N",0,0.0,0,0,0,0,0,0,0,0,0,0,0,0
"30075","5","4451","76","0","2022","A","N","Powder River County, Montana","Private","NAICS 4451 Grocery and convenience retailers","County, NAICS 4-digit -- by ownership sector","All establishment sizes",1,0,0,0,0,0,0,"N",1.13,0,0,0,0,0,0,"N",0,0.0,0,0,0,0,0,0,0,0,0,0,0,0
"30075","5","44511","77","0","2022","A","N","Powder River County, Montana","Private","NAICS 44511 Supermarkets and other grocery retailers (except convenience retailers)","County, NAICS 5-digit -- by ownership sector","All establishment sizes",1,0,0,0,0,0,0,"N",1.87,0,0,0,0,0,0,"N",0,0.0,0,0,0,0,0,0,0,0,0,0,0,0
"30075","5","445110","78","0","2022","A","N","Powder River County, Montana","Private","NAICS 445110 Supermarkets and other grocery retailers (except convenience retailers)","County, NAICS 6-digit -- by ownership sector","All establishment sizes",1,0,0,0,0,0,0,"N",1.87,0,0,0,0,0,0,"N",0,0.0,0,0,0,0,0,0,0,0,0,0,0,0
"30075","5","457","75","0","2022","A","N","Powder River County, Montana","Private","NAICS 457 Gasoline stations and fuel dealers","County, NAICS 3-digit -- by ownership sector","All establishment sizes",3,0,0,0,0,0,0,"N",2.79,0,0,0,0,0,0,"N",3,100.0,0,0,0,0,0,0,0,0,0,0,0,0
"30075","5","4571","76","0","2022","A","N","Powder River County, Montana","Private","NAICS 4571 Gasoline stations","County, NAICS 4-digit -- by ownership sector","All establishment sizes",3,0,0,0,0,0,0,"N",2.99,0,0,0,0,0,0,"N",3,100.0,0,0,0,0,0,0,0,0,0,0,0,0
"30075","5","45711","77","0","2022","A","N","Powder River County, Montana","Private","NAICS 45711 Gasoline stations with convenience stores","County, NAICS 5-digit -- by ownership sector","All establishment sizes",3,0,0,0,0,0,0,"N",3.28,0,0,0,0,0,0,"N",3,100.0,0,0,0,0,0,0,0,0,0,0,0,0
"30075","5","457110","78","0","2022","A","N","Powder River County, Montana","Private","NAICS 457110 Gasoline stations with convenience stores","County, NAICS 6-digit -- by ownership sector","All establishment sizes",3,0,0,0,0,0,0,"N",3.28,0,0,0,0,0,0,"N",3,100.0,0,0,0,0,0,0,0,0,0,0,0,0
"30075","5","458","75","0","2022","A","N","Powder River County, Montana","Private","NAICS 458 Clothing, clothing accessories, shoe, and jewelry retailers","County, NAICS 3-digit -- by ownership sector","All establishment sizes",2,0,0,0,0,0,0,"N",1.83,0,0,0,0,0,0,"N",2,100.0,0,0,0,0,0,0,0,0,0,0,0,0
"30075","5","4581","76","0","2022","A","N","Powder River County, Montana","Private","NAICS 4581 Clothing and clothing accessories retailers","County, NAICS 4-digit -- by ownership sector","All establishment sizes",2,0,0,0,0,0,0,"N",2.65,0,0,0,0,0,0,"N",2,100.0,0,0,0,0,0,0,0,0,0,0,0,0
"30075","5","45811","77","0","2022","A","N","Powder River County, Montana","Private","NAICS 45811 Clothing and clothing accessories retailers","County, NAICS 5-digit -- by ownership sector","All establishment sizes",2,0,0,0,0,0,0,"N",2.65,0,0,0,0,0,0,"N",2,100.0,0,0,0,0,0,0,0,0,0,0,0,0
"30075","5","458110","78","0","2022","A","N","Powder River County, Montana","Private","NAICS 458110 Clothing and clothing accessories retailers","County, NAICS 6-digit -- by ownership sector","All establishment sizes",2,0,0,0,0,0,0,"N",2.65,0,0,0,0,0,0,"N",2,100.0,0,0,0,0,0,0,0,0,0,0,0,0
"30075","5","459","75","0","2022","A","","Powder River County, Montana","Private","NAICS 459 Sporting goods, hobby, musical instrument, book, and miscellaneous retailers","County, NAICS 3-digit -- by ownership sector","All establishment sizes",4,7,95596,90421,719,266,13821,"",2.37,1.32,0.82,0.62,0.73,0.63,0.63,"N",4,100.0,0,0,0,0,0,0,0,0,0,0,0,0
"30075","5","4591","76","0","2022","A","N","Powder River County, Montana","Private","NAICS 4591 Sporting goods, hobby, and musical instrument retailers","County, NAICS 4-digit -- by ownership sector","All establishment sizes",1,0,0,0,0,0,0,"N",2.45,0,0,0,0,0,0,"N",1,100.0,0,0,0,0,0,0,0,0,0,0,0,0
"30075","5","45911","77","0","2022","A","N","Powder River County, Montana","Private","NAICS 45911 Sporting goods retailers","County, NAICS 5-digit -- by ownership sector","All establishment sizes",1,0,0,0,0,0,0,"N",4.42,0,0,0,0,0,0,"N",1,100.0,0,0,0,0,0,0,0,0,0,0,0,0
"30075","5","459110","78","0","2022","A","N","Powder River County, Montana","Private","NAICS 459110 Sporting goods retailers","County, NAICS 6-digit -- by ownership sector","All establishment sizes",1,0,0,0,0,0,0,"N",4.42,0,0,0,0,0,0,"N",1,100.0,0,0,0,0,0,0,0,0,0,0,0,0
"30075","5","4593","76","0","2022","A","N","Powder River County, Montana","Private","NAICS 4593 Florists","County, NAICS 4-digit -- by ownership sector","All establishment sizes",1,0,0,0,0,0,0,"N",8.73,0,0,0,0,0,0,"N",1,100.0,0,0,0,0,0,0,0,0,0,0,0,0
"30075","5","45931","77","0","2022","A","N","Powder River County, Montana","Private","NAICS 45931 Florists","County, NAICS 5-digit -- by ownership sector","All establishment sizes",1,0,0,0,0,0,0,"N",8.73,0,0,0,0,0,0,"N",1,100.0,0,0,0,0,0,0,0,0,0,0,0,0
"30075","5","459310","78","0","2022","A","N","Powder River County, Montana","Private","NAICS 459310 Florists","County, NAICS 6-digit -- by ownership sector","All establishment sizes",1,0,0,0,0,0,0,"N",8.73,0,0,0,0,0,0,"N",1,100.0,0,0,0,0,0,0,0,0,0,0,0,0
"30075","5","4595","76","0","2022","A","N","Powder River County, Montana","Private","NAICS 4595 Used merchandise retailers","County, NAICS 4-digit -- by ownership sector","All establishment sizes",2,0,0,0,0,0,0,"N",11.61,0,0,0,0,0,0,"N",2,100.0,0,0,0,0,0,0,0,0,0,0,0,0
"30075","5","45951","77","0","2022","A","N","Powder River County, Montana","Private","NAICS 45951 Used merchandise retailers","County, NAICS 5-digit -- by ownership sector","All establishment sizes",2,0,0,0,0,0,0,"N",11.61,0,0,0,0,0,0,"N",2,100.0,0,0,0,0,0,0,0,0,0,0,0,0
"30075","5","459510","78","0","2022","A","N","Powder River County, Montana","Private","NAICS 459510 Used merchandise retailers","County, NAICS 6-digit -- by ownership sector","All establishment sizes",2,0,0,0,0,0,0,"N",11.61,0,0,0,0,0,0,"N",2,100.0,0,0,0,0,0,0,0,0,0,0,0,0
"30075","5","48-49","74","0","2022","A","N","Powder River County, Montana","Private","NAICS 48-49 Transportation and warehousing","County, NAICS Sector -- by ownership sector","All establishment sizes",3,0,0,0,0,0,0,"N",1.05,0,0,0,0,0,0,"N",0,0.0,0,0,0,0,0,0,0,0,0,0,0,0
"30075","5","484","75","0","2022","A","N","Powder River County, Montana","Private","NAICS 484 Truck transportation","County, NAICS 3-digit -- by ownership sector","All establishment sizes",2,0,0,0,0,0,0,"N",1.24,0,0,0,0,0,0,"N",0,0.0,0,0,0,0,0,0,0,0,0,0,0,0
"30075","5","4841","76","0","2022","A","N","Powder River County, Montana","Private","NAICS 4841 General freight trucking","County, NAICS 4-digit -- by ownership sector","All establishment sizes",2,0,0,0,0,0,0,"N",1.80,0,0,0,0,0,0,"N",0,0.0,0,0,0,0,0,0,0,0,0,0,0,0
"30075","5","48412","77","0","2022","A","N","Powder River County, Montana","Private","NAICS 48412 General freight trucking, long-distance","County, NAICS 5-digit -- by ownership sector","All establishment sizes",2,0,0,0,0,0,0,"N",2.97,0,0,0,0,0,0,"N",0,0.0,0,0,0,0,0,0,0,0,0,0,0,0
"30075","5","484121","78","0","2022","A","N","Powder River County, Montana","Private","NAICS 484121 General freight trucking, long-distance, truckload","County, NAICS 6-digit -- by ownership sector","All establishment sizes",1,0,0,0,0,0,0,"N",1.80,0,0,0,0,0,0,"N",0,0.0,0,0,0,0,0,0,0,0,0,0,0,0
"30075","5","484122","78","0","2022","A","N","Powder River County, Montana","Private","NAICS 484122 General freight trucking, long-distance, less than truckload","County, NAICS 6-digit -- by ownership sector","All establishment sizes",1,0,0,0,0,0,0,"N",8.56,0,0,0,0,0,0,"N",0,0.0,0,0,0,0,0,0,0,0,0,0,0,0
"30075","5","485","75","0","2022","A","N","Powder River County, Montana","Private","NAICS 485 Transit and ground passenger transportation","County, NAICS 3-digit -- by ownership sector","All establishment sizes",1,0,0,0,0,0,0,"N",5.26,0,0,0,0,0,0,"N",0,0.0,0,0,0,0,0,0,0,0,0,0,0,0
"30075","5","4854","76","0","2022","A","N","Powder River County, Montana","Private","NAICS 4854 School and employee bus transportation","County, NAICS 4-digit -- by ownership sector","All establishment sizes",1,0,0,0,0,0,0,"N",25.79,0,0,0,0,0,0,"N",0,0.0,0,0,0,0,0,0,0,0,0,0,0,0
"30075","5","48541","77","0","2022","A","N","Powder River County, Montana","Private","NAICS 48541 School and employee bus transportation","County, NAICS 5-digit -- by ownership sector","All establishment sizes",1,0,0,0,0,0,0,"N",25.79,0,0,0,0,0,0,"N",0,0.0,0,0,0,0,0,0,0,0,0,0,0,0
"30075","5","485410","78","0","2022","A","N","Powder River County, Montana","Private","NAICS 485410 School and employee bus transportation","County, NAICS 6-digit -- by ownership sector","All establishment sizes",1,0,0,0,0,0,0,"N",25.79,0,0,0,0,0,0,"N",0,0.0,0,0,0,0,0,0,0,0,0,0,0,0
"30075","5","51","74","0","2022","A","N","Powder River County, Montana","Private","NAICS 51 Information","County, NAICS Sector -- by ownership sector","All establishment sizes",2,0,0,0,0,0,0,"N",0.83,0,0,0,0,0,0,"N",-1,-33.3,0,0,0,0,0,0,0,0,0,0,0,0
"30075","5","513","75","0","2022","A","N","Powder River County, Montana","Private","NAICS 513 Publishing industries","County, NAICS 3-digit -- by ownership sector","All establishment sizes",1,0,0,0,0,0,0,"N",1.03,0,0,0,0,0,0,"N",1,100.0,0,0,0,0,0,0,0,0,0,0,0,0
"30075","5","5131","76","0","2022","A","N","Powder River County, Montana","Private","NAICS 5131 Newspaper, periodical, book, and directory publishers","County, NAICS 4-digit -- by ownership sector","All establishment sizes",1,0,0,0,0,0,0,"N",3.59,0,0,0,0,0,0,"N",1,100.0,0,0,0,0,0,0,0,0,0,0,0,0
"30075","5","51311","77","0","2022","A","N","Powder River County, Montana","Private","NAICS 51311 Newspaper publishers","County, NAICS 5-digit -- by ownership sector","All establishment sizes",1,0,0,0,0,0,0,"N",14.74,0,0,0,0,0,0,"N",1,100.0,0,0,0,0,0,0,0,0,0,0,0,0
"30075","5","513110","78","0","2022","A","N","Powder River County, Montana","Private","NAICS 513110 Newspaper publishers","County, NAICS 6-digit -- by ownership sector","All establishment sizes",1,0,0,0,0,0,0,"N",14.74,0,0,0,0,0,0,"N",1,100.0,0,0,0,0,0,0,0,0,0,0,0,0
"30075","5","517","75","0","2022","A","N","Powder River County, Montana","Private","NAICS 517 Telecommunications","County, NAICS 3-digit -- by ownership sector","All establishment sizes",1,0,0,0,0,0,0,"N",2.93,0,0,0,0,0,0,"N",0,0.0,0,0,0,0,0,0,0,0,0,0,0,0
"30075","5","5171","76","0","2022","A","N","Powder River County, Montana","Private","NAICS 5171 Wired and wireless telecommunications (except satellite)","County, NAICS 4-digit -- by ownership sector","All establishment sizes",1,0,0,0,0,0,0,"N",3.46,0,0,0,0,0,0,"N",1,100.0,0,0,0,0,0,0,0,0,0,0,0,0
"30075","5","51711","77","0","2022","A","N","Powder River County, Montana","Private","NAICS 51711 Wired and wireless telecommunications carriers (except satellite)","County, NAICS 5-digit -- by ownership sector","All establishment sizes",1,0,0,0,0,0,0,"N",4.04,0,0,0,0,0,0,"N",1,100.0,0,0,0,0,0,0,0,0,0,0,0,0
"30075","5","517111","78","0","2022","A","N","Powder River County, Montana","Private","NAICS 517111 Wired telecommunications carriers","County, NAICS 6-digit -- by ownership sector","All establishment sizes",1,0,0,0,0,0,0,"N",5.40,0,0,0,0,0,0,"N",1,100.0,0,0,0,0,0,0,0,0,0,0,0,0
"30075","5","52","74","0","2022","A","N","Powder River County, Montana","Private","NAICS 52 Finance and insurance","County, NAICS Sector -- by ownership sector","All establishment sizes",2,0,0,0,0,0,0,"N",0.39,0,0,0,0,0,0,"N",0,0.0,0,0,0,0,0,0,0,0,0,0,0,0
"30075","5","523","75","0","2022","A","N","Powder River County, Montana","Private","NAICS 523 Securities, commodity contracts, and other financial investments and related activities","County, NAICS 3-digit -- by ownership sector","All establishment sizes",1,0,0,0,0,0,0,"N",0.77,0,0,0,0,0,0,"N",1,100.0,0,0,0,0,0,0,0,0,0,0,0,0
"30075","5","5232","76","0","2022","A","N","Powder River County, Montana","Private","NAICS 5232 Securities and commodity exchanges","County, NAICS 4-digit -- by ownership sector","All establishment sizes",1,0,0,0,0,0,0,"N",169.80,0,0,0,0,0,0,"N",1,100.0,0,0,0,0,0,0,0,0,0,0,0,0
"30075","5","52321","77","0","2022","A","N","Powder River County, Montana","Private","NAICS 52321 Securities and commodity exchanges","County, NAICS 5-digit -- by ownership sector","All establishment sizes",1,0,0,0,0,0,0,"N",169.80,0,0,0,0,0,0,"N",1,100.0,0,0,0,0,0,0,0,0,0,0,0,0
"30075","5","523210","78","0","2022","A","N","Powder River County, Montana","Private","NAICS 523210 Securities and commodity exchanges","County, NAICS 6-digit -- by ownership sector","All establishment sizes",1,0,0,0,0,0,0,"N",169.80,0,0,0,0,0,0,"N",1,100.0,0,0,0,0,0,0,0,0,0,0,0,0
"30075","5","524","75","0","2022","A","N","Powder River County, Montana","Private","NAICS 524 Insurance carriers and related activities","County, NAICS 3-digit -- by ownership sector","All establishment sizes",1,0,0,0,0,0,0,"N",0.50,0,0,0,0,0,0,"N",0,0.0,0,0,0,0,0,0,0,0,0,0,0,0
"30075","5","5242","76","0","2022","A","N","Powder River County, Montana","Private","NAICS 5242 Agencies, brokerages, and other insurance related activities","County, NAICS 4-digit -- by ownership sector","All establishment sizes",1,0,0,0,0,0,0,"N",0.59,0,0,0,0,0,0,"N",0,0.0,0,0,0,0,0,0,0,0,0,0,0,0
"30075","5","52421","77","0","2022","A","N","Powder River County, Montana","Private","NAICS 52421 Insurance agencies and brokerages","County, NAICS 5-digit -- by ownership sector","All establishment sizes",1,0,0,0,0,0,0,"N",0.70,0,0,0,0,0,0,"N",0,0.0,0,0,0,0,0,0,0,0,0,0,0,0
"30075","5","524210","78","0","2022","A","N","Powder River County, Montana","Private","NAICS 524210 Insurance agencies and brokerages","County, NAICS 6-digit -- by ownership sector","All establishment sizes",1,0,0,0,0,0,0,"N",0.70,0,0,0,0,0,0,"N",0,0.0,0,0,0,0,0,0,0,0,0,0,0,0
"30075","5","53","74","0","2022","A","N","Powder River County, Montana","Private","NAICS 53 Real estate and rental and leasing","County, NAICS Sector -- by ownership sector","All establishment sizes",0,0,0,0,0,0,0,"N",0.00,0,0,0,0,0,0,"N",0,0,0,0,0,0,0,0,0,0,0,0,0,0
"30075","5","531","75","0","2022","A","N","Powder River County, Montana","Private","NAICS 531 Real estate","County, NAICS 3-digit -- by ownership sector","All establishment sizes",0,0,0,0,0,0,0,"N",0.00,0,0,0,0,0,0,"N",0,0,0,0,0,0,0,0,0,0,0,0,0,0
"30075","5","5311","76","0","2022","A","N","Powder River County, Montana","Private","NAICS 5311 Lessors of real estate","County, NAICS 4-digit -- by ownership sector","All establishment sizes",0,0,0,0,0,0,0,"N",0.00,0,0,0,0,0,0,"N",0,0,0,0,0,0,0,0,0,0,0,0,0,0
"30075","5","53112","77","0","2022","A","N","Powder River County, Montana","Private","NAICS 53112 Lessors of nonresidential buildings (except miniwarehouses)","County, NAICS 5-digit -- by ownership sector","All establishment sizes",0,0,0,0,0,0,0,"N",0.00,0,0,0,0,0,0,"N",0,0,0,0,0,0,0,0,0,0,0,0,0,0
"30075","5","531120","78","0","2022","A","N","Powder River County, Montana","Private","NAICS 531120 Lessors of nonresidential buildings (except miniwarehouses)","County, NAICS 6-digit -- by ownership sector","All establishment sizes",0,0,0,0,0,0,0,"N",0.00,0,0,0,0,0,0,"N",0,0,0,0,0,0,0,0,0,0,0,0,0,0
"30075","5","54","74","0","2022","A","","Powder River County, Montana","Private","NAICS 54 Professional, scientific, and technical services","County, NAICS Sector -- by ownership sector","All establishment sizes",12,54,6251401,3091409,42904,2216,115233,"",0.83,1.46,2.36,2.36,4.05,1.61,1.60,"N",4,50.0,0,0,0,0,0,0,0,0,0,0,0,0
"30075","5","541","75","0","2022","A","","Powder River County, Montana","Private","NAICS 541 Professional, scientific, and technical services","County, NAICS 3-digit -- by ownership sector","All establishment sizes",12,54,6251401,3091409,42904,2216,115233,"",0.83,1.46,2.36,2.36,4.05,1.61,1.60,"N",4,50.0,0,0,0,0,0,0,0,0,0,0,0,0
"30075","5","5412","76","0","2022","A","N","Powder River County, Montana","Private","NAICS 5412 Accounting, tax preparation, bookkeeping, and payroll services","County, NAICS 4-digit -- by ownership sector","All establishment sizes",2,0,0,0,0,0,0,"N",1.27,0,0,0,0,0,0,"N",-1,-33.3,0,0,0,0,0,0,0,0,0,0,0,0
"30075","5","54121","77","0","2022","A","N","Powder River County, Montana","Private","NAICS 54121 Accounting, tax preparation, bookkeeping, and payroll services","County, NAICS 5-digit -- by ownership sector","All establishment sizes",2,0,0,0,0,0,0,"N",1.27,0,0,0,0,0,0,"N",-1,-33.3,0,0,0,0,0,0,0,0,0,0,0,0
"30075","5","541211","78","0","2022","A","N","Powder River County, Montana","Private","NAICS 541211 Offices of certified public accountants","County, NAICS 6-digit -- by ownership sector","All establishment sizes",1,0,0,0,0,0,0,"N",1.80,0,0,0,0,0,0,"N",0,0.0,0,0,0,0,0,0,0,0,0,0,0,0
"30075","5","541219","78","0","2022","A","N","Powder River County, Montana","Private","NAICS 541219 Other accounting services","County, NAICS 6-digit -- by ownership sector","All establishment sizes",1,0,0,0,0,0,0,"N",1.72,0,0,0,0,0,0,"N",-1,-50.0,0,0,0,0,0,0,0,0,0,0,0,0
"30075","5","5413","76","0","2022","A","N","Powder River County, Montana","Private","NAICS 5413 Architectural, engineering, and related services","County, NAICS 4-digit -- by ownership sector","All establishment sizes",1,0,0,0,0,0,0,"N",0.68,0,0,0,0,0,0,"N",0,0.0,0,0,0,0,0,0,0,0,0,0,0,0
"30075","5","54138","77","0","2022","A","N","Powder River County, Montana","Private","NAICS 54138 Testing laboratories and services","County, NAICS 5-digit -- by ownership sector","All establishment sizes",1,0,0,0,0,0,0,"N",9.74,0,0,0,0,0,0,"N",0,0.0,0,0,0,0,0,0,0,0,0,0,0,0
"30075","5","541380","78","0","2022","A","N","Powder River County, Montana","Private","NAICS 541380 Testing laboratories and services","County, NAICS 6-digit -- by ownership sector","All establishment sizes",1,0,0,0,0,0,0,"N",9.74,0,0,0,0,0,0,"N",0,0.0,0,0,0,0,0,0,0,0,0,0,0,0
"30075","5","5415","76","0","2022","A","N","Powder River County, Montana","Private","NAICS 5415 Computer systems design and related services","County, NAICS 4-digit -- by ownership sector","All establishment sizes",3,0,0,0,0,0,0,"N",0.86,0,0,0,0,0,0,"N",3,100.0,0,0,0,0,0,0,0,0,0,0,0,0
"30075","5","54151","77","0","2022","A","N","Powder River County, Montana","Private","NAICS 54151 Computer systems design and related services","County, NAICS 5-digit -- by ownership sector","All establishment sizes",3,0,0,0,0,0,0,"N",0.86,0,0,0,0,0,0,"N",3,100.0,0,0,0,0,0,0,0,0,0,0,0,0
"30075","5","541511","78","0","2022","A","N","Powder River County, Montana","Private","NAICS 541511 Custom computer programming services","County, NAICS 6-digit -- by ownership sector","All establishment sizes",3,0,0,0,0,0,0,"N",1.81,0,0,0,0,0,0,"N",3,100.0,0,0,0,0,0,0,0,0,0,0,0,0
"30075","5","5416","76","0","2022","A","N","Powder River County, Montana","Private","NAICS 5416 Management, scientific, and technical consulting services","County, NAICS 4-digit -- by ownership sector","All establishment sizes",2,0,0,0,0,0,0,"N",0.59,0,0,0,0,0,0,"N",1,100.0,0,0,0,0,0,0,0,0,0,0,0,0
"30075","5","54161","77","0","2022","A","N","Powder River County, Montana","Private","NAICS 54161 Management consulting services","County, NAICS 5-digit -- by ownership sector","All establishment sizes",2,0,0,0,0,0,0,"N",0.73,0,0,0,0,0,0,"N",1,100.0,0,0,0,0,0,0,0,0,0,0,0,0
"30075","5","541611","78","0","2022","A","N","Powder River County, Montana","Private","NAICS 541611 Administrative management and general management consulting services","County, NAICS 6-digit -- by ownership sector","All establishment sizes",1,0,0,0,0,0,0,"N",0.71,0,0,0,0,0,0,"N",0,0.0,0,0,0,0,0,0,0,0,0,0,0,0
"30075","5","541612","78","0","2022","A","N","Powder River County, Montana","Private","NAICS 541612 Human resources consulting services","County, NAICS 6-digit -- by ownership sector","All establishment sizes",1,0,0,0,0,0,0,"N",7.34,0,0,0,0,0,0,"N",1,100.0,0,0,0,0,0,0,0,0,0,0,0,0
"30075","5","5417","76","0","2022","A","N","Powder River County, Montana","Private","NAICS 5417 Scientific research and development services","County, NAICS 4-digit -- by ownership sector","All establishment sizes",1,0,0,0,0,0,0,"N",2.16,0,0,0,0,0,0,"N",1,100.0,0,0,0,0,0,0,0,0,0,0,0,0
"30075","5","54171","77","0","2022","A","N","Powder River County, Montana","Private","NAICS 54171 Research and development in the physical, engineering, and life sciences","County, NAICS 5-digit -- by ownership sector","All establishment sizes",1,0,0,0,0,0,0,"N",2.44,0,0,0,0,0,0,"N",1,100.0,0,0,0,0,0,0,0,0,0,0,0,0
"30075","5","541714","78","0","2022","A","N","Powder River County, Montana","Private","NAICS 541714 Research and development in biotechnology (except nanobiotechnology)","County, NAICS 6-digit -- by ownership sector","All establishment sizes",1,0,0,0,0,0,0,"N",5.91,0,0,0,0,0,0,"N",1,100.0,0,0,0,0,0,0,0,0,0,0,0,0
"30075","5","5419","76","0","2022","A","","Powder River County, Montana","Private","NAICS 5419 Other professional, scientific, and technical services","County, NAICS 4-digit -- by ownership sector","All establishment sizes",3,7,586480,369648,2651,1735,90228,"",2.65,2.38,4.70,3.77,3.70,2.13,2.13,"N",-1,-25.0,0,0,0,0,0,0,0,0,0,0,0,0
"30075","5","54194","77","0","2022","A","","Powder River County, Montana","Private","NAICS 54194 Veterinary services","County, NAICS 5-digit -- by ownership sector","All establishment sizes",3,7,586480,369648,2651,1735,90228,"",9.59,4.41,11.71,7.31,9.60,2.86,2.86,"N",0,0.0,0,0,0,0,0,0,0,0,0,0,0,0
"30075","5","541940","78","0","2022","A","","Powder River County, Montana","Private","NAICS 541940 Veterinary services","County, NAICS 6-digit -- by ownership sector","All establishment sizes",3,7,586480,369648,2651,1735,90228,"",9.59,4.41,11.71,7.31,9.60,2.86,2.86,"N",0,0.0,0,0,0,0,0,0,0,0,0,0,0,0
"30075","5","55","74","0","2022","A","N","Powder River County, Montana","Private","NAICS 55 Management of companies and enterprises","County, NAICS Sector -- by ownership sector","All establishment sizes",0,0,0,0,0,0,0,"N",0.00,0,0,0,0,0,0,"N",-1,-100.0,0,0,0,0,0,0,0,0,0,0,0,0
"30075","5","551","75","0","2022","A","N","Powder River County, Montana","Private","NAICS 551 Management of companies and enterprises","County, NAICS 3-digit -- by ownership sector","All establishment sizes",0,0,0,0,0,0,0,"N",0.00,0,0,0,0,0,0,"N",-1,-100.0,0,0,0,0,0,0,0,0,0,0,0,0
"30075","5","5511","76","0","2022","A","N","Powder River County, Montana","Private","NAICS 5511 Management of companies and enterprises","County, NAICS 4-digit -- by ownership sector","All establishment sizes",0,0,0,0,0,0,0,"N",0.00,0,0,0,0,0,0,"N",-1,-100.0,0,0,0,0,0,0,0,0,0,0,0,0
"30075","5","55111","77","0","2022","A","N","Powder River County, Montana","Private","NAICS 55111 Management of companies and enterprises","County, NAICS 5-digit -- by ownership sector","All establishment sizes",0,0,0,0,0,0,0,"N",0.00,0,0,0,0,0,0,"N",-1,-100.0,0,0,0,0,0,0,0,0,0,0,0,0
"30075","5","551111","78","0","2022","A","N","Powder River County, Montana","Private","NAICS 551111 Offices of bank holding companies","County, NAICS 6-digit -- by ownership sector","All establishment sizes",0,0,0,0,0,0,0,"N",0.00,0,0,0,0,0,0,"N",-1,-100.0,0,0,0,0,0,0,0,0,0,0,0,0
"30075","5","56","74","0","2022","A","N","Powder River County, Montana","Private","NAICS 56 Administrative and support and waste management and remediation services","County, NAICS Sector -- by ownership sector","All establishment sizes",1,0,0,0,0,0,0,"N",0.17,0,0,0,0,0,0,"N",1,100.0,0,0,0,0,0,0,0,0,0,0,0,0
"30075","5","561","75","0","2022","A","N","Powder River County, Montana","Private","NAICS 561 Administrative and support services","County, NAICS 3-digit -- by ownership sector","All establishment sizes",1,0,0,0,0,0,0,"N",0.17,0,0,0,0,0,0,"N",1,100.0,0,0,0,0,0,0,0,0,0,0,0,0
"30075","5","5611","76","0","2022","A","N","Powder River County, Montana","Private","NAICS 5611 Office administrative services","County, NAICS 4-digit -- by ownership sector","All establishment sizes",1,0,0,0,0,0,0,"N",1.52,0,0,0,0,0,0,"N",1,100.0,0,0,0,0,0,0,0,0,0,0,0,0
"30075","5","56111","77","0","2022","A","N","Powder River County, Montana","Private","NAICS 56111 Office administrative services","County, NAICS 5-digit -- by ownership sector","All establishment sizes",1,0,0,0,0,0,0,"N",1.52,0,0,0,0,0,0,"N",1,100.0,0,0,0,0,0,0,0,0,0,0,0,0
"30075","5","561110","78","0","2022","A","N","Powder River County, Montana","Private","NAICS 561110 Office administrative services","County, NAICS 6-digit -- by ownership sector","All establishment sizes",1,0,0,0,0,0,0,"N",1.52,0,0,0,0,0,0,"N",1,100.0,0,0,0,0,0,0,0,0,0,0,0,0
"30075","5","62","74","0","2022","A","","Powder River County, Montana","Private","NAICS 62 Health care and social assistance","County, NAICS Sector -- by ownership sector","All establishment sizes",5,8,265145,180459,2136,665,34584,"",0.29,0.11,0.10,0.12,0.21,0.92,0.92,"",1,25.0,3,60.0,131756,98.8,52148,40.6,699,48.6,169,34.1,8767,34.0
"30075","5","621","75","0","2022","A","N","Powder River County, Montana","Private","NAICS 621 Ambulatory health care services","County, NAICS 3-digit -- by ownership sector","All establishment sizes",3,0,0,0,0,0,0,"N",0.48,0,0,0,0,0,0,"N",1,50.0,0,0,0,0,0,0,0,0,0,0,0,0
"30075","5","6213","76","0","2022","A","N","Powder River County, Montana","Private","NAICS 6213 Offices of other health practitioners","County, NAICS 4-digit -- by ownership sector","All establishment sizes",2,0,0,0,0,0,0,"N",1.22,0,0,0,0,0,0,"N",1,100.0,0,0,0,0,0,0,0,0,0,0,0,0
"30075","5","62134","77","0","2022","A","N","Powder River County, Montana","Private","NAICS 62134 Offices of physical, occupational and speech therapists, and audiologists","County, NAICS 5-digit -- by ownership sector","All establishment sizes",2,0,0,0,0,0,0,"N",4.67,0,0,0,0,0,0,"N",1,100.0,0,0,0,0,0,0,0,0,0,0,0,0
"30075","5","621340","78","0","2022","A","N","Powder River County, Montana","Private","NAICS 621340 Offices of physical, occupational and speech therapists, and audiologists","County, NAICS 6-digit -- by ownership sector","All establishment sizes",2,0,0,0,0,0,0,"N",4.67,0,0,0,0,0,0,"N",1,100.0,0,0,0,0,0,0,0,0,0,0,0,0
"30075","5","6219","76","0","2022","A","N","Powder River County, Montana","Private","NAICS 6219 Other ambulatory health care services","County, NAICS 4-digit -- by ownership sector","All establishment sizes",1,0,0,0,0,0,0,"N",5.91,0,0,0,0,0,0,"N",0,0.0,0,0,0,0,0,0,0,0,0,0,0,0
"30075","5","62191","77","0","2022","A","N","Powder River County, Montana","Private","NAICS 62191 Ambulance services","County, NAICS 5-digit -- by ownership sector","All establishment sizes",1,0,0,0,0,0,0,"N",19.01,0,0,0,0,0,0,"N",0,0.0,0,0,0,0,0,0,0,0,0,0,0,0
"30075","5","621910","78","0","2022","A","N","Powder River County, Montana","Private","NAICS 621910 Ambulance services","County, NAICS 6-digit -- by ownership sector","All establishment sizes",1,0,0,0,0,0,0,"N",19.01,0,0,0,0,0,0,"N",0,0.0,0,0,0,0,0,0,0,0,0,0,0,0
"30075","5","624","75","0","2022","A","N","Powder River County, Montana","Private","NAICS 624 Social assistance","County, NAICS 3-digit -- by ownership sector","All establishment sizes",2,0,0,0,0,0,0,"N",0.20,0,0,0,0,0,0,"N",0,0.0,0,0,0,0,0,0,0,0,0,0,0,0
"30075","5","6241","76","0","2022","A","N","Powder River County, Montana","Private","NAICS 6241 Individual and family services","County, NAICS 4-digit -- by ownership sector","All establishment sizes",1,0,0,0,0,0,0,"N",0.11,0,0,0,0,0,0,"N",0,0.0,0,0,0,0,0,0,0,0,0,0,0,0
"30075","5","62412","77","0","2022","A","N","Powder River County, Montana","Private","NAICS 62412 Services for the elderly and persons with disabilities","County, NAICS 5-digit -- by ownership sector","All establishment sizes",1,0,0,0,0,0,0,"N",0.12,0,0,0,0,0,0,"N",0,0.0,0,0,0,0,0,0,0,0,0,0,0,0
"30075","5","624120","78","0","2022","A","N","Powder River County, Montana","Private","NAICS 624120 Services for the elderly and persons with disabilities","County, NAICS 6-digit -- by ownership sector","All establishment sizes",1,0,0,0,0,0,0,"N",0.12,0,0,0,0,0,0,"N",0,0.0,0,0,0,0,0,0,0,0,0,0,0,0
"30075","5","6244","76","0","2022","A","N","Powder River County, Montana","Private","NAICS 6244 Child care services","County, NAICS 4-digit -- by ownership sector","All establishment sizes",1,0,0,0,0,0,0,"N",1.43,0,0,0,0,0,0,"N",0,0.0,0,0,0,0,0,0,0,0,0,0,0,0
"30075","5","62441","77","0","2022","A","N","Powder River County, Montana","Private","NAICS 62441 Child care services","County, NAICS 5-digit -- by ownership sector","All establishment sizes",1,0,0,0,0,0,0,"N",1.43,0,0,0,0,0,0,"N",0,0.0,0,0,0,0,0,0,0,0,0,0,0,0
"30075","5","624410","78","0","2022","A","N","Powder River County, Montana","Private","NAICS 624410 Child care services","County, NAICS 6-digit -- by ownership sector","All establishment sizes",1,0,0,0,0,0,0,"N",1.43,0,0,0,0,0,0,"N",0,0.0,0,0,0,0,0,0,0,0,0,0,0,0
"30075","5","71","74","0","2022","A","","Powder River County, Montana","Private","NAICS 71 Arts, entertainment, and recreation","County, NAICS Sector -- by ownership sector","All establishment sizes",7,14,311866,299966,4116,421,21885,"",4.40,1.73,1.29,1.49,2.19,0.73,0.73,"",0,0.0,2,16.7,-60180,-16.2,18320,6.5,99,2.5,-163,-27.9,-8486,-27.9
"30075","5","711","75","0","2022","A","N","Powder River County, Montana","Private","NAICS 711 Performing arts, spectator sports, and related industries","County, NAICS 3-digit -- by ownership sector","All establishment sizes",2,0,0,0,0,0,0,"N",2.99,0,0,0,0,0,0,"N",0,0.0,0,0,0,0,0,0,0,0,0,0,0,0
"30075","5","7112","76","0","2022","A","N","Powder River County, Montana","Private","NAICS 7112 Spectator sports","County, NAICS 4-digit -- by ownership sector","All establishment sizes",1,0,0,0,0,0,0,"N",13.87,0,0,0,0,0,0,"N",0,0.0,0,0,0,0,0,0,0,0,0,0,0,0
"30075","5","71121","77","0","2022","A","N","Powder River County, Montana","Private","NAICS 71121 Spectator sports","County, NAICS 5-digit -- by ownership sector","All establishment sizes",1,0,0,0,0,0,0,"N",13.87,0,0,0,0,0,0,"N",0,0.0,0,0,0,0,0,0,0,0,0,0,0,0
"30075","5","711219","78","0","2022","A","N","Powder River County, Montana","Private","NAICS 711219 Other spectator sports","County, NAICS 6-digit -- by ownership sector","All establishment sizes",1,0,0,0,0,0,0,"N",27.70,0,0,0,0,0,0,"N",0,0.0,0,0,0,0,0,0,0,0,0,0,0,0
"30075","5","7115","76","0","2022","A","N","Powder River County, Montana","Private","NAICS 7115 Independent artists, writers, and performers","County, NAICS 4-digit -- by ownership sector","All establishment sizes",1,0,0,0,0,0,0,"N",2.96,0,0,0,0,0,0,"N",0,0.0,0,0,0,0,0,0,0,0,0,0,0,0
"30075","5","71151","77","0","2022","A","N","Powder River County, Montana","Private","NAICS 71151 Independent artists, writers, and performers","County, NAICS 5-digit -- by ownership sector","All establishment sizes",1,0,0,0,0,0,0,"N",2.96,0,0,0,0,0,0,"N",0,0.0,0,0,0,0,0,0,0,0,0,0,0,0
"30075","5","711510","78","0","2022","A","N","Powder River County, Montana","Private","NAICS 711510 Independent artists, writers, and performers","County, NAICS 6-digit -- by ownership sector","All establishment sizes",1,0,0,0,0,0,0,"N",2.96,0,0,0,0,0,0,"N",0,0.0,0,0,0,0,0,0,0,0,0,0,0,0
"30075","5","713","75","0","2022","A","N","Powder River County, Montana","Private","NAICS 713 Amusement, gambling, and recreation industries","County, NAICS 3-digit -- by ownership sector","All establishment sizes",5,0,0,0,0,0,0,"N",5.85,0,0,0,0,0,0,"N",0,0.0,0,0,0,0,0,0,0,0,0,0,0,0
"30075","5","7139","76","0","2022","A","N","Powder River County, Montana","Private","NAICS 7139 Other amusement and recreation industries","County, NAICS 4-digit -- by ownership sector","All establishment sizes",5,0,0,0,0,0,0,"N",6.39,0,0,0,0,0,0,"N",0,0.0,0,0,0,0,0,0,0,0,0,0,0,0
"30075","5","71391","77","0","2022","A","N","Powder River County, Montana","Private","NAICS 71391 Golf courses and country clubs","County, NAICS 5-digit -- by ownership sector","All establishment sizes",1,0,0,0,0,0,0,"N",9.95,0,0,0,0,0,0,"N",0,0.0,0,0,0,0,0,0,0,0,0,0,0,0
"30075","5","713910","78","0","2022","A","N","Powder River County, Montana","Private","NAICS 713910 Golf courses and country clubs","County, NAICS 6-digit -- by ownership sector","All establishment sizes",1,0,0,0,0,0,0,"N",9.95,0,0,0,0,0,0,"N",0,0.0,0,0,0,0,0,0,0,0,0,0,0,0
"30075","5","71399","77","0","2022","A","","Powder River County, Montana","Private","NAICS 71399 All other amusement and recreation industries","County, NAICS 5-digit -- by ownership sector","All establishment sizes",4,7,161778,161778,2394,434,22574,"",18.60,9.12,12.88,8.04,14.79,1.38,1.38,"",0,0.0,0,0.0,18380,12.8,18380,12.8,318,15.3,15,3.6,792,3.6
"30075","5","713990","78","0","2022","A","","Powder River County, Montana","Private","NAICS 713990 All other amusement and recreation industries","County, NAICS 6-digit -- by ownership sector","All establishment sizes",4,7,161778,161778,2394,434,22574,"",18.60,9.12,12.88,8.04,14.79,1.38,1.38,"",0,0.0,0,0.0,18380,12.8,18380,12.8,318,15.3,15,3.6,792,3.6
"30075","5","72","74","0","2022","A","","Powder River County, Montana","Private","NAICS 72 Accommodation and food services","County, NAICS Sector -- by ownership sector","All establishment sizes",9,52,1107632,814559,6525,408,21199,"",1.28,1.11,1.40,0.61,0.70,1.26,1.26,"",0,0.0,7,15.6,493086,80.2,232532,40.0,2258,52.9,144,54.5,7466,54.4
"30075","5","721","75","0","2022","A","N","Powder River County, Montana","Private","NAICS 721 Accommodation","County, NAICS 3-digit -- by ownership sector","All establishment sizes",2,0,0,0,0,0,0,"N",2.84,0,0,0,0,0,0,"N",0,0.0,0,0,0,0,0,0,0,0,0,0,0,0
"30075","5","7211","76","0","2022","A","N","Powder River County, Montana","Private","NAICS 7211 Traveler accommodation","County, NAICS 4-digit -- by ownership sector","All establishment sizes",2,0,0,0,0,0,0,"N",3.28,0,0,0,0,0,0,"N",0,0.0,0,0,0,0,0,0,0,0,0,0,0,0
"30075","5","72111","77","0","2022","A","N","Powder River County, Montana","Private","NAICS 72111 Hotels (except casino hotels) and motels","County, NAICS 5-digit -- by ownership sector","All establishment sizes",2,0,0,0,0,0,0,"N",3.58,0,0,0,0,0,0,"N",0,0.0,0,0,0,0,0,0,0,0,0,0,0,0
"30075","5","721110","78","0","2022","A","N","Powder River County, Montana","Private","NAICS 721110 Hotels (except casino hotels) and motels","County, NAICS 6-digit -- by ownership sector","All establishment sizes",2,0,0,0,0,0,0,"N",3.58,0,0,0,0,0,0,"N",0,0.0,0,0,0,0,0,0,0,0,0,0,0,0
"30075","5","722","75","0","2022","A","N","Powder River County, Montana","Private","NAICS 722 Food services and drinking places","County, NAICS 3-digit -- by ownership sector","All establishment sizes",7,0,0,0,0,0,0,"N",1.11,0,0,0,0,0,0,"N",0,0.0,0,0,0,0,0,0,0,0,0,0,0,0
"30075","5","7224","76","0","2022","A","N","Powder River County, Montana","Private","NAICS 7224 Drinking places (alcoholic beverages)","County, NAICS 4-digit -- by ownership sector","All establishment sizes",2,0,0,0,0,0,0,"N",5.15,0,0,0,0,0,0,"N",0,0.0,0,0,0,0,0,0,0,0,0,0,0,0
"30075","5","72241","77","0","2022","A","N","Powder River County, Montana","Private","NAICS 72241 Drinking places (alcoholic beverages)","County, NAICS 5-digit -- by ownership sector","All establishment sizes",2,0,0,0,0,0,0,"N",5.15,0,0,0,0,0,0,"N",0,0.0,0,0,0,0,0,0,0,0,0,0,0,0
"30075","5","722410","78","0","2022","A","N","Powder River County, Montana","Private","NAICS 722410 Drinking places (alcoholic beverages)","County, NAICS 6-digit -- by ownership sector","All establishment sizes",2,0,0,0,0,0,0,"N",5.15,0,0,0,0,0,0,"N",0,0.0,0,0,0,0,0,0,0,0,0,0,0,0
"30075","5","7225","76","0","2022","A","","Powder River County, Montana","Private","NAICS 7225 Restaurants and other eating places","County, NAICS 4-digit -- by ownership sector","All establishment sizes",5,27,661073,395000,3256,480,24946,"",0.91,0.73,1.16,0.40,0.51,1.63,1.63,"",0,0.0,8,42.1,424376,179.3,157746,66.5,2041,168.0,239,99.2,12433,99.4
"30075","5","72251","77","0","2022","A","","Powder River County, Montana","Private","NAICS 72251 Restaurants and other eating places","County, NAICS 5-digit -- by ownership sector","All establishment sizes",5,27,661073,395000,3256,480,24946,"",0.91,0.73,1.16,0.40,0.51,1.63,1.63,"",0,0.0,8,42.1,424376,179.3,157746,66.5,2041,168.0,239,99.2,12433,99.4
"30075","5","722511","78","0","2022","A","","Powder River County, Montana","Private","NAICS 722511 Full-service restaurants","County, NAICS 6-digit -- by ownership sector","All establishment sizes",4,17,557994,291921,2413,631,32823,"",1.69,0.94,1.77,0.56,0.69,1.87,1.87,"N",0,0.0,0,0,0,0,0,0,0,0,0,0,0,0
"30075","5","722513","78","0","2022","A","N","Powder River County, Montana","Private","NAICS 722513 Limited-service restaurants","County, NAICS 6-digit -- by ownership sector","All establishment sizes",1,0,0,0,0,0,0,"N",0.42,0,0,0,0,0,0,"N",0,0.0,0,0,0,0,0,0,0,0,0,0,0,0
"30075","5","722515","78","0","2022","A","N","Powder River County, Montana","Private","NAICS 722515 Snack and nonalcoholic beverage bars","County, NAICS 6-digit -- by ownership sector","All establishment sizes",0,0,0,0,0,0,0,"N",0.00,0,0,0,0,0,0,"N",0,0,0,0,0,0,0,0,0,0,0,0,0,0
"30075","5","81","74","0","2022","A","","Powder River County, Montana","Private","NAICS 81 Other services (except public administration)","County, NAICS Sector -- by ownership sector","All establishment sizes",8,21,566394,453041,2979,519,26971,"",1.00,1.36,1.23,1.03,0.91,0.91,0.91,"",0,0.0,-1,-4.5,-15893,-2.7,-1494,-0.3,-466,-13.5,-2,-0.4,-112,-0.4
"30075","5","811","75","0","2022","A","N","Powder River County, Montana","Private","NAICS 811 Repair and maintenance","County, NAICS 3-digit -- by ownership sector","All establishment sizes",5,0,0,0,0,0,0,"N",2.25,0,0,0,0,0,0,"N",0,0.0,0,0,0,0,0,0,0,0,0,0,0,0
"30075","5","8111","76","0","2022","A","","Powder River County, Montana","Private","NAICS 8111 Automotive repair and maintenance","County, NAICS 4-digit -- by ownership sector","All establishment sizes",4,9,274663,223512,1598,609,31692,"",2.55,2.63,2.65,1.96,2.11,1.05,1.05,"",0,0.0,-1,-10.0,-10795,-3.8,-4066,-1.8,-263,-14.1,36,6.3,1905,6.4
"30075","5","81111","77","0","2022","A","","Powder River County, Montana","Private","NAICS 81111 Automotive mechanical and electrical repair and maintenance","County, NAICS 5-digit -- by ownership sector","All establishment sizes",4,9,274663,223512,1598,609,31692,"",4.54,6.09,5.78,4.39,4.89,0.98,0.99,"",0,0.0,-1,-10.0,-10795,-3.8,-4066,-1.8,-263,-14.1,36,6.3,1905,6.4
"30075","5","811111","78","0","2022","A","","Powder River County, Montana","Private","NAICS 811111 General automotive repair","County, NAICS 6-digit -- by ownership sector","All establishment sizes",4,9,274663,223512,1598,609,31692,"",5.11,6.82,6.46,4.90,5.44,0.98,0.98,"",0,0.0,-1,-10.0,-10795,-3.8,-4066,-1.8,-263,-14.1,36,6.3,1905,6.4
"30075","5","8113","76","0","2022","A","N","Powder River County, Montana","Private","NAICS 8113 Commercial and industrial machinery and equipment (except automotive and electronic) repair and maintenance","County, NAICS 4-digit -- by ownership sector","All establishment sizes",1,0,0,0,0,0,0,"N",3.58,0,0,0,0,0,0,"N",0,0.0,0,0,0,0,0,0,0,0,0,0,0,0
"30075","5","81131","77","0","2022","A","N","Powder River County, Montana","Private","NAICS 81131 Commercial and industrial machinery and equipment (except automotive and electronic) repair and maintenance","County, NAICS 5-digit -- by ownership sector","All establishment sizes",1,0,0,0,0,0,0,"N",3.58,0,0,0,0,0,0,"N",0,0.0,0,0,0,0,0,0,0,0,0,0,0,0
"30075","5","811310","78","0","2022","A","N","Powder River County, Montana","Private","NAICS 811310 Commercial and industrial machinery and equipment (except automotive and electronic) repair and maintenance","County, NAICS 6-digit -- by ownership sector","All establishment sizes",1,0,0,0,0,0,0,"N",3.58,0,0,0,0,0,0,"N",0,0.0,0,0,0,0,0,0,0,0,0,0,0,0
"30075","5","813","75","0","2022","A","N","Powder River County, Montana","Private","NAICS 813 Religious, grantmaking, civic, professional, and similar organizations","County, NAICS 3-digit -- by ownership sector","All establishment sizes",3,0,0,0,0,0,0,"N",1.93,0,0,0,0,0,0,"N",0,0.0,0,0,0,0,0,0,0,0,0,0,0,0
"30075","5","8131","76","0","2022","A","N","Powder River County, Montana","Private","NAICS 8131 Religious organizations","County, NAICS 4-digit -- by ownership sector","All establishment sizes",1,0,0,0,0,0,0,"N",4.30,0,0,0,0,0,0,"N",0,0.0,0,0,0,0,0,0,0,0,0,0,0,0
"30075","5","81311","77","0","2022","A","N","Powder River County, Montana","Private","NAICS 81311 Religious organizations","County, NAICS 5-digit -- by ownership sector","All establishment sizes",1,0,0,0,0,0,0,"N",4.30,0,0,0,0,0,0,"N",0,0.0,0,0,0,0,0,0,0,0,0,0,0,0
"30075","5","813110","78","0","2022","A","N","Powder River County, Montana","Private","NAICS 813110 Religious organizations","County, NAICS 6-digit -- by ownership sector","All establishment sizes",1,0,0,0,0,0,0,"N",4.30,0,0,0,0,0,0,"N",0,0.0,0,0,0,0,0,0,0,0,0,0,0,0
"30075","5","8139","76","0","2022","A","N","Powder River County, Montana","Private","NAICS 8139 Business, professional, labor, political, and similar organizations","County, NAICS 4-digit -- by ownership sector","All establishment sizes",2,0,0,0,0,0,0,"N",3.40,0,0,0,0,0,0,"N",0,0.0,0,0,0,0,0,0,0,0,0,0,0,0
"30075","5","81391","77","0","2022","A","N","Powder River County, Montana","Private","NAICS 81391 Business associations","County, NAICS 5-digit -- by ownership sector","All establishment sizes",1,0,0,0,0,0,0,"N",5.19,0,0,0,0,0,0,"N",0,0.0,0,0,0,0,0,0,0,0,0,0,0,0
"30075","5","813910","78","0","2022","A","N","Powder River County, Montana","Private","NAICS 813910 Business associations","County, NAICS 6-digit -- by ownership sector","All establishment sizes",1,0,0,0,0,0,0,"N",5.19,0,0,0,0,0,0,"N",0,0.0,0,0,0,0,0,0,0,0,0,0,0,0
"30075","5","81392","77","0","2022","A","N","Powder River County, Montana","Private","NAICS 81392 Professional organizations","County, NAICS 5-digit -- by ownership sector","All establishment sizes",1,0,0,0,0,0,0,"N",9.98,0,0,0,0,0,0,"N",0,0.0,0,0,0,0,0,0,0,0,0,0,0,0
"30075","5","813920","78","0","2022","A","N","Powder River County, Montana","Private","NAICS 813920 Professional organizations","County, NAICS 6-digit -- by ownership sector","All establishment sizes",1,0,0,0,0,0,0,"N",9.98,0,0,0,0,0,0,"N",0,0.0,0,0,0,0,0,0,0,0,0,0,0,0
