"area_fips","own_code","industry_code","agglvl_code","size_code","year","qtr","disclosure_code","area_title","own_title","industry_title","agglvl_title","size_title","annual_avg_estabs_count","annual_avg_emplvl","total_annual_wages","taxable_annual_wages","annual_contributions","annual_avg_wkly_wage","avg_annual_pay","lq_disclosure_code","lq_annual_avg_estabs_count","lq_annual_avg_emplvl","lq_total_annual_wages","lq_taxable_annual_wages","lq_annual_contributions","lq_annual_avg_wkly_wage","lq_avg_annual_pay","oty_disclosure_code","oty_annual_avg_estabs_count_chg","oty_annual_avg_estabs_count_pct_chg","oty_annual_avg_emplvl_chg","oty_annual_avg_emplvl_pct_chg","oty_total_annual_wages_chg","oty_total_annual_wages_pct_chg","oty_taxable_annual_wages_chg","oty_taxable_annual_wages_pct_chg","oty_annual_contributions_chg","oty_annual_contributions_pct_chg","oty_annual_avg_wkly_wage_chg","oty_annual_avg_wkly_wage_pct_chg","oty_avg_annual_pay_chg","oty_avg_annual_pay_pct_chg"
"05017","0","10","70","0","2022","A","","Chicot County, Arkansas","Total Covered","10 Total, all industries","County, Total Covered","All establishment sizes",423,2826,113233246,24538996,372051,771,40073,"",1.00,1.00,1.00,1.00,1.00,1.00,1.00,"",-31,-6.8,48,1.7,6892466,6.5,-18561,-0.1,-25692,-6.5,35,4.8,1792,4.7
"05017","1","10","71","0","2022","A","","Chicot County, Arkansas","Federal Government","10 Total, all industries","County, Total -- by ownership sector","All establishment sizes",9,44,2218840,0,0,981,51008,"",4.03,0.82,0.77,0.00,0.00,0.96,0.96,"",0,0.0,-1,-2.2,-35187,-1.6,0,0.0,0,0.0,25,2.6,1287,2.6
"05017","1","102","72","0","2022","A","","Chicot County, Arkansas","Federal Government","102 Service-providing","County, by Domain -- by ownership sector","All establishment sizes",9,44,2218840,0,0,981,51008,"",4.04,0.83,0.79,0.00,0.00,0.96,0.96,"",0,0.0,-1,-2.2,-35187,-1.6,0,0.0,0,0.0,25,2.6,1287,2.6
"05017","1","1021","73","0","2022","A","","Chicot County, Arkansas","Federal Government","1021 Trade, transportation, and utilities","County, by Supersector -- by ownership sector","All establishment sizes",3,27,1308856,0,0,927,48179,"",2.70,2.15,2.62,0.00,0.00,1.21,1.21,"",0,0.0,-1,-3.6,27710,2.2,0,0.0,0,0.0,39,4.4,2012,4.4
"05017","1","1024","73","0","2022","A","","Chicot County, Arkansas","Federal Government","1024 Professional and business services","County, by Supersector -- by ownership sector","All establishment sizes",1,7,458181,0,0,1322,68727,"",18.95,5.39,6.46,0.00,0.00,1.26,1.26,"",0,0.0,0,0.0,4365,1.0,0,0.0,0,0.0,-4,-0.3,-207,-0.3
"05017","1","1028","73","0","2022","A","","Chicot County, Arkansas","Federal Government","1028 Public administration","County, by Supersector -- by ownership sector","All establishment sizes",5,10,451803,0,0,899,46738,"",5.43,0.34,0.26,0.00,0.00,0.79,0.79,"",0,0.0,-1,-9.1,-67262,-13.0,0,0.0,0,0.0,-8,-0.9,-450,-1.0
"05017","1","48-49","74","0","2022","A","","Chicot County, Arkansas","Federal Government","NAICS 48-49 Transportation and warehousing","County, NAICS Sector -- by ownership sector","All establishment sizes",3,27,1308856,0,0,927,48179,"",2.78,2.33,2.81,0.00,0.00,1.20,1.20,"",0,0.0,-1,-3.6,27710,2.2,0,0.0,0,0.0,39,4.4,2012,4.4
"05017","1","491","75","0","2022","A","","Chicot County, Arkansas","Federal Government","NAICS 491 Postal service","County, NAICS 3-digit -- by ownership sector","All establishment sizes",3,27,1308856,0,0,927,48179,"",2.80,2.38,2.93,0.00,0.00,1.22,1.22,"",0,0.0,-1,-3.6,27710,2.2,0,0.0,0,0.0,39,4.4,2012,4.4
"05017","1","4911","76","0","2022","A","","Chicot County, Arkansas","Federal Government","NAICS 4911 Postal service","County, NAICS 4-digit -- by ownership sector","All establishment sizes",3,27,1308856,0,0,927,48179,"",2.80,2.38,2.93,0.00,0.00,1.22,1.22,"",0,0.0,-1,-3.6,27710,2.2,0,0.0,0,0.0,39,4.4,2012,4.4
"05017","1","49111","77","0","2022","A","","Chicot County, Arkansas","Federal Government","NAICS 49111 Postal service","County, NAICS 5-digit -- by ownership sector","All establishment sizes",3,27,1308856,0,0,927,48179,"",2.80,2.38,2.93,0.00,0.00,1.22,1.22,"",0,0.0,-1,-3.6,27710,2.2,0,0.0,0,0.0,39,4.4,2012,4.4
"05017","1","491110","78","0","2022","A","","Chicot County, Arkansas","Federal Government","NAICS 491110 Postal service","County, NAICS 6-digit -- by ownership sector","All establishment sizes",3,27,1308856,0,0,927,48179,"",2.80,2.38,2.93,0.00,0.00,1.22,1.22,"",0,0.0,-1,-3.6,27710,2.2,0,0.0,0,0.0,39,4.4,2012,4.4
"05017","1","54","74","0","2022","A","","Chicot County, Arkansas","Federal Government","NAICS 54 Professional, scientific, and technical services","County, NAICS Sector -- by ownership sector","All establishment sizes",1,7,458181,0,0,1322,68727,"",21.14,5.52,6.54,0.00,0.00,1.24,1.24,"",0,0.0,0,0.0,4365,1.0,0,0.0,0,0.0,-4,-0.3,-207,-0.3
"05017","1","541","75","0","2022","A","","Chicot County, Arkansas","Federal Government","NAICS 541 Professional, scientific, and technical services","County, NAICS 3-digit -- by ownership sector","All establishment sizes",1,7,458181,0,0,1322,68727,"",21.14,5.52,6.54,0.00,0.00,1.24,1.24,"",0,0.0,0,0.0,4365,1.0,0,0.0,0,0.0,-4,-0.3,-207,-0.3
"05017","1","5413","76","0","2022","A","","Chicot County, Arkansas","Federal Government","NAICS 5413 Architectural, engineering, and related services","County, NAICS 4-digit -- by ownership sector","All establishment sizes",1,7,458181,0,0,1322,68727,"",34.52,6.92,8.59,0.00,0.00,1.30,1.30,"",0,0.0,0,0.0,4365,1.0,0,0.0,0,0.0,-4,-0.3,-207,-0.3
"05017","1","54133","77","0","2022","A","","Chicot County, Arkansas","Federal Government","NAICS 54133 Engineering services","County, NAICS 5-digit -- by ownership sector","All establishment sizes",1,7,458181,0,0,1322,68727,"",34.69,7.26,9.00,0.00,0.00,1.30,1.30,"",0,0.0,0,0.0,4365,1.0,0,0.0,0,0.0,-4,-0.3,-207,-0.3
"05017","1","541330","78","0","2022","A","","Chicot County, Arkansas","Federal Government","NAICS 541330 Engineering services","County, NAICS 6-digit -- by ownership sector","All establishment sizes",1,7,458181,0,0,1322,68727,"",34.69,7.26,9.00,0.00,0.00,1.30,1.30,"",0,0.0,0,0.0,4365,1.0,0,0.0,0,0.0,-4,-0.3,-207,-0.3
"05017","1","92","74","0","2022","A","","Chicot County, Arkansas","Federal Government","NAICS 92 Public administration","County, NAICS Sector -- by ownership sector","All establishment sizes",5,10,451803,0,0,899,46738,"",5.43,0.34,0.26,0.00,0.00,0.79,0.79,"",0,0.0,-1,-9.1,-67262,-13.0,0,0.0,0,0.0,-8,-0.9,-450,-1.0
"05017","1","924","75","0","2022","A","","Chicot County, Arkansas","Federal Government","NAICS 924 Administration of environmental quality programs","County, NAICS 3-digit -- by ownership sector","All establishment sizes",2,8,301786,0,0,757,39363,"",10.49,4.43,3.05,0.00,0.00,0.72,0.72,"",0,0.0,-1,-11.1,-67547,-18.3,0,0.0,0,0.0,-55,-6.8,-2846,-6.7
"05017","1","9241","76","0","2022","A","","Chicot County, Arkansas","Federal Government","NAICS 9241 Administration of environmental quality programs","County, NAICS 4-digit -- by ownership sector","All establishment sizes",2,8,301786,0,0,757,39363,"",10.49,4.43,3.05,0.00,0.00,0.72,0.72,"",0,0.0,-1,-11.1,-67547,-18.3,0,0.0,0,0.0,-55,-6.8,-2846,-6.7
"05017","1","92412","77","0","2022","A","","Chicot County, Arkansas","Federal Government","NAICS 92412 Administration of conservation programs","County, NAICS 5-digit -- by ownership sector","All establishment sizes",2,8,301786,0,0,757,39363,"",11.14,5.40,3.99,0.00,0.00,0.77,0.77,"",0,0.0,-1,-11.1,-67547,-18.3,0,0.0,0,0.0,-55,-6.8,-2846,-6.7
"05017","1","924120","78","0","2022","A","","Chicot County, Arkansas","Federal Government","NAICS 924120 Administration of conservation programs","County, NAICS 6-digit -- by ownership sector","All establishment sizes",2,8,301786,0,0,757,39363,"",11.14,5.40,3.99,0.00,0.00,0.77,0.77,"",0,0.0,-1,-11.1,-67547,-18.3,0,0.0,0,0.0,-55,-6.8,-2846,-6.7
"05017","1","926","75","0","2022","A","","Chicot County, Arkansas","Federal Government","NAICS 926 Administration of economic programs","County, NAICS 3-digit -- by ownership sector","All establishment sizes",3,2,150017,0,0,1442,75009,"",8.49,0.44,0.55,0.00,0.00,1.24,1.24,"",0,0.0,0,0.0,285,0.2,0,0.0,0,0.0,162,12.7,8461,12.7
"05017","1","9261","76","0","2022","A","","Chicot County, Arkansas","Federal Government","NAICS 9261 Administration of economic programs","County, NAICS 4-digit -- by ownership sector","All establishment sizes",3,2,150017,0,0,1442,75009,"",8.49,0.44,0.55,0.00,0.00,1.24,1.24,"",0,0.0,0,0.0,285,0.2,0,0.0,0,0.0,162,12.7,8461,12.7
"05017","1","92611","77","0","2022","A","","Chicot County, Arkansas","Federal Government","NAICS 92611 Administration of general economic programs","County, NAICS 5-digit -- by ownership sector","All establishment sizes",2,0,0,0,0,0,0,"",12.76,0.00,0.00,0.00,0.00,0.00,0.00,"",0,0.0,0,0.0,-425,-100.0,0,0.0,0,0.0,0,0.0,0,0.0
"05017","1","926110","78","0","2022","A","","Chicot County, Arkansas","Federal Government","NAICS 926110 Administration of general economic programs","County, NAICS 6-digit -- by ownership sector","All establishment sizes",2,0,0,0,0,0,0,"",12.76,0.00,0.00,0.00,0.00,0.00,0.00,"",0,0.0,0,0.0,-425,-100.0,0,0.0,0,0.0,0,0.0,0,0.0
"05017","1","92614","77","0","2022","A","","Chicot County, Arkansas","Federal Government","NAICS 92614 Regulation of agricultural marketing and commodities","County, NAICS 5-digit -- by ownership sector","All establishment sizes",1,2,150017,0,0,1442,75009,"",8.70,2.41,3.56,0.00,0.00,1.47,1.47,"",0,0.0,0,0.0,710,0.5,0,0.0,0,0.0,166,13.0,8650,13.0
"05017","1","926140","78","0","2022","A","","Chicot County, Arkansas","Federal Government","NAICS 926140 Regulation of agricultural marketing and commodities","County, NAICS 6-digit -- by ownership sector","All establishment sizes",1,2,150017,0,0,1442,75009,"",8.70,2.41,3.56,0.00,0.00,1.47,1.47,"",0,0.0,0,0.0,710,0.5,0,0.0,0,0.0,166,13.0,8650,13.0
"05017","2","10","71","0","2022","A","","Chicot County, Arkansas","State Government","10 Total, all industries","County, Total -- by ownership sector","All establishment sizes",9,225,9227877,0,0,788,40998,"",3.45,2.63,2.59,0.00,0.00,0.98,0.98,"",0,0.0,-7,-3.0,824432,9.8,0,0.0,0,0.0,90,12.9,4724,13.0
"05017","2","102","72","0","2022","A","","Chicot County, Arkansas","State Government","102 Service-providing","County, by Domain -- by ownership sector","All establishment sizes",9,225,9227877,0,0,788,40998,"",3.54,2.67,2.62,0.00,0.00,0.98,0.98,"",0,0.0,-7,-3.0,824432,9.8,0,0.0,0,0.0,90,12.9,4724,13.0
"05017","2","1025","73","0","2022","A","","Chicot County, Arkansas","State Government","1025 Education and health services","County, by Supersector -- by ownership sector","All establishment sizes",1,20,772035,0,0,742,38602,"",1.82,0.41,0.38,0.00,0.00,0.92,0.92,"N",0,0.0,0,0,0,0,0,0,0,0,0,0,0,0
"05017","2","1026","73","0","2022","A","","Chicot County, Arkansas","State Government","1026 Leisure and hospitality","County, by Supersector -- by ownership sector","All establishment sizes",2,15,448114,0,0,575,29874,"",58.56,43.79,53.64,0.00,0.00,1.23,1.22,"N",0,0.0,0,0,0,0,0,0,0,0,0,0,0,0
"05017","2","1028","73","0","2022","A","","Chicot County, Arkansas","State Government","1028 Public administration","County, by Supersector -- by ownership sector","All establishment sizes",6,190,8007728,0,0,810,42127,"",3.24,5.74,5.81,0.00,0.00,1.01,1.01,"N",0,0.0,0,0,0,0,0,0,0,0,0,0,0,0
"05017","2","62","74","0","2022","A","","Chicot County, Arkansas","State Government","NAICS 62 Health care and social assistance","County, NAICS Sector -- by ownership sector","All establishment sizes",1,20,772035,0,0,742,38602,"",4.00,1.66,1.48,0.00,0.00,0.89,0.89,"N",0,0.0,0,0,0,0,0,0,0,0,0,0,0,0
"05017","2","624","75","0","2022","A","","Chicot County, Arkansas","State Government","NAICS 624 Social assistance","County, NAICS 3-digit -- by ownership sector","All establishment sizes",1,20,772035,0,0,742,38602,"",10.22,10.96,12.67,0.00,0.00,1.16,1.16,"N",0,0.0,0,0,0,0,0,0,0,0,0,0,0,0
"05017","2","6241","76","0","2022","A","","Chicot County, Arkansas","State Government","NAICS 6241 Individual and family services","County, NAICS 4-digit -- by ownership sector","All establishment sizes",1,20,772035,0,0,742,38602,"",13.75,12.64,14.51,0.00,0.00,1.15,1.15,"N",0,0.0,0,0,0,0,0,0,0,0,0,0,0,0
"05017","2","62419","77","0","2022","A","","Chicot County, Arkansas","State Government","NAICS 62419 Other individual and family services","County, NAICS 5-digit -- by ownership sector","All establishment sizes",1,20,772035,0,0,742,38602,"",25.33,20.27,24.24,0.00,0.00,1.19,1.20,"N",0,0.0,0,0,0,0,0,0,0,0,0,0,0,0
"05017","2","624190","78","0","2022","A","","Chicot County, Arkansas","State Government","NAICS 624190 Other individual and family services","County, NAICS 6-digit -- by ownership sector","All establishment sizes",1,20,772035,0,0,742,38602,"",25.33,20.27,24.24,0.00,0.00,1.19,1.20,"N",0,0.0,0,0,0,0,0,0,0,0,0,0,0,0
"05017","2","71","74","0","2022","A","","Chicot County, Arkansas","State Government","NAICS 71 Arts, entertainment, and recreation","County, NAICS Sector -- by ownership sector","All establishment sizes",2,15,448114,0,0,575,29874,"N",59.46,0,0,0,0,0,0,"N",0,0.0,0,0,0,0,0,0,0,0,0,0,0,0
"05017","2","712","75","0","2022","A","","Chicot County, Arkansas","State Government","NAICS 712 Museums, historical sites, and similar institutions","County, NAICS 3-digit -- by ownership sector","All establishment sizes",2,15,448114,0,0,575,29874,"",64.23,59.28,73.88,0.00,0.00,1.25,1.25,"N",0,0.0,0,0,0,0,0,0,0,0,0,0,0,0
"05017","2","7121","76","0","2022","A","","Chicot County, Arkansas","State Government","NAICS 7121 Museums, historical sites, and similar institutions","County, NAICS 4-digit -- by ownership sector","All establishment sizes",2,15,448114,0,0,575,29874,"",64.23,59.28,73.88,0.00,0.00,1.25,1.25,"N",0,0.0,0,0,0,0,0,0,0,0,0,0,0,0
"05017","2","71219","77","0","2022","A","","Chicot County, Arkansas","State Government","NAICS 71219 Nature parks and other similar institutions","County, NAICS 5-digit -- by ownership sector","All establishment sizes",2,15,448114,0,0,575,29874,"",85.77,85.39,109.89,0.00,0.00,1.29,1.29,"N",0,0.0,0,0,0,0,0,0,0,0,0,0,0,0
"05017","2","712190","78","0","2022","A","","Chicot County, Arkansas","State Government","NAICS 712190 Nature parks and other similar institutions","County, NAICS 6-digit -- by ownership sector","All establishment sizes",2,15,448114,0,0,575,29874,"",85.77,85.39,109.89,0.00,0.00,1.29,1.29,"N",0,0.0,0,0,0,0,0,0,0,0,0,0,0,0
"05017","2","92","74","0","2022","A","","Chicot County, Arkansas","State Government","NAICS 92 Public administration","County, NAICS Sector -- by ownership sector","All establishment sizes",6,190,8007728,0,0,810,42127,"",3.24,5.74,5.81,0.00,0.00,1.01,1.01,"N",0,0.0,0,0,0,0,0,0,0,0,0,0,0,0
"05017","2","921","75","0","2022","A","","Chicot County, Arkansas","State Government","NAICS 921 Executive, legislative, and other general government support","County, NAICS 3-digit -- by ownership sector","All establishment sizes",2,3,101092,0,0,648,33697,"",8.78,0.71,0.52,0.00,0.00,0.74,0.74,"N",0,0.0,0,0,0,0,0,0,0,0,0,0,0,0
"05017","2","9211","76","0","2022","A","","Chicot County, Arkansas","State Government","NAICS 9211 Executive, legislative, and other general government support","County, NAICS 4-digit -- by ownership sector","All establishment sizes",2,3,101092,0,0,648,33697,"",8.78,0.71,0.52,0.00,0.00,0.74,0.74,"N",0,0.0,0,0,0,0,0,0,0,0,0,0,0,0
"05017","2","92113","77","0","2022","A","","Chicot County, Arkansas","State Government","NAICS 92113 Public finance activities","County, NAICS 5-digit -- by ownership sector","All establishment sizes",2,3,101092,0,0,648,33697,"",22.21,1.63,1.20,0.00,0.00,0.74,0.74,"N",0,0.0,0,0,0,0,0,0,0,0,0,0,0,0
"05017","2","921130","78","0","2022","A","","Chicot County, Arkansas","State Government","NAICS 921130 Public finance activities","County, NAICS 6-digit -- by ownership sector","All establishment sizes",2,3,101092,0,0,648,33697,"",22.21,1.63,1.20,0.00,0.00,0.74,0.74,"N",0,0.0,0,0,0,0,0,0,0,0,0,0,0,0
"05017","2","922","75","0","2022","A","","Chicot County, Arkansas","State Government","NAICS 922 Justice, public order, and safety activities","County, NAICS 3-digit -- by ownership sector","All establishment sizes",2,178,7524420,0,0,814,42312,"",3.82,14.37,14.08,0.00,0.00,0.98,0.98,"N",0,0.0,0,0,0,0,0,0,0,0,0,0,0,0
"05017","2","9221","76","0","2022","A","","Chicot County, Arkansas","State Government","NAICS 9221 Justice, public order, and safety activities","County, NAICS 4-digit -- by ownership sector","All establishment sizes",2,178,7524420,0,0,814,42312,"",3.82,14.37,14.08,0.00,0.00,0.98,0.98,"N",0,0.0,0,0,0,0,0,0,0,0,0,0,0,0
"05017","2","92213","77","0","2022","A","","Chicot County, Arkansas","State Government","NAICS 92213 Legal counsel and prosecution","County, NAICS 5-digit -- by ownership sector","All establishment sizes",1,2,237700,0,0,2286,118850,"",13.89,1.82,4.88,0.00,0.00,2.68,2.68,"N",0,0.0,0,0,0,0,0,0,0,0,0,0,0,0
"05017","2","922130","78","0","2022","A","","Chicot County, Arkansas","State Government","NAICS 922130 Legal counsel and prosecution","County, NAICS 6-digit -- by ownership sector","All establishment sizes",1,2,237700,0,0,2286,118850,"",13.89,1.82,4.88,0.00,0.00,2.68,2.68,"N",0,0.0,0,0,0,0,0,0,0,0,0,0,0,0
"05017","2","92214","77","0","2022","A","","Chicot County, Arkansas","State Government","NAICS 92214 Correctional institutions","County, NAICS 5-digit -- by ownership sector","All establishment sizes",1,176,7286720,0,0,797,41441,"",6.88,26.49,27.15,0.00,0.00,1.03,1.03,"N",0,0.0,0,0,0,0,0,0,0,0,0,0,0,0
"05017","2","922140","78","0","2022","A","","Chicot County, Arkansas","State Government","NAICS 922140 Correctional institutions","County, NAICS 6-digit -- by ownership sector","All establishment sizes",1,176,7286720,0,0,797,41441,"",6.88,26.49,27.15,0.00,0.00,1.03,1.03,"N",0,0.0,0,0,0,0,0,0,0,0,0,0,0,0
"05017","2","923","75","0","2022","A","","Chicot County, Arkansas","State Government","NAICS 923 Administration of human resource programs","County, NAICS 3-digit -- by ownership sector","All establishment sizes",1,5,202534,0,0,779,40507,"",2.50,0.66,0.69,0.00,0.00,1.04,1.04,"N",0,0.0,0,0,0,0,0,0,0,0,0,0,0,0
"05017","2","9231","76","0","2022","A","","Chicot County, Arkansas","State Government","NAICS 9231 Administration of human resource programs","County, NAICS 4-digit -- by ownership sector","All establishment sizes",1,5,202534,0,0,779,40507,"",2.50,0.66,0.69,0.00,0.00,1.04,1.04,"N",0,0.0,0,0,0,0,0,0,0,0,0,0,0,0
"05017","2","92312","77","0","2022","A","","Chicot County, Arkansas","State Government","NAICS 92312 Administration of public health programs","County, NAICS 5-digit -- by ownership sector","All establishment sizes",1,5,202534,0,0,779,40507,"",7.54,1.95,2.01,0.00,0.00,1.03,1.03,"N",0,0.0,0,0,0,0,0,0,0,0,0,0,0,0
"05017","2","923120","78","0","2022","A","","Chicot County, Arkansas","State Government","NAICS 923120 Administration of public health programs","County, NAICS 6-digit -- by ownership sector","All establishment sizes",1,5,202534,0,0,779,40507,"",7.54,1.95,2.01,0.00,0.00,1.03,1.03,"N",0,0.0,0,0,0,0,0,0,0,0,0,0,0,0
"05017","2","926","75","0","2022","A","","Chicot County, Arkansas","State Government","NAICS 926 Administration of economic programs","County, NAICS 3-digit -- by ownership sector","All establishment sizes",1,4,179682,0,0,813,42278,"",2.50,0.72,0.78,0.00,0.00,1.03,1.03,"N",0,0.0,0,0,0,0,0,0,0,0,0,0,0,0
"05017","2","9261","76","0","2022","A","","Chicot County, Arkansas","State Government","NAICS 9261 Administration of economic programs","County, NAICS 4-digit -- by ownership sector","All establishment sizes",1,4,179682,0,0,813,42278,"",2.50,0.72,0.78,0.00,0.00,1.03,1.03,"N",0,0.0,0,0,0,0,0,0,0,0,0,0,0,0
"05017","2","92614","77","0","2022","A","","Chicot County, Arkansas","State Government","NAICS 92614 Regulation of agricultural marketing and commodities","County, NAICS 5-digit -- by ownership sector","All establishment sizes",1,4,179682,0,0,813,42278,"",8.87,6.53,9.14,0.00,0.00,1.32,1.32,"N",0,0.0,0,0,0,0,0,0,0,0,0,0,0,0
"05017","2","926140","78","0","2022","A","","Chicot County, Arkansas","State Government","NAICS 926140 Regulation of agricultural marketing and commodities","County, NAICS 6-digit -- by ownership sector","All establishment sizes",1,4,179682,0,0,813,42278,"",8.87,6.53,9.14,0.00,0.00,1.32,1.32,"N",0,0.0,0,0,0,0,0,0,0,0,0,0,0,0
"05017","3","10","71","0","2022","A","","Chicot County, Arkansas","Local Government","10 Total, all industries","County, Total -- by ownership sector","All establishment sizes",16,534,21589044,1131003,3392,777,40429,"",2.54,2.04,2.36,3.41,1.83,1.16,1.16,"",-1,-5.9,22,4.3,2040437,10.4,121459,12.0,-3861,-53.2,42,5.7,2223,5.8
"05017","3","101","72","0","2022","A","","Chicot County, Arkansas","Local Government","101 Goods-producing","County, by Domain -- by ownership sector","All establishment sizes",1,12,398193,144662,433,621,32286,"",6.20,5.97,5.75,42.34,14.84,0.94,0.94,"N",0,0.0,0,0,0,0,0,0,0,0,0,0,0,0
"05017","3","1012","73","0","2022","A","","Chicot County, Arkansas","Local Government","1012 Construction","County, by Supersector -- by ownership sector","All establishment sizes",1,12,398193,144662,433,621,32286,"",6.36,6.14,5.90,48.92,19.54,0.94,0.94,"N",0,0.0,0,0,0,0,0,0,0,0,0,0,0,0
"05017","3","102","72","0","2022","A","","Chicot County, Arkansas","Local Government","102 Service-providing","County, by Domain -- by ownership sector","All establishment sizes",15,522,21190851,986341,2959,781,40621,"",2.44,2.01,2.33,3.00,1.62,1.16,1.16,"N",-1,-6.2,0,0,0,0,0,0,0,0,0,0,0,0
"05017","3","1021","73","0","2022","A","","Chicot County, Arkansas","Local Government","1021 Trade, transportation, and utilities","County, by Supersector -- by ownership sector","All establishment sizes",1,1,31246,10876,33,601,31246,"",2.26,0.10,0.07,0.64,0.31,0.71,0.71,"N",0,0.0,0,0,0,0,0,0,0,0,0,0,0,0
"05017","3","1025","73","0","2022","A","","Chicot County, Arkansas","Local Government","1025 Education and health services","County, by Supersector -- by ownership sector","All establishment sizes",5,366,17542861,0,0,921,47909,"",1.86,2.28,3.29,0.00,0.00,1.44,1.44,"",0,0.0,-4,-1.1,1146754,7.0,0,0.0,0,0.0,68,8.0,3535,8.0
"05017","3","1028","73","0","2022","A","","Chicot County, Arkansas","Local Government","1028 Public administration","County, by Supersector -- by ownership sector","All establishment sizes",9,155,3616744,975465,2926,450,23409,"",3.87,2.02,1.22,6.90,3.57,0.60,0.60,"",-1,-10.0,27,21.1,836200,30.1,112559,13.0,-3887,-57.1,33,7.9,1700,7.8
"05017","3","22","74","0","2022","A","","Chicot County, Arkansas","Local Government","NAICS 22 Utilities","County, NAICS Sector -- by ownership sector","All establishment sizes",1,1,31246,10876,33,601,31246,"",3.25,0.22,0.14,1.08,0.63,0.65,0.65,"N",0,0.0,0,0,0,0,0,0,0,0,0,0,0,0
"05017","3","221","75","0","2022","A","","Chicot County, Arkansas","Local Government","NAICS 221 Utilities","County, NAICS 3-digit -- by ownership sector","All establishment sizes",1,1,31246,10876,33,601,31246,"",3.25,0.22,0.14,1.08,0.63,0.65,0.65,"N",0,0.0,0,0,0,0,0,0,0,0,0,0,0,0
"05017","3","2213","76","0","2022","A","","Chicot County, Arkansas","Local Government","NAICS 2213 Water, sewage and other systems","County, NAICS 4-digit -- by ownership sector","All establishment sizes",1,1,31246,10876,33,601,31246,"",3.77,0.33,0.24,1.43,0.83,0.74,0.74,"N",0,0.0,0,0,0,0,0,0,0,0,0,0,0,0
"05017","3","22132","77","0","2022","A","","Chicot County, Arkansas","Local Government","NAICS 22132 Sewage treatment facilities","County, NAICS 5-digit -- by ownership sector","All establishment sizes",1,1,31246,10876,33,601,31246,"",11.73,1.03,0.74,5.12,2.80,0.72,0.72,"N",0,0.0,0,0,0,0,0,0,0,0,0,0,0,0
"05017","3","221320","78","0","2022","A","","Chicot County, Arkansas","Local Government","NAICS 221320 Sewage treatment facilities","County, NAICS 6-digit -- by ownership sector","All establishment sizes",1,1,31246,10876,33,601,31246,"",11.73,1.03,0.74,5.12,2.80,0.72,0.72,"N",0,0.0,0,0,0,0,0,0,0,0,0,0,0,0
"05017","3","23","74","0","2022","A","","Chicot County, Arkansas","Local Government","NAICS 23 Construction","County, NAICS Sector -- by ownership sector","All establishment sizes",1,12,398193,144662,433,621,32286,"",6.36,6.14,5.90,48.92,19.54,0.94,0.94,"N",0,0.0,0,0,0,0,0,0,0,0,0,0,0,0
"05017","3","237","75","0","2022","A","","Chicot County, Arkansas","Local Government","NAICS 237 Heavy and civil engineering construction","County, NAICS 3-digit -- by ownership sector","All establishment sizes",1,12,398193,144662,433,621,32286,"",6.66,6.36,6.16,52.25,21.17,0.94,0.94,"N",0,0.0,0,0,0,0,0,0,0,0,0,0,0,0
"05017","3","2373","76","0","2022","A","","Chicot County, Arkansas","Local Government","NAICS 2373 Highway, street, and bridge construction","County, NAICS 4-digit -- by ownership sector","All establishment sizes",1,12,398193,144662,433,621,32286,"",6.92,6.57,6.38,56.28,25.87,0.94,0.94,"N",0,0.0,0,0,0,0,0,0,0,0,0,0,0,0
"05017","3","23731","77","0","2022","A","","Chicot County, Arkansas","Local Government","NAICS 23731 Highway, street, and bridge construction","County, NAICS 5-digit -- by ownership sector","All establishment sizes",1,12,398193,144662,433,621,32286,"",6.92,6.57,6.38,56.28,25.87,0.94,0.94,"N",0,0.0,0,0,0,0,0,0,0,0,0,0,0,0
"05017","3","237310","78","0","2022","A","","Chicot County, Arkansas","Local Government","NAICS 237310 Highway, street, and bridge construction","County, NAICS 6-digit -- by ownership sector","All establishment sizes",1,12,398193,144662,433,621,32286,"",6.92,6.57,6.38,56.28,25.87,0.94,0.94,"N",0,0.0,0,0,0,0,0,0,0,0,0,0,0,0
"05017","3","61","74","0","2022","A","","Chicot County, Arkansas","Local Government","NAICS 61 Educational services","County, NAICS Sector -- by ownership sector","All establishment sizes",4,226,9978805,0,0,851,44252,"",1.64,1.58,2.15,0.00,0.00,1.37,1.37,"N",0,0.0,0,0,0,0,0,0,0,0,0,0,0,0
"05017","3","611","75","0","2022","A","","Chicot County, Arkansas","Local Government","NAICS 611 Educational services","County, NAICS 3-digit -- by ownership sector","All establishment sizes",4,226,9978805,0,0,851,44252,"",1.64,1.58,2.15,0.00,0.00,1.37,1.37,"N",0,0.0,0,0,0,0,0,0,0,0,0,0,0,0
"05017","3","6111","76","0","2022","A","","Chicot County, Arkansas","Local Government","NAICS 6111 Elementary and secondary schools","County, NAICS 4-digit -- by ownership sector","All establishment sizes",4,226,9978805,0,0,851,44252,"",1.71,1.69,2.29,0.00,0.00,1.36,1.36,"N",0,0.0,0,0,0,0,0,0,0,0,0,0,0,0
"05017","3","61111","77","0","2022","A","","Chicot County, Arkansas","Local Government","NAICS 61111 Elementary and secondary schools","County, NAICS 5-digit -- by ownership sector","All establishment sizes",4,226,9978805,0,0,851,44252,"",1.71,1.69,2.29,0.00,0.00,1.36,1.36,"N",0,0.0,0,0,0,0,0,0,0,0,0,0,0,0
"05017","3","611110","78","0","2022","A","","Chicot County, Arkansas","Local Government","NAICS 611110 Elementary and secondary schools","County, NAICS 6-digit -- by ownership sector","All establishment sizes",4,226,9978805,0,0,851,44252,"",1.71,1.69,2.29,0.00,0.00,1.36,1.36,"N",0,0.0,0,0,0,0,0,0,0,0,0,0,0,0
"05017","3","62","74","0","2022","A","","Chicot County, Arkansas","Local Government","NAICS 62 Health care and social assistance","County, NAICS Sector -- by ownership sector","All establishment sizes",1,141,7564056,0,0,1034,53773,"",3.86,8.23,10.93,0.00,0.00,1.33,1.33,"N",0,0.0,0,0,0,0,0,0,0,0,0,0,0,0
"05017","3","622","75","0","2022","A","","Chicot County, Arkansas","Local Government","NAICS 622 Hospitals","County, NAICS 3-digit -- by ownership sector","All establishment sizes",1,141,7564056,0,0,1034,53773,"",20.23,11.18,13.83,0.00,0.00,1.24,1.24,"N",0,0.0,0,0,0,0,0,0,0,0,0,0,0,0
"05017","3","6221","76","0","2022","A","","Chicot County, Arkansas","Local Government","NAICS 6221 General medical and surgical hospitals","County, NAICS 4-digit -- by ownership sector","All establishment sizes",1,141,7564056,0,0,1034,53773,"",20.54,11.25,13.90,0.00,0.00,1.24,1.24,"N",0,0.0,0,0,0,0,0,0,0,0,0,0,0,0
"05017","3","62211","77","0","2022","A","","Chicot County, Arkansas","Local Government","NAICS 62211 General medical and surgical hospitals","County, NAICS 5-digit -- by ownership sector","All establishment sizes",1,141,7564056,0,0,1034,53773,"",20.54,11.25,13.90,0.00,0.00,1.24,1.24,"N",0,0.0,0,0,0,0,0,0,0,0,0,0,0,0
"05017","3","622110","78","0","2022","A","","Chicot County, Arkansas","Local Government","NAICS 622110 General medical and surgical hospitals","County, NAICS 6-digit -- by ownership sector","All establishment sizes",1,141,7564056,0,0,1034,53773,"",20.54,11.25,13.90,0.00,0.00,1.24,1.24,"N",0,0.0,0,0,0,0,0,0,0,0,0,0,0,0
"05017","3","92","74","0","2022","A","","Chicot County, Arkansas","Local Government","NAICS 92 Public administration","County, NAICS Sector -- by ownership sector","All establishment sizes",9,155,3616744,975465,2926,450,23409,"",3.87,2.02,1.22,6.90,3.57,0.60,0.60,"",-1,-10.0,27,21.1,836200,30.1,112559,13.0,-3887,-57.1,33,7.9,1700,7.8
"05017","3","921","75","0","2022","A","","Chicot County, Arkansas","Local Government","NAICS 921 Executive, legislative, and other general government support","County, NAICS 3-digit -- by ownership sector","All establishment sizes",6,148,3347467,878454,2636,436,22656,"",4.43,2.93,1.93,8.22,4.30,0.66,0.66,"",-1,-14.3,28,23.3,797559,31.3,110620,14.4,-3893,-59.6,28,6.9,1451,6.8
"05017","3","9211","76","0","2022","A","","Chicot County, Arkansas","Local Government","NAICS 9211 Executive, legislative, and other general government support","County, NAICS 4-digit -- by ownership sector","All establishment sizes",6,148,3347467,878454,2636,436,22656,"",4.43,2.93,1.93,8.22,4.30,0.66,0.66,"",-1,-14.3,28,23.3,797559,31.3,110620,14.4,-3893,-59.6,28,6.9,1451,6.8
"05017","3","92113","77","0","2022","A","","Chicot County, Arkansas","Local Government","NAICS 92113 Public finance activities","County, NAICS 5-digit -- by ownership sector","All establishment sizes",1,5,128158,42440,128,493,25632,"",10.62,3.74,2.44,31.70,27.97,0.65,0.65,"N",0,0.0,0,0,0,0,0,0,0,0,0,0,0,0
"05017","3","921130","78","0","2022","A","","Chicot County, Arkansas","Local Government","NAICS 921130 Public finance activities","County, NAICS 6-digit -- by ownership sector","All establishment sizes",1,5,128158,42440,128,493,25632,"",10.62,3.74,2.44,31.70,27.97,0.65,0.65,"N",0,0.0,0,0,0,0,0,0,0,0,0,0,0,0
"05017","3","92114","77","0","2022","A","","Chicot County, Arkansas","Local Government","NAICS 92114 Executive and legislative offices, combined","County, NAICS 5-digit -- by ownership sector","All establishment sizes",4,132,2970980,748333,2245,433,22493,"",5.14,4.02,2.65,11.85,9.59,0.66,0.66,"",0,0.0,27,25.7,726131,32.3,94258,14.4,-3944,-63.7,22,5.4,1130,5.3
"05017","3","921140","78","0","2022","A","","Chicot County, Arkansas","Local Government","NAICS 921140 Executive and legislative offices, combined","County, NAICS 6-digit -- by ownership sector","All establishment sizes",4,132,2970980,748333,2245,433,22493,"",5.14,4.02,2.65,11.85,9.59,0.66,0.66,"",0,0.0,27,25.7,726131,32.3,94258,14.4,-3944,-63.7,22,5.4,1130,5.3
"05017","3","92119","77","0","2022","A","","Chicot County, Arkansas","Local Government","NAICS 92119 Other general government support","County, NAICS 5-digit -- by ownership sector","All establishment sizes",1,11,248329,87681,263,448,23281,"",5.83,1.92,1.28,6.51,5.21,0.69,0.69,"N",0,0.0,0,0,0,0,0,0,0,0,0,0,0,0
"05017","3","921190","78","0","2022","A","","Chicot County, Arkansas","Local Government","NAICS 921190 Other general government support","County, NAICS 6-digit -- by ownership sector","All establishment sizes",1,11,248329,87681,263,448,23281,"",5.83,1.92,1.28,6.51,5.21,0.69,0.69,"N",0,0.0,0,0,0,0,0,0,0,0,0,0,0,0
"05017","3","922","75","0","2022","A","","Chicot County, Arkansas","Local Government","NAICS 922 Justice, public order, and safety activities","County, NAICS 3-digit -- by ownership sector","All establishment sizes",2,7,269277,97011,290,767,39893,"",4.05,0.40,0.30,5.68,3.62,0.79,0.79,"N",0,0.0,0,0,0,0,0,0,0,0,0,0,0,0
"05017","3","9221","76","0","2022","A","","Chicot County, Arkansas","Local Government","NAICS 9221 Justice, public order, and safety activities","County, NAICS 4-digit -- by ownership sector","All establishment sizes",2,7,269277,97011,290,767,39893,"",4.05,0.40,0.30,5.68,3.62,0.79,0.79,"N",0,0.0,0,0,0,0,0,0,0,0,0,0,0,0
"05017","3","92212","77","0","2022","A","","Chicot County, Arkansas","Local Government","NAICS 92212 Police protection","County, NAICS 5-digit -- by ownership sector","All establishment sizes",1,5,260641,88375,264,986,51274,"",7.78,0.64,0.68,16.69,13.83,1.05,1.05,"N",0,0.0,0,0,0,0,0,0,0,0,0,0,0,0
"05017","3","922120","78","0","2022","A","","Chicot County, Arkansas","Local Government","NAICS 922120 Police protection","County, NAICS 6-digit -- by ownership sector","All establishment sizes",1,5,260641,88375,264,986,51274,"",7.78,0.64,0.68,16.69,13.83,1.05,1.05,"N",0,0.0,0,0,0,0,0,0,0,0,0,0,0,0
"05017","3","92213","77","0","2022","A","","Chicot County, Arkansas","Local Government","NAICS 92213 Legal counsel and prosecution","County, NAICS 5-digit -- by ownership sector","All establishment sizes",1,2,8636,8636,26,100,5182,"",25.26,3.08,0.29,15.54,8.13,0.11,0.11,"N",0,0.0,0,0,0,0,0,0,0,0,0,0,0,0
"05017","3","922130","78","0","2022","A","","Chicot County, Arkansas","Local Government","NAICS 922130 Legal counsel and prosecution","County, NAICS 6-digit -- by ownership sector","All establishment sizes",1,2,8636,8636,26,100,5182,"",25.26,3.08,0.29,15.54,8.13,0.11,0.11,"N",0,0.0,0,0,0,0,0,0,0,0,0,0,0,0
"05017","3","924","75","0","2022","A","","Chicot County, Arkansas","Local Government","NAICS 924 Administration of environmental quality programs","County, NAICS 3-digit -- by ownership sector","All establishment sizes",1,0,0,0,0,0,0,"",6.50,0.00,0.00,0.00,0.00,0.00,0.00,"N",0,0.0,0,0,0,0,0,0,0,0,0,0,0,0
"05017","3","9241","76","0","2022","A","","Chicot County, Arkansas","Local Government","NAICS 9241 Administration of environmental quality programs","County, NAICS 4-digit -- by ownership sector","All establishment sizes",1,0,0,0,0,0,0,"",6.50,0.00,0.00,0.00,0.00,0.00,0.00,"N",0,0.0,0,0,0,0,0,0,0,0,0,0,0,0
"05017","3","92412","77","0","2022","A","","Chicot County, Arkansas","Local Government","NAICS 92412 Administration of conservation programs","County, NAICS 5-digit -- by ownership sector","All establishment sizes",1,0,0,0,0,0,0,"",10.82,0.00,0.00,0.00,0.00,0.00,0.00,"N",0,0.0,0,0,0,0,0,0,0,0,0,0,0,0
"05017","3","924120","78","0","2022","A","","Chicot County, Arkansas","Local Government","NAICS 924120 Administration of conservation programs","County, NAICS 6-digit -- by ownership sector","All establishment sizes",1,0,0,0,0,0,0,"",10.82,0.00,0.00,0.00,0.00,0.00,0.00,"N",0,0.0,0,0,0,0,0,0,0,0,0,0,0,0
"05017","5","10","71","0","2022","A","","Chicot County, Arkansas","Private","10 Total, all industries","County, Total -- by ownership sector","All establishment sizes",390,2023,80197485,23407993,368659,762,39641,"",0.95,0.83,0.82,0.97,1.00,0.98,0.98,"",-29,-6.9,34,1.7,4062784,5.3,-140020,-0.6,-21831,-5.6,26,3.5,1368,3.6
"05017","5","101","72","0","2022","A","","Chicot County, Arkansas","Private","101 Goods-producing","County, by Domain -- by ownership sector","All establishment sizes",72,352,17238067,4433998,184577,942,49007,"",1.37,0.84,0.94,0.90,1.97,1.12,1.12,"",-2,-2.7,-15,-4.1,414273,2.5,-64957,-1.4,-15858,-7.9,60,6.8,3145,6.9
"05017","5","1011","73","0","2022","A","","Chicot County, Arkansas","Private","1011 Natural resources and mining","County, by Supersector -- by ownership sector","All establishment sizes",56,233,9855844,2770999,85202,812,42239,"",10.64,6.82,7.58,6.58,9.67,1.11,1.11,"",-1,-1.8,0,0.0,267075,2.8,96560,3.6,-1090,-1.3,22,2.8,1159,2.8
"05017","5","1012","73","0","2022","A","N","Chicot County, Arkansas","Private","1012 Construction","County, by Supersector -- by ownership sector","All establishment sizes",14,0,0,0,0,0,0,"N",0.42,0,0,0,0,0,0,"N",0,0.0,0,0,0,0,0,0,0,0,0,0,0,0
"05017","5","1013","73","0","2022","A","N","Chicot County, Arkansas","Private","1013 Manufacturing","County, by Supersector -- by ownership sector","All establishment sizes",2,0,0,0,0,0,0,"N",0.14,0,0,0,0,0,0,"N",-1,-33.3,0,0,0,0,0,0,0,0,0,0,0,0
"05017","5","102","72","0","2022","A","","Chicot County, Arkansas","Private","102 Service-providing","County, by Domain -- by ownership sector","All establishment sizes",318,1671,62959418,18973995,184082,724,37670,"",0.88,0.83,0.79,0.99,0.67,0.95,0.95,"",-28,-8.1,49,3.0,3648511,6.2,-75063,-0.4,-5973,-3.1,21,3.0,1113,3.0
"05017","5","1021","73","0","2022","A","","Chicot County, Arkansas","Private","1021 Trade, transportation, and utilities","County, by Supersector -- by ownership sector","All establishment sizes",71,781,25687704,8908553,56066,632,32887,"",0.95,1.46,1.44,1.65,0.80,0.99,0.99,"",3,4.4,40,5.4,891592,3.6,58243,0.7,10192,22.2,-12,-1.9,-599,-1.8
"05017","5","1022","73","0","2022","A","N","Chicot County, Arkansas","Private","1022 Information","County, by Supersector -- by ownership sector","All establishment sizes",1,0,0,0,0,0,0,"N",0.10,0,0,0,0,0,0,"N",0,0.0,0,0,0,0,0,0,0,0,0,0,0,0
"05017","5","1023","73","0","2022","A","","Chicot County, Arkansas","Private","1023 Financial activities","County, by Supersector -- by ownership sector","All establishment sizes",27,134,9138535,1695084,11465,1307,67987,"",0.71,0.83,0.84,0.95,0.46,1.02,1.02,"",-1,-3.6,-39,-22.5,38768,0.4,-493923,-22.6,-4254,-27.1,298,29.5,15514,29.6
"05017","5","1024","73","0","2022","A","N","Chicot County, Arkansas","Private","1024 Professional and business services","County, by Supersector -- by ownership sector","All establishment sizes",15,0,0,0,0,0,0,"N",0.18,0,0,0,0,0,0,"N",-2,-11.8,0,0,0,0,0,0,0,0,0,0,0,0
"05017","5","1025","73","0","2022","A","","Chicot County, Arkansas","Private","1025 Education and health services","County, by Supersector -- by ownership sector","All establishment sizes",170,520,21196811,5747687,52819,784,40750,"",2.31,1.18,1.38,2.06,1.43,1.17,1.17,"",-29,-14.6,28,5.7,1944234,10.1,246277,4.5,-15792,-23.0,32,4.3,1639,4.2
"05017","5","1026","73","0","2022","A","","Chicot County, Arkansas","Private","1026 Leisure and hospitality","County, by Supersector -- by ownership sector","All establishment sizes",13,118,2043943,1274147,16882,334,17358,"",0.38,0.40,0.39,0.49,0.46,0.99,0.99,"",-1,-7.1,18,18.0,424311,26.2,204439,19.1,9607,132.1,22,7.1,1121,6.9
"05017","5","1027","73","0","2022","A","","Chicot County, Arkansas","Private","1027 Other services","County, by Supersector -- by ownership sector","All establishment sizes",21,79,2820356,921626,41108,683,35513,"",0.66,0.95,1.22,1.23,3.80,1.28,1.28,"",2,10.5,5,6.8,291795,11.5,-54300,-5.6,-5043,-10.9,24,3.6,1266,3.7
"05017","5","11","74","0","2022","A","","Chicot County, Arkansas","Private","NAICS 11 Agriculture, forestry, fishing and hunting","County, NAICS Sector -- by ownership sector","All establishment sizes",56,233,9855844,2770999,85202,812,42239,"",13.57,9.83,16.67,9.78,14.07,1.69,1.69,"",-1,-1.8,0,0.0,267075,2.8,96560,3.6,-1090,-1.3,22,2.8,1159,2.8
"05017","5","111","75","0","2022","A","","Chicot County, Arkansas","Private","NAICS 111 Crop production","County, NAICS 3-digit -- by ownership sector","All establishment sizes",37,143,5188190,1648681,56841,697,36239,"",19.78,13.87,21.07,13.69,22.64,1.52,1.52,"",-2,-5.1,3,2.1,307473,6.3,99843,6.4,-2608,-4.4,25,3.7,1314,3.8
"05017","5","1111","76","0","2022","A","","Chicot County, Arkansas","Private","NAICS 1111 Oilseed and grain farming","County, NAICS 4-digit -- by ownership sector","All establishment sizes",29,106,3948467,1211872,32099,714,37133,"",57.50,102.28,142.49,95.71,208.83,1.39,1.39,"",-1,-3.3,1,1.0,179578,4.8,40944,3.5,-4202,-11.6,22,3.2,1153,3.2
"05017","5","11111","77","0","2022","A","","Chicot County, Arkansas","Private","NAICS 11111 Soybean farming","County, NAICS 5-digit -- by ownership sector","All establishment sizes",7,28,933393,331572,7127,641,33335,"",144.96,286.96,374.81,315.08,510.67,1.31,1.31,"",0,0.0,-2,-6.7,-94537,-9.2,-6424,-1.9,802,12.7,-16,-2.4,-834,-2.4
"05017","5","111110","78","0","2022","A","","Chicot County, Arkansas","Private","NAICS 111110 Soybean farming","County, NAICS 6-digit -- by ownership sector","All establishment sizes",7,28,933393,331572,7127,641,33335,"",144.96,286.96,374.81,315.08,510.67,1.31,1.31,"",0,0.0,-2,-6.7,-94537,-9.2,-6424,-1.9,802,12.7,-16,-2.4,-834,-2.4
"05017","5","11115","77","0","2022","A","","Chicot County, Arkansas","Private","NAICS 11115 Corn farming","County, NAICS 5-digit -- by ownership sector","All establishment sizes",6,26,1056887,283364,1662,774,40262,"",43.15,75.24,107.13,65.49,32.39,1.41,1.41,"",0,0.0,2,8.3,108079,11.4,-31427,-10.0,-4329,-72.3,16,2.1,865,2.2
"05017","5","111150","78","0","2022","A","","Chicot County, Arkansas","Private","NAICS 111150 Corn farming","County, NAICS 6-digit -- by ownership sector","All establishment sizes",6,26,1056887,283364,1662,774,40262,"",43.15,75.24,107.13,65.49,32.39,1.41,1.41,"",0,0.0,2,8.3,108079,11.4,-31427,-10.0,-4329,-72.3,16,2.1,865,2.2
"05017","5","11116","77","0","2022","A","","Chicot County, Arkansas","Private","NAICS 11116 Rice farming","County, NAICS 5-digit -- by ownership sector","All establishment sizes",7,24,999135,273122,9432,818,42516,"",233.33,413.67,587.00,621.10,723.91,1.45,1.45,"",0,0.0,5,26.3,169945,20.5,87172,46.9,-1786,-15.9,-44,-5.1,-2305,-5.1
"05017","5","111160","78","0","2022","A","","Chicot County, Arkansas","Private","NAICS 111160 Rice farming","County, NAICS 6-digit -- by ownership sector","All establishment sizes",7,24,999135,273122,9432,818,42516,"",233.33,413.67,587.00,621.10,723.91,1.45,1.45,"",0,0.0,5,26.3,169945,20.5,87172,46.9,-1786,-15.9,-44,-5.1,-2305,-5.1
"05017","5","11119","77","0","2022","A","","Chicot County, Arkansas","Private","NAICS 11119 Other grain farming","County, NAICS 5-digit -- by ownership sector","All establishment sizes",9,29,959052,323814,13878,645,33553,"",43.28,70.06,89.53,67.76,245.38,1.30,1.30,"",-1,-10.0,-3,-9.4,-3909,-0.4,-8377,-2.5,1111,8.7,68,11.8,3539,11.8
"05017","5","111191","78","0","2022","A","","Chicot County, Arkansas","Private","NAICS 111191 Oilseed and grain combination farming","County, NAICS 6-digit -- by ownership sector","All establishment sizes",9,29,959052,323814,13878,645,33553,"",57.00,90.27,115.67,89.55,335.61,1.30,1.30,"",-1,-10.0,-3,-9.4,-3909,-0.4,-8377,-2.5,1111,8.7,68,11.8,3539,11.8
"05017","5","1119","76","0","2022","A","","Chicot County, Arkansas","Private","NAICS 1119 Other crop farming","County, NAICS 4-digit -- by ownership sector","All establishment sizes",8,37,1239723,436809,24742,647,33658,"",19.01,28.74,37.22,25.31,79.99,1.30,1.30,"",-1,-11.1,2,5.7,127895,11.5,58899,15.6,1594,6.9,36,5.9,1891,6.0
"05017","5","11192","77","0","2022","A","","Chicot County, Arkansas","Private","NAICS 11192 Cotton farming","County, NAICS 5-digit -- by ownership sector","All establishment sizes",8,37,1239723,436809,24742,647,33658,"",81.93,192.10,258.13,293.50,1007.15,1.35,1.35,"",-1,-11.1,2,5.7,127895,11.5,58899,15.6,1594,6.9,36,5.9,1891,6.0
"05017","5","111920","78","0","2022","A","","Chicot County, Arkansas","Private","NAICS 111920 Cotton farming","County, NAICS 6-digit -- by ownership sector","All establishment sizes",8,37,1239723,436809,24742,647,33658,"",81.93,192.10,258.13,293.50,1007.15,1.35,1.35,"",-1,-11.1,2,5.7,127895,11.5,58899,15.6,1594,6.9,36,5.9,1891,6.0
"05017","5","112","75","0","2022","A","","Chicot County, Arkansas","Private","NAICS 112 Animal production and aquaculture","County, NAICS 3-digit -- by ownership sector","All establishment sizes",4,28,1651375,322470,1944,1127,58629,"",3.88,5.63,12.33,5.38,3.90,2.18,2.18,"",-1,-20.0,0,0.0,138405,9.1,-4019,-1.2,43,2.3,85,8.2,4433,8.2
"05017","5","1121","76","0","2022","A","N","Chicot County, Arkansas","Private","NAICS 1121 Cattle ranching and farming","County, NAICS 4-digit -- by ownership sector","All establishment sizes",1,0,0,0,0,0,0,"N",1.53,0,0,0,0,0,0,"N",0,0.0,0,0,0,0,0,0,0,0,0,0,0,0
"05017","5","11211","77","0","2022","A","N","Chicot County, Arkansas","Private","NAICS 11211 Beef cattle ranching and farming, including feedlots","County, NAICS 5-digit -- by ownership sector","All establishment sizes",1,0,0,0,0,0,0,"N",2.49,0,0,0,0,0,0,"N",0,0.0,0,0,0,0,0,0,0,0,0,0,0,0
"05017","5","112111","78","0","2022","A","N","Chicot County, Arkansas","Private","NAICS 112111 Beef cattle ranching and farming","County, NAICS 6-digit -- by ownership sector","All establishment sizes",1,0,0,0,0,0,0,"N",2.78,0,0,0,0,0,0,"N",0,0.0,0,0,0,0,0,0,0,0,0,0,0,0
"05017","5","1125","76","0","2022","A","N","Chicot County, Arkansas","Private","NAICS 1125 Aquaculture","County, NAICS 4-digit -- by ownership sector","All establishment sizes",3,0,0,0,0,0,0,"N",82.36,0,0,0,0,0,0,"N",-1,-25.0,0,0,0,0,0,0,0,0,0,0,0,0
"05017","5","11251","77","0","2022","A","N","Chicot County, Arkansas","Private","NAICS 11251 Aquaculture","County, NAICS 5-digit -- by ownership sector","All establishment sizes",3,0,0,0,0,0,0,"N",82.36,0,0,0,0,0,0,"N",-1,-25.0,0,0,0,0,0,0,0,0,0,0,0,0
"05017","5","112511","78","0","2022","A","N","Chicot County, Arkansas","Private","NAICS 112511 Finfish farming and fish hatcheries","County, NAICS 6-digit -- by ownership sector","All establishment sizes",3,0,0,0,0,0,0,"N",173.82,0,0,0,0,0,0,"N",-1,-25.0,0,0,0,0,0,0,0,0,0,0,0,0
"05017","5","115","75","0","2022","A","","Chicot County, Arkansas","Private","NAICS 115 Support activities for agriculture and forestry","County, NAICS 3-digit -- by ownership sector","All establishment sizes",15,62,3016279,799848,26417,936,48650,"",18.94,8.47,17.37,9.24,9.80,2.05,2.05,"",1,7.1,-4,-6.1,-178803,-5.6,736,0.1,1475,5.9,1,0.1,56,0.1
"05017","5","1151","76","0","2022","A","","Chicot County, Arkansas","Private","NAICS 1151 Support activities for crop production","County, NAICS 4-digit -- by ownership sector","All establishment sizes",15,62,3016279,799848,26417,936,48650,"",32.59,9.76,20.80,10.86,10.49,2.13,2.13,"",1,7.1,-4,-6.1,-178803,-5.6,736,0.1,1475,5.9,1,0.1,56,0.1
"05017","5","11511","77","0","2022","A","","Chicot County, Arkansas","Private","NAICS 11511 Support activities for crop production","County, NAICS 5-digit -- by ownership sector","All establishment sizes",15,62,3016279,799848,26417,936,48650,"",32.59,9.76,20.80,10.86,10.49,2.13,2.13,"",1,7.1,-4,-6.1,-178803,-5.6,736,0.1,1475,5.9,1,0.1,56,0.1
"05017","5","115111","78","0","2022","A","N","Chicot County, Arkansas","Private","NAICS 115111 Cotton ginning","County, NAICS 6-digit -- by ownership sector","All establishment sizes",2,0,0,0,0,0,0,"N",101.05,0,0,0,0,0,0,"N",0,0.0,0,0,0,0,0,0,0,0,0,0,0,0
"05017","5","115112","78","0","2022","A","","Chicot County, Arkansas","Private","NAICS 115112 Soil preparation, planting, and cultivating","County, NAICS 6-digit -- by ownership sector","All establishment sizes",9,39,2016454,442165,21512,988,51375,"",62.51,72.23,129.54,78.06,163.21,1.78,1.78,"",1,12.5,-3,-7.1,-322292,-13.8,-54051,-10.9,474,2.3,-77,-7.2,-3980,-7.2
"05017","5","115113","78","0","2022","A","N","Chicot County, Arkansas","Private","NAICS 115113 Crop harvesting, primarily by machine","County, NAICS 6-digit -- by ownership sector","All establishment sizes",1,0,0,0,0,0,0,"N",23.76,0,0,0,0,0,0,"N",0,0.0,0,0,0,0,0,0,0,0,0,0,0,0
"05017","5","115114","78","0","2022","A","N","Chicot County, Arkansas","Private","NAICS 115114 Postharvest crop activities (except cotton ginning)","County, NAICS 6-digit -- by ownership sector","All establishment sizes",1,0,0,0,0,0,0,"N",12.14,0,0,0,0,0,0,"N",0,0.0,0,0,0,0,0,0,0,0,0,0,0,0
"05017","5","115116","78","0","2022","A","N","Chicot County, Arkansas","Private","NAICS 115116 Farm management services","County, NAICS 6-digit -- by ownership sector","All establishment sizes",2,0,0,0,0,0,0,"N",31.12,0,0,0,0,0,0,"N",0,0.0,0,0,0,0,0,0,0,0,0,0,0,0
"05017","5","22","74","0","2022","A","N","Chicot County, Arkansas","Private","NAICS 22 Utilities","County, NAICS Sector -- by ownership sector","All establishment sizes",2,0,0,0,0,0,0,"N",2.47,0,0,0,0,0,0,"N",-1,-33.3,0,0,0,0,0,0,0,0,0,0,0,0
"05017","5","221","75","0","2022","A","N","Chicot County, Arkansas","Private","NAICS 221 Utilities","County, NAICS 3-digit -- by ownership sector","All establishment sizes",2,0,0,0,0,0,0,"N",2.47,0,0,0,0,0,0,"N",-1,-33.3,0,0,0,0,0,0,0,0,0,0,0,0
"05017","5","2211","76","0","2022","A","N","Chicot County, Arkansas","Private","NAICS 2211 Electric power generation, transmission and distribution","County, NAICS 4-digit -- by ownership sector","All establishment sizes",1,0,0,0,0,0,0,"N",2.19,0,0,0,0,0,0,"N",0,0.0,0,0,0,0,0,0,0,0,0,0,0,0
"05017","5","22112","77","0","2022","A","N","Chicot County, Arkansas","Private","NAICS 22112 Electric power transmission, control, and distribution","County, NAICS 5-digit -- by ownership sector","All establishment sizes",1,0,0,0,0,0,0,"N",3.89,0,0,0,0,0,0,"N",0,0.0,0,0,0,0,0,0,0,0,0,0,0,0
"05017","5","221121","78","0","2022","A","N","Chicot County, Arkansas","Private","NAICS 221121 Electric bulk power transmission and control","County, NAICS 6-digit -- by ownership sector","All establishment sizes",1,0,0,0,0,0,0,"N",35.05,0,0,0,0,0,0,"N",0,0.0,0,0,0,0,0,0,0,0,0,0,0,0
"05017","5","2213","76","0","2022","A","N","Chicot County, Arkansas","Private","NAICS 2213 Water, sewage and other systems","County, NAICS 4-digit -- by ownership sector","All establishment sizes",1,0,0,0,0,0,0,"N",4.24,0,0,0,0,0,0,"N",-1,-50.0,0,0,0,0,0,0,0,0,0,0,0,0
"05017","5","22131","77","0","2022","A","N","Chicot County, Arkansas","Private","NAICS 22131 Water supply and irrigation systems","County, NAICS 5-digit -- by ownership sector","All establishment sizes",1,0,0,0,0,0,0,"N",4.90,0,0,0,0,0,0,"N",-1,-50.0,0,0,0,0,0,0,0,0,0,0,0,0
"05017","5","221310","78","0","2022","A","N","Chicot County, Arkansas","Private","NAICS 221310 Water supply and irrigation systems","County, NAICS 6-digit -- by ownership sector","All establishment sizes",1,0,0,0,0,0,0,"N",4.90,0,0,0,0,0,0,"N",-1,-50.0,0,0,0,0,0,0,0,0,0,0,0,0
"05017","5","23","74","0","2022","A","N","Chicot County, Arkansas","Private","NAICS 23 Construction","County, NAICS Sector -- by ownership sector","All establishment sizes",14,0,0,0,0,0,0,"N",0.42,0,0,0,0,0,0,"N",0,0.0,0,0,0,0,0,0,0,0,0,0,0,0
"05017","5","236","75","0","2022","A","","Chicot County, Arkansas","Private","NAICS 236 Construction of buildings","County, NAICS 3-digit -- by ownership sector","All establishment sizes",4,36,2481958,604556,3130,1326,68943,"",0.39,1.09,1.64,1.47,0.34,1.50,1.50,"N",1,33.3,0,0,0,0,0,0,0,0,0,0,0,0
"05017","5","2362","76","0","2022","A","","Chicot County, Arkansas","Private","NAICS 2362 Nonresidential building construction","County, NAICS 4-digit -- by ownership sector","All establishment sizes",4,36,2481958,604556,3130,1326,68943,"",1.77,2.30,3.01,3.02,0.58,1.31,1.31,"N",1,33.3,0,0,0,0,0,0,0,0,0,0,0,0
"05017","5","23621","77","0","2022","A","N","Chicot County, Arkansas","Private","NAICS 23621 Industrial building construction","County, NAICS 5-digit -- by ownership sector","All establishment sizes",1,0,0,0,0,0,0,"N",4.23,0,0,0,0,0,0,"N",0,0.0,0,0,0,0,0,0,0,0,0,0,0,0
"05017","5","236210","78","0","2022","A","N","Chicot County, Arkansas","Private","NAICS 236210 Industrial building construction","County, NAICS 6-digit -- by ownership sector","All establishment sizes",1,0,0,0,0,0,0,"N",4.23,0,0,0,0,0,0,"N",0,0.0,0,0,0,0,0,0,0,0,0,0,0,0
"05017","5","23622","77","0","2022","A","N","Chicot County, Arkansas","Private","NAICS 23622 Commercial and institutional building construction","County, NAICS 5-digit -- by ownership sector","All establishment sizes",3,0,0,0,0,0,0,"N",1.49,0,0,0,0,0,0,"N",1,50.0,0,0,0,0,0,0,0,0,0,0,0,0
"05017","5","236220","78","0","2022","A","N","Chicot County, Arkansas","Private","NAICS 236220 Commercial and institutional building construction","County, NAICS 6-digit -- by ownership sector","All establishment sizes",3,0,0,0,0,0,0,"N",1.49,0,0,0,0,0,0,"N",1,50.0,0,0,0,0,0,0,0,0,0,0,0,0
"05017","5","237","75","0","2022","A","","Chicot County, Arkansas","Private","NAICS 237 Heavy and civil engineering construction","County, NAICS 3-digit -- by ownership sector","All establishment sizes",3,46,3272365,572296,72130,1376,71527,"",1.46,2.29,3.28,2.16,8.44,1.44,1.44,"",0,0.0,-5,-9.8,146306,4.7,-43403,-7.0,4049,5.9,195,16.5,10131,16.5
"05017","5","2371","76","0","2022","A","N","Chicot County, Arkansas","Private","NAICS 2371 Utility system construction","County, NAICS 4-digit -- by ownership sector","All establishment sizes",2,0,0,0,0,0,0,"N",1.89,0,0,0,0,0,0,"N",0,0.0,0,0,0,0,0,0,0,0,0,0,0,0
"05017","5","23711","77","0","2022","A","N","Chicot County, Arkansas","Private","NAICS 23711 Water and sewer line and related structures construction","County, NAICS 5-digit -- by ownership sector","All establishment sizes",2,0,0,0,0,0,0,"N",4.28,0,0,0,0,0,0,"N",0,0.0,0,0,0,0,0,0,0,0,0,0,0,0
"05017","5","237110","78","0","2022","A","N","Chicot County, Arkansas","Private","NAICS 237110 Water and sewer line and related structures construction","County, NAICS 6-digit -- by ownership sector","All establishment sizes",2,0,0,0,0,0,0,"N",4.28,0,0,0,0,0,0,"N",0,0.0,0,0,0,0,0,0,0,0,0,0,0,0
"05017","5","2373","76","0","2022","A","N","Chicot County, Arkansas","Private","NAICS 2373 Highway, street, and bridge construction","County, NAICS 4-digit -- by ownership sector","All establishment sizes",1,0,0,0,0,0,0,"N",2.29,0,0,0,0,0,0,"N",0,0.0,0,0,0,0,0,0,0,0,0,0,0,0
"05017","5","23731","77","0","2022","A","N","Chicot County, Arkansas","Private","NAICS 23731 Highway, street, and bridge construction","County, NAICS 5-digit -- by ownership sector","All establishment sizes",1,0,0,0,0,0,0,"N",2.29,0,0,0,0,0,0,"N",0,0.0,0,0,0,0,0,0,0,0,0,0,0,0
"05017","5","237310","78","0","2022","A","N","Chicot County, Arkansas","Private","NAICS 237310 Highway, street, and bridge construction","County, NAICS 6-digit -- by ownership sector","All establishment sizes",1,0,0,0,0,0,0,"N",2.29,0,0,0,0,0,0,"N",0,0.0,0,0,0,0,0,0,0,0,0,0,0,0
"05017","5","238","75","0","2022","A","N","Chicot County, Arkansas","Private","NAICS 238 Specialty trade contractors","County, NAICS 3-digit -- by ownership sector","All establishment sizes",8,0,0,0,0,0,0,"N",0.39,0,0,0,0,0,0,"N",0,0.0,0,0,0,0,0,0,0,0,0,0,0,0
"05017","5","2382","76","0","2022","A","N","Chicot County, Arkansas","Private","NAICS 2382 Building equipment contractors","County, NAICS 4-digit -- by ownership sector","All establishment sizes",2,0,0,0,0,0,0,"N",0.24,0,0,0,0,0,0,"N",0,0.0,0,0,0,0,0,0,0,0,0,0,0,0
"05017","5","23821","77","0","2022","A","N","Chicot County, Arkansas","Private","NAICS 23821 Electrical and wiring contractors","County, NAICS 5-digit -- by ownership sector","All establishment sizes",1,0,0,0,0,0,0,"N",0.29,0,0,0,0,0,0,"N",0,0.0,0,0,0,0,0,0,0,0,0,0,0,0
"05017","5","238211","78","0","2022","A","N","Chicot County, Arkansas","Private","NAICS 238211 Residential electrical contractors","County, NAICS 6-digit -- by ownership sector","All establishment sizes",1,0,0,0,0,0,0,"N",0.48,0,0,0,0,0,0,"N",0,0.0,0,0,0,0,0,0,0,0,0,0,0,0
"05017","5","23822","77","0","2022","A","N","Chicot County, Arkansas","Private","NAICS 23822 Plumbing and hvac contractors","County, NAICS 5-digit -- by ownership sector","All establishment sizes",1,0,0,0,0,0,0,"N",0.23,0,0,0,0,0,0,"N",0,0.0,0,0,0,0,0,0,0,0,0,0,0,0
"05017","5","238221","78","0","2022","A","N","Chicot County, Arkansas","Private","NAICS 238221 Residential plumbing and hvac contractors","County, NAICS 6-digit -- by ownership sector","All establishment sizes",1,0,0,0,0,0,0,"N",0.31,0,0,0,0,0,0,"N",0,0.0,0,0,0,0,0,0,0,0,0,0,0,0
"05017","5","2389","76","0","2022","A","","Chicot County, Arkansas","Private","NAICS 2389 Other specialty trade contractors","County, NAICS 4-digit -- by ownership sector","All establishment sizes",6,25,1089789,309010,23583,825,42877,"",1.77,1.78,2.02,1.74,4.53,1.12,1.12,"",1,20.0,-2,-7.4,84787,8.4,-51475,-14.3,-7758,-24.8,100,13.8,5189,13.8
"05017","5","23891","77","0","2022","A","","Chicot County, Arkansas","Private","NAICS 23891 Site preparation contractors","County, NAICS 5-digit -- by ownership sector","All establishment sizes",6,25,1089789,309010,23583,825,42877,"",4.05,3.50,3.94,3.34,9.28,1.11,1.11,"",1,20.0,-2,-7.4,84787,8.4,-51475,-14.3,-7758,-24.8,100,13.8,5189,13.8
"05017","5","238911","78","0","2022","A","N","Chicot County, Arkansas","Private","NAICS 238911 Residential site preparation contractors","County, NAICS 6-digit -- by ownership sector","All establishment sizes",2,0,0,0,0,0,0,"N",2.33,0,0,0,0,0,0,"N",1,100.0,0,0,0,0,0,0,0,0,0,0,0,0
"05017","5","238912","78","0","2022","A","N","Chicot County, Arkansas","Private","NAICS 238912 Nonresidential site preparation contractors","County, NAICS 6-digit -- by ownership sector","All establishment sizes",4,0,0,0,0,0,0,"N",6.44,0,0,0,0,0,0,"N",0,0.0,0,0,0,0,0,0,0,0,0,0,0,0
"05017","5","31-33","74","0","2022","A","N","Chicot County, Arkansas","Private","NAICS 31-33 Manufacturing","County, NAICS Sector -- by ownership sector","All establishment sizes",2,0,0,0,0,0,0,"N",0.14,0,0,0,0,0,0,"N",-1,-33.3,0,0,0,0,0,0,0,0,0,0,0,0
"05017","5","315","75","0","2022","A","N","Chicot County, Arkansas","Private","NAICS 315 Apparel manufacturing","County, NAICS 3-digit -- by ownership sector","All establishment sizes",1,0,0,0,0,0,0,"N",4.15,0,0,0,0,0,0,"N",0,0.0,0,0,0,0,0,0,0,0,0,0,0,0
"05017","5","3152","76","0","2022","A","N","Chicot County, Arkansas","Private","NAICS 3152 Cut and sew apparel manufacturing","County, NAICS 4-digit -- by ownership sector","All establishment sizes",1,0,0,0,0,0,0,"N",5.33,0,0,0,0,0,0,"N",0,0.0,0,0,0,0,0,0,0,0,0,0,0,0
"05017","5","31525","77","0","2022","A","N","Chicot County, Arkansas","Private","NAICS 31525 Cut and sew apparel manufacturing (except contractors)","County, NAICS 5-digit -- by ownership sector","All establishment sizes",1,0,0,0,0,0,0,"N",10.64,0,0,0,0,0,0,"N",1,100.0,0,0,0,0,0,0,0,0,0,0,0,0
"05017","5","315250","78","0","2022","A","N","Chicot County, Arkansas","Private","NAICS 315250 Cut and sew apparel manufacturing (except contractors)","County, NAICS 6-digit -- by ownership sector","All establishment sizes",1,0,0,0,0,0,0,"N",10.64,0,0,0,0,0,0,"N",1,100.0,0,0,0,0,0,0,0,0,0,0,0,0
"05017","5","332","75","0","2022","A","N","Chicot County, Arkansas","Private","NAICS 332 Fabricated metal product manufacturing","County, NAICS 3-digit -- by ownership sector","All establishment sizes",1,0,0,0,0,0,0,"N",0.46,0,0,0,0,0,0,"N",0,0.0,0,0,0,0,0,0,0,0,0,0,0,0
"05017","5","3327","76","0","2022","A","N","Chicot County, Arkansas","Private","NAICS 3327 Machine shops; turned product; and screw, nut, and bolt manufacturing","County, NAICS 4-digit -- by ownership sector","All establishment sizes",1,0,0,0,0,0,0,"N",1.27,0,0,0,0,0,0,"N",0,0.0,0,0,0,0,0,0,0,0,0,0,0,0
"05017","5","33271","77","0","2022","A","N","Chicot County, Arkansas","Private","NAICS 33271 Machine shops","County, NAICS 5-digit -- by ownership sector","All establishment sizes",1,0,0,0,0,0,0,"N",1.42,0,0,0,0,0,0,"N",0,0.0,0,0,0,0,0,0,0,0,0,0,0,0
"05017","5","332710","78","0","2022","A","N","Chicot County, Arkansas","Private","NAICS 332710 Machine shops","County, NAICS 6-digit -- by ownership sector","All establishment sizes",1,0,0,0,0,0,0,"N",1.42,0,0,0,0,0,0,"N",0,0.0,0,0,0,0,0,0,0,0,0,0,0,0
"05017","5","336","75","0","2022","A","N","Chicot County, Arkansas","Private","NAICS 336 Transportation equipment manufacturing","County, NAICS 3-digit -- by ownership sector","All establishment sizes",0,0,0,0,0,0,0,"N",0.00,0,0,0,0,0,0,"N",-1,-100.0,0,0,0,0,0,0,0,0,0,0,0,0
"05017","5","3362","76","0","2022","A","N","Chicot County, Arkansas","Private","NAICS 3362 Motor vehicle body and trailer manufacturing","County, NAICS 4-digit -- by ownership sector","All establishment sizes",0,0,0,0,0,0,0,"N",0.00,0,0,0,0,0,0,"N",-1,-100.0,0,0,0,0,0,0,0,0,0,0,0,0
"05017","5","33621","77","0","2022","A","N","Chicot County, Arkansas","Private","NAICS 33621 Motor vehicle body and trailer manufacturing","County, NAICS 5-digit -- by ownership sector","All establishment sizes",0,0,0,0,0,0,0,"N",0.00,0,0,0,0,0,0,"N",-1,-100.0,0,0,0,0,0,0,0,0,0,0,0,0
"05017","5","336214","78","0","2022","A","N","Chicot County, Arkansas","Private","NAICS 336214 Travel trailer and camper manufacturing","County, NAICS 6-digit -- by ownership sector","All establishment sizes",0,0,0,0,0,0,0,"N",0.00,0,0,0,0,0,0,"N",-1,-100.0,0,0,0,0,0,0,0,0,0,0,0,0
"05017","5","42","74","0","2022","A","N","Chicot County, Arkansas","Private","NAICS 42 Wholesale trade","County, NAICS Sector -- by ownership sector","All establishment sizes",12,0,0,0,0,0,0,"N",0.51,0,0,0,0,0,0,"N",1,9.1,0,0,0,0,0,0,0,0,0,0,0,0
"05017","5","423","75","0","2022","A","N","Chicot County, Arkansas","Private","NAICS 423 Merchant wholesalers, durable goods","County, NAICS 3-digit -- by ownership sector","All establishment sizes",4,0,0,0,0,0,0,"N",0.33,0,0,0,0,0,0,"N",0,0.0,0,0,0,0,0,0,0,0,0,0,0,0
"05017","5","4235","76","0","2022","A","N","Chicot County, Arkansas","Private","NAICS 4235 Metal and mineral (except petroleum) merchant wholesalers","County, NAICS 4-digit -- by ownership sector","All establishment sizes",1,0,0,0,0,0,0,"N",2.42,0,0,0,0,0,0,"N",0,0.0,0,0,0,0,0,0,0,0,0,0,0,0
"05017","5","42351","77","0","2022","A","N","Chicot County, Arkansas","Private","NAICS 42351 Metal service centers and other metal merchant wholesalers","County, NAICS 5-digit -- by ownership sector","All establishment sizes",1,0,0,0,0,0,0,"N",2.53,0,0,0,0,0,0,"N",0,0.0,0,0,0,0,0,0,0,0,0,0,0,0
"05017","5","423510","78","0","2022","A","N","Chicot County, Arkansas","Private","NAICS 423510 Metal service centers and other metal merchant wholesalers","County, NAICS 6-digit -- by ownership sector","All establishment sizes",1,0,0,0,0,0,0,"N",2.53,0,0,0,0,0,0,"N",0,0.0,0,0,0,0,0,0,0,0,0,0,0,0
"05017","5","4238","76","0","2022","A","N","Chicot County, Arkansas","Private","NAICS 4238 Machinery, equipment, and supplies merchant wholesalers","County, NAICS 4-digit -- by ownership sector","All establishment sizes",2,0,0,0,0,0,0,"N",0.73,0,0,0,0,0,0,"N",0,0.0,0,0,0,0,0,0,0,0,0,0,0,0
"05017","5","42382","77","0","2022","A","N","Chicot County, Arkansas","Private","NAICS 42382 Farm and garden machinery and equipment merchant wholesalers","County, NAICS 5-digit -- by ownership sector","All establishment sizes",2,0,0,0,0,0,0,"N",5.93,0,0,0,0,0,0,"N",0,0.0,0,0,0,0,0,0,0,0,0,0,0,0
"05017","5","423820","78","0","2022","A","N","Chicot County, Arkansas","Private","NAICS 423820 Farm and garden machinery and equipment merchant wholesalers","County, NAICS 6-digit -- by ownership sector","All establishment sizes",2,0,0,0,0,0,0,"N",5.93,0,0,0,0,0,0,"N",0,0.0,0,0,0,0,0,0,0,0,0,0,0,0
"05017","5","4239","76","0","2022","A","N","Chicot County, Arkansas","Private","NAICS 4239 Miscellaneous durable goods merchant wholesalers","County, NAICS 4-digit -- by ownership sector","All establishment sizes",1,0,0,0,0,0,0,"N",0.66,0,0,0,0,0,0,"N",0,0.0,0,0,0,0,0,0,0,0,0,0,0,0
"05017","5","42393","77","0","2022","A","N","Chicot County, Arkansas","Private","NAICS 42393 Recyclable material merchant wholesalers","County, NAICS 5-digit -- by ownership sector","All establishment sizes",1,0,0,0,0,0,0,"N",3.43,0,0,0,0,0,0,"N",0,0.0,0,0,0,0,0,0,0,0,0,0,0,0
"05017","5","423930","78","0","2022","A","N","Chicot County, Arkansas","Private","NAICS 423930 Recyclable material merchant wholesalers","County, NAICS 6-digit -- by ownership sector","All establishment sizes",1,0,0,0,0,0,0,"N",3.43,0,0,0,0,0,0,"N",0,0.0,0,0,0,0,0,0,0,0,0,0,0,0
"05017","5","424","75","0","2022","A","","Chicot County, Arkansas","Private","NAICS 424 Merchant wholesalers, nondurable goods","County, NAICS 3-digit -- by ownership sector","All establishment sizes",8,28,1343497,440696,3537,920,47840,"",1.22,0.69,0.66,0.94,0.54,0.96,0.96,"",1,14.3,2,7.7,193951,16.9,136226,44.7,1046,42.0,64,7.5,3341,7.5
"05017","5","4242","76","0","2022","A","N","Chicot County, Arkansas","Private","NAICS 4242 Drugs and druggists' sundries merchant wholesalers","County, NAICS 4-digit -- by ownership sector","All establishment sizes",1,0,0,0,0,0,0,"N",1.18,0,0,0,0,0,0,"N",1,100.0,0,0,0,0,0,0,0,0,0,0,0,0
"05017","5","42421","77","0","2022","A","N","Chicot County, Arkansas","Private","NAICS 42421 Drugs and druggists' sundries merchant wholesalers","County, NAICS 5-digit -- by ownership sector","All establishment sizes",1,0,0,0,0,0,0,"N",1.18,0,0,0,0,0,0,"N",1,100.0,0,0,0,0,0,0,0,0,0,0,0,0
"05017","5","424210","78","0","2022","A","N","Chicot County, Arkansas","Private","NAICS 424210 Drugs and druggists' sundries merchant wholesalers","County, NAICS 6-digit -- by ownership sector","All establishment sizes",1,0,0,0,0,0,0,"N",1.18,0,0,0,0,0,0,"N",1,100.0,0,0,0,0,0,0,0,0,0,0,0,0
"05017","5","4244","76","0","2022","A","N","Chicot County, Arkansas","Private","NAICS 4244 Grocery and related product merchant wholesalers","County, NAICS 4-digit -- by ownership sector","All establishment sizes",1,0,0,0,0,0,0,"N",0.57,0,0,0,0,0,0,"N",0,0.0,0,0,0,0,0,0,0,0,0,0,0,0
"05017","5","42442","77","0","2022","A","N","Chicot County, Arkansas","Private","NAICS 42442 Packaged frozen food merchant wholesalers","County, NAICS 5-digit -- by ownership sector","All establishment sizes",1,0,0,0,0,0,0,"N",9.95,0,0,0,0,0,0,"N",0,0.0,0,0,0,0,0,0,0,0,0,0,0,0
"05017","5","424420","78","0","2022","A","N","Chicot County, Arkansas","Private","NAICS 424420 Packaged frozen food merchant wholesalers","County, NAICS 6-digit -- by ownership sector","All establishment sizes",1,0,0,0,0,0,0,"N",9.95,0,0,0,0,0,0,"N",0,0.0,0,0,0,0,0,0,0,0,0,0,0,0
"05017","5","4245","76","0","2022","A","N","Chicot County, Arkansas","Private","NAICS 4245 Farm product raw material merchant wholesalers","County, NAICS 4-digit -- by ownership sector","All establishment sizes",2,0,0,0,0,0,0,"N",7.80,0,0,0,0,0,0,"N",0,0.0,0,0,0,0,0,0,0,0,0,0,0,0
"05017","5","42459","77","0","2022","A","N","Chicot County, Arkansas","Private","NAICS 42459 Other farm product raw material merchant wholesalers","County, NAICS 5-digit -- by ownership sector","All establishment sizes",2,0,0,0,0,0,0,"N",31.39,0,0,0,0,0,0,"N",0,0.0,0,0,0,0,0,0,0,0,0,0,0,0
"05017","5","424590","78","0","2022","A","N","Chicot County, Arkansas","Private","NAICS 424590 Other farm product raw material merchant wholesalers","County, NAICS 6-digit -- by ownership sector","All establishment sizes",2,0,0,0,0,0,0,"N",31.39,0,0,0,0,0,0,"N",0,0.0,0,0,0,0,0,0,0,0,0,0,0,0
"05017","5","4247","76","0","2022","A","N","Chicot County, Arkansas","Private","NAICS 4247 Petroleum and petroleum products merchant wholesalers","County, NAICS 4-digit -- by ownership sector","All establishment sizes",1,0,0,0,0,0,0,"N",3.24,0,0,0,0,0,0,"N",0,0.0,0,0,0,0,0,0,0,0,0,0,0,0
"05017","5","42471","77","0","2022","A","N","Chicot County, Arkansas","Private","NAICS 42471 Petroleum bulk stations and terminals","County, NAICS 5-digit -- by ownership sector","All establishment sizes",1,0,0,0,0,0,0,"N",9.93,0,0,0,0,0,0,"N",0,0.0,0,0,0,0,0,0,0,0,0,0,0,0
"05017","5","424710","78","0","2022","A","N","Chicot County, Arkansas","Private","NAICS 424710 Petroleum bulk stations and terminals","County, NAICS 6-digit -- by ownership sector","All establishment sizes",1,0,0,0,0,0,0,"N",9.93,0,0,0,0,0,0,"N",0,0.0,0,0,0,0,0,0,0,0,0,0,0,0
"05017","5","4249","76","0","2022","A","N","Chicot County, Arkansas","Private","NAICS 4249 Miscellaneous nondurable goods merchant wholesalers","County, NAICS 4-digit -- by ownership sector","All establishment sizes",3,0,0,0,0,0,0,"N",2.14,0,0,0,0,0,0,"N",0,0.0,0,0,0,0,0,0,0,0,0,0,0,0
"05017","5","42491","77","0","2022","A","N","Chicot County, Arkansas","Private","NAICS 42491 Farm supplies merchant wholesalers","County, NAICS 5-digit -- by ownership sector","All establishment sizes",3,0,0,0,0,0,0,"N",6.35,0,0,0,0,0,0,"N",0,0.0,0,0,0,0,0,0,0,0,0,0,0,0
"05017","5","424910","78","0","2022","A","N","Chicot County, Arkansas","Private","NAICS 424910 Farm supplies merchant wholesalers","County, NAICS 6-digit -- by ownership sector","All establishment sizes",3,0,0,0,0,0,0,"N",6.35,0,0,0,0,0,0,"N",0,0.0,0,0,0,0,0,0,0,0,0,0,0,0
"05017","5","44-45","74","0","2022","A","","Chicot County, Arkansas","Private","NAICS 44-45 Retail trade","County, NAICS Sector -- by ownership sector","All establishment sizes",46,305,8432007,3373575,32729,532,27684,"",1.18,1.05,1.25,1.26,1.06,1.19,1.19,"",3,7.0,39,14.7,1090144,14.8,478468,16.5,9082,38.4,1,0.2,92,0.3
"05017","5","441","75","0","2022","A","","Chicot County, Arkansas","Private","NAICS 441 Motor vehicle and parts dealers","County, NAICS 3-digit -- by ownership sector","All establishment sizes",5,18,620737,192059,2883,651,33858,"",1.11,0.48,0.41,0.47,0.56,0.84,0.84,"",0,0.0,2,12.5,85840,16.0,30150,18.6,2212,329.7,15,2.4,772,2.3
"05017","5","4413","76","0","2022","A","","Chicot County, Arkansas","Private","NAICS 4413 Automotive parts, accessories, and tire retailers","County, NAICS 4-digit -- by ownership sector","All establishment sizes",5,18,620737,192059,2883,651,33858,"",2.27,1.67,2.33,1.79,2.57,1.37,1.37,"",0,0.0,2,12.5,85840,16.0,30150,18.6,2212,329.7,15,2.4,772,2.3
"05017","5","44133","77","0","2022","A","N","Chicot County, Arkansas","Private","NAICS 44133 Automotive parts and accessories retailers","County, NAICS 5-digit -- by ownership sector","All establishment sizes",3,0,0,0,0,0,0,"N",2.08,0,0,0,0,0,0,"N",3,100.0,0,0,0,0,0,0,0,0,0,0,0,0
"05017","5","441330","78","0","2022","A","N","Chicot County, Arkansas","Private","NAICS 441330 Automotive parts and accessories retailers","County, NAICS 6-digit -- by ownership sector","All establishment sizes",3,0,0,0,0,0,0,"N",2.08,0,0,0,0,0,0,"N",3,100.0,0,0,0,0,0,0,0,0,0,0,0,0
"05017","5","44134","77","0","2022","A","N","Chicot County, Arkansas","Private","NAICS 44134 Tire dealers","County, NAICS 5-digit -- by ownership sector","All establishment sizes",2,0,0,0,0,0,0,"N",2.64,0,0,0,0,0,0,"N",2,100.0,0,0,0,0,0,0,0,0,0,0,0,0
"05017","5","441340","78","0","2022","A","N","Chicot County, Arkansas","Private","NAICS 441340 Tire dealers","County, NAICS 6-digit -- by ownership sector","All establishment sizes",2,0,0,0,0,0,0,"N",2.64,0,0,0,0,0,0,"N",2,100.0,0,0,0,0,0,0,0,0,0,0,0,0
"05017","5","444","75","0","2022","A","N","Chicot County, Arkansas","Private","NAICS 444 Building material and garden equipment and supplies dealers","County, NAICS 3-digit -- by ownership sector","All establishment sizes",4,0,0,0,0,0,0,"N",1.51,0,0,0,0,0,0,"N",0,0.0,0,0,0,0,0,0,0,0,0,0,0,0
"05017","5","4441","76","0","2022","A","N","Chicot County, Arkansas","Private","NAICS 4441 Building material and supplies dealers","County, NAICS 4-digit -- by ownership sector","All establishment sizes",2,0,0,0,0,0,0,"N",1.00,0,0,0,0,0,0,"N",0,0.0,0,0,0,0,0,0,0,0,0,0,0,0
"05017","5","44411","77","0","2022","A","N","Chicot County, Arkansas","Private","NAICS 44411 Home centers","County, NAICS 5-digit -- by ownership sector","All establishment sizes",1,0,0,0,0,0,0,"N",2.92,0,0,0,0,0,0,"N",0,0.0,0,0,0,0,0,0,0,0,0,0,0,0
"05017","5","444110","78","0","2022","A","N","Chicot County, Arkansas","Private","NAICS 444110 Home centers","County, NAICS 6-digit -- by ownership sector","All establishment sizes",1,0,0,0,0,0,0,"N",2.92,0,0,0,0,0,0,"N",0,0.0,0,0,0,0,0,0,0,0,0,0,0,0
"05017","5","44414","77","0","2022","A","N","Chicot County, Arkansas","Private","NAICS 44414 Hardware retailers","County, NAICS 5-digit -- by ownership sector","All establishment sizes",1,0,0,0,0,0,0,"N",1.76,0,0,0,0,0,0,"N",1,100.0,0,0,0,0,0,0,0,0,0,0,0,0
"05017","5","444140","78","0","2022","A","N","Chicot County, Arkansas","Private","NAICS 444140 Hardware retailers","County, NAICS 6-digit -- by ownership sector","All establishment sizes",1,0,0,0,0,0,0,"N",1.76,0,0,0,0,0,0,"N",1,100.0,0,0,0,0,0,0,0,0,0,0,0,0
"05017","5","4442","76","0","2022","A","N","Chicot County, Arkansas","Private","NAICS 4442 Lawn and garden equipment and supplies retailers","County, NAICS 4-digit -- by ownership sector","All establishment sizes",2,0,0,0,0,0,0,"N",3.09,0,0,0,0,0,0,"N",0,0.0,0,0,0,0,0,0,0,0,0,0,0,0
"05017","5","44424","77","0","2022","A","N","Chicot County, Arkansas","Private","NAICS 44424 Nursery, garden center, and farm supply retailers","County, NAICS 5-digit -- by ownership sector","All establishment sizes",2,0,0,0,0,0,0,"N",3.98,0,0,0,0,0,0,"N",2,100.0,0,0,0,0,0,0,0,0,0,0,0,0
"05017","5","444240","78","0","2022","A","N","Chicot County, Arkansas","Private","NAICS 444240 Nursery, garden center, and farm supply retailers","County, NAICS 6-digit -- by ownership sector","All establishment sizes",2,0,0,0,0,0,0,"N",3.98,0,0,0,0,0,0,"N",2,100.0,0,0,0,0,0,0,0,0,0,0,0,0
"05017","5","445","75","0","2022","A","","Chicot County, Arkansas","Private","NAICS 445 Food and beverage retailers","County, NAICS 3-digit -- by ownership sector","All establishment sizes",9,76,1638996,947622,15723,416,21613,"",1.55,1.27,1.54,1.84,3.07,1.22,1.22,"",0,0.0,11,16.9,398160,32.1,219937,30.2,6166,64.5,47,12.7,2450,12.8
"05017","5","4451","76","0","2022","A","N","Chicot County, Arkansas","Private","NAICS 4451 Grocery and convenience retailers","County, NAICS 4-digit -- by ownership sector","All establishment sizes",4,0,0,0,0,0,0,"N",1.13,0,0,0,0,0,0,"N",0,0.0,0,0,0,0,0,0,0,0,0,0,0,0
"05017","5","44511","77","0","2022","A","N","Chicot County, Arkansas","Private","NAICS 44511 Supermarkets and other grocery retailers (except convenience retailers)","County, NAICS 5-digit -- by ownership sector","All establishment sizes",3,0,0,0,0,0,0,"N",1.41,0,0,0,0,0,0,"N",0,0.0,0,0,0,0,0,0,0,0,0,0,0,0
"05017","5","445110","78","0","2022","A","N","Chicot County, Arkansas","Private","NAICS 445110 Supermarkets and other grocery retailers (except convenience retailers)","County, NAICS 6-digit -- by ownership sector","All establishment sizes",3,0,0,0,0,0,0,"N",1.41,0,0,0,0,0,0,"N",0,0.0,0,0,0,0,0,0,0,0,0,0,0,0
"05017","5","44513","77","0","2022","A","N","Chicot County, Arkansas","Private","NAICS 44513 Convenience retailers and vending machine operators","County, NAICS 5-digit -- by ownership sector","All establishment sizes",1,0,0,0,0,0,0,"N",0.71,0,0,0,0,0,0,"N",1,100.0,0,0,0,0,0,0,0,0,0,0,0,0
"05017","5","445131","78","0","2022","A","N","Chicot County, Arkansas","Private","NAICS 445131 Convenience retailers","County, NAICS 6-digit -- by ownership sector","All establishment sizes",1,0,0,0,0,0,0,"N",0.78,0,0,0,0,0,0,"N",1,100.0,0,0,0,0,0,0,0,0,0,0,0,0
"05017","5","4453","76","0","2022","A","N","Chicot County, Arkansas","Private","NAICS 4453 Beer, wine, and liquor retailers","County, NAICS 4-digit -- by ownership sector","All establishment sizes",5,0,0,0,0,0,0,"N",4.10,0,0,0,0,0,0,"N",0,0.0,0,0,0,0,0,0,0,0,0,0,0,0
"05017","5","44532","77","0","2022","A","N","Chicot County, Arkansas","Private","NAICS 44532 Beer, wine, and liquor retailers","County, NAICS 5-digit -- by ownership sector","All establishment sizes",5,0,0,0,0,0,0,"N",4.10,0,0,0,0,0,0,"N",5,100.0,0,0,0,0,0,0,0,0,0,0,0,0
"05017","5","445320","78","0","2022","A","N","Chicot County, Arkansas","Private","NAICS 445320 Beer, wine, and liquor retailers","County, NAICS 6-digit -- by ownership sector","All establishment sizes",5,0,0,0,0,0,0,"N",4.10,0,0,0,0,0,0,"N",5,100.0,0,0,0,0,0,0,0,0,0,0,0,0
"05017","5","449","75","0","2022","A","N","Chicot County, Arkansas","Private","NAICS 449 Furniture, home furnishings, electronics, and appliance retailers","County, NAICS 3-digit -- by ownership sector","All establishment sizes",2,0,0,0,0,0,0,"N",0.59,0,0,0,0,0,0,"N",2,100.0,0,0,0,0,0,0,0,0,0,0,0,0
"05017","5","4491","76","0","2022","A","N","Chicot County, Arkansas","Private","NAICS 4491 Furniture and home furnishings retailers","County, NAICS 4-digit -- by ownership sector","All establishment sizes",2,0,0,0,0,0,0,"N",1.14,0,0,0,0,0,0,"N",2,100.0,0,0,0,0,0,0,0,0,0,0,0,0
"05017","5","44911","77","0","2022","A","N","Chicot County, Arkansas","Private","NAICS 44911 Furniture retailers","County, NAICS 5-digit -- by ownership sector","All establishment sizes",2,0,0,0,0,0,0,"N",2.37,0,0,0,0,0,0,"N",2,100.0,0,0,0,0,0,0,0,0,0,0,0,0
"05017","5","449110","78","0","2022","A","N","Chicot County, Arkansas","Private","NAICS 449110 Furniture retailers","County, NAICS 6-digit -- by ownership sector","All establishment sizes",2,0,0,0,0,0,0,"N",2.37,0,0,0,0,0,0,"N",2,100.0,0,0,0,0,0,0,0,0,0,0,0,0
"05017","5","455","75","0","2022","A","N","Chicot County, Arkansas","Private","NAICS 455 General merchandise retailers","County, NAICS 3-digit -- by ownership sector","All establishment sizes",6,0,0,0,0,0,0,"N",2.14,0,0,0,0,0,0,"N",6,100.0,0,0,0,0,0,0,0,0,0,0,0,0
"05017","5","4552","76","0","2022","A","N","Chicot County, Arkansas","Private","NAICS 4552 Warehouse clubs, supercenters, and other general merchandise retailers","County, NAICS 4-digit -- by ownership sector","All establishment sizes",6,0,0,0,0,0,0,"N",2.52,0,0,0,0,0,0,"N",6,100.0,0,0,0,0,0,0,0,0,0,0,0,0
"05017","5","45521","77","0","2022","A","N","Chicot County, Arkansas","Private","NAICS 45521 Warehouse clubs, supercenters, and other general merchandise retailers","County, NAICS 5-digit -- by ownership sector","All establishment sizes",6,0,0,0,0,0,0,"N",2.52,0,0,0,0,0,0,"N",6,100.0,0,0,0,0,0,0,0,0,0,0,0,0
"05017","5","455219","78","0","2022","A","N","Chicot County, Arkansas","Private","NAICS 455219 All other general merchandise retailers","County, NAICS 6-digit -- by ownership sector","All establishment sizes",6,0,0,0,0,0,0,"N",2.79,0,0,0,0,0,0,"N",6,100.0,0,0,0,0,0,0,0,0,0,0,0,0
"05017","5","456","75","0","2022","A","","Chicot County, Arkansas","Private","NAICS 456 Health and personal care retailers","County, NAICS 3-digit -- by ownership sector","All establishment sizes",6,42,2189985,472421,2117,1015,52771,"",1.39,2.03,3.95,2.49,0.97,1.97,1.97,"N",6,100.0,0,0,0,0,0,0,0,0,0,0,0,0
"05017","5","4561","76","0","2022","A","","Chicot County, Arkansas","Private","NAICS 4561 Health and personal care retailers","County, NAICS 4-digit -- by ownership sector","All establishment sizes",6,42,2189985,472421,2117,1015,52771,"",1.39,2.03,3.95,2.49,0.97,1.97,1.97,"N",6,100.0,0,0,0,0,0,0,0,0,0,0,0,0
"05017","5","45611","77","0","2022","A","","Chicot County, Arkansas","Private","NAICS 45611 Pharmacies and drug retailers","County, NAICS 5-digit -- by ownership sector","All establishment sizes",6,42,2189985,472421,2117,1015,52771,"",2.50,3.04,5.61,3.65,1.55,1.87,1.87,"N",6,100.0,0,0,0,0,0,0,0,0,0,0,0,0
"05017","5","456110","78","0","2022","A","","Chicot County, Arkansas","Private","NAICS 456110 Pharmacies and drug retailers","County, NAICS 6-digit -- by ownership sector","All establishment sizes",6,42,2189985,472421,2117,1015,52771,"",2.50,3.04,5.61,3.65,1.55,1.87,1.87,"N",6,100.0,0,0,0,0,0,0,0,0,0,0,0,0
"05017","5","457","75","0","2022","A","","Chicot County, Arkansas","Private","NAICS 457 Gasoline stations and fuel dealers","County, NAICS 3-digit -- by ownership sector","All establishment sizes",9,72,1203312,672724,4150,323,16790,"",2.09,3.71,3.40,3.43,2.01,0.92,0.92,"N",9,100.0,0,0,0,0,0,0,0,0,0,0,0,0
"05017","5","4571","76","0","2022","A","","Chicot County, Arkansas","Private","NAICS 4571 Gasoline stations","County, NAICS 4-digit -- by ownership sector","All establishment sizes",9,72,1203312,672724,4150,323,16790,"",2.25,3.99,3.99,3.73,2.35,1.01,1.01,"N",9,100.0,0,0,0,0,0,0,0,0,0,0,0,0
"05017","5","45711","77","0","2022","A","","Chicot County, Arkansas","Private","NAICS 45711 Gasoline stations with convenience stores","County, NAICS 5-digit -- by ownership sector","All establishment sizes",9,72,1203312,672724,4150,323,16790,"",2.46,4.43,4.55,4.13,2.65,1.03,1.03,"N",9,100.0,0,0,0,0,0,0,0,0,0,0,0,0
"05017","5","457110","78","0","2022","A","","Chicot County, Arkansas","Private","NAICS 457110 Gasoline stations with convenience stores","County, NAICS 6-digit -- by ownership sector","All establishment sizes",9,72,1203312,672724,4150,323,16790,"",2.46,4.43,4.55,4.13,2.65,1.03,1.03,"N",9,100.0,0,0,0,0,0,0,0,0,0,0,0,0
"05017","5","458","75","0","2022","A","N","Chicot County, Arkansas","Private","NAICS 458 Clothing, clothing accessories, shoe, and jewelry retailers","County, NAICS 3-digit -- by ownership sector","All establishment sizes",1,0,0,0,0,0,0,"N",0.23,0,0,0,0,0,0,"N",1,100.0,0,0,0,0,0,0,0,0,0,0,0,0
"05017","5","4581","76","0","2022","A","N","Chicot County, Arkansas","Private","NAICS 4581 Clothing and clothing accessories retailers","County, NAICS 4-digit -- by ownership sector","All establishment sizes",1,0,0,0,0,0,0,"N",0.33,0,0,0,0,0,0,"N",1,100.0,0,0,0,0,0,0,0,0,0,0,0,0
"05017","5","45811","77","0","2022","A","N","Chicot County, Arkansas","Private","NAICS 45811 Clothing and clothing accessories retailers","County, NAICS 5-digit -- by ownership sector","All establishment sizes",1,0,0,0,0,0,0,"N",0.33,0,0,0,0,0,0,"N",1,100.0,0,0,0,0,0,0,0,0,0,0,0,0
"05017","5","458110","78","0","2022","A","N","Chicot County, Arkansas","Private","NAICS 458110 Clothing and clothing accessories retailers","County, NAICS 6-digit -- by ownership sector","All establishment sizes",1,0,0,0,0,0,0,"N",0.33,0,0,0,0,0,0,"N",1,100.0,0,0,0,0,0,0,0,0,0,0,0,0
"05017","5","459","75","0","2022","A","","Chicot County, Arkansas","Private","NAICS 459 Sporting goods, hobby, musical instrument, book, and miscellaneous retailers","County, NAICS 3-digit -- by ownership sector","All establishment sizes",5,29,1101023,351410,3806,743,38632,"",0.74,1.01,1.87,1.41,1.17,1.88,1.88,"N",5,100.0,0,0,0,0,0,0,0,0,0,0,0,0
"05017","5","4591","76","0","2022","A","N","Chicot County, Arkansas","Private","NAICS 4591 Sporting goods, hobby, and musical instrument retailers","County, NAICS 4-digit -- by ownership sector","All establishment sizes",1,0,0,0,0,0,0,"N",0.61,0,0,0,0,0,0,"N",1,100.0,0,0,0,0,0,0,0,0,0,0,0,0
"05017","5","45911","77","0","2022","A","N","Chicot County, Arkansas","Private","NAICS 45911 Sporting goods retailers","County, NAICS 5-digit -- by ownership sector","All establishment sizes",1,0,0,0,0,0,0,"N",1.11,0,0,0,0,0,0,"N",1,100.0,0,0,0,0,0,0,0,0,0,0,0,0
"05017","5","459110","78","0","2022","A","N","Chicot County, Arkansas","Private","NAICS 459110 Sporting goods retailers","County, NAICS 6-digit -- by ownership sector","All establishment sizes",1,0,0,0,0,0,0,"N",1.11,0,0,0,0,0,0,"N",1,100.0,0,0,0,0,0,0,0,0,0,0,0,0
"05017","5","4593","76","0","2022","A","N","Chicot County, Arkansas","Private","NAICS 4593 Florists","County, NAICS 4-digit -- by ownership sector","All establishment sizes",1,0,0,0,0,0,0,"N",2.19,0,0,0,0,0,0,"N",1,100.0,0,0,0,0,0,0,0,0,0,0,0,0
"05017","5","45931","77","0","2022","A","N","Chicot County, Arkansas","Private","NAICS 45931 Florists","County, NAICS 5-digit -- by ownership sector","All establishment sizes",1,0,0,0,0,0,0,"N",2.19,0,0,0,0,0,0,"N",1,100.0,0,0,0,0,0,0,0,0,0,0,0,0
"05017","5","459310","78","0","2022","A","N","Chicot County, Arkansas","Private","NAICS 459310 Florists","County, NAICS 6-digit -- by ownership sector","All establishment sizes",1,0,0,0,0,0,0,"N",2.19,0,0,0,0,0,0,"N",1,100.0,0,0,0,0,0,0,0,0,0,0,0,0
"05017","5","4594","76","0","2022","A","N","Chicot County, Arkansas","Private","NAICS 4594 Office supplies, stationery, and gift retailers","County, NAICS 4-digit -- by ownership sector","All establishment sizes",1,0,0,0,0,0,0,"N",1.03,0,0,0,0,0,0,"N",1,100.0,0,0,0,0,0,0,0,0,0,0,0,0
"05017","5","45942","77","0","2022","A","N","Chicot County, Arkansas","Private","NAICS 45942 Gift, novelty, and souvenir retailers","County, NAICS 5-digit -- by ownership sector","All establishment sizes",1,0,0,0,0,0,0,"N",1.38,0,0,0,0,0,0,"N",1,100.0,0,0,0,0,0,0,0,0,0,0,0,0
"05017","5","459420","78","0","2022","A","N","Chicot County, Arkansas","Private","NAICS 459420 Gift, novelty, and souvenir retailers","County, NAICS 6-digit -- by ownership sector","All establishment sizes",1,0,0,0,0,0,0,"N",1.38,0,0,0,0,0,0,"N",1,100.0,0,0,0,0,0,0,0,0,0,0,0,0
"05017","5","4599","76","0","2022","A","N","Chicot County, Arkansas","Private","NAICS 4599 Other miscellaneous retailers","County, NAICS 4-digit -- by ownership sector","All establishment sizes",2,0,0,0,0,0,0,"N",0.74,0,0,0,0,0,0,"N",2,100.0,0,0,0,0,0,0,0,0,0,0,0,0
"05017","5","45999","77","0","2022","A","N","Chicot County, Arkansas","Private","NAICS 45999 All other miscellaneous retailers","County, NAICS 5-digit -- by ownership sector","All establishment sizes",2,0,0,0,0,0,0,"N",0.99,0,0,0,0,0,0,"N",2,100.0,0,0,0,0,0,0,0,0,0,0,0,0
"05017","5","459991","78","0","2022","A","N","Chicot County, Arkansas","Private","NAICS 459991 Tobacco, electronic cigarette, and other smoking supplies retailers","County, NAICS 6-digit -- by ownership sector","All establishment sizes",2,0,0,0,0,0,0,"N",2.61,0,0,0,0,0,0,"N",2,100.0,0,0,0,0,0,0,0,0,0,0,0,0
"05017","5","48-49","74","0","2022","A","","Chicot County, Arkansas","Private","NAICS 48-49 Transportation and warehousing","County, NAICS Sector -- by ownership sector","All establishment sizes",12,426,14253739,4845589,19054,643,33459,"",1.05,3.52,3.41,3.63,0.93,0.97,0.97,"",1,9.1,0,0.0,-384518,-2.6,-558409,-10.3,618,3.4,-18,-2.7,-930,-2.7
"05017","5","484","75","0","2022","A","N","Chicot County, Arkansas","Private","NAICS 484 Truck transportation","County, NAICS 3-digit -- by ownership sector","All establishment sizes",6,0,0,0,0,0,0,"N",0.94,0,0,0,0,0,0,"N",1,20.0,0,0,0,0,0,0,0,0,0,0,0,0
"05017","5","4841","76","0","2022","A","N","Chicot County, Arkansas","Private","NAICS 4841 General freight trucking","County, NAICS 4-digit -- by ownership sector","All establishment sizes",4,0,0,0,0,0,0,"N",0.90,0,0,0,0,0,0,"N",1,33.3,0,0,0,0,0,0,0,0,0,0,0,0
"05017","5","48411","77","0","2022","A","N","Chicot County, Arkansas","Private","NAICS 48411 General freight trucking, local","County, NAICS 5-digit -- by ownership sector","All establishment sizes",1,0,0,0,0,0,0,"N",0.58,0,0,0,0,0,0,"N",0,0.0,0,0,0,0,0,0,0,0,0,0,0,0
"05017","5","484110","78","0","2022","A","N","Chicot County, Arkansas","Private","NAICS 484110 General freight trucking, local","County, NAICS 6-digit -- by ownership sector","All establishment sizes",1,0,0,0,0,0,0,"N",0.58,0,0,0,0,0,0,"N",0,0.0,0,0,0,0,0,0,0,0,0,0,0,0
"05017","5","48412","77","0","2022","A","N","Chicot County, Arkansas","Private","NAICS 48412 General freight trucking, long-distance","County, NAICS 5-digit -- by ownership sector","All establishment sizes",3,0,0,0,0,0,0,"N",1.12,0,0,0,0,0,0,"N",1,50.0,0,0,0,0,0,0,0,0,0,0,0,0
"05017","5","484121","78","0","2022","A","N","Chicot County, Arkansas","Private","NAICS 484121 General freight trucking, long-distance, truckload","County, NAICS 6-digit -- by ownership sector","All establishment sizes",3,0,0,0,0,0,0,"N",1.35,0,0,0,0,0,0,"N",1,50.0,0,0,0,0,0,0,0,0,0,0,0,0
"05017","5","4842","76","0","2022","A","N","Chicot County, Arkansas","Private","NAICS 4842 Specialized freight trucking","County, NAICS 4-digit -- by ownership sector","All establishment sizes",2,0,0,0,0,0,0,"N",1.00,0,0,0,0,0,0,"N",0,0.0,0,0,0,0,0,0,0,0,0,0,0,0
"05017","5","48422","77","0","2022","A","N","Chicot County, Arkansas","Private","NAICS 48422 Specialized freight (except used goods) trucking, local","County, NAICS 5-digit -- by ownership sector","All establishment sizes",2,0,0,0,0,0,0,"N",1.73,0,0,0,0,0,0,"N",0,0.0,0,0,0,0,0,0,0,0,0,0,0,0
"05017","5","484220","78","0","2022","A","N","Chicot County, Arkansas","Private","NAICS 484220 Specialized freight (except used goods) trucking, local","County, NAICS 6-digit -- by ownership sector","All establishment sizes",2,0,0,0,0,0,0,"N",1.73,0,0,0,0,0,0,"N",0,0.0,0,0,0,0,0,0,0,0,0,0,0,0
"05017","5","492","75","0","2022","A","N","Chicot County, Arkansas","Private","NAICS 492 Couriers and messengers","County, NAICS 3-digit -- by ownership sector","All establishment sizes",1,0,0,0,0,0,0,"N",1.20,0,0,0,0,0,0,"N",0,0.0,0,0,0,0,0,0,0,0,0,0,0,0
"05017","5","4921","76","0","2022","A","N","Chicot County, Arkansas","Private","NAICS 4921 Couriers and express delivery services","County, NAICS 4-digit -- by ownership sector","All establishment sizes",1,0,0,0,0,0,0,"N",1.99,0,0,0,0,0,0,"N",0,0.0,0,0,0,0,0,0,0,0,0,0,0,0
"05017","5","49211","77","0","2022","A","N","Chicot County, Arkansas","Private","NAICS 49211 Couriers and express delivery services","County, NAICS 5-digit -- by ownership sector","All establishment sizes",1,0,0,0,0,0,0,"N",1.99,0,0,0,0,0,0,"N",0,0.0,0,0,0,0,0,0,0,0,0,0,0,0
"05017","5","492110","78","0","2022","A","N","Chicot County, Arkansas","Private","NAICS 492110 Couriers and express delivery services","County, NAICS 6-digit -- by ownership sector","All establishment sizes",1,0,0,0,0,0,0,"N",1.99,0,0,0,0,0,0,"N",0,0.0,0,0,0,0,0,0,0,0,0,0,0,0
"05017","5","493","75","0","2022","A","","Chicot County, Arkansas","Private","NAICS 493 Warehousing and storage","County, NAICS 3-digit -- by ownership sector","All establishment sizes",5,370,11217462,4247510,16419,583,30324,"",6.40,10.31,11.24,11.17,2.79,1.09,1.09,"",0,0.0,0,0.0,-484961,-4.1,-540867,-11.3,1117,7.3,-26,-4.3,-1326,-4.2
"05017","5","4931","76","0","2022","A","","Chicot County, Arkansas","Private","NAICS 4931 Warehousing and storage","County, NAICS 4-digit -- by ownership sector","All establishment sizes",5,370,11217462,4247510,16419,583,30324,"",6.40,10.31,11.24,11.17,2.79,1.09,1.09,"",0,0.0,0,0.0,-484961,-4.1,-540867,-11.3,1117,7.3,-26,-4.3,-1326,-4.2
"05017","5","49311","77","0","2022","A","N","Chicot County, Arkansas","Private","NAICS 49311 General warehousing and storage","County, NAICS 5-digit -- by ownership sector","All establishment sizes",1,0,0,0,0,0,0,"N",1.69,0,0,0,0,0,0,"N",0,0.0,0,0,0,0,0,0,0,0,0,0,0,0
"05017","5","493110","78","0","2022","A","N","Chicot County, Arkansas","Private","NAICS 493110 General warehousing and storage","County, NAICS 6-digit -- by ownership sector","All establishment sizes",1,0,0,0,0,0,0,"N",1.69,0,0,0,0,0,0,"N",0,0.0,0,0,0,0,0,0,0,0,0,0,0,0
"05017","5","49313","77","0","2022","A","N","Chicot County, Arkansas","Private","NAICS 49313 Farm product warehousing and storage","County, NAICS 5-digit -- by ownership sector","All establishment sizes",4,0,0,0,0,0,0,"N",115.27,0,0,0,0,0,0,"N",0,0.0,0,0,0,0,0,0,0,0,0,0,0,0
"05017","5","493130","78","0","2022","A","N","Chicot County, Arkansas","Private","NAICS 493130 Farm product warehousing and storage","County, NAICS 6-digit -- by ownership sector","All establishment sizes",4,0,0,0,0,0,0,"N",115.27,0,0,0,0,0,0,"N",0,0.0,0,0,0,0,0,0,0,0,0,0,0,0
"05017","5","51","74","0","2022","A","N","Chicot County, Arkansas","Private","NAICS 51 Information","County, NAICS Sector -- by ownership sector","All establishment sizes",1,0,0,0,0,0,0,"N",0.10,0,0,0,0,0,0,"N",0,0.0,0,0,0,0,0,0,0,0,0,0,0,0
"05017","5","513","75","0","2022","A","N","Chicot County, Arkansas","Private","NAICS 513 Publishing industries","County, NAICS 3-digit -- by ownership sector","All establishment sizes",1,0,0,0,0,0,0,"N",0.26,0,0,0,0,0,0,"N",1,100.0,0,0,0,0,0,0,0,0,0,0,0,0
"05017","5","5131","76","0","2022","A","N","Chicot County, Arkansas","Private","NAICS 5131 Newspaper, periodical, book, and directory publishers","County, NAICS 4-digit -- by ownership sector","All establishment sizes",1,0,0,0,0,0,0,"N",0.90,0,0,0,0,0,0,"N",1,100.0,0,0,0,0,0,0,0,0,0,0,0,0
"05017","5","51311","77","0","2022","A","N","Chicot County, Arkansas","Private","NAICS 51311 Newspaper publishers","County, NAICS 5-digit -- by ownership sector","All establishment sizes",1,0,0,0,0,0,0,"N",3.69,0,0,0,0,0,0,"N",1,100.0,0,0,0,0,0,0,0,0,0,0,0,0
"05017","5","513110","78","0","2022","A","N","Chicot County, Arkansas","Private","NAICS 513110 Newspaper publishers","County, NAICS 6-digit -- by ownership sector","All establishment sizes",1,0,0,0,0,0,0,"N",3.69,0,0,0,0,0,0,"N",1,100.0,0,0,0,0,0,0,0,0,0,0,0,0
"05017","5","52","74","0","2022","A","","Chicot County, Arkansas","Private","NAICS 52 Finance and insurance","County, NAICS Sector -- by ownership sector","All establishment sizes",14,103,8071304,1320350,4239,1508,78426,"",0.68,0.87,0.90,1.00,0.24,1.03,1.03,"",0,0.0,-3,-2.8,953788,13.4,30,0.0,-1398,-24.8,211,16.3,10961,16.2
"05017","5","522","75","0","2022","A","","Chicot County, Arkansas","Private","NAICS 522 Credit intermediation and related activities","County, NAICS 3-digit -- by ownership sector","All establishment sizes",10,88,7160638,1152301,3455,1566,81448,"",1.40,1.74,2.31,2.06,0.48,1.32,1.33,"",0,0.0,-3,-3.3,874256,13.9,2647,0.2,-1669,-32.6,238,17.9,12367,17.9
"05017","5","5221","76","0","2022","A","","Chicot County, Arkansas","Private","NAICS 5221 Depository credit intermediation","County, NAICS 4-digit -- by ownership sector","All establishment sizes",7,77,5611825,1013475,3039,1396,72567,"",1.79,2.32,2.90,2.77,0.73,1.25,1.25,"",0,0.0,1,1.3,409899,7.9,1842,0.2,-1671,-35.5,74,5.6,3819,5.6
"05017","5","52211","77","0","2022","A","N","Chicot County, Arkansas","Private","NAICS 52211 Commercial banking","County, NAICS 5-digit -- by ownership sector","All establishment sizes",6,0,0,0,0,0,0,"N",2.04,0,0,0,0,0,0,"N",0,0.0,0,0,0,0,0,0,0,0,0,0,0,0
"05017","5","522110","78","0","2022","A","N","Chicot County, Arkansas","Private","NAICS 522110 Commercial banking","County, NAICS 6-digit -- by ownership sector","All establishment sizes",6,0,0,0,0,0,0,"N",2.04,0,0,0,0,0,0,"N",0,0.0,0,0,0,0,0,0,0,0,0,0,0,0
"05017","5","52218","77","0","2022","A","N","Chicot County, Arkansas","Private","NAICS 52218 Savings institutions and other depository credit intermediation","County, NAICS 5-digit -- by ownership sector","All establishment sizes",1,0,0,0,0,0,0,"N",3.52,0,0,0,0,0,0,"N",1,100.0,0,0,0,0,0,0,0,0,0,0,0,0
"05017","5","522180","78","0","2022","A","N","Chicot County, Arkansas","Private","NAICS 522180 Savings institutions and other depository credit intermediation","County, NAICS 6-digit -- by ownership sector","All establishment sizes",1,0,0,0,0,0,0,"N",3.52,0,0,0,0,0,0,"N",1,100.0,0,0,0,0,0,0,0,0,0,0,0,0
"05017","5","5222","76","0","2022","A","","Chicot County, Arkansas","Private","NAICS 5222 Nondepository credit intermediation","County, NAICS 4-digit -- by ownership sector","All establishment sizes",3,11,1548813,138826,416,2814,146345,"",1.54,0.99,2.09,1.10,0.22,2.20,2.20,"",0,0.0,-4,-26.7,464357,42.8,805,0.6,2,0.5,1454,106.9,75620,106.9
"05017","5","52229","77","0","2022","A","","Chicot County, Arkansas","Private","NAICS 52229 Other nondepository credit intermediation","County, NAICS 5-digit -- by ownership sector","All establishment sizes",3,11,1548813,138826,416,2814,146345,"",1.78,1.34,2.91,1.43,0.29,2.25,2.25,"",0,0.0,-4,-26.7,464357,42.8,805,0.6,2,0.5,1454,106.9,75620,106.9
"05017","5","522292","78","0","2022","A","N","Chicot County, Arkansas","Private","NAICS 522292 Real estate credit","County, NAICS 6-digit -- by ownership sector","All establishment sizes",1,0,0,0,0,0,0,"N",1.40,0,0,0,0,0,0,"N",0,0.0,0,0,0,0,0,0,0,0,0,0,0,0
"05017","5","522299","78","0","2022","A","N","Chicot County, Arkansas","Private","NAICS 522299 International, secondary market, and all other nondepository credit intermediation","County, NAICS 6-digit -- by ownership sector","All establishment sizes",2,0,0,0,0,0,0,"N",5.08,0,0,0,0,0,0,"N",2,100.0,0,0,0,0,0,0,0,0,0,0,0,0
"05017","5","523","75","0","2022","A","N","Chicot County, Arkansas","Private","NAICS 523 Securities, commodity contracts, and other financial investments and related activities","County, NAICS 3-digit -- by ownership sector","All establishment sizes",1,0,0,0,0,0,0,"N",0.19,0,0,0,0,0,0,"N",1,100.0,0,0,0,0,0,0,0,0,0,0,0,0
"05017","5","5239","76","0","2022","A","N","Chicot County, Arkansas","Private","NAICS 5239 Other financial investment activities","County, NAICS 4-digit -- by ownership sector","All establishment sizes",1,0,0,0,0,0,0,"N",0.28,0,0,0,0,0,0,"N",1,100.0,0,0,0,0,0,0,0,0,0,0,0,0
"05017","5","52394","77","0","2022","A","N","Chicot County, Arkansas","Private","NAICS 52394 Portfolio management and investment advice","County, NAICS 5-digit -- by ownership sector","All establishment sizes",1,0,0,0,0,0,0,"N",0.34,0,0,0,0,0,0,"N",1,100.0,0,0,0,0,0,0,0,0,0,0,0,0
"05017","5","523940","78","0","2022","A","N","Chicot County, Arkansas","Private","NAICS 523940 Portfolio management and investment advice","County, NAICS 6-digit -- by ownership sector","All establishment sizes",1,0,0,0,0,0,0,"N",0.34,0,0,0,0,0,0,"N",1,100.0,0,0,0,0,0,0,0,0,0,0,0,0
"05017","5","524","75","0","2022","A","N","Chicot County, Arkansas","Private","NAICS 524 Insurance carriers and related activities","County, NAICS 3-digit -- by ownership sector","All establishment sizes",4,0,0,0,0,0,0,"N",0.50,0,0,0,0,0,0,"N",0,0.0,0,0,0,0,0,0,0,0,0,0,0,0
"05017","5","5242","76","0","2022","A","N","Chicot County, Arkansas","Private","NAICS 5242 Agencies, brokerages, and other insurance related activities","County, NAICS 4-digit -- by ownership sector","All establishment sizes",4,0,0,0,0,0,0,"N",0.60,0,0,0,0,0,0,"N",0,0.0,0,0,0,0,0,0,0,0,0,0,0,0
"05017","5","52421","77","0","2022","A","N","Chicot County, Arkansas","Private","NAICS 52421 Insurance agencies and brokerages","County, NAICS 5-digit -- by ownership sector","All establishment sizes",4,0,0,0,0,0,0,"N",0.70,0,0,0,0,0,0,"N",0,0.0,0,0,0,0,0,0,0,0,0,0,0,0
"05017","5","524210","78","0","2022","A","N","Chicot County, Arkansas","Private","NAICS 524210 Insurance agencies and brokerages","County, NAICS 6-digit -- by ownership sector","All establishment sizes",4,0,0,0,0,0,0,"N",0.70,0,0,0,0,0,0,"N",0,0.0,0,0,0,0,0,0,0,0,0,0,0,0
"05017","5","53","74","0","2022","A","","Chicot County, Arkansas","Private","NAICS 53 Real estate and rental and leasing","County, NAICS Sector -- by ownership sector","All establishment sizes",13,32,1067231,374734,7226,652,33880,"",0.75,0.72,0.57,0.80,0.97,0.80,0.80,"",-1,-7.1,-36,-52.9,-915020,-46.2,-493953,-56.9,-2856,-28.3,91,16.2,4693,16.1
"05017","5","531","75","0","2022","A","N","Chicot County, Arkansas","Private","NAICS 531 Real estate","County, NAICS 3-digit -- by ownership sector","All establishment sizes",12,0,0,0,0,0,0,"N",0.79,0,0,0,0,0,0,"N",-1,-7.7,0,0,0,0,0,0,0,0,0,0,0,0
"05017","5","5311","76","0","2022","A","","Chicot County, Arkansas","Private","NAICS 5311 Lessors of real estate","County, NAICS 4-digit -- by ownership sector","All establishment sizes",9,15,339621,191400,1810,433,22516,"",2.05,1.29,0.74,1.65,0.96,0.57,0.57,"N",0,0.0,0,0,0,0,0,0,0,0,0,0,0,0
"05017","5","53111","77","0","2022","A","","Chicot County, Arkansas","Private","NAICS 53111 Lessors of residential buildings and dwellings","County, NAICS 5-digit -- by ownership sector","All establishment sizes",9,15,339621,191400,1810,433,22516,"",3.75,2.20,1.47,2.77,1.61,0.66,0.66,"N",0,0.0,0,0,0,0,0,0,0,0,0,0,0,0
"05017","5","531110","78","0","2022","A","","Chicot County, Arkansas","Private","NAICS 531110 Lessors of residential buildings and dwellings","County, NAICS 6-digit -- by ownership sector","All establishment sizes",9,15,339621,191400,1810,433,22516,"",3.75,2.20,1.47,2.77,1.61,0.66,0.66,"N",0,0.0,0,0,0,0,0,0,0,0,0,0,0,0
"05017","5","5313","76","0","2022","A","N","Chicot County, Arkansas","Private","NAICS 5313 Activities related to real estate","County, NAICS 4-digit -- by ownership sector","All establishment sizes",3,0,0,0,0,0,0,"N",0.60,0,0,0,0,0,0,"N",-1,-25.0,0,0,0,0,0,0,0,0,0,0,0,0
"05017","5","53131","77","0","2022","A","N","Chicot County, Arkansas","Private","NAICS 53131 Real estate property managers","County, NAICS 5-digit -- by ownership sector","All establishment sizes",2,0,0,0,0,0,0,"N",0.58,0,0,0,0,0,0,"N",-1,-33.3,0,0,0,0,0,0,0,0,0,0,0,0
"05017","5","531311","78","0","2022","A","N","Chicot County, Arkansas","Private","NAICS 531311 Residential property managers","County, NAICS 6-digit -- by ownership sector","All establishment sizes",2,0,0,0,0,0,0,"N",0.76,0,0,0,0,0,0,"N",-1,-33.3,0,0,0,0,0,0,0,0,0,0,0,0
"05017","5","53132","77","0","2022","A","N","Chicot County, Arkansas","Private","NAICS 53132 Offices of real estate appraisers","County, NAICS 5-digit -- by ownership sector","All establishment sizes",1,0,0,0,0,0,0,"N",1.93,0,0,0,0,0,0,"N",0,0.0,0,0,0,0,0,0,0,0,0,0,0,0
"05017","5","531320","78","0","2022","A","N","Chicot County, Arkansas","Private","NAICS 531320 Offices of real estate appraisers","County, NAICS 6-digit -- by ownership sector","All establishment sizes",1,0,0,0,0,0,0,"N",1.93,0,0,0,0,0,0,"N",0,0.0,0,0,0,0,0,0,0,0,0,0,0,0
"05017","5","532","75","0","2022","A","N","Chicot County, Arkansas","Private","NAICS 532 Rental and leasing services","County, NAICS 3-digit -- by ownership sector","All establishment sizes",1,0,0,0,0,0,0,"N",0.49,0,0,0,0,0,0,"N",0,0.0,0,0,0,0,0,0,0,0,0,0,0,0
"05017","5","5322","76","0","2022","A","N","Chicot County, Arkansas","Private","NAICS 5322 Consumer goods rental","County, NAICS 4-digit -- by ownership sector","All establishment sizes",1,0,0,0,0,0,0,"N",1.52,0,0,0,0,0,0,"N",0,0.0,0,0,0,0,0,0,0,0,0,0,0,0
"05017","5","53228","77","0","2022","A","N","Chicot County, Arkansas","Private","NAICS 53228 Other consumer goods rental","County, NAICS 5-digit -- by ownership sector","All establishment sizes",1,0,0,0,0,0,0,"N",1.66,0,0,0,0,0,0,"N",0,0.0,0,0,0,0,0,0,0,0,0,0,0,0
"05017","5","532283","78","0","2022","A","N","Chicot County, Arkansas","Private","NAICS 532283 Home health equipment rental","County, NAICS 6-digit -- by ownership sector","All establishment sizes",1,0,0,0,0,0,0,"N",10.07,0,0,0,0,0,0,"N",0,0.0,0,0,0,0,0,0,0,0,0,0,0,0
"05017","5","54","74","0","2022","A","","Chicot County, Arkansas","Private","NAICS 54 Professional, scientific, and technical services","County, NAICS Sector -- by ownership sector","All establishment sizes",13,34,1970136,376797,4378,1123,58374,"",0.23,0.17,0.15,0.17,0.13,0.87,0.87,"",-1,-7.1,-5,-12.8,38822,2.0,-39121,-9.4,-315,-6.7,169,17.7,8747,17.6
"05017","5","541","75","0","2022","A","","Chicot County, Arkansas","Private","NAICS 541 Professional, scientific, and technical services","County, NAICS 3-digit -- by ownership sector","All establishment sizes",13,34,1970136,376797,4378,1123,58374,"",0.23,0.17,0.15,0.17,0.13,0.87,0.87,"",-1,-7.1,-5,-12.8,38822,2.0,-39121,-9.4,-315,-6.7,169,17.7,8747,17.6
"05017","5","5411","76","0","2022","A","","Chicot County, Arkansas","Private","NAICS 5411 Legal services","County, NAICS 4-digit -- by ownership sector","All establishment sizes",5,7,168036,60043,833,485,25205,"",0.67,0.32,0.11,0.26,0.28,0.37,0.37,"",-1,-16.7,1,16.7,-13204,-7.3,-12771,-17.5,176,26.8,-65,-11.8,-3412,-11.9
"05017","5","54111","77","0","2022","A","N","Chicot County, Arkansas","Private","NAICS 54111 Offices of lawyers","County, NAICS 5-digit -- by ownership sector","All establishment sizes",4,0,0,0,0,0,0,"N",0.59,0,0,0,0,0,0,"N",-1,-20.0,0,0,0,0,0,0,0,0,0,0,0,0
"05017","5","541110","78","0","2022","A","N","Chicot County, Arkansas","Private","NAICS 541110 Offices of lawyers","County, NAICS 6-digit -- by ownership sector","All establishment sizes",4,0,0,0,0,0,0,"N",0.59,0,0,0,0,0,0,"N",-1,-20.0,0,0,0,0,0,0,0,0,0,0,0,0
"05017","5","54119","77","0","2022","A","N","Chicot County, Arkansas","Private","NAICS 54119 Other legal services","County, NAICS 5-digit -- by ownership sector","All establishment sizes",1,0,0,0,0,0,0,"N",1.46,0,0,0,0,0,0,"N",0,0.0,0,0,0,0,0,0,0,0,0,0,0,0
"05017","5","541191","78","0","2022","A","N","Chicot County, Arkansas","Private","NAICS 541191 Title abstract and settlement offices","County, NAICS 6-digit -- by ownership sector","All establishment sizes",1,0,0,0,0,0,0,"N",2.73,0,0,0,0,0,0,"N",0,0.0,0,0,0,0,0,0,0,0,0,0,0,0
"05017","5","5412","76","0","2022","A","N","Chicot County, Arkansas","Private","NAICS 5412 Accounting, tax preparation, bookkeeping, and payroll services","County, NAICS 4-digit -- by ownership sector","All establishment sizes",2,0,0,0,0,0,0,"N",0.32,0,0,0,0,0,0,"N",0,0.0,0,0,0,0,0,0,0,0,0,0,0,0
"05017","5","54121","77","0","2022","A","N","Chicot County, Arkansas","Private","NAICS 54121 Accounting, tax preparation, bookkeeping, and payroll services","County, NAICS 5-digit -- by ownership sector","All establishment sizes",2,0,0,0,0,0,0,"N",0.32,0,0,0,0,0,0,"N",0,0.0,0,0,0,0,0,0,0,0,0,0,0,0
"05017","5","541211","78","0","2022","A","N","Chicot County, Arkansas","Private","NAICS 541211 Offices of certified public accountants","County, NAICS 6-digit -- by ownership sector","All establishment sizes",1,0,0,0,0,0,0,"N",0.45,0,0,0,0,0,0,"N",0,0.0,0,0,0,0,0,0,0,0,0,0,0,0
"05017","5","541219","78","0","2022","A","N","Chicot County, Arkansas","Private","NAICS 541219 Other accounting services","County, NAICS 6-digit -- by ownership sector","All establishment sizes",1,0,0,0,0,0,0,"N",0.43,0,0,0,0,0,0,"N",0,0.0,0,0,0,0,0,0,0,0,0,0,0,0
"05017","5","5413","76","0","2022","A","N","Chicot County, Arkansas","Private","NAICS 5413 Architectural, engineering, and related services","County, NAICS 4-digit -- by ownership sector","All establishment sizes",2,0,0,0,0,0,0,"N",0.34,0,0,0,0,0,0,"N",0,0.0,0,0,0,0,0,0,0,0,0,0,0,0
"05017","5","54137","77","0","2022","A","N","Chicot County, Arkansas","Private","NAICS 54137 Surveying and mapping (except geophysical) services","County, NAICS 5-digit -- by ownership sector","All establishment sizes",2,0,0,0,0,0,0,"N",6.47,0,0,0,0,0,0,"N",0,0.0,0,0,0,0,0,0,0,0,0,0,0,0
"05017","5","541370","78","0","2022","A","N","Chicot County, Arkansas","Private","NAICS 541370 Surveying and mapping (except geophysical) services","County, NAICS 6-digit -- by ownership sector","All establishment sizes",2,0,0,0,0,0,0,"N",6.47,0,0,0,0,0,0,"N",0,0.0,0,0,0,0,0,0,0,0,0,0,0,0
"05017","5","5416","76","0","2022","A","N","Chicot County, Arkansas","Private","NAICS 5416 Management, scientific, and technical consulting services","County, NAICS 4-digit -- by ownership sector","All establishment sizes",2,0,0,0,0,0,0,"N",0.15,0,0,0,0,0,0,"N",-1,-33.3,0,0,0,0,0,0,0,0,0,0,0,0
"05017","5","54169","77","0","2022","A","N","Chicot County, Arkansas","Private","NAICS 54169 Other scientific and technical consulting services","County, NAICS 5-digit -- by ownership sector","All establishment sizes",2,0,0,0,0,0,0,"N",1.03,0,0,0,0,0,0,"N",0,0.0,0,0,0,0,0,0,0,0,0,0,0,0
"05017","5","541690","78","0","2022","A","N","Chicot County, Arkansas","Private","NAICS 541690 Other scientific and technical consulting services","County, NAICS 6-digit -- by ownership sector","All establishment sizes",2,0,0,0,0,0,0,"N",1.03,0,0,0,0,0,0,"N",0,0.0,0,0,0,0,0,0,0,0,0,0,0,0
"05017","5","5418","76","0","2022","A","N","Chicot County, Arkansas","Private","NAICS 5418 Advertising, public relations, and related services","County, NAICS 4-digit -- by ownership sector","All establishment sizes",1,0,0,0,0,0,0,"N",0.38,0,0,0,0,0,0,"N",0,0.0,0,0,0,0,0,0,0,0,0,0,0,0
"05017","5","54189","77","0","2022","A","N","Chicot County, Arkansas","Private","NAICS 54189 Other services related to advertising","County, NAICS 5-digit -- by ownership sector","All establishment sizes",1,0,0,0,0,0,0,"N",2.83,0,0,0,0,0,0,"N",0,0.0,0,0,0,0,0,0,0,0,0,0,0,0
"05017","5","541890","78","0","2022","A","N","Chicot County, Arkansas","Private","NAICS 541890 Other services related to advertising","County, NAICS 6-digit -- by ownership sector","All establishment sizes",1,0,0,0,0,0,0,"N",2.83,0,0,0,0,0,0,"N",0,0.0,0,0,0,0,0,0,0,0,0,0,0,0
"05017","5","5419","76","0","2022","A","N","Chicot County, Arkansas","Private","NAICS 5419 Other professional, scientific, and technical services","County, NAICS 4-digit -- by ownership sector","All establishment sizes",1,0,0,0,0,0,0,"N",0.22,0,0,0,0,0,0,"N",0,0.0,0,0,0,0,0,0,0,0,0,0,0,0
"05017","5","54194","77","0","2022","A","N","Chicot County, Arkansas","Private","NAICS 54194 Veterinary services","County, NAICS 5-digit -- by ownership sector","All establishment sizes",1,0,0,0,0,0,0,"N",0.80,0,0,0,0,0,0,"N",0,0.0,0,0,0,0,0,0,0,0,0,0,0,0
"05017","5","541940","78","0","2022","A","N","Chicot County, Arkansas","Private","NAICS 541940 Veterinary services","County, NAICS 6-digit -- by ownership sector","All establishment sizes",1,0,0,0,0,0,0,"N",0.80,0,0,0,0,0,0,"N",0,0.0,0,0,0,0,0,0,0,0,0,0,0,0
"05017","5","56","74","0","2022","A","N","Chicot County, Arkansas","Private","NAICS 56 Administrative and support and waste management and remediation services","County, NAICS Sector -- by ownership sector","All establishment sizes",2,0,0,0,0,0,0,"N",0.08,0,0,0,0,0,0,"N",-1,-33.3,0,0,0,0,0,0,0,0,0,0,0,0
"05017","5","561","75","0","2022","A","N","Chicot County, Arkansas","Private","NAICS 561 Administrative and support services","County, NAICS 3-digit -- by ownership sector","All establishment sizes",2,0,0,0,0,0,0,"N",0.09,0,0,0,0,0,0,"N",-1,-33.3,0,0,0,0,0,0,0,0,0,0,0,0
"05017","5","5617","76","0","2022","A","N","Chicot County, Arkansas","Private","NAICS 5617 Services to buildings and dwellings","County, NAICS 4-digit -- by ownership sector","All establishment sizes",2,0,0,0,0,0,0,"N",0.22,0,0,0,0,0,0,"N",-1,-33.3,0,0,0,0,0,0,0,0,0,0,0,0
"05017","5","56172","77","0","2022","A","N","Chicot County, Arkansas","Private","NAICS 56172 Janitorial services","County, NAICS 5-digit -- by ownership sector","All establishment sizes",1,0,0,0,0,0,0,"N",0.34,0,0,0,0,0,0,"N",-1,-50.0,0,0,0,0,0,0,0,0,0,0,0,0
"05017","5","561720","78","0","2022","A","N","Chicot County, Arkansas","Private","NAICS 561720 Janitorial services","County, NAICS 6-digit -- by ownership sector","All establishment sizes",1,0,0,0,0,0,0,"N",0.34,0,0,0,0,0,0,"N",-1,-50.0,0,0,0,0,0,0,0,0,0,0,0,0
"05017","5","56173","77","0","2022","A","N","Chicot County, Arkansas","Private","NAICS 56173 Landscaping services","County, NAICS 5-digit -- by ownership sector","All establishment sizes",1,0,0,0,0,0,0,"N",0.23,0,0,0,0,0,0,"N",0,0.0,0,0,0,0,0,0,0,0,0,0,0,0
"05017","5","561730","78","0","2022","A","N","Chicot County, Arkansas","Private","NAICS 561730 Landscaping services","County, NAICS 6-digit -- by ownership sector","All establishment sizes",1,0,0,0,0,0,0,"N",0.23,0,0,0,0,0,0,"N",0,0.0,0,0,0,0,0,0,0,0,0,0,0,0
"05017","5","61","74","0","2022","A","N","Chicot County, Arkansas","Private","NAICS 61 Educational services","County, NAICS Sector -- by ownership sector","All establishment sizes",2,0,0,0,0,0,0,"N",0.36,0,0,0,0,0,0,"N",2,100.0,0,0,0,0,0,0,0,0,0,0,0,0
"05017","5","611","75","0","2022","A","N","Chicot County, Arkansas","Private","NAICS 611 Educational services","County, NAICS 3-digit -- by ownership sector","All establishment sizes",2,0,0,0,0,0,0,"N",0.36,0,0,0,0,0,0,"N",2,100.0,0,0,0,0,0,0,0,0,0,0,0,0
"05017","5","6115","76","0","2022","A","N","Chicot County, Arkansas","Private","NAICS 6115 Technical and trade schools","County, NAICS 4-digit -- by ownership sector","All establishment sizes",2,0,0,0,0,0,0,"N",4.62,0,0,0,0,0,0,"N",2,100.0,0,0,0,0,0,0,0,0,0,0,0,0
"05017","5","61151","77","0","2022","A","N","Chicot County, Arkansas","Private","NAICS 61151 Technical and trade schools","County, NAICS 5-digit -- by ownership sector","All establishment sizes",2,0,0,0,0,0,0,"N",4.62,0,0,0,0,0,0,"N",2,100.0,0,0,0,0,0,0,0,0,0,0,0,0
"05017","5","611511","78","0","2022","A","N","Chicot County, Arkansas","Private","NAICS 611511 Cosmetology and barber schools","County, NAICS 6-digit -- by ownership sector","All establishment sizes",1,0,0,0,0,0,0,"N",14.37,0,0,0,0,0,0,"N",1,100.0,0,0,0,0,0,0,0,0,0,0,0,0
"05017","5","611519","78","0","2022","A","N","Chicot County, Arkansas","Private","NAICS 611519 Other technical and trade schools","County, NAICS 6-digit -- by ownership sector","All establishment sizes",1,0,0,0,0,0,0,"N",4.09,0,0,0,0,0,0,"N",1,100.0,0,0,0,0,0,0,0,0,0,0,0,0
"05017","5","62","74","0","2022","A","N","Chicot County, Arkansas","Private","NAICS 62 Health care and social assistance","County, NAICS Sector -- by ownership sector","All establishment sizes",168,0,0,0,0,0,0,"N",2.47,0,0,0,0,0,0,"N",-31,-15.6,0,0,0,0,0,0,0,0,0,0,0,0
"05017","5","621","75","0","2022","A","","Chicot County, Arkansas","Private","NAICS 621 Ambulatory health care services","County, NAICS 3-digit -- by ownership sector","All establishment sizes",23,186,10400413,2352035,13871,1076,55966,"",0.92,1.22,1.64,1.76,0.81,1.34,1.34,"",6,35.3,13,7.5,1724633,19.9,401434,20.6,-3278,-19.1,110,11.4,5744,11.4
"05017","5","6211","76","0","2022","A","","Chicot County, Arkansas","Private","NAICS 6211 Offices of physicians","County, NAICS 4-digit -- by ownership sector","All establishment sizes",7,128,8342673,1669030,7074,1253,65135,"",0.84,2.42,2.65,3.82,1.37,1.09,1.10,"",-1,-12.5,22,20.8,2071084,33.0,400864,31.6,-4174,-37.1,113,9.9,5829,9.8
"05017","5","62111","77","0","2022","A","","Chicot County, Arkansas","Private","NAICS 62111 Offices of physicians","County, NAICS 5-digit -- by ownership sector","All establishment sizes",7,128,8342673,1669030,7074,1253,65135,"",0.84,2.42,2.65,3.82,1.37,1.09,1.10,"",-1,-12.5,22,20.8,2071084,33.0,400864,31.6,-4174,-37.1,113,9.9,5829,9.8
"05017","5","621111","78","0","2022","A","","Chicot County, Arkansas","Private","NAICS 621111 Offices of physicians (except mental health specialists)","County, NAICS 6-digit -- by ownership sector","All establishment sizes",7,128,8342673,1669030,7074,1253,65135,"",0.89,2.48,2.70,3.94,1.42,1.09,1.09,"",-1,-12.5,22,20.8,2071084,33.0,400864,31.6,-4174,-37.1,113,9.9,5829,9.8
"05017","5","6212","76","0","2022","A","N","Chicot County, Arkansas","Private","NAICS 6212 Offices of dentists","County, NAICS 4-digit -- by ownership sector","All establishment sizes",1,0,0,0,0,0,0,"N",0.20,0,0,0,0,0,0,"N",0,0.0,0,0,0,0,0,0,0,0,0,0,0,0
"05017","5","62121","77","0","2022","A","N","Chicot County, Arkansas","Private","NAICS 62121 Offices of dentists","County, NAICS 5-digit -- by ownership sector","All establishment sizes",1,0,0,0,0,0,0,"N",0.20,0,0,0,0,0,0,"N",0,0.0,0,0,0,0,0,0,0,0,0,0,0,0
"05017","5","621210","78","0","2022","A","N","Chicot County, Arkansas","Private","NAICS 621210 Offices of dentists","County, NAICS 6-digit -- by ownership sector","All establishment sizes",1,0,0,0,0,0,0,"N",0.20,0,0,0,0,0,0,"N",0,0.0,0,0,0,0,0,0,0,0,0,0,0,0
"05017","5","6213","76","0","2022","A","N","Chicot County, Arkansas","Private","NAICS 6213 Offices of other health practitioners","County, NAICS 4-digit -- by ownership sector","All establishment sizes",3,0,0,0,0,0,0,"N",0.46,0,0,0,0,0,0,"N",0,0.0,0,0,0,0,0,0,0,0,0,0,0,0
"05017","5","62131","77","0","2022","A","N","Chicot County, Arkansas","Private","NAICS 62131 Offices of chiropractors","County, NAICS 5-digit -- by ownership sector","All establishment sizes",1,0,0,0,0,0,0,"N",0.69,0,0,0,0,0,0,"N",0,0.0,0,0,0,0,0,0,0,0,0,0,0,0
"05017","5","621310","78","0","2022","A","N","Chicot County, Arkansas","Private","NAICS 621310 Offices of chiropractors","County, NAICS 6-digit -- by ownership sector","All establishment sizes",1,0,0,0,0,0,0,"N",0.69,0,0,0,0,0,0,"N",0,0.0,0,0,0,0,0,0,0,0,0,0,0,0
"05017","5","62132","77","0","2022","A","N","Chicot County, Arkansas","Private","NAICS 62132 Offices of optometrists","County, NAICS 5-digit -- by ownership sector","All establishment sizes",1,0,0,0,0,0,0,"N",1.28,0,0,0,0,0,0,"N",0,0.0,0,0,0,0,0,0,0,0,0,0,0,0
"05017","5","621320","78","0","2022","A","N","Chicot County, Arkansas","Private","NAICS 621320 Offices of optometrists","County, NAICS 6-digit -- by ownership sector","All establishment sizes",1,0,0,0,0,0,0,"N",1.28,0,0,0,0,0,0,"N",0,0.0,0,0,0,0,0,0,0,0,0,0,0,0
"05017","5","62134","77","0","2022","A","N","Chicot County, Arkansas","Private","NAICS 62134 Offices of physical, occupational and speech therapists, and audiologists","County, NAICS 5-digit -- by ownership sector","All establishment sizes",1,0,0,0,0,0,0,"N",0.58,0,0,0,0,0,0,"N",0,0.0,0,0,0,0,0,0,0,0,0,0,0,0
"05017","5","621340","78","0","2022","A","N","Chicot County, Arkansas","Private","NAICS 621340 Offices of physical, occupational and speech therapists, and audiologists","County, NAICS 6-digit -- by ownership sector","All establishment sizes",1,0,0,0,0,0,0,"N",0.58,0,0,0,0,0,0,"N",0,0.0,0,0,0,0,0,0,0,0,0,0,0,0
"05017","5","6214","76","0","2022","A","N","Chicot County, Arkansas","Private","NAICS 6214 Outpatient care centers","County, NAICS 4-digit -- by ownership sector","All establishment sizes",2,0,0,0,0,0,0,"N",1.16,0,0,0,0,0,0,"N",0,0.0,0,0,0,0,0,0,0,0,0,0,0,0
"05017","5","62142","77","0","2022","A","N","Chicot County, Arkansas","Private","NAICS 62142 Outpatient mental health and substance abuse centers","County, NAICS 5-digit -- by ownership sector","All establishment sizes",1,0,0,0,0,0,0,"N",1.88,0,0,0,0,0,0,"N",0,0.0,0,0,0,0,0,0,0,0,0,0,0,0
"05017","5","621420","78","0","2022","A","N","Chicot County, Arkansas","Private","NAICS 621420 Outpatient mental health and substance abuse centers","County, NAICS 6-digit -- by ownership sector","All establishment sizes",1,0,0,0,0,0,0,"N",1.88,0,0,0,0,0,0,"N",0,0.0,0,0,0,0,0,0,0,0,0,0,0,0
"05017","5","62149","77","0","2022","A","N","Chicot County, Arkansas","Private","NAICS 62149 Other outpatient care centers","County, NAICS 5-digit -- by ownership sector","All establishment sizes",1,0,0,0,0,0,0,"N",0.92,0,0,0,0,0,0,"N",0,0.0,0,0,0,0,0,0,0,0,0,0,0,0
"05017","5","621492","78","0","2022","A","N","Chicot County, Arkansas","Private","NAICS 621492 Kidney dialysis centers","County, NAICS 6-digit -- by ownership sector","All establishment sizes",1,0,0,0,0,0,0,"N",3.37,0,0,0,0,0,0,"N",0,0.0,0,0,0,0,0,0,0,0,0,0,0,0
"05017","5","6215","76","0","2022","A","N","Chicot County, Arkansas","Private","NAICS 6215 Medical and diagnostic laboratories","County, NAICS 4-digit -- by ownership sector","All establishment sizes",1,0,0,0,0,0,0,"N",0.96,0,0,0,0,0,0,"N",0,0.0,0,0,0,0,0,0,0,0,0,0,0,0
"05017","5","62151","77","0","2022","A","N","Chicot County, Arkansas","Private","NAICS 62151 Medical and diagnostic laboratories","County, NAICS 5-digit -- by ownership sector","All establishment sizes",1,0,0,0,0,0,0,"N",0.96,0,0,0,0,0,0,"N",0,0.0,0,0,0,0,0,0,0,0,0,0,0,0
"05017","5","621511","78","0","2022","A","N","Chicot County, Arkansas","Private","NAICS 621511 Medical laboratories","County, NAICS 6-digit -- by ownership sector","All establishment sizes",1,0,0,0,0,0,0,"N",1.28,0,0,0,0,0,0,"N",0,0.0,0,0,0,0,0,0,0,0,0,0,0,0
"05017","5","6216","76","0","2022","A","","Chicot County, Arkansas","Private","NAICS 6216 Home health care services","County, NAICS 4-digit -- by ownership sector","All establishment sizes",8,17,381656,252704,2642,443,23014,"",4.62,0.59,0.60,1.06,0.75,1.04,1.04,"N",7,700.0,0,0,0,0,0,0,0,0,0,0,0,0
"05017","5","62161","77","0","2022","A","","Chicot County, Arkansas","Private","NAICS 62161 Home health care services","County, NAICS 5-digit -- by ownership sector","All establishment sizes",8,17,381656,252704,2642,443,23014,"",4.62,0.59,0.60,1.06,0.75,1.04,1.04,"N",7,700.0,0,0,0,0,0,0,0,0,0,0,0,0
"05017","5","621610","78","0","2022","A","","Chicot County, Arkansas","Private","NAICS 621610 Home health care services","County, NAICS 6-digit -- by ownership sector","All establishment sizes",8,17,381656,252704,2642,443,23014,"",4.62,0.59,0.60,1.06,0.75,1.04,1.04,"N",7,700.0,0,0,0,0,0,0,0,0,0,0,0,0
"05017","5","6219","76","0","2022","A","N","Chicot County, Arkansas","Private","NAICS 6219 Other ambulatory health care services","County, NAICS 4-digit -- by ownership sector","All establishment sizes",1,0,0,0,0,0,0,"N",1.48,0,0,0,0,0,0,"N",0,0.0,0,0,0,0,0,0,0,0,0,0,0,0
"05017","5","62191","77","0","2022","A","N","Chicot County, Arkansas","Private","NAICS 62191 Ambulance services","County, NAICS 5-digit -- by ownership sector","All establishment sizes",1,0,0,0,0,0,0,"N",4.76,0,0,0,0,0,0,"N",0,0.0,0,0,0,0,0,0,0,0,0,0,0,0
"05017","5","621910","78","0","2022","A","N","Chicot County, Arkansas","Private","NAICS 621910 Ambulance services","County, NAICS 6-digit -- by ownership sector","All establishment sizes",1,0,0,0,0,0,0,"N",4.76,0,0,0,0,0,0,"N",0,0.0,0,0,0,0,0,0,0,0,0,0,0,0
"05017","5","622","75","0","2022","A","N","Chicot County, Arkansas","Private","NAICS 622 Hospitals","County, NAICS 3-digit -- by ownership sector","All establishment sizes",1,0,0,0,0,0,0,"N",2.04,0,0,0,0,0,0,"N",0,0.0,0,0,0,0,0,0,0,0,0,0,0,0
"05017","5","6223","76","0","2022","A","N","Chicot County, Arkansas","Private","NAICS 6223 Specialty (except psychiatric and substance abuse) hospitals","County, NAICS 4-digit -- by ownership sector","All establishment sizes",1,0,0,0,0,0,0,"N",12.47,0,0,0,0,0,0,"N",0,0.0,0,0,0,0,0,0,0,0,0,0,0,0
"05017","5","62231","77","0","2022","A","N","Chicot County, Arkansas","Private","NAICS 62231 Specialty (except psychiatric and substance abuse) hospitals","County, NAICS 5-digit -- by ownership sector","All establishment sizes",1,0,0,0,0,0,0,"N",12.47,0,0,0,0,0,0,"N",0,0.0,0,0,0,0,0,0,0,0,0,0,0,0
"05017","5","622310","78","0","2022","A","N","Chicot County, Arkansas","Private","NAICS 622310 Specialty (except psychiatric and substance abuse) hospitals","County, NAICS 6-digit -- by ownership sector","All establishment sizes",1,0,0,0,0,0,0,"N",12.47,0,0,0,0,0,0,"N",0,0.0,0,0,0,0,0,0,0,0,0,0,0,0
"05017","5","623","75","0","2022","A","","Chicot County, Arkansas","Private","NAICS 623 Nursing and residential care facilities","County, NAICS 3-digit -- by ownership sector","All establishment sizes",6,150,5094868,1875247,22143,653,33966,"",1.87,2.66,3.70,4.20,3.93,1.39,1.39,"",1,20.0,-5,-3.2,302901,6.3,-71700,-3.7,-7084,-24.2,57,9.6,2950,9.5
"05017","5","6231","76","0","2022","A","N","Chicot County, Arkansas","Private","NAICS 6231 Nursing care facilities (skilled nursing facilities)","County, NAICS 4-digit -- by ownership sector","All establishment sizes",2,0,0,0,0,0,0,"N",2.82,0,0,0,0,0,0,"N",0,0.0,0,0,0,0,0,0,0,0,0,0,0,0
"05017","5","62311","77","0","2022","A","N","Chicot County, Arkansas","Private","NAICS 62311 Nursing care facilities (skilled nursing facilities)","County, NAICS 5-digit -- by ownership sector","All establishment sizes",2,0,0,0,0,0,0,"N",2.82,0,0,0,0,0,0,"N",0,0.0,0,0,0,0,0,0,0,0,0,0,0,0
"05017","5","623110","78","0","2022","A","N","Chicot County, Arkansas","Private","NAICS 623110 Nursing care facilities (skilled nursing facilities)","County, NAICS 6-digit -- by ownership sector","All establishment sizes",2,0,0,0,0,0,0,"N",2.82,0,0,0,0,0,0,"N",0,0.0,0,0,0,0,0,0,0,0,0,0,0,0
"05017","5","6233","76","0","2022","A","N","Chicot County, Arkansas","Private","NAICS 6233 Continuing care retirement communities and assisted living facilities for the elderly","County, NAICS 4-digit -- by ownership sector","All establishment sizes",2,0,0,0,0,0,0,"N",1.91,0,0,0,0,0,0,"N",1,100.0,0,0,0,0,0,0,0,0,0,0,0,0
"05017","5","62331","77","0","2022","A","N","Chicot County, Arkansas","Private","NAICS 62331 Continuing care retirement communities and assisted living facilities for the elderly","County, NAICS 5-digit -- by ownership sector","All establishment sizes",2,0,0,0,0,0,0,"N",1.91,0,0,0,0,0,0,"N",1,100.0,0,0,0,0,0,0,0,0,0,0,0,0
"05017","5","623311","78","0","2022","A","N","Chicot County, Arkansas","Private","NAICS 623311 Continuing care retirement communities","County, NAICS 6-digit -- by ownership sector","All establishment sizes",1,0,0,0,0,0,0,"N",3.76,0,0,0,0,0,0,"N",1,100.0,0,0,0,0,0,0,0,0,0,0,0,0
"05017","5","623312","78","0","2022","A","N","Chicot County, Arkansas","Private","NAICS 623312 Assisted living facilities for the elderly","County, NAICS 6-digit -- by ownership sector","All establishment sizes",1,0,0,0,0,0,0,"N",1.28,0,0,0,0,0,0,"N",0,0.0,0,0,0,0,0,0,0,0,0,0,0,0
"05017","5","6239","76","0","2022","A","N","Chicot County, Arkansas","Private","NAICS 6239 Other residential care facilities","County, NAICS 4-digit -- by ownership sector","All establishment sizes",2,0,0,0,0,0,0,"N",7.68,0,0,0,0,0,0,"N",0,0.0,0,0,0,0,0,0,0,0,0,0,0,0
"05017","5","62399","77","0","2022","A","N","Chicot County, Arkansas","Private","NAICS 62399 Other residential care facilities","County, NAICS 5-digit -- by ownership sector","All establishment sizes",2,0,0,0,0,0,0,"N",7.68,0,0,0,0,0,0,"N",0,0.0,0,0,0,0,0,0,0,0,0,0,0,0
"05017","5","623990","78","0","2022","A","N","Chicot County, Arkansas","Private","NAICS 623990 Other residential care facilities","County, NAICS 6-digit -- by ownership sector","All establishment sizes",2,0,0,0,0,0,0,"N",7.68,0,0,0,0,0,0,"N",0,0.0,0,0,0,0,0,0,0,0,0,0,0,0
"05017","5","624","75","0","2022","A","","Chicot County, Arkansas","Private","NAICS 624 Social assistance","County, NAICS 3-digit -- by ownership sector","All establishment sizes",138,135,3422621,917829,13671,489,25431,"",3.52,1.72,2.42,1.62,1.52,1.42,1.42,"",-38,-21.6,19,16.4,100794,3.0,-43870,-4.6,-6514,-32.3,-64,-11.6,-3309,-11.5
"05017","5","6241","76","0","2022","A","","Chicot County, Arkansas","Private","NAICS 6241 Individual and family services","County, NAICS 4-digit -- by ownership sector","All establishment sizes",132,83,2070720,694987,12039,479,24923,"",3.71,1.57,2.29,1.89,1.95,1.46,1.46,"N",-38,-22.4,0,0,0,0,0,0,0,0,0,0,0,0
"05017","5","62411","77","0","2022","A","N","Chicot County, Arkansas","Private","NAICS 62411 Child and youth services","County, NAICS 5-digit -- by ownership sector","All establishment sizes",1,0,0,0,0,0,0,"N",2.09,0,0,0,0,0,0,"N",0,0.0,0,0,0,0,0,0,0,0,0,0,0,0
"05017","5","624110","78","0","2022","A","N","Chicot County, Arkansas","Private","NAICS 624110 Child and youth services","County, NAICS 6-digit -- by ownership sector","All establishment sizes",1,0,0,0,0,0,0,"N",2.09,0,0,0,0,0,0,"N",0,0.0,0,0,0,0,0,0,0,0,0,0,0,0
"05017","5","62412","77","0","2022","A","N","Chicot County, Arkansas","Private","NAICS 62412 Services for the elderly and persons with disabilities","County, NAICS 5-digit -- by ownership sector","All establishment sizes",131,0,0,0,0,0,0,"N",3.89,0,0,0,0,0,0,"N",-38,-22.5,0,0,0,0,0,0,0,0,0,0,0,0
"05017","5","624120","78","0","2022","A","N","Chicot County, Arkansas","Private","NAICS 624120 Services for the elderly and persons with disabilities","County, NAICS 6-digit -- by ownership sector","All establishment sizes",131,0,0,0,0,0,0,"N",3.89,0,0,0,0,0,0,"N",-38,-22.5,0,0,0,0,0,0,0,0,0,0,0,0
"05017","5","6242","76","0","2022","A","N","Chicot County, Arkansas","Private","NAICS 6242 Community food and housing, and emergency and other relief services","County, NAICS 4-digit -- by ownership sector","All establishment sizes",1,0,0,0,0,0,0,"N",1.99,0,0,0,0,0,0,"N",0,0.0,0,0,0,0,0,0,0,0,0,0,0,0
"05017","5","62422","77","0","2022","A","N","Chicot County, Arkansas","Private","NAICS 62422 Community housing services","County, NAICS 5-digit -- by ownership sector","All establishment sizes",1,0,0,0,0,0,0,"N",3.69,0,0,0,0,0,0,"N",0,0.0,0,0,0,0,0,0,0,0,0,0,0,0
"05017","5","624229","78","0","2022","A","N","Chicot County, Arkansas","Private","NAICS 624229 Other community housing services","County, NAICS 6-digit -- by ownership sector","All establishment sizes",1,0,0,0,0,0,0,"N",8.23,0,0,0,0,0,0,"N",0,0.0,0,0,0,0,0,0,0,0,0,0,0,0
"05017","5","6244","76","0","2022","A","N","Chicot County, Arkansas","Private","NAICS 6244 Child care services","County, NAICS 4-digit -- by ownership sector","All establishment sizes",5,0,0,0,0,0,0,"N",1.79,0,0,0,0,0,0,"N",0,0.0,0,0,0,0,0,0,0,0,0,0,0,0
"05017","5","62441","77","0","2022","A","N","Chicot County, Arkansas","Private","NAICS 62441 Child care services","County, NAICS 5-digit -- by ownership sector","All establishment sizes",5,0,0,0,0,0,0,"N",1.79,0,0,0,0,0,0,"N",0,0.0,0,0,0,0,0,0,0,0,0,0,0,0
"05017","5","624410","78","0","2022","A","N","Chicot County, Arkansas","Private","NAICS 624410 Child care services","County, NAICS 6-digit -- by ownership sector","All establishment sizes",5,0,0,0,0,0,0,"N",1.79,0,0,0,0,0,0,"N",0,0.0,0,0,0,0,0,0,0,0,0,0,0,0
"05017","5","71","74","0","2022","A","N","Chicot County, Arkansas","Private","NAICS 71 Arts, entertainment, and recreation","County, NAICS Sector -- by ownership sector","All establishment sizes",2,0,0,0,0,0,0,"N",0.32,0,0,0,0,0,0,"N",0,0.0,0,0,0,0,0,0,0,0,0,0,0,0
"05017","5","713","75","0","2022","A","N","Chicot County, Arkansas","Private","NAICS 713 Amusement, gambling, and recreation industries","County, NAICS 3-digit -- by ownership sector","All establishment sizes",2,0,0,0,0,0,0,"N",0.59,0,0,0,0,0,0,"N",0,0.0,0,0,0,0,0,0,0,0,0,0,0,0
"05017","5","7139","76","0","2022","A","N","Chicot County, Arkansas","Private","NAICS 7139 Other amusement and recreation industries","County, NAICS 4-digit -- by ownership sector","All establishment sizes",2,0,0,0,0,0,0,"N",0.64,0,0,0,0,0,0,"N",0,0.0,0,0,0,0,0,0,0,0,0,0,0,0
"05017","5","71391","77","0","2022","A","N","Chicot County, Arkansas","Private","NAICS 71391 Golf courses and country clubs","County, NAICS 5-digit -- by ownership sector","All establishment sizes",1,0,0,0,0,0,0,"N",2.49,0,0,0,0,0,0,"N",0,0.0,0,0,0,0,0,0,0,0,0,0,0,0
"05017","5","713910","78","0","2022","A","N","Chicot County, Arkansas","Private","NAICS 713910 Golf courses and country clubs","County, NAICS 6-digit -- by ownership sector","All establishment sizes",1,0,0,0,0,0,0,"N",2.49,0,0,0,0,0,0,"N",0,0.0,0,0,0,0,0,0,0,0,0,0,0,0
"05017","5","71399","77","0","2022","A","N","Chicot County, Arkansas","Private","NAICS 71399 All other amusement and recreation industries","County, NAICS 5-digit -- by ownership sector","All establishment sizes",1,0,0,0,0,0,0,"N",1.16,0,0,0,0,0,0,"N",0,0.0,0,0,0,0,0,0,0,0,0,0,0,0
"05017","5","713990","78","0","2022","A","N","Chicot County, Arkansas","Private","NAICS 713990 All other amusement and recreation industries","County, NAICS 6-digit -- by ownership sector","All establishment sizes",1,0,0,0,0,0,0,"N",1.16,0,0,0,0,0,0,"N",0,0.0,0,0,0,0,0,0,0,0,0,0,0,0
"05017","5","72","74","0","2022","A","N","Chicot County, Arkansas","Private","NAICS 72 Accommodation and food services","County, NAICS Sector -- by ownership sector","All establishment sizes",11,0,0,0,0,0,0,"N",0.39,0,0,0,0,0,0,"N",-1,-8.3,0,0,0,0,0,0,0,0,0,0,0,0
"05017","5","721","75","0","2022","A","N","Chicot County, Arkansas","Private","NAICS 721 Accommodation","County, NAICS 3-digit -- by ownership sector","All establishment sizes",3,0,0,0,0,0,0,"N",1.07,0,0,0,0,0,0,"N",0,0.0,0,0,0,0,0,0,0,0,0,0,0,0
"05017","5","7211","76","0","2022","A","N","Chicot County, Arkansas","Private","NAICS 7211 Traveler accommodation","County, NAICS 4-digit -- by ownership sector","All establishment sizes",2,0,0,0,0,0,0,"N",0.82,0,0,0,0,0,0,"N",0,0.0,0,0,0,0,0,0,0,0,0,0,0,0
"05017","5","72111","77","0","2022","A","N","Chicot County, Arkansas","Private","NAICS 72111 Hotels (except casino hotels) and motels","County, NAICS 5-digit -- by ownership sector","All establishment sizes",2,0,0,0,0,0,0,"N",0.90,0,0,0,0,0,0,"N",0,0.0,0,0,0,0,0,0,0,0,0,0,0,0
"05017","5","721110","78","0","2022","A","N","Chicot County, Arkansas","Private","NAICS 721110 Hotels (except casino hotels) and motels","County, NAICS 6-digit -- by ownership sector","All establishment sizes",2,0,0,0,0,0,0,"N",0.90,0,0,0,0,0,0,"N",0,0.0,0,0,0,0,0,0,0,0,0,0,0,0
"05017","5","7212","76","0","2022","A","N","Chicot County, Arkansas","Private","NAICS 7212 Rv (recreational vehicle) parks and recreational camps","County, NAICS 4-digit -- by ownership sector","All establishment sizes",1,0,0,0,0,0,0,"N",3.21,0,0,0,0,0,0,"N",0,0.0,0,0,0,0,0,0,0,0,0,0,0,0
"05017","5","72121","77","0","2022","A","N","Chicot County, Arkansas","Private","NAICS 72121 Rv (recreational vehicle) parks and recreational camps","County, NAICS 5-digit -- by ownership sector","All establishment sizes",1,0,0,0,0,0,0,"N",3.21,0,0,0,0,0,0,"N",0,0.0,0,0,0,0,0,0,0,0,0,0,0,0
"05017","5","721211","78","0","2022","A","N","Chicot County, Arkansas","Private","NAICS 721211 Rv (recreational vehicle) parks and campgrounds","County, NAICS 6-digit -- by ownership sector","All establishment sizes",1,0,0,0,0,0,0,"N",5.11,0,0,0,0,0,0,"N",0,0.0,0,0,0,0,0,0,0,0,0,0,0,0
"05017","5","722","75","0","2022","A","","Chicot County, Arkansas","Private","NAICS 722 Food services and drinking places","County, NAICS 3-digit -- by ownership sector","All establishment sizes",8,94,1597340,998355,10591,326,16978,"",0.32,0.43,0.50,0.53,0.42,1.16,1.16,"",-1,-11.1,18,23.7,440438,38.1,208172,26.3,6673,170.3,33,11.3,1756,11.5
"05017","5","7225","76","0","2022","A","","Chicot County, Arkansas","Private","NAICS 7225 Restaurants and other eating places","County, NAICS 4-digit -- by ownership sector","All establishment sizes",8,94,1597340,998355,10591,326,16978,"",0.37,0.47,0.56,0.59,0.50,1.18,1.19,"",-1,-11.1,18,23.7,440438,38.1,208172,26.3,6673,170.3,33,11.3,1756,11.5
"05017","5","72251","77","0","2022","A","","Chicot County, Arkansas","Private","NAICS 72251 Restaurants and other eating places","County, NAICS 5-digit -- by ownership sector","All establishment sizes",8,94,1597340,998355,10591,326,16978,"",0.37,0.47,0.56,0.59,0.50,1.18,1.19,"",-1,-11.1,18,23.7,440438,38.1,208172,26.3,6673,170.3,33,11.3,1756,11.5
"05017","5","722511","78","0","2022","A","N","Chicot County, Arkansas","Private","NAICS 722511 Full-service restaurants","County, NAICS 6-digit -- by ownership sector","All establishment sizes",2,0,0,0,0,0,0,"N",0.21,0,0,0,0,0,0,"N",-1,-33.3,0,0,0,0,0,0,0,0,0,0,0,0
"05017","5","722513","78","0","2022","A","","Chicot County, Arkansas","Private","NAICS 722513 Limited-service restaurants","County, NAICS 6-digit -- by ownership sector","All establishment sizes",5,71,1127421,712942,2141,304,15805,"",0.53,0.84,1.08,1.06,0.29,1.28,1.28,"N",-1,-16.7,0,0,0,0,0,0,0,0,0,0,0,0
"05017","5","722515","78","0","2022","A","N","Chicot County, Arkansas","Private","NAICS 722515 Snack and nonalcoholic beverage bars","County, NAICS 6-digit -- by ownership sector","All establishment sizes",1,0,0,0,0,0,0,"N",0.36,0,0,0,0,0,0,"N",1,100.0,0,0,0,0,0,0,0,0,0,0,0,0
"05017","5","81","74","0","2022","A","","Chicot County, Arkansas","Private","NAICS 81 Other services (except public administration)","County, NAICS Sector -- by ownership sector","All establishment sizes",21,79,2820356,921626,41108,683,35513,"",0.66,0.95,1.22,1.23,3.80,1.28,1.28,"",2,10.5,5,6.8,291795,11.5,-54300,-5.6,-5043,-10.9,24,3.6,1266,3.7
"05017","5","811","75","0","2022","A","","Chicot County, Arkansas","Private","NAICS 811 Repair and maintenance","County, NAICS 3-digit -- by ownership sector","All establishment sizes",10,55,2330438,732559,39086,817,42500,"",1.13,2.10,2.82,2.60,9.87,1.34,1.34,"",2,25.0,-5,-8.3,235194,11.2,-87350,-10.7,-5292,-11.9,140,20.7,7286,20.7
"05017","5","8111","76","0","2022","A","N","Chicot County, Arkansas","Private","NAICS 8111 Automotive repair and maintenance","County, NAICS 4-digit -- by ownership sector","All establishment sizes",5,0,0,0,0,0,0,"N",0.80,0,0,0,0,0,0,"N",2,66.7,0,0,0,0,0,0,0,0,0,0,0,0
"05017","5","81111","77","0","2022","A","N","Chicot County, Arkansas","Private","NAICS 81111 Automotive mechanical and electrical repair and maintenance","County, NAICS 5-digit -- by ownership sector","All establishment sizes",4,0,0,0,0,0,0,"N",1.14,0,0,0,0,0,0,"N",1,33.3,0,0,0,0,0,0,0,0,0,0,0,0
"05017","5","811111","78","0","2022","A","N","Chicot County, Arkansas","Private","NAICS 811111 General automotive repair","County, NAICS 6-digit -- by ownership sector","All establishment sizes",4,0,0,0,0,0,0,"N",1.28,0,0,0,0,0,0,"N",1,33.3,0,0,0,0,0,0,0,0,0,0,0,0
"05017","5","81119","77","0","2022","A","N","Chicot County, Arkansas","Private","NAICS 81119 Other automotive repair and maintenance","County, NAICS 5-digit -- by ownership sector","All establishment sizes",1,0,0,0,0,0,0,"N",0.82,0,0,0,0,0,0,"N",1,100.0,0,0,0,0,0,0,0,0,0,0,0,0
"05017","5","811191","78","0","2022","A","N","Chicot County, Arkansas","Private","NAICS 811191 Automotive oil change and lubrication shops","County, NAICS 6-digit -- by ownership sector","All establishment sizes",1,0,0,0,0,0,0,"N",3.55,0,0,0,0,0,0,"N",1,100.0,0,0,0,0,0,0,0,0,0,0,0,0
"05017","5","8113","76","0","2022","A","N","Chicot County, Arkansas","Private","NAICS 8113 Commercial and industrial machinery and equipment (except automotive and electronic) repair and maintenance","County, NAICS 4-digit -- by ownership sector","All establishment sizes",5,0,0,0,0,0,0,"N",4.48,0,0,0,0,0,0,"N",0,0.0,0,0,0,0,0,0,0,0,0,0,0,0
"05017","5","81131","77","0","2022","A","N","Chicot County, Arkansas","Private","NAICS 81131 Commercial and industrial machinery and equipment (except automotive and electronic) repair and maintenance","County, NAICS 5-digit -- by ownership sector","All establishment sizes",5,0,0,0,0,0,0,"N",4.48,0,0,0,0,0,0,"N",0,0.0,0,0,0,0,0,0,0,0,0,0,0,0
"05017","5","811310","78","0","2022","A","N","Chicot County, Arkansas","Private","NAICS 811310 Commercial and industrial machinery and equipment (except automotive and electronic) repair and maintenance","County, NAICS 6-digit -- by ownership sector","All establishment sizes",5,0,0,0,0,0,0,"N",4.48,0,0,0,0,0,0,"N",0,0.0,0,0,0,0,0,0,0,0,0,0,0,0
"05017","5","812","75","0","2022","A","","Chicot County, Arkansas","Private","NAICS 812 Personal and laundry services","County, NAICS 3-digit -- by ownership sector","All establishment sizes",4,14,122425,80157,1188,171,8904,"",0.43,0.50,0.22,0.31,0.33,0.43,0.43,"N",1,33.3,0,0,0,0,0,0,0,0,0,0,0,0
"05017","5","8121","76","0","2022","A","N","Chicot County, Arkansas","Private","NAICS 8121 Personal care services","County, NAICS 4-digit -- by ownership sector","All establishment sizes",1,0,0,0,0,0,0,"N",0.19,0,0,0,0,0,0,"N",1,100.0,0,0,0,0,0,0,0,0,0,0,0,0
"05017","5","81219","77","0","2022","A","N","Chicot County, Arkansas","Private","NAICS 81219 Other personal care services","County, NAICS 5-digit -- by ownership sector","All establishment sizes",1,0,0,0,0,0,0,"N",0.90,0,0,0,0,0,0,"N",1,100.0,0,0,0,0,0,0,0,0,0,0,0,0
"05017","5","812199","78","0","2022","A","N","Chicot County, Arkansas","Private","NAICS 812199 Other personal care services","County, NAICS 6-digit -- by ownership sector","All establishment sizes",1,0,0,0,0,0,0,"N",1.00,0,0,0,0,0,0,"N",1,100.0,0,0,0,0,0,0,0,0,0,0,0,0
"05017","5","8122","76","0","2022","A","N","Chicot County, Arkansas","Private","NAICS 8122 Death care services","County, NAICS 4-digit -- by ownership sector","All establishment sizes",3,0,0,0,0,0,0,"N",4.47,0,0,0,0,0,0,"N",0,0.0,0,0,0,0,0,0,0,0,0,0,0,0
"05017","5","81221","77","0","2022","A","N","Chicot County, Arkansas","Private","NAICS 81221 Funeral homes and funeral services","County, NAICS 5-digit -- by ownership sector","All establishment sizes",2,0,0,0,0,0,0,"N",3.92,0,0,0,0,0,0,"N",0,0.0,0,0,0,0,0,0,0,0,0,0,0,0
"05017","5","812210","78","0","2022","A","N","Chicot County, Arkansas","Private","NAICS 812210 Funeral homes and funeral services","County, NAICS 6-digit -- by ownership sector","All establishment sizes",2,0,0,0,0,0,0,"N",3.92,0,0,0,0,0,0,"N",0,0.0,0,0,0,0,0,0,0,0,0,0,0,0
"05017","5","81222","77","0","2022","A","N","Chicot County, Arkansas","Private","NAICS 81222 Cemeteries and crematories","County, NAICS 5-digit -- by ownership sector","All establishment sizes",1,0,0,0,0,0,0,"N",6.18,0,0,0,0,0,0,"N",0,0.0,0,0,0,0,0,0,0,0,0,0,0,0
"05017","5","812220","78","0","2022","A","N","Chicot County, Arkansas","Private","NAICS 812220 Cemeteries and crematories","County, NAICS 6-digit -- by ownership sector","All establishment sizes",1,0,0,0,0,0,0,"N",6.18,0,0,0,0,0,0,"N",0,0.0,0,0,0,0,0,0,0,0,0,0,0,0
"05017","5","813","75","0","2022","A","","Chicot County, Arkansas","Private","NAICS 813 Religious, grantmaking, civic, professional, and similar organizations","County, NAICS 3-digit -- by ownership sector","All establishment sizes",5,4,182055,47130,368,857,44585,"",0.81,0.16,0.22,0.27,0.14,1.36,1.36,"N",0,0.0,0,0,0,0,0,0,0,0,0,0,0,0
"05017","5","8132","76","0","2022","A","N","Chicot County, Arkansas","Private","NAICS 8132 Grantmaking and giving services","County, NAICS 4-digit -- by ownership sector","All establishment sizes",1,0,0,0,0,0,0,"N",1.26,0,0,0,0,0,0,"N",0,0.0,0,0,0,0,0,0,0,0,0,0,0,0
"05017","5","81321","77","0","2022","A","N","Chicot County, Arkansas","Private","NAICS 81321 Grantmaking and giving services","County, NAICS 5-digit -- by ownership sector","All establishment sizes",1,0,0,0,0,0,0,"N",1.26,0,0,0,0,0,0,"N",0,0.0,0,0,0,0,0,0,0,0,0,0,0,0
"05017","5","813211","78","0","2022","A","N","Chicot County, Arkansas","Private","NAICS 813211 Grantmaking foundations","County, NAICS 6-digit -- by ownership sector","All establishment sizes",1,0,0,0,0,0,0,"N",2.45,0,0,0,0,0,0,"N",0,0.0,0,0,0,0,0,0,0,0,0,0,0,0
"05017","5","8133","76","0","2022","A","N","Chicot County, Arkansas","Private","NAICS 8133 Social advocacy organizations","County, NAICS 4-digit -- by ownership sector","All establishment sizes",1,0,0,0,0,0,0,"N",0.86,0,0,0,0,0,0,"N",0,0.0,0,0,0,0,0,0,0,0,0,0,0,0
"05017","5","81331","77","0","2022","A","N","Chicot County, Arkansas","Private","NAICS 81331 Social advocacy organizations","County, NAICS 5-digit -- by ownership sector","All establishment sizes",1,0,0,0,0,0,0,"N",0.86,0,0,0,0,0,0,"N",0,0.0,0,0,0,0,0,0,0,0,0,0,0,0
"05017","5","813319","78","0","2022","A","N","Chicot County, Arkansas","Private","NAICS 813319 Other social advocacy organizations","County, NAICS 6-digit -- by ownership sector","All establishment sizes",1,0,0,0,0,0,0,"N",1.62,0,0,0,0,0,0,"N",0,0.0,0,0,0,0,0,0,0,0,0,0,0,0
"05017","5","8134","76","0","2022","A","N","Chicot County, Arkansas","Private","NAICS 8134 Civic and social organizations","County, NAICS 4-digit -- by ownership sector","All establishment sizes",1,0,0,0,0,0,0,"N",1.02,0,0,0,0,0,0,"N",0,0.0,0,0,0,0,0,0,0,0,0,0,0,0
"05017","5","81341","77","0","2022","A","N","Chicot County, Arkansas","Private","NAICS 81341 Civic and social organizations","County, NAICS 5-digit -- by ownership sector","All establishment sizes",1,0,0,0,0,0,0,"N",1.02,0,0,0,0,0,0,"N",0,0.0,0,0,0,0,0,0,0,0,0,0,0,0
"05017","5","813410","78","0","2022","A","N","Chicot County, Arkansas","Private","NAICS 813410 Civic and social organizations","County, NAICS 6-digit -- by ownership sector","All establishment sizes",1,0,0,0,0,0,0,"N",1.02,0,0,0,0,0,0,"N",0,0.0,0,0,0,0,0,0,0,0,0,0,0,0
"05017","5","8139","76","0","2022","A","N","Chicot County, Arkansas","Private","NAICS 8139 Business, professional, labor, political, and similar organizations","County, NAICS 4-digit -- by ownership sector","All establishment sizes",2,0,0,0,0,0,0,"N",0.85,0,0,0,0,0,0,"N",0,0.0,0,0,0,0,0,0,0,0,0,0,0,0
"05017","5","81391","77","0","2022","A","N","Chicot County, Arkansas","Private","NAICS 81391 Business associations","County, NAICS 5-digit -- by ownership sector","All establishment sizes",2,0,0,0,0,0,0,"N",2.60,0,0,0,0,0,0,"N",0,0.0,0,0,0,0,0,0,0,0,0,0,0,0
"05017","5","813910","78","0","2022","A","N","Chicot County, Arkansas","Private","NAICS 813910 Business associations","County, NAICS 6-digit -- by ownership sector","All establishment sizes",2,0,0,0,0,0,0,"N",2.60,0,0,0,0,0,0,"N",0,0.0,0,0,0,0,0,0,0,0,0,0,0,0
"05017","5","814","75","0","2022","A","","Chicot County, Arkansas","Private","NAICS 814 Private households","County, NAICS 3-digit -- by ownership sector","All establishment sizes",3,7,185438,61780,466,528,27472,"",0.40,1.75,2.16,1.67,0.77,1.28,1.28,"",0,0.0,0,0.0,4432,2.4,565,0.9,-287,-38.1,12,2.3,656,2.4
"05017","5","8141","76","0","2022","A","","Chicot County, Arkansas","Private","NAICS 8141 Private households","County, NAICS 4-digit -- by ownership sector","All establishment sizes",3,7,185438,61780,466,528,27472,"",0.40,1.75,2.16,1.67,0.77,1.28,1.28,"",0,0.0,0,0.0,4432,2.4,565,0.9,-287,-38.1,12,2.3,656,2.4
"05017","5","81411","77","0","2022","A","","Chicot County, Arkansas","Private","NAICS 81411 Private households","County, NAICS 5-digit -- by ownership sector","All establishment sizes",3,7,185438,61780,466,528,27472,"",0.40,1.75,2.16,1.67,0.77,1.28,1.28,"",0,0.0,0,0.0,4432,2.4,565,0.9,-287,-38.1,12,2.3,656,2.4
"05017","5","814110","78","0","2022","A","","Chicot County, Arkansas","Private","NAICS 814110 Private households","County, NAICS 6-digit -- by ownership sector","All establishment sizes",3,7,185438,61780,466,528,27472,"",0.40,1.75,2.16,1.67,0.77,1.28,1.28,"",0,0.0,0,0.0,4432,2.4,565,0.9,-287,-38.1,12,2.3,656,2.4
