"area_fips","own_code","industry_code","agglvl_code","size_code","year","qtr","disclosure_code","area_title","own_title","industry_title","agglvl_title","size_title","annual_avg_estabs_count","annual_avg_emplvl","total_annual_wages","taxable_annual_wages","annual_contributions","annual_avg_wkly_wage","avg_annual_pay","lq_disclosure_code","lq_annual_avg_estabs_count","lq_annual_avg_emplvl","lq_total_annual_wages","lq_taxable_annual_wages","lq_annual_contributions","lq_annual_avg_wkly_wage","lq_avg_annual_pay","oty_disclosure_code","oty_annual_avg_estabs_count_chg","oty_annual_avg_estabs_count_pct_chg","oty_annual_avg_emplvl_chg","oty_annual_avg_emplvl_pct_chg","oty_total_annual_wages_chg","oty_total_annual_wages_pct_chg","oty_taxable_annual_wages_chg","oty_taxable_annual_wages_pct_chg","oty_annual_contributions_chg","oty_annual_contributions_pct_chg","oty_annual_avg_wkly_wage_chg","oty_annual_avg_wkly_wage_pct_chg","oty_avg_annual_pay_chg","oty_avg_annual_pay_pct_chg"
"05041","0","10","70","0","2022","A","","Desha County, Arkansas","Total Covered","10 Total, all industries","County, Total Covered","All establishment sizes",475,4333,193763043,40203341,432715,860,44718,"",1.00,1.00,1.00,1.00,1.00,1.00,1.00,"",-14,-2.9,56,1.3,14575165,8.1,2300015,6.1,-22784,-5.0,54,6.7,2826,6.7
"05041","1","10","71","0","2022","A","","Desha County, Arkansas","Federal Government","10 Total, all industries","County, Total -- by ownership sector","All establishment sizes",10,49,2490521,0,0,977,50827,"",3.98,0.59,0.51,0.00,0.00,0.86,0.86,"",0,0.0,-14,-22.2,-104701,-4.0,0,0.0,0,0.0,189,24.0,9850,24.0
"05041","1","102","72","0","2022","A","","Desha County, Arkansas","Federal Government","102 Service-providing","County, by Domain -- by ownership sector","All establishment sizes",10,49,2490521,0,0,977,50827,"",3.99,0.60,0.52,0.00,0.00,0.86,0.86,"",0,0.0,-14,-22.2,-104701,-4.0,0,0.0,0,0.0,189,24.0,9850,24.0
"05041","1","1021","73","0","2022","A","","Desha County, Arkansas","Federal Government","1021 Trade, transportation, and utilities","County, by Supersector -- by ownership sector","All establishment sizes",5,23,1158607,0,0,962,50012,"",4.01,1.19,1.35,0.00,0.00,1.13,1.13,"",0,0.0,-1,-4.2,40954,3.7,0,0.0,0,0.0,63,7.0,3281,7.0
"05041","1","1028","73","0","2022","A","","Desha County, Arkansas","Federal Government","1028 Public administration","County, by Supersector -- by ownership sector","All establishment sizes",5,26,1331914,0,0,991,51558,"",4.84,0.57,0.44,0.00,0.00,0.78,0.78,"",0,0.0,-13,-33.3,-145655,-9.9,0,0.0,0,0.0,270,37.4,14072,37.5
"05041","1","48-49","74","0","2022","A","","Desha County, Arkansas","Federal Government","NAICS 48-49 Transportation and warehousing","County, NAICS Sector -- by ownership sector","All establishment sizes",5,23,1158607,0,0,962,50012,"",4.13,1.29,1.45,0.00,0.00,1.11,1.11,"",0,0.0,-1,-4.2,40954,3.7,0,0.0,0,0.0,63,7.0,3281,7.0
"05041","1","491","75","0","2022","A","","Desha County, Arkansas","Federal Government","NAICS 491 Postal service","County, NAICS 3-digit -- by ownership sector","All establishment sizes",5,23,1158607,0,0,962,50012,"",4.15,1.32,1.51,0.00,0.00,1.14,1.14,"",0,0.0,-1,-4.2,40954,3.7,0,0.0,0,0.0,63,7.0,3281,7.0
"05041","1","4911","76","0","2022","A","","Desha County, Arkansas","Federal Government","NAICS 4911 Postal service","County, NAICS 4-digit -- by ownership sector","All establishment sizes",5,23,1158607,0,0,962,50012,"",4.15,1.32,1.51,0.00,0.00,1.14,1.14,"",0,0.0,-1,-4.2,40954,3.7,0,0.0,0,0.0,63,7.0,3281,7.0
"05041","1","49111","77","0","2022","A","","Desha County, Arkansas","Federal Government","NAICS 49111 Postal service","County, NAICS 5-digit -- by ownership sector","All establishment sizes",5,23,1158607,0,0,962,50012,"",4.15,1.32,1.51,0.00,0.00,1.14,1.14,"",0,0.0,-1,-4.2,40954,3.7,0,0.0,0,0.0,63,7.0,3281,7.0
"05041","1","491110","78","0","2022","A","","Desha County, Arkansas","Federal Government","NAICS 491110 Postal service","County, NAICS 6-digit -- by ownership sector","All establishment sizes",5,23,1158607,0,0,962,50012,"",4.15,1.32,1.51,0.00,0.00,1.14,1.14,"",0,0.0,-1,-4.2,40954,3.7,0,0.0,0,0.0,63,7.0,3281,7.0
"05041","1","92","74","0","2022","A","","Desha County, Arkansas","Federal Government","NAICS 92 Public administration","County, NAICS Sector -- by ownership sector","All establishment sizes",5,26,1331914,0,0,991,51558,"",4.84,0.57,0.44,0.00,0.00,0.78,0.78,"",0,0.0,-13,-33.3,-145655,-9.9,0,0.0,0,0.0,270,37.4,14072,37.5
"05041","1","924","75","0","2022","A","","Desha County, Arkansas","Federal Government","NAICS 924 Administration of environmental quality programs","County, NAICS 3-digit -- by ownership sector","All establishment sizes",2,9,501773,0,0,1092,56804,"",9.34,3.25,2.97,0.00,0.00,0.93,0.93,"",0,0.0,2,28.6,120535,31.6,0,0.0,0,0.0,-8,-0.7,-382,-0.7
"05041","1","9241","76","0","2022","A","","Desha County, Arkansas","Federal Government","NAICS 9241 Administration of environmental quality programs","County, NAICS 4-digit -- by ownership sector","All establishment sizes",2,9,501773,0,0,1092,56804,"",9.34,3.25,2.97,0.00,0.00,0.93,0.93,"",0,0.0,2,28.6,120535,31.6,0,0.0,0,0.0,-8,-0.7,-382,-0.7
"05041","1","92412","77","0","2022","A","","Desha County, Arkansas","Federal Government","NAICS 92412 Administration of conservation programs","County, NAICS 5-digit -- by ownership sector","All establishment sizes",2,9,501773,0,0,1092,56804,"",9.92,3.96,3.88,0.00,0.00,1.00,1.00,"",0,0.0,2,28.6,120535,31.6,0,0.0,0,0.0,-8,-0.7,-382,-0.7
"05041","1","924120","78","0","2022","A","","Desha County, Arkansas","Federal Government","NAICS 924120 Administration of conservation programs","County, NAICS 6-digit -- by ownership sector","All establishment sizes",2,9,501773,0,0,1092,56804,"",9.92,3.96,3.88,0.00,0.00,1.00,1.00,"",0,0.0,2,28.6,120535,31.6,0,0.0,0,0.0,-8,-0.7,-382,-0.7
"05041","1","926","75","0","2022","A","","Desha County, Arkansas","Federal Government","NAICS 926 Administration of economic programs","County, NAICS 3-digit -- by ownership sector","All establishment sizes",3,17,830141,0,0,939,48832,"",7.56,2.45,1.77,0.00,0.00,0.72,0.72,"",0,0.0,-16,-48.5,-266190,-24.3,0,0.0,0,0.0,295,45.8,15356,45.9
"05041","1","9261","76","0","2022","A","","Desha County, Arkansas","Federal Government","NAICS 9261 Administration of economic programs","County, NAICS 4-digit -- by ownership sector","All establishment sizes",3,17,830141,0,0,939,48832,"",7.56,2.45,1.77,0.00,0.00,0.72,0.72,"",0,0.0,-16,-48.5,-266190,-24.3,0,0.0,0,0.0,295,45.8,15356,45.9
"05041","1","92611","77","0","2022","A","","Desha County, Arkansas","Federal Government","NAICS 92611 Administration of general economic programs","County, NAICS 5-digit -- by ownership sector","All establishment sizes",2,0,0,0,0,0,0,"",11.36,0.00,0.00,0.00,0.00,0.00,0.00,"",0,0.0,0,0.0,-2492,-100.0,0,0.0,0,0.0,-575,-100.0,-29904,-100.0
"05041","1","926110","78","0","2022","A","","Desha County, Arkansas","Federal Government","NAICS 926110 Administration of general economic programs","County, NAICS 6-digit -- by ownership sector","All establishment sizes",2,0,0,0,0,0,0,"",11.36,0.00,0.00,0.00,0.00,0.00,0.00,"",0,0.0,0,0.0,-2492,-100.0,0,0.0,0,0.0,-575,-100.0,-29904,-100.0
"05041","1","92614","77","0","2022","A","","Desha County, Arkansas","Federal Government","NAICS 92614 Regulation of agricultural marketing and commodities","County, NAICS 5-digit -- by ownership sector","All establishment sizes",1,17,830141,0,0,939,48832,"",7.75,13.37,11.50,0.00,0.00,0.86,0.86,"",0,0.0,-16,-48.5,-263698,-24.1,0,0.0,0,0.0,295,45.8,15347,45.8
"05041","1","926140","78","0","2022","A","","Desha County, Arkansas","Federal Government","NAICS 926140 Regulation of agricultural marketing and commodities","County, NAICS 6-digit -- by ownership sector","All establishment sizes",1,17,830141,0,0,939,48832,"",7.75,13.37,11.50,0.00,0.00,0.86,0.86,"",0,0.0,-16,-48.5,-263698,-24.1,0,0.0,0,0.0,295,45.8,15347,45.8
"05041","2","10","71","0","2022","A","","Desha County, Arkansas","State Government","10 Total, all industries","County, Total -- by ownership sector","All establishment sizes",10,114,4326468,25080,777,730,37951,"",3.41,0.87,0.71,0.12,3.63,0.82,0.82,"",1,11.1,3,2.7,474301,12.3,25080,100.0,777,100.0,64,9.6,3299,9.5
"05041","2","102","72","0","2022","A","","Desha County, Arkansas","State Government","102 Service-providing","County, by Domain -- by ownership sector","All establishment sizes",10,114,4326468,25080,777,730,37951,"",3.50,0.88,0.72,0.12,3.76,0.81,0.81,"",1,11.1,3,2.7,474301,12.3,25080,100.0,777,100.0,64,9.6,3299,9.5
"05041","2","1025","73","0","2022","A","","Desha County, Arkansas","State Government","1025 Education and health services","County, by Supersector -- by ownership sector","All establishment sizes",3,87,3320110,0,0,732,38053,"",4.86,1.17,0.95,0.00,0.00,0.81,0.81,"",0,0.0,2,2.4,352621,11.9,0,0.0,0,0.0,62,9.3,3210,9.2
"05041","2","1026","73","0","2022","A","","Desha County, Arkansas","State Government","1026 Leisure and hospitality","County, by Supersector -- by ownership sector","All establishment sizes",1,9,277059,0,0,592,30784,"",26.08,17.14,19.38,0.00,0.00,1.13,1.13,"N",0,0.0,0,0,0,0,0,0,0,0,0,0,0,0
"05041","2","1028","73","0","2022","A","","Desha County, Arkansas","State Government","1028 Public administration","County, by Supersector -- by ownership sector","All establishment sizes",6,18,729299,25080,777,790,41087,"",2.88,0.35,0.31,0.23,6.72,0.88,0.88,"N",1,20.0,0,0,0,0,0,0,0,0,0,0,0,0
"05041","2","61","74","0","2022","A","","Desha County, Arkansas","State Government","NAICS 61 Educational services","County, NAICS Sector -- by ownership sector","All establishment sizes",1,60,2322287,0,0,741,38544,"",2.97,1.07,0.89,0.00,0.00,0.83,0.83,"N",0,0.0,0,0,0,0,0,0,0,0,0,0,0,0
"05041","2","611","75","0","2022","A","","Desha County, Arkansas","State Government","NAICS 611 Educational services","County, NAICS 3-digit -- by ownership sector","All establishment sizes",1,60,2322287,0,0,741,38544,"",2.97,1.07,0.89,0.00,0.00,0.83,0.83,"N",0,0.0,0,0,0,0,0,0,0,0,0,0,0,0
"05041","2","6115","76","0","2022","A","","Desha County, Arkansas","State Government","NAICS 6115 Technical and trade schools","County, NAICS 4-digit -- by ownership sector","All establishment sizes",1,60,2322287,0,0,741,38544,"",88.51,191.24,284.26,0.00,0.00,1.48,1.48,"N",0,0.0,0,0,0,0,0,0,0,0,0,0,0,0
"05041","2","61151","77","0","2022","A","","Desha County, Arkansas","State Government","NAICS 61151 Technical and trade schools","County, NAICS 5-digit -- by ownership sector","All establishment sizes",1,60,2322287,0,0,741,38544,"",88.51,191.24,284.26,0.00,0.00,1.48,1.48,"N",0,0.0,0,0,0,0,0,0,0,0,0,0,0,0
"05041","2","611519","78","0","2022","A","","Desha County, Arkansas","State Government","NAICS 611519 Other technical and trade schools","County, NAICS 6-digit -- by ownership sector","All establishment sizes",1,60,2322287,0,0,741,38544,"",90.15,198.97,296.63,0.00,0.00,1.48,1.48,"N",0,0.0,0,0,0,0,0,0,0,0,0,0,0,0
"05041","2","62","74","0","2022","A","","Desha County, Arkansas","State Government","NAICS 62 Health care and social assistance","County, NAICS Sector -- by ownership sector","All establishment sizes",2,27,997823,0,0,711,36956,"",7.12,1.46,1.12,0.00,0.00,0.76,0.76,"N",0,0.0,0,0,0,0,0,0,0,0,0,0,0,0
"05041","2","624","75","0","2022","A","","Desha County, Arkansas","State Government","NAICS 624 Social assistance","County, NAICS 3-digit -- by ownership sector","All establishment sizes",2,27,997823,0,0,711,36956,"",18.20,9.65,9.57,0.00,0.00,0.99,0.99,"N",0,0.0,0,0,0,0,0,0,0,0,0,0,0,0
"05041","2","6241","76","0","2022","A","","Desha County, Arkansas","State Government","NAICS 6241 Individual and family services","County, NAICS 4-digit -- by ownership sector","All establishment sizes",2,27,997823,0,0,711,36956,"",24.48,11.13,10.96,0.00,0.00,0.99,0.98,"N",0,0.0,0,0,0,0,0,0,0,0,0,0,0,0
"05041","2","62419","77","0","2022","A","","Desha County, Arkansas","State Government","NAICS 62419 Other individual and family services","County, NAICS 5-digit -- by ownership sector","All establishment sizes",2,27,997823,0,0,711,36956,"",45.12,17.85,18.31,0.00,0.00,1.03,1.03,"N",0,0.0,0,0,0,0,0,0,0,0,0,0,0,0
"05041","2","624190","78","0","2022","A","","Desha County, Arkansas","State Government","NAICS 624190 Other individual and family services","County, NAICS 6-digit -- by ownership sector","All establishment sizes",2,27,997823,0,0,711,36956,"",45.12,17.85,18.31,0.00,0.00,1.03,1.03,"N",0,0.0,0,0,0,0,0,0,0,0,0,0,0,0
"05041","2","71","74","0","2022","A","","Desha County, Arkansas","State Government","NAICS 71 Arts, entertainment, and recreation","County, NAICS Sector -- by ownership sector","All establishment sizes",1,9,277059,0,0,592,30784,"N",26.48,0,0,0,0,0,0,"N",0,0.0,0,0,0,0,0,0,0,0,0,0,0,0
"05041","2","712","75","0","2022","A","","Desha County, Arkansas","State Government","NAICS 712 Museums, historical sites, and similar institutions","County, NAICS 3-digit -- by ownership sector","All establishment sizes",1,9,277059,0,0,592,30784,"",28.60,23.20,26.69,0.00,0.00,1.15,1.15,"N",0,0.0,0,0,0,0,0,0,0,0,0,0,0,0
"05041","2","7121","76","0","2022","A","","Desha County, Arkansas","State Government","NAICS 7121 Museums, historical sites, and similar institutions","County, NAICS 4-digit -- by ownership sector","All establishment sizes",1,9,277059,0,0,592,30784,"",28.60,23.20,26.69,0.00,0.00,1.15,1.15,"N",0,0.0,0,0,0,0,0,0,0,0,0,0,0,0
"05041","2","71219","77","0","2022","A","","Desha County, Arkansas","State Government","NAICS 71219 Nature parks and other similar institutions","County, NAICS 5-digit -- by ownership sector","All establishment sizes",1,9,277059,0,0,592,30784,"",38.19,33.41,39.70,0.00,0.00,1.19,1.19,"N",0,0.0,0,0,0,0,0,0,0,0,0,0,0,0
"05041","2","712190","78","0","2022","A","","Desha County, Arkansas","State Government","NAICS 712190 Nature parks and other similar institutions","County, NAICS 6-digit -- by ownership sector","All establishment sizes",1,9,277059,0,0,592,30784,"",38.19,33.41,39.70,0.00,0.00,1.19,1.19,"N",0,0.0,0,0,0,0,0,0,0,0,0,0,0,0
"05041","2","92","74","0","2022","A","","Desha County, Arkansas","State Government","NAICS 92 Public administration","County, NAICS Sector -- by ownership sector","All establishment sizes",6,18,729299,25080,777,790,41087,"",2.88,0.35,0.31,0.23,6.72,0.88,0.88,"N",1,20.0,0,0,0,0,0,0,0,0,0,0,0,0
"05041","2","921","75","0","2022","A","","Desha County, Arkansas","State Government","NAICS 921 Executive, legislative, and other general government support","County, NAICS 3-digit -- by ownership sector","All establishment sizes",2,3,100631,0,0,645,33544,"",7.82,0.46,0.30,0.00,0.00,0.66,0.66,"N",0,0.0,0,0,0,0,0,0,0,0,0,0,0,0
"05041","2","9211","76","0","2022","A","","Desha County, Arkansas","State Government","NAICS 9211 Executive, legislative, and other general government support","County, NAICS 4-digit -- by ownership sector","All establishment sizes",2,3,100631,0,0,645,33544,"",7.82,0.46,0.30,0.00,0.00,0.66,0.66,"N",0,0.0,0,0,0,0,0,0,0,0,0,0,0,0
"05041","2","92113","77","0","2022","A","","Desha County, Arkansas","State Government","NAICS 92113 Public finance activities","County, NAICS 5-digit -- by ownership sector","All establishment sizes",2,3,100631,0,0,645,33544,"",19.78,1.06,0.70,0.00,0.00,0.66,0.66,"N",0,0.0,0,0,0,0,0,0,0,0,0,0,0,0
"05041","2","921130","78","0","2022","A","","Desha County, Arkansas","State Government","NAICS 921130 Public finance activities","County, NAICS 6-digit -- by ownership sector","All establishment sizes",2,3,100631,0,0,645,33544,"",19.78,1.06,0.70,0.00,0.00,0.66,0.66,"N",0,0.0,0,0,0,0,0,0,0,0,0,0,0,0
"05041","2","922","75","0","2022","A","","Desha County, Arkansas","State Government","NAICS 922 Justice, public order, and safety activities","County, NAICS 3-digit -- by ownership sector","All establishment sizes",2,3,159600,25080,777,1228,63840,"",3.40,0.16,0.17,0.52,18.92,1.33,1.33,"N",1,100.0,0,0,0,0,0,0,0,0,0,0,0,0
"05041","2","9221","76","0","2022","A","","Desha County, Arkansas","State Government","NAICS 9221 Justice, public order, and safety activities","County, NAICS 4-digit -- by ownership sector","All establishment sizes",2,3,159600,25080,777,1228,63840,"",3.40,0.16,0.17,0.52,18.92,1.33,1.33,"N",1,100.0,0,0,0,0,0,0,0,0,0,0,0,0
"05041","2","92213","77","0","2022","A","","Desha County, Arkansas","State Government","NAICS 92213 Legal counsel and prosecution","County, NAICS 5-digit -- by ownership sector","All establishment sizes",1,2,134520,0,0,1293,67260,"",12.37,1.19,1.61,0.00,0.00,1.36,1.36,"N",0,0.0,0,0,0,0,0,0,0,0,0,0,0,0
"05041","2","922130","78","0","2022","A","","Desha County, Arkansas","State Government","NAICS 922130 Legal counsel and prosecution","County, NAICS 6-digit -- by ownership sector","All establishment sizes",1,2,134520,0,0,1293,67260,"",12.37,1.19,1.61,0.00,0.00,1.36,1.36,"N",0,0.0,0,0,0,0,0,0,0,0,0,0,0,0
"05041","2","92215","77","0","2022","A","","Desha County, Arkansas","State Government","NAICS 92215 Parole offices and probation offices","County, NAICS 5-digit -- by ownership sector","All establishment sizes",1,1,25080,25080,777,965,50160,"",25.45,1.76,1.06,34.21,602.73,1.20,1.20,"N",1,100.0,0,0,0,0,0,0,0,0,0,0,0,0
"05041","2","922150","78","0","2022","A","","Desha County, Arkansas","State Government","NAICS 922150 Parole offices and probation offices","County, NAICS 6-digit -- by ownership sector","All establishment sizes",1,1,25080,25080,777,965,50160,"",25.45,1.76,1.06,34.21,602.73,1.20,1.20,"N",1,100.0,0,0,0,0,0,0,0,0,0,0,0,0
"05041","2","923","75","0","2022","A","","Desha County, Arkansas","State Government","NAICS 923 Administration of human resource programs","County, NAICS 3-digit -- by ownership sector","All establishment sizes",1,7,230793,0,0,634,32970,"",2.22,0.60,0.46,0.00,0.00,0.76,0.76,"N",0,0.0,0,0,0,0,0,0,0,0,0,0,0,0
"05041","2","9231","76","0","2022","A","","Desha County, Arkansas","State Government","NAICS 9231 Administration of human resource programs","County, NAICS 4-digit -- by ownership sector","All establishment sizes",1,7,230793,0,0,634,32970,"",2.22,0.60,0.46,0.00,0.00,0.76,0.76,"N",0,0.0,0,0,0,0,0,0,0,0,0,0,0,0
"05041","2","92312","77","0","2022","A","","Desha County, Arkansas","State Government","NAICS 92312 Administration of public health programs","County, NAICS 5-digit -- by ownership sector","All establishment sizes",1,7,230793,0,0,634,32970,"",6.71,1.78,1.34,0.00,0.00,0.75,0.75,"N",0,0.0,0,0,0,0,0,0,0,0,0,0,0,0
"05041","2","923120","78","0","2022","A","","Desha County, Arkansas","State Government","NAICS 923120 Administration of public health programs","County, NAICS 6-digit -- by ownership sector","All establishment sizes",1,7,230793,0,0,634,32970,"",6.71,1.78,1.34,0.00,0.00,0.75,0.75,"N",0,0.0,0,0,0,0,0,0,0,0,0,0,0,0
"05041","2","926","75","0","2022","A","","Desha County, Arkansas","State Government","NAICS 926 Administration of economic programs","County, NAICS 3-digit -- by ownership sector","All establishment sizes",1,5,238275,0,0,873,45386,"",2.23,0.59,0.61,0.00,0.00,0.99,0.99,"N",0,0.0,0,0,0,0,0,0,0,0,0,0,0,0
"05041","2","9261","76","0","2022","A","","Desha County, Arkansas","State Government","NAICS 9261 Administration of economic programs","County, NAICS 4-digit -- by ownership sector","All establishment sizes",1,5,238275,0,0,873,45386,"",2.23,0.59,0.61,0.00,0.00,0.99,0.99,"N",0,0.0,0,0,0,0,0,0,0,0,0,0,0,0
"05041","2","92614","77","0","2022","A","","Desha County, Arkansas","State Government","NAICS 92614 Regulation of agricultural marketing and commodities","County, NAICS 5-digit -- by ownership sector","All establishment sizes",1,5,238275,0,0,873,45386,"",7.90,5.32,7.08,0.00,0.00,1.27,1.27,"N",0,0.0,0,0,0,0,0,0,0,0,0,0,0,0
"05041","2","926140","78","0","2022","A","","Desha County, Arkansas","State Government","NAICS 926140 Regulation of agricultural marketing and commodities","County, NAICS 6-digit -- by ownership sector","All establishment sizes",1,5,238275,0,0,873,45386,"",7.90,5.32,7.08,0.00,0.00,1.27,1.27,"N",0,0.0,0,0,0,0,0,0,0,0,0,0,0,0
"05041","3","10","71","0","2022","A","","Desha County, Arkansas","Local Government","10 Total, all industries","County, Total -- by ownership sector","All establishment sizes",20,702,29748937,2279197,7549,815,42393,"",2.83,1.75,1.90,4.19,3.50,1.09,1.09,"",-1,-4.8,-27,-3.7,785482,2.7,-149660,-6.2,64,0.9,51,6.7,2640,6.6
"05041","3","101","72","0","2022","A","","Desha County, Arkansas","Local Government","101 Goods-producing","County, by Domain -- by ownership sector","All establishment sizes",1,5,384940,106068,317,1481,76988,"",5.52,1.62,3.25,18.95,9.34,2.00,2.00,"N",0,0.0,0,0,0,0,0,0,0,0,0,0,0,0
"05041","3","1012","73","0","2022","A","","Desha County, Arkansas","Local Government","1012 Construction","County, by Supersector -- by ownership sector","All establishment sizes",1,5,384940,106068,317,1481,76988,"",5.67,1.67,3.33,21.89,12.30,2.00,2.00,"N",0,0.0,0,0,0,0,0,0,0,0,0,0,0,0
"05041","3","102","72","0","2022","A","","Desha County, Arkansas","Local Government","102 Service-providing","County, by Domain -- by ownership sector","All establishment sizes",19,697,29363997,2173129,7232,810,42144,"",2.76,1.75,1.89,4.04,3.41,1.08,1.08,"N",-1,-5.0,0,0,0,0,0,0,0,0,0,0,0,0
"05041","3","1021","73","0","2022","A","","Desha County, Arkansas","Local Government","1021 Trade, transportation, and utilities","County, by Supersector -- by ownership sector","All establishment sizes",3,14,333277,143716,465,445,23117,"",6.04,0.90,0.43,5.19,3.81,0.47,0.47,"N",0,0.0,0,0,0,0,0,0,0,0,0,0,0,0
"05041","3","1024","73","0","2022","A","","Desha County, Arkansas","Local Government","1024 Professional and business services","County, by Supersector -- by ownership sector","All establishment sizes",1,6,357149,98411,295,1145,59525,"",5.26,2.26,3.44,15.15,5.24,1.53,1.53,"N",0,0.0,0,0,0,0,0,0,0,0,0,0,0,0
"05041","3","1025","73","0","2022","A","","Desha County, Arkansas","Local Government","1025 Education and health services","County, by Supersector -- by ownership sector","All establishment sizes",4,496,22964482,0,0,891,46338,"",1.32,2.01,2.51,0.00,0.00,1.25,1.25,"",0,0.0,-18,-3.5,653451,2.9,0,0.0,0,0.0,57,6.8,2959,6.8
"05041","3","1028","73","0","2022","A","","Desha County, Arkansas","Local Government","1028 Public administration","County, by Supersector -- by ownership sector","All establishment sizes",11,181,5709089,1931002,6472,607,31586,"",4.21,1.54,1.12,8.34,6.79,0.73,0.73,"",-1,-8.3,-7,-3.7,171397,3.1,-126309,-6.1,301,4.9,40,7.1,2091,7.1
"05041","3","22","74","0","2022","A","","Desha County, Arkansas","Local Government","NAICS 22 Utilities","County, NAICS Sector -- by ownership sector","All establishment sizes",3,14,333277,143716,465,445,23117,"",8.69,1.97,0.88,8.70,7.62,0.43,0.43,"N",0,0.0,0,0,0,0,0,0,0,0,0,0,0,0
"05041","3","221","75","0","2022","A","","Desha County, Arkansas","Local Government","NAICS 221 Utilities","County, NAICS 3-digit -- by ownership sector","All establishment sizes",3,14,333277,143716,465,445,23117,"",8.69,1.97,0.88,8.70,7.62,0.43,0.43,"N",0,0.0,0,0,0,0,0,0,0,0,0,0,0,0
"05041","3","2213","76","0","2022","A","","Desha County, Arkansas","Local Government","NAICS 2213 Water, sewage and other systems","County, NAICS 4-digit -- by ownership sector","All establishment sizes",3,14,333277,143716,465,445,23117,"",10.06,2.99,1.51,11.53,10.11,0.49,0.49,"N",0,0.0,0,0,0,0,0,0,0,0,0,0,0,0
"05041","3","22131","77","0","2022","A","","Desha County, Arkansas","Local Government","NAICS 22131 Water supply and irrigation systems","County, NAICS 5-digit -- by ownership sector","All establishment sizes",3,14,333277,143716,465,445,23117,"",14.84,4.38,2.24,16.02,14.42,0.50,0.50,"N",0,0.0,0,0,0,0,0,0,0,0,0,0,0,0
"05041","3","221310","78","0","2022","A","","Desha County, Arkansas","Local Government","NAICS 221310 Water supply and irrigation systems","County, NAICS 6-digit -- by ownership sector","All establishment sizes",3,14,333277,143716,465,445,23117,"",14.84,4.38,2.24,16.02,14.42,0.50,0.50,"N",0,0.0,0,0,0,0,0,0,0,0,0,0,0,0
"05041","3","23","74","0","2022","A","","Desha County, Arkansas","Local Government","NAICS 23 Construction","County, NAICS Sector -- by ownership sector","All establishment sizes",1,5,384940,106068,317,1481,76988,"",5.67,1.67,3.33,21.89,12.30,2.00,2.00,"N",0,0.0,0,0,0,0,0,0,0,0,0,0,0,0
"05041","3","237","75","0","2022","A","","Desha County, Arkansas","Local Government","NAICS 237 Heavy and civil engineering construction","County, NAICS 3-digit -- by ownership sector","All establishment sizes",1,5,384940,106068,317,1481,76988,"",5.93,1.73,3.48,23.38,13.32,2.01,2.01,"N",0,0.0,0,0,0,0,0,0,0,0,0,0,0,0
"05041","3","2373","76","0","2022","A","","Desha County, Arkansas","Local Government","NAICS 2373 Highway, street, and bridge construction","County, NAICS 4-digit -- by ownership sector","All establishment sizes",1,5,384940,106068,317,1481,76988,"",6.16,1.79,3.61,25.19,16.28,2.02,2.02,"N",0,0.0,0,0,0,0,0,0,0,0,0,0,0,0
"05041","3","23731","77","0","2022","A","","Desha County, Arkansas","Local Government","NAICS 23731 Highway, street, and bridge construction","County, NAICS 5-digit -- by ownership sector","All establishment sizes",1,5,384940,106068,317,1481,76988,"",6.16,1.79,3.61,25.19,16.28,2.02,2.02,"N",0,0.0,0,0,0,0,0,0,0,0,0,0,0,0
"05041","3","237310","78","0","2022","A","","Desha County, Arkansas","Local Government","NAICS 237310 Highway, street, and bridge construction","County, NAICS 6-digit -- by ownership sector","All establishment sizes",1,5,384940,106068,317,1481,76988,"",6.16,1.79,3.61,25.19,16.28,2.02,2.02,"N",0,0.0,0,0,0,0,0,0,0,0,0,0,0,0
"05041","3","56","74","0","2022","A","","Desha County, Arkansas","Local Government","NAICS 56 Administrative and support and waste management and remediation services","County, NAICS Sector -- by ownership sector","All establishment sizes",1,6,357149,98411,295,1145,59525,"",7.02,2.90,4.82,20.37,6.32,1.66,1.66,"N",0,0.0,0,0,0,0,0,0,0,0,0,0,0,0
"05041","3","562","75","0","2022","A","","Desha County, Arkansas","Local Government","NAICS 562 Waste management and remediation services","County, NAICS 3-digit -- by ownership sector","All establishment sizes",1,6,357149,98411,295,1145,59525,"",21.20,8.51,14.21,88.24,68.13,1.67,1.67,"N",0,0.0,0,0,0,0,0,0,0,0,0,0,0,0
"05041","3","5622","76","0","2022","A","","Desha County, Arkansas","Local Government","NAICS 5622 Waste treatment and disposal","County, NAICS 4-digit -- by ownership sector","All establishment sizes",1,6,357149,98411,295,1145,59525,"",31.99,11.45,18.67,116.92,109.94,1.63,1.63,"N",0,0.0,0,0,0,0,0,0,0,0,0,0,0,0
"05041","3","56221","77","0","2022","A","","Desha County, Arkansas","Local Government","NAICS 56221 Waste treatment and disposal","County, NAICS 5-digit -- by ownership sector","All establishment sizes",1,6,357149,98411,295,1145,59525,"",31.99,11.45,18.67,116.92,109.94,1.63,1.63,"N",0,0.0,0,0,0,0,0,0,0,0,0,0,0,0
"05041","3","562212","78","0","2022","A","","Desha County, Arkansas","Local Government","NAICS 562212 Solid waste landfill","County, NAICS 6-digit -- by ownership sector","All establishment sizes",1,6,357149,98411,295,1145,59525,"",43.07,16.06,28.63,136.18,134.67,1.78,1.78,"N",0,0.0,0,0,0,0,0,0,0,0,0,0,0,0
"05041","3","61","74","0","2022","A","","Desha County, Arkansas","Local Government","NAICS 61 Educational services","County, NAICS Sector -- by ownership sector","All establishment sizes",2,373,15807721,0,0,814,42342,"",0.73,1.70,1.99,0.00,0.00,1.17,1.17,"N",0,0.0,0,0,0,0,0,0,0,0,0,0,0,0
"05041","3","611","75","0","2022","A","","Desha County, Arkansas","Local Government","NAICS 611 Educational services","County, NAICS 3-digit -- by ownership sector","All establishment sizes",2,373,15807721,0,0,814,42342,"",0.73,1.70,1.99,0.00,0.00,1.17,1.17,"N",0,0.0,0,0,0,0,0,0,0,0,0,0,0,0
"05041","3","6111","76","0","2022","A","","Desha County, Arkansas","Local Government","NAICS 6111 Elementary and secondary schools","County, NAICS 4-digit -- by ownership sector","All establishment sizes",2,373,15807721,0,0,814,42342,"",0.76,1.81,2.12,0.00,0.00,1.17,1.17,"N",0,0.0,0,0,0,0,0,0,0,0,0,0,0,0
"05041","3","61111","77","0","2022","A","","Desha County, Arkansas","Local Government","NAICS 61111 Elementary and secondary schools","County, NAICS 5-digit -- by ownership sector","All establishment sizes",2,373,15807721,0,0,814,42342,"",0.76,1.81,2.12,0.00,0.00,1.17,1.17,"N",0,0.0,0,0,0,0,0,0,0,0,0,0,0,0
"05041","3","611110","78","0","2022","A","","Desha County, Arkansas","Local Government","NAICS 611110 Elementary and secondary schools","County, NAICS 6-digit -- by ownership sector","All establishment sizes",2,373,15807721,0,0,814,42342,"",0.76,1.81,2.12,0.00,0.00,1.17,1.17,"N",0,0.0,0,0,0,0,0,0,0,0,0,0,0,0
"05041","3","62","74","0","2022","A","","Desha County, Arkansas","Local Government","NAICS 62 Health care and social assistance","County, NAICS Sector -- by ownership sector","All establishment sizes",2,122,7156761,0,0,1126,58542,"",6.87,4.65,6.04,0.00,0.00,1.30,1.30,"N",0,0.0,0,0,0,0,0,0,0,0,0,0,0,0
"05041","3","621","75","0","2022","A","","Desha County, Arkansas","Local Government","NAICS 621 Ambulatory health care services","County, NAICS 3-digit -- by ownership sector","All establishment sizes",1,7,730026,0,0,1982,103062,"",11.02,3.27,8.07,0.00,0.00,2.44,2.44,"N",0,0.0,0,0,0,0,0,0,0,0,0,0,0,0
"05041","3","6211","76","0","2022","A","","Desha County, Arkansas","Local Government","NAICS 6211 Offices of physicians","County, NAICS 4-digit -- by ownership sector","All establishment sizes",1,7,730026,0,0,1982,103062,"",31.99,11.33,21.21,0.00,0.00,1.85,1.85,"N",0,0.0,0,0,0,0,0,0,0,0,0,0,0,0
"05041","3","62111","77","0","2022","A","","Desha County, Arkansas","Local Government","NAICS 62111 Offices of physicians","County, NAICS 5-digit -- by ownership sector","All establishment sizes",1,7,730026,0,0,1982,103062,"",31.99,11.33,21.21,0.00,0.00,1.85,1.85,"N",0,0.0,0,0,0,0,0,0,0,0,0,0,0,0
"05041","3","621111","78","0","2022","A","","Desha County, Arkansas","Local Government","NAICS 621111 Offices of physicians (except mental health specialists)","County, NAICS 6-digit -- by ownership sector","All establishment sizes",1,7,730026,0,0,1982,103062,"",32.64,11.57,21.56,0.00,0.00,1.84,1.84,"N",0,0.0,0,0,0,0,0,0,0,0,0,0,0,0
"05041","3","622","75","0","2022","A","","Desha County, Arkansas","Local Government","NAICS 622 Hospitals","County, NAICS 3-digit -- by ownership sector","All establishment sizes",1,115,6426735,0,0,1073,55804,"",18.02,5.95,6.87,0.00,0.00,1.15,1.15,"N",0,0.0,0,0,0,0,0,0,0,0,0,0,0,0
"05041","3","6221","76","0","2022","A","","Desha County, Arkansas","Local Government","NAICS 6221 General medical and surgical hospitals","County, NAICS 4-digit -- by ownership sector","All establishment sizes",1,115,6426735,0,0,1073,55804,"",18.29,5.98,6.90,0.00,0.00,1.15,1.15,"N",0,0.0,0,0,0,0,0,0,0,0,0,0,0,0
"05041","3","62211","77","0","2022","A","","Desha County, Arkansas","Local Government","NAICS 62211 General medical and surgical hospitals","County, NAICS 5-digit -- by ownership sector","All establishment sizes",1,115,6426735,0,0,1073,55804,"",18.29,5.98,6.90,0.00,0.00,1.15,1.15,"N",0,0.0,0,0,0,0,0,0,0,0,0,0,0,0
"05041","3","622110","78","0","2022","A","","Desha County, Arkansas","Local Government","NAICS 622110 General medical and surgical hospitals","County, NAICS 6-digit -- by ownership sector","All establishment sizes",1,115,6426735,0,0,1073,55804,"",18.29,5.98,6.90,0.00,0.00,1.15,1.15,"N",0,0.0,0,0,0,0,0,0,0,0,0,0,0,0
"05041","3","92","74","0","2022","A","","Desha County, Arkansas","Local Government","NAICS 92 Public administration","County, NAICS Sector -- by ownership sector","All establishment sizes",11,181,5709089,1931002,6472,607,31586,"",4.21,1.54,1.12,8.34,6.79,0.73,0.73,"",-1,-8.3,-7,-3.7,171397,3.1,-126309,-6.1,301,4.9,40,7.1,2091,7.1
"05041","3","921","75","0","2022","A","","Desha County, Arkansas","Local Government","NAICS 921 Executive, legislative, and other general government support","County, NAICS 3-digit -- by ownership sector","All establishment sizes",9,175,5353707,1829738,6169,589,30636,"",5.92,2.26,1.80,10.45,8.65,0.80,0.80,"",0,0.0,-6,-3.3,184536,3.6,-116514,-6.0,331,5.7,39,7.1,2038,7.1
"05041","3","9211","76","0","2022","A","","Desha County, Arkansas","Local Government","NAICS 9211 Executive, legislative, and other general government support","County, NAICS 4-digit -- by ownership sector","All establishment sizes",9,175,5353707,1829738,6169,589,30636,"",5.92,2.26,1.80,10.45,8.65,0.80,0.80,"",0,0.0,-6,-3.3,184536,3.6,-116514,-6.0,331,5.7,39,7.1,2038,7.1
"05041","3","92114","77","0","2022","A","","Desha County, Arkansas","Local Government","NAICS 92114 Executive and legislative offices, combined","County, NAICS 5-digit -- by ownership sector","All establishment sizes",8,172,5303651,1815946,6127,594,30880,"",9.16,3.42,2.76,17.56,22.49,0.81,0.81,"N",0,0.0,0,0,0,0,0,0,0,0,0,0,0,0
"05041","3","921140","78","0","2022","A","","Desha County, Arkansas","Local Government","NAICS 921140 Executive and legislative offices, combined","County, NAICS 6-digit -- by ownership sector","All establishment sizes",8,172,5303651,1815946,6127,594,30880,"",9.16,3.42,2.76,17.56,22.49,0.81,0.81,"N",0,0.0,0,0,0,0,0,0,0,0,0,0,0,0
"05041","3","92119","77","0","2022","A","","Desha County, Arkansas","Local Government","NAICS 92119 Other general government support","County, NAICS 5-digit -- by ownership sector","All establishment sizes",1,3,50056,13792,42,321,16685,"",5.19,0.34,0.15,0.63,0.72,0.44,0.44,"N",0,0.0,0,0,0,0,0,0,0,0,0,0,0,0
"05041","3","921190","78","0","2022","A","","Desha County, Arkansas","Local Government","NAICS 921190 Other general government support","County, NAICS 6-digit -- by ownership sector","All establishment sizes",1,3,50056,13792,42,321,16685,"",5.19,0.34,0.15,0.63,0.72,0.44,0.44,"N",0,0.0,0,0,0,0,0,0,0,0,0,0,0,0
"05041","3","922","75","0","2022","A","","Desha County, Arkansas","Local Government","NAICS 922 Justice, public order, and safety activities","County, NAICS 3-digit -- by ownership sector","All establishment sizes",1,5,331212,91264,273,1274,66242,"",1.80,0.18,0.22,3.26,2.93,1.18,1.18,"N",-1,-50.0,0,0,0,0,0,0,0,0,0,0,0,0
"05041","3","9221","76","0","2022","A","","Desha County, Arkansas","Local Government","NAICS 9221 Justice, public order, and safety activities","County, NAICS 4-digit -- by ownership sector","All establishment sizes",1,5,331212,91264,273,1274,66242,"",1.80,0.18,0.22,3.26,2.93,1.18,1.18,"N",-1,-50.0,0,0,0,0,0,0,0,0,0,0,0,0
"05041","3","92212","77","0","2022","A","","Desha County, Arkansas","Local Government","NAICS 92212 Police protection","County, NAICS 5-digit -- by ownership sector","All establishment sizes",1,5,331212,91264,273,1274,66242,"",6.93,0.41,0.50,10.52,12.29,1.21,1.21,"N",0,0.0,0,0,0,0,0,0,0,0,0,0,0,0
"05041","3","922120","78","0","2022","A","","Desha County, Arkansas","Local Government","NAICS 922120 Police protection","County, NAICS 6-digit -- by ownership sector","All establishment sizes",1,5,331212,91264,273,1274,66242,"",6.93,0.41,0.50,10.52,12.29,1.21,1.21,"N",0,0.0,0,0,0,0,0,0,0,0,0,0,0,0
"05041","3","92215","77","0","2022","A","","Desha County, Arkansas","Local Government","NAICS 92215 Parole offices and probation offices","County, NAICS 5-digit -- by ownership sector","All establishment sizes",0,0,0,0,0,0,0,"",0.00,0.00,0.00,0.00,0.00,0.00,0.00,"N",-1,-100.0,0,0,0,0,0,0,0,0,0,0,0,0
"05041","3","922150","78","0","2022","A","","Desha County, Arkansas","Local Government","NAICS 922150 Parole offices and probation offices","County, NAICS 6-digit -- by ownership sector","All establishment sizes",0,0,0,0,0,0,0,"",0.00,0.00,0.00,0.00,0.00,0.00,0.00,"N",-1,-100.0,0,0,0,0,0,0,0,0,0,0,0,0
"05041","3","924","75","0","2022","A","","Desha County, Arkansas","Local Government","NAICS 924 Administration of environmental quality programs","County, NAICS 3-digit -- by ownership sector","All establishment sizes",1,1,24170,10000,30,465,24170,"",5.79,0.35,0.20,2.12,1.11,0.57,0.57,"N",0,0.0,0,0,0,0,0,0,0,0,0,0,0,0
"05041","3","9241","76","0","2022","A","","Desha County, Arkansas","Local Government","NAICS 9241 Administration of environmental quality programs","County, NAICS 4-digit -- by ownership sector","All establishment sizes",1,1,24170,10000,30,465,24170,"",5.79,0.35,0.20,2.12,1.11,0.57,0.57,"N",0,0.0,0,0,0,0,0,0,0,0,0,0,0,0
"05041","3","92412","77","0","2022","A","","Desha County, Arkansas","Local Government","NAICS 92412 Administration of conservation programs","County, NAICS 5-digit -- by ownership sector","All establishment sizes",1,1,24170,10000,30,465,24170,"",9.63,0.84,0.74,3.59,1.71,0.87,0.87,"N",0,0.0,0,0,0,0,0,0,0,0,0,0,0,0
"05041","3","924120","78","0","2022","A","","Desha County, Arkansas","Local Government","NAICS 924120 Administration of conservation programs","County, NAICS 6-digit -- by ownership sector","All establishment sizes",1,1,24170,10000,30,465,24170,"",9.63,0.84,0.74,3.59,1.71,0.87,0.87,"N",0,0.0,0,0,0,0,0,0,0,0,0,0,0,0
"05041","5","10","71","0","2022","A","","Desha County, Arkansas","Private","10 Total, all industries","County, Total -- by ownership sector","All establishment sizes",435,3468,157197117,37899064,424389,872,45325,"",0.94,0.93,0.94,0.96,0.99,1.01,1.01,"",-14,-3.1,94,2.8,13420083,9.3,2424595,6.8,-23625,-5.3,53,6.5,2715,6.4
"05041","5","101","72","0","2022","A","","Desha County, Arkansas","Private","101 Goods-producing","County, by Domain -- by ownership sector","All establishment sizes",97,1405,81470568,17927035,214417,1115,57990,"",1.65,2.18,2.59,2.23,1.97,1.19,1.19,"",3,3.2,76,5.7,8623421,11.8,1973681,12.4,9236,4.5,61,5.8,3187,5.8
"05041","5","1011","73","0","2022","A","","Desha County, Arkansas","Private","1011 Natural resources and mining","County, by Supersector -- by ownership sector","All establishment sizes",68,264,10659608,3438894,44091,778,40441,"",11.50,5.04,4.79,4.98,4.30,0.95,0.95,"",1,1.5,-7,-2.6,483577,4.8,5977,0.2,-12803,-22.5,56,7.8,2903,7.7
"05041","5","1012","73","0","2022","A","","Desha County, Arkansas","Private","1012 Construction","County, by Supersector -- by ownership sector","All establishment sizes",13,71,3422585,809719,4529,922,47924,"",0.35,0.32,0.33,0.27,0.09,1.02,1.02,"",-1,-7.1,-7,-9.0,-167822,-4.7,-20911,-2.5,-2310,-33.8,31,3.5,1596,3.4
"05041","5","1013","73","0","2022","A","","Desha County, Arkansas","Private","1013 Manufacturing","County, by Supersector -- by ownership sector","All establishment sizes",16,1070,67388375,13678422,165797,1211,62985,"",1.02,2.90,3.60,3.14,3.56,1.24,1.24,"",2,14.3,89,9.1,8307666,14.1,1988615,17.0,24349,17.2,52,4.5,2740,4.5
"05041","5","102","72","0","2022","A","","Desha County, Arkansas","Private","102 Service-providing","County, by Domain -- by ownership sector","All establishment sizes",338,2063,75726549,19972029,209972,706,36701,"",0.84,0.67,0.56,0.64,0.65,0.83,0.83,"",-16,-4.5,18,0.9,4796662,6.8,450914,2.3,-32861,-13.5,39,5.8,2016,5.8
"05041","5","1021","73","0","2022","A","","Desha County, Arkansas","Private","1021 Trade, transportation, and utilities","County, by Supersector -- by ownership sector","All establishment sizes",97,854,37015206,9387623,121107,834,43369,"",1.16,1.04,1.22,1.06,1.48,1.17,1.17,"",1,1.0,38,4.7,4711501,14.6,768186,8.9,415,0.3,72,9.4,3761,9.5
"05041","5","1022","73","0","2022","A","","Desha County, Arkansas","Private","1022 Information","County, by Supersector -- by ownership sector","All establishment sizes",4,20,1187839,285502,898,1133,58901,"",0.37,0.23,0.15,0.24,0.06,0.63,0.63,"",0,0.0,0,0.0,69082,6.2,55615,24.2,84,10.3,48,4.4,2493,4.4
"05041","5","1023","73","0","2022","A","","Desha County, Arkansas","Private","1023 Financial activities","County, by Supersector -- by ownership sector","All establishment sizes",28,208,8997886,2038100,7471,834,43346,"",0.66,0.84,0.49,0.70,0.26,0.58,0.58,"",0,0.0,0,0.0,431882,5.0,-18170,-0.9,-1857,-19.9,43,5.4,2213,5.4
"05041","5","1024","73","0","2022","A","","Desha County, Arkansas","Private","1024 Professional and business services","County, by Supersector -- by ownership sector","All establishment sizes",33,89,3608790,1081950,7932,783,40739,"",0.35,0.14,0.09,0.13,0.08,0.68,0.68,"",0,0.0,3,3.5,-857057,-19.2,89053,9.0,-281,-3.4,-219,-21.9,-11341,-21.8
"05041","5","1025","73","0","2022","A","","Desha County, Arkansas","Private","1025 Education and health services","County, by Supersector -- by ownership sector","All establishment sizes",113,469,17387906,2836261,32617,713,37088,"",1.37,0.70,0.66,0.62,0.76,0.95,0.95,"",-20,-15.0,-26,-5.3,-31780,-0.2,-499337,-15.0,-26085,-44.4,37,5.5,1926,5.5
"05041","5","1026","73","0","2022","A","","Desha County, Arkansas","Private","1026 Leisure and hospitality","County, by Supersector -- by ownership sector","All establishment sizes",40,367,6125058,3701875,33436,321,16693,"",1.04,0.81,0.69,0.87,0.78,0.85,0.85,"",3,8.1,9,2.5,567201,10.2,88816,2.5,-7153,-17.6,22,7.4,1157,7.4
"05041","5","1027","73","0","2022","A","","Desha County, Arkansas","Private","1027 Other services","County, by Supersector -- by ownership sector","All establishment sizes",22,58,1403864,640718,6511,467,24309,"",0.62,0.46,0.36,0.52,0.52,0.78,0.78,"",0,0.0,-4,-6.5,-94167,-6.3,-33249,-4.9,2016,44.8,5,1.1,309,1.3
"05041","5","11","74","0","2022","A","","Desha County, Arkansas","Private","NAICS 11 Agriculture, forestry, fishing and hunting","County, NAICS Sector -- by ownership sector","All establishment sizes",68,264,10659608,3438894,44091,778,40441,"",14.68,7.26,10.54,7.41,6.26,1.45,1.45,"",1,1.5,-7,-2.6,483577,4.8,5977,0.2,-12803,-22.5,56,7.8,2903,7.7
"05041","5","111","75","0","2022","A","","Desha County, Arkansas","Private","NAICS 111 Crop production","County, NAICS 3-digit -- by ownership sector","All establishment sizes",55,195,7171624,2434061,37098,706,36699,"",26.18,12.34,17.02,12.33,12.71,1.38,1.38,"",4,7.8,-3,-1.5,455271,6.8,34990,1.5,-9539,-20.5,52,8.0,2706,8.0
"05041","5","1111","76","0","2022","A","","Desha County, Arkansas","Private","NAICS 1111 Oilseed and grain farming","County, NAICS 4-digit -- by ownership sector","All establishment sizes",33,117,4144541,1430126,22618,679,35298,"",58.27,73.63,87.41,68.94,126.52,1.18,1.18,"",0,0.0,-4,-3.3,205880,5.2,-26010,-1.8,-9871,-30.4,55,8.8,2859,8.8
"05041","5","11111","77","0","2022","A","","Desha County, Arkansas","Private","NAICS 11111 Soybean farming","County, NAICS 5-digit -- by ownership sector","All establishment sizes",8,37,1148848,442050,6470,590,30704,"",147.54,247.31,269.59,256.40,398.60,1.08,1.08,"",2,33.3,5,15.6,314375,37.7,74603,20.3,-10589,-62.1,81,15.9,4213,15.9
"05041","5","111110","78","0","2022","A","","Desha County, Arkansas","Private","NAICS 111110 Soybean farming","County, NAICS 6-digit -- by ownership sector","All establishment sizes",8,37,1148848,442050,6470,590,30704,"",147.54,247.31,269.59,256.40,398.60,1.08,1.08,"",2,33.3,5,15.6,314375,37.7,74603,20.3,-10589,-62.1,81,15.9,4213,15.9
"05041","5","11114","77","0","2022","A","N","Desha County, Arkansas","Private","NAICS 11114 Wheat farming","County, NAICS 5-digit -- by ownership sector","All establishment sizes",2,0,0,0,0,0,0,"N",24.36,0,0,0,0,0,0,"N",0,0.0,0,0,0,0,0,0,0,0,0,0,0,0
"05041","5","111140","78","0","2022","A","N","Desha County, Arkansas","Private","NAICS 111140 Wheat farming","County, NAICS 6-digit -- by ownership sector","All establishment sizes",2,0,0,0,0,0,0,"N",24.36,0,0,0,0,0,0,"N",0,0.0,0,0,0,0,0,0,0,0,0,0,0,0
"05041","5","11115","77","0","2022","A","N","Desha County, Arkansas","Private","NAICS 11115 Corn farming","County, NAICS 5-digit -- by ownership sector","All establishment sizes",6,0,0,0,0,0,0,"N",38.42,0,0,0,0,0,0,"N",-2,-25.0,0,0,0,0,0,0,0,0,0,0,0,0
"05041","5","111150","78","0","2022","A","N","Desha County, Arkansas","Private","NAICS 111150 Corn farming","County, NAICS 6-digit -- by ownership sector","All establishment sizes",6,0,0,0,0,0,0,"N",38.42,0,0,0,0,0,0,"N",-2,-25.0,0,0,0,0,0,0,0,0,0,0,0,0
"05041","5","11116","77","0","2022","A","","Desha County, Arkansas","Private","NAICS 11116 Rice farming","County, NAICS 5-digit -- by ownership sector","All establishment sizes",7,18,572155,201374,4047,629,32695,"",207.78,202.35,196.44,279.51,267.06,1.00,1.00,"N",0,0.0,0,0,0,0,0,0,0,0,0,0,0,0
"05041","5","111160","78","0","2022","A","","Desha County, Arkansas","Private","NAICS 111160 Rice farming","County, NAICS 6-digit -- by ownership sector","All establishment sizes",7,18,572155,201374,4047,629,32695,"",207.78,202.35,196.44,279.51,267.06,1.00,1.00,"N",0,0.0,0,0,0,0,0,0,0,0,0,0,0,0
"05041","5","11119","77","0","2022","A","","Desha County, Arkansas","Private","NAICS 11119 Other grain farming","County, NAICS 5-digit -- by ownership sector","All establishment sizes",10,42,1710641,531071,9271,779,40489,"",42.82,66.17,93.32,67.84,140.94,1.40,1.40,"",0,0.0,-5,-10.6,-20482,-1.2,-67434,-11.3,-794,-7.9,63,8.8,3261,8.8
"05041","5","111191","78","0","2022","A","N","Desha County, Arkansas","Private","NAICS 111191 Oilseed and grain combination farming","County, NAICS 6-digit -- by ownership sector","All establishment sizes",9,0,0,0,0,0,0,"N",50.76,0,0,0,0,0,0,"N",0,0.0,0,0,0,0,0,0,0,0,0,0,0,0
"05041","5","111199","78","0","2022","A","N","Desha County, Arkansas","Private","NAICS 111199 All other grain farming","County, NAICS 6-digit -- by ownership sector","All establishment sizes",1,0,0,0,0,0,0,"N",17.79,0,0,0,0,0,0,"N",0,0.0,0,0,0,0,0,0,0,0,0,0,0,0
"05041","5","1112","76","0","2022","A","N","Desha County, Arkansas","Private","NAICS 1112 Vegetable and melon farming","County, NAICS 4-digit -- by ownership sector","All establishment sizes",2,0,0,0,0,0,0,"N",9.19,0,0,0,0,0,0,"N",1,100.0,0,0,0,0,0,0,0,0,0,0,0,0
"05041","5","11121","77","0","2022","A","N","Desha County, Arkansas","Private","NAICS 11121 Vegetable and melon farming","County, NAICS 5-digit -- by ownership sector","All establishment sizes",2,0,0,0,0,0,0,"N",9.19,0,0,0,0,0,0,"N",1,100.0,0,0,0,0,0,0,0,0,0,0,0,0
"05041","5","111219","78","0","2022","A","N","Desha County, Arkansas","Private","NAICS 111219 Other vegetable (except potato) and melon farming","County, NAICS 6-digit -- by ownership sector","All establishment sizes",2,0,0,0,0,0,0,"N",11.45,0,0,0,0,0,0,"N",1,100.0,0,0,0,0,0,0,0,0,0,0,0,0
"05041","5","1119","76","0","2022","A","N","Desha County, Arkansas","Private","NAICS 1119 Other crop farming","County, NAICS 4-digit -- by ownership sector","All establishment sizes",20,0,0,0,0,0,0,"N",42.32,0,0,0,0,0,0,"N",2,11.1,0,0,0,0,0,0,0,0,0,0,0,0
"05041","5","11192","77","0","2022","A","","Desha County, Arkansas","Private","NAICS 11192 Cotton farming","County, NAICS 5-digit -- by ownership sector","All establishment sizes",19,72,2796623,943935,12530,752,39114,"",173.29,243.81,340.29,387.13,438.54,1.40,1.41,"",2,11.8,3,4.3,247725,9.7,96038,11.3,1397,12.5,38,5.3,1994,5.4
"05041","5","111920","78","0","2022","A","","Desha County, Arkansas","Private","NAICS 111920 Cotton farming","County, NAICS 6-digit -- by ownership sector","All establishment sizes",19,72,2796623,943935,12530,752,39114,"",173.29,243.81,340.29,387.13,438.54,1.40,1.41,"",2,11.8,3,4.3,247725,9.7,96038,11.3,1397,12.5,38,5.3,1994,5.4
"05041","5","11199","77","0","2022","A","N","Desha County, Arkansas","Private","NAICS 11199 All other crop farming","County, NAICS 5-digit -- by ownership sector","All establishment sizes",1,0,0,0,0,0,0,"N",3.82,0,0,0,0,0,0,"N",0,0.0,0,0,0,0,0,0,0,0,0,0,0,0
"05041","5","111998","78","0","2022","A","N","Desha County, Arkansas","Private","NAICS 111998 All other miscellaneous crop farming","County, NAICS 6-digit -- by ownership sector","All establishment sizes",1,0,0,0,0,0,0,"N",4.20,0,0,0,0,0,0,"N",0,0.0,0,0,0,0,0,0,0,0,0,0,0,0
"05041","5","112","75","0","2022","A","N","Desha County, Arkansas","Private","NAICS 112 Animal production and aquaculture","County, NAICS 3-digit -- by ownership sector","All establishment sizes",1,0,0,0,0,0,0,"N",0.86,0,0,0,0,0,0,"N",0,0.0,0,0,0,0,0,0,0,0,0,0,0,0
"05041","5","1125","76","0","2022","A","N","Desha County, Arkansas","Private","NAICS 1125 Aquaculture","County, NAICS 4-digit -- by ownership sector","All establishment sizes",1,0,0,0,0,0,0,"N",24.45,0,0,0,0,0,0,"N",0,0.0,0,0,0,0,0,0,0,0,0,0,0,0
"05041","5","11251","77","0","2022","A","N","Desha County, Arkansas","Private","NAICS 11251 Aquaculture","County, NAICS 5-digit -- by ownership sector","All establishment sizes",1,0,0,0,0,0,0,"N",24.45,0,0,0,0,0,0,"N",0,0.0,0,0,0,0,0,0,0,0,0,0,0,0
"05041","5","112511","78","0","2022","A","N","Desha County, Arkansas","Private","NAICS 112511 Finfish farming and fish hatcheries","County, NAICS 6-digit -- by ownership sector","All establishment sizes",1,0,0,0,0,0,0,"N",51.60,0,0,0,0,0,0,"N",0,0.0,0,0,0,0,0,0,0,0,0,0,0,0
"05041","5","113","75","0","2022","A","N","Desha County, Arkansas","Private","NAICS 113 Forestry and logging","County, NAICS 3-digit -- by ownership sector","All establishment sizes",2,0,0,0,0,0,0,"N",5.37,0,0,0,0,0,0,"N",0,0.0,0,0,0,0,0,0,0,0,0,0,0,0
"05041","5","1131","76","0","2022","A","N","Desha County, Arkansas","Private","NAICS 1131 Timber tract operations","County, NAICS 4-digit -- by ownership sector","All establishment sizes",1,0,0,0,0,0,0,"N",36.30,0,0,0,0,0,0,"N",0,0.0,0,0,0,0,0,0,0,0,0,0,0,0
"05041","5","11311","77","0","2022","A","N","Desha County, Arkansas","Private","NAICS 11311 Timber tract operations","County, NAICS 5-digit -- by ownership sector","All establishment sizes",1,0,0,0,0,0,0,"N",36.30,0,0,0,0,0,0,"N",0,0.0,0,0,0,0,0,0,0,0,0,0,0,0
"05041","5","113110","78","0","2022","A","N","Desha County, Arkansas","Private","NAICS 113110 Timber tract operations","County, NAICS 6-digit -- by ownership sector","All establishment sizes",1,0,0,0,0,0,0,"N",36.30,0,0,0,0,0,0,"N",0,0.0,0,0,0,0,0,0,0,0,0,0,0,0
"05041","5","1133","76","0","2022","A","N","Desha County, Arkansas","Private","NAICS 1133 Logging","County, NAICS 4-digit -- by ownership sector","All establishment sizes",1,0,0,0,0,0,0,"N",3.03,0,0,0,0,0,0,"N",0,0.0,0,0,0,0,0,0,0,0,0,0,0,0
"05041","5","11331","77","0","2022","A","N","Desha County, Arkansas","Private","NAICS 11331 Logging","County, NAICS 5-digit -- by ownership sector","All establishment sizes",1,0,0,0,0,0,0,"N",3.03,0,0,0,0,0,0,"N",0,0.0,0,0,0,0,0,0,0,0,0,0,0,0
"05041","5","113310","78","0","2022","A","N","Desha County, Arkansas","Private","NAICS 113310 Logging","County, NAICS 6-digit -- by ownership sector","All establishment sizes",1,0,0,0,0,0,0,"N",3.03,0,0,0,0,0,0,"N",0,0.0,0,0,0,0,0,0,0,0,0,0,0,0
"05041","5","115","75","0","2022","A","","Desha County, Arkansas","Private","NAICS 115 Support activities for agriculture and forestry","County, NAICS 3-digit -- by ownership sector","All establishment sizes",11,63,3216711,896043,5406,986,51262,"",12.37,5.62,10.83,6.32,1.72,1.94,1.94,"",-2,-15.4,-5,-7.4,14810,0.5,-58207,-6.1,-3831,-41.5,83,9.2,4290,9.1
"05041","5","1151","76","0","2022","A","N","Desha County, Arkansas","Private","NAICS 1151 Support activities for crop production","County, NAICS 4-digit -- by ownership sector","All establishment sizes",10,0,0,0,0,0,0,"N",19.35,0,0,0,0,0,0,"N",-3,-23.1,0,0,0,0,0,0,0,0,0,0,0,0
"05041","5","11511","77","0","2022","A","N","Desha County, Arkansas","Private","NAICS 11511 Support activities for crop production","County, NAICS 5-digit -- by ownership sector","All establishment sizes",10,0,0,0,0,0,0,"N",19.35,0,0,0,0,0,0,"N",-3,-23.1,0,0,0,0,0,0,0,0,0,0,0,0
"05041","5","115111","78","0","2022","A","N","Desha County, Arkansas","Private","NAICS 115111 Cotton ginning","County, NAICS 6-digit -- by ownership sector","All establishment sizes",1,0,0,0,0,0,0,"N",44.99,0,0,0,0,0,0,"N",0,0.0,0,0,0,0,0,0,0,0,0,0,0,0
"05041","5","115112","78","0","2022","A","","Desha County, Arkansas","Private","NAICS 115112 Soil preparation, planting, and cultivating","County, NAICS 6-digit -- by ownership sector","All establishment sizes",7,28,1385035,358520,1074,937,48740,"",43.29,33.82,52.00,38.63,7.01,1.51,1.51,"",-3,-30.0,-8,-22.2,-245456,-15.1,-53514,-13.0,-377,-26.0,56,6.4,2918,6.4
"05041","5","115114","78","0","2022","A","N","Desha County, Arkansas","Private","NAICS 115114 Postharvest crop activities (except cotton ginning)","County, NAICS 6-digit -- by ownership sector","All establishment sizes",1,0,0,0,0,0,0,"N",10.81,0,0,0,0,0,0,"N",0,0.0,0,0,0,0,0,0,0,0,0,0,0,0
"05041","5","115116","78","0","2022","A","N","Desha County, Arkansas","Private","NAICS 115116 Farm management services","County, NAICS 6-digit -- by ownership sector","All establishment sizes",1,0,0,0,0,0,0,"N",13.86,0,0,0,0,0,0,"N",0,0.0,0,0,0,0,0,0,0,0,0,0,0,0
"05041","5","1152","76","0","2022","A","N","Desha County, Arkansas","Private","NAICS 1152 Support activities for animal production","County, NAICS 4-digit -- by ownership sector","All establishment sizes",0,0,0,0,0,0,0,"N",0.00,0,0,0,0,0,0,"N",0,0,0,0,0,0,0,0,0,0,0,0,0,0
"05041","5","11521","77","0","2022","A","N","Desha County, Arkansas","Private","NAICS 11521 Support activities for animal production","County, NAICS 5-digit -- by ownership sector","All establishment sizes",0,0,0,0,0,0,0,"N",0.00,0,0,0,0,0,0,"N",0,0,0,0,0,0,0,0,0,0,0,0,0,0
"05041","5","115210","78","0","2022","A","N","Desha County, Arkansas","Private","NAICS 115210 Support activities for animal production","County, NAICS 6-digit -- by ownership sector","All establishment sizes",0,0,0,0,0,0,0,"N",0.00,0,0,0,0,0,0,"N",0,0,0,0,0,0,0,0,0,0,0,0,0,0
"05041","5","22","74","0","2022","A","N","Desha County, Arkansas","Private","NAICS 22 Utilities","County, NAICS Sector -- by ownership sector","All establishment sizes",2,0,0,0,0,0,0,"N",2.20,0,0,0,0,0,0,"N",0,0.0,0,0,0,0,0,0,0,0,0,0,0,0
"05041","5","221","75","0","2022","A","N","Desha County, Arkansas","Private","NAICS 221 Utilities","County, NAICS 3-digit -- by ownership sector","All establishment sizes",2,0,0,0,0,0,0,"N",2.20,0,0,0,0,0,0,"N",0,0.0,0,0,0,0,0,0,0,0,0,0,0,0
"05041","5","2211","76","0","2022","A","N","Desha County, Arkansas","Private","NAICS 2211 Electric power generation, transmission and distribution","County, NAICS 4-digit -- by ownership sector","All establishment sizes",1,0,0,0,0,0,0,"N",1.95,0,0,0,0,0,0,"N",0,0.0,0,0,0,0,0,0,0,0,0,0,0,0
"05041","5","22112","77","0","2022","A","N","Desha County, Arkansas","Private","NAICS 22112 Electric power transmission, control, and distribution","County, NAICS 5-digit -- by ownership sector","All establishment sizes",1,0,0,0,0,0,0,"N",3.46,0,0,0,0,0,0,"N",0,0.0,0,0,0,0,0,0,0,0,0,0,0,0
"05041","5","221121","78","0","2022","A","N","Desha County, Arkansas","Private","NAICS 221121 Electric bulk power transmission and control","County, NAICS 6-digit -- by ownership sector","All establishment sizes",1,0,0,0,0,0,0,"N",31.21,0,0,0,0,0,0,"N",0,0.0,0,0,0,0,0,0,0,0,0,0,0,0
"05041","5","2213","76","0","2022","A","N","Desha County, Arkansas","Private","NAICS 2213 Water, sewage and other systems","County, NAICS 4-digit -- by ownership sector","All establishment sizes",1,0,0,0,0,0,0,"N",3.78,0,0,0,0,0,0,"N",0,0.0,0,0,0,0,0,0,0,0,0,0,0,0
"05041","5","22131","77","0","2022","A","N","Desha County, Arkansas","Private","NAICS 22131 Water supply and irrigation systems","County, NAICS 5-digit -- by ownership sector","All establishment sizes",1,0,0,0,0,0,0,"N",4.36,0,0,0,0,0,0,"N",0,0.0,0,0,0,0,0,0,0,0,0,0,0,0
"05041","5","221310","78","0","2022","A","N","Desha County, Arkansas","Private","NAICS 221310 Water supply and irrigation systems","County, NAICS 6-digit -- by ownership sector","All establishment sizes",1,0,0,0,0,0,0,"N",4.36,0,0,0,0,0,0,"N",0,0.0,0,0,0,0,0,0,0,0,0,0,0,0
"05041","5","23","74","0","2022","A","","Desha County, Arkansas","Private","NAICS 23 Construction","County, NAICS Sector -- by ownership sector","All establishment sizes",13,71,3422585,809719,4529,922,47924,"",0.35,0.32,0.33,0.27,0.09,1.02,1.02,"",-1,-7.1,-7,-9.0,-167822,-4.7,-20911,-2.5,-2310,-33.8,31,3.5,1596,3.4
"05041","5","236","75","0","2022","A","N","Desha County, Arkansas","Private","NAICS 236 Construction of buildings","County, NAICS 3-digit -- by ownership sector","All establishment sizes",2,0,0,0,0,0,0,"N",0.17,0,0,0,0,0,0,"N",1,100.0,0,0,0,0,0,0,0,0,0,0,0,0
"05041","5","2361","76","0","2022","A","N","Desha County, Arkansas","Private","NAICS 2361 Residential building construction","County, NAICS 4-digit -- by ownership sector","All establishment sizes",2,0,0,0,0,0,0,"N",0.22,0,0,0,0,0,0,"N",1,100.0,0,0,0,0,0,0,0,0,0,0,0,0
"05041","5","23611","77","0","2022","A","N","Desha County, Arkansas","Private","NAICS 23611 Residential building construction","County, NAICS 5-digit -- by ownership sector","All establishment sizes",2,0,0,0,0,0,0,"N",0.22,0,0,0,0,0,0,"N",1,100.0,0,0,0,0,0,0,0,0,0,0,0,0
"05041","5","236118","78","0","2022","A","N","Desha County, Arkansas","Private","NAICS 236118 Residential remodelers","County, NAICS 6-digit -- by ownership sector","All establishment sizes",2,0,0,0,0,0,0,"N",0.40,0,0,0,0,0,0,"N",1,100.0,0,0,0,0,0,0,0,0,0,0,0,0
"05041","5","237","75","0","2022","A","N","Desha County, Arkansas","Private","NAICS 237 Heavy and civil engineering construction","County, NAICS 3-digit -- by ownership sector","All establishment sizes",4,0,0,0,0,0,0,"N",1.74,0,0,0,0,0,0,"N",0,0.0,0,0,0,0,0,0,0,0,0,0,0,0
"05041","5","2371","76","0","2022","A","","Desha County, Arkansas","Private","NAICS 2371 Utility system construction","County, NAICS 4-digit -- by ownership sector","All establishment sizes",3,26,1371448,282948,2129,998,51916,"",2.53,1.61,1.55,1.24,0.47,0.94,0.94,"",0,0.0,0,0.0,117219,9.3,-2531,-0.9,-1192,-35.9,76,8.2,3984,8.3
"05041","5","23711","77","0","2022","A","","Desha County, Arkansas","Private","NAICS 23711 Water and sewer line and related structures construction","County, NAICS 5-digit -- by ownership sector","All establishment sizes",3,26,1371448,282948,2129,998,51916,"",5.72,4.60,4.99,3.89,1.55,1.07,1.07,"",0,0.0,0,0.0,117219,9.3,-2531,-0.9,-1192,-35.9,76,8.2,3984,8.3
"05041","5","237110","78","0","2022","A","","Desha County, Arkansas","Private","NAICS 237110 Water and sewer line and related structures construction","County, NAICS 6-digit -- by ownership sector","All establishment sizes",3,26,1371448,282948,2129,998,51916,"",5.72,4.60,4.99,3.89,1.55,1.07,1.07,"",0,0.0,0,0.0,117219,9.3,-2531,-0.9,-1192,-35.9,76,8.2,3984,8.3
"05041","5","2379","76","0","2022","A","N","Desha County, Arkansas","Private","NAICS 2379 Other heavy and civil engineering construction","County, NAICS 4-digit -- by ownership sector","All establishment sizes",1,0,0,0,0,0,0,"N",2.64,0,0,0,0,0,0,"N",0,0.0,0,0,0,0,0,0,0,0,0,0,0,0
"05041","5","23799","77","0","2022","A","N","Desha County, Arkansas","Private","NAICS 23799 Other heavy and civil engineering construction","County, NAICS 5-digit -- by ownership sector","All establishment sizes",1,0,0,0,0,0,0,"N",2.64,0,0,0,0,0,0,"N",0,0.0,0,0,0,0,0,0,0,0,0,0,0,0
"05041","5","237990","78","0","2022","A","N","Desha County, Arkansas","Private","NAICS 237990 Other heavy and civil engineering construction","County, NAICS 6-digit -- by ownership sector","All establishment sizes",1,0,0,0,0,0,0,"N",2.64,0,0,0,0,0,0,"N",0,0.0,0,0,0,0,0,0,0,0,0,0,0,0
"05041","5","238","75","0","2022","A","","Desha County, Arkansas","Private","NAICS 238 Specialty trade contractors","County, NAICS 3-digit -- by ownership sector","All establishment sizes",7,44,2016842,511643,2075,881,45837,"",0.30,0.31,0.33,0.27,0.07,1.05,1.05,"",-2,-22.2,-2,-4.3,-72704,-3.5,-33508,-6.1,-1443,-41.0,11,1.3,576,1.3
"05041","5","2381","76","0","2022","A","N","Desha County, Arkansas","Private","NAICS 2381 Building foundation and exterior contractors","County, NAICS 4-digit -- by ownership sector","All establishment sizes",1,0,0,0,0,0,0,"N",0.21,0,0,0,0,0,0,"N",0,0.0,0,0,0,0,0,0,0,0,0,0,0,0
"05041","5","23815","77","0","2022","A","N","Desha County, Arkansas","Private","NAICS 23815 Glass and glazing contractors","County, NAICS 5-digit -- by ownership sector","All establishment sizes",1,0,0,0,0,0,0,"N",3.22,0,0,0,0,0,0,"N",0,0.0,0,0,0,0,0,0,0,0,0,0,0,0
"05041","5","238152","78","0","2022","A","N","Desha County, Arkansas","Private","NAICS 238152 Nonresidential glass and glazing contractors","County, NAICS 6-digit -- by ownership sector","All establishment sizes",1,0,0,0,0,0,0,"N",7.59,0,0,0,0,0,0,"N",0,0.0,0,0,0,0,0,0,0,0,0,0,0,0
"05041","5","2382","76","0","2022","A","","Desha County, Arkansas","Private","NAICS 2382 Building equipment contractors","County, NAICS 4-digit -- by ownership sector","All establishment sizes",4,39,1834270,451643,1615,906,47133,"",0.43,0.57,0.57,0.50,0.12,1.01,1.01,"",-1,-20.0,-2,-4.9,-74505,-3.9,-38060,-7.8,-1457,-47.4,18,2.0,953,2.1
"05041","5","23821","77","0","2022","A","N","Desha County, Arkansas","Private","NAICS 23821 Electrical and wiring contractors","County, NAICS 5-digit -- by ownership sector","All establishment sizes",1,0,0,0,0,0,0,"N",0.26,0,0,0,0,0,0,"N",0,0.0,0,0,0,0,0,0,0,0,0,0,0,0
"05041","5","238212","78","0","2022","A","N","Desha County, Arkansas","Private","NAICS 238212 Nonresidential electrical contractors","County, NAICS 6-digit -- by ownership sector","All establishment sizes",1,0,0,0,0,0,0,"N",0.64,0,0,0,0,0,0,"N",0,0.0,0,0,0,0,0,0,0,0,0,0,0,0
"05041","5","23822","77","0","2022","A","","Desha County, Arkansas","Private","NAICS 23822 Plumbing and hvac contractors","County, NAICS 5-digit -- by ownership sector","All establishment sizes",3,25,1094606,285727,1117,836,43494,"",0.62,0.71,0.69,0.64,0.17,0.96,0.96,"",0,0.0,-3,-10.7,-102205,-8.5,-37390,-11.6,-1456,-56.6,12,1.5,623,1.5
"05041","5","238221","78","0","2022","A","","Desha County, Arkansas","Private","NAICS 238221 Residential plumbing and hvac contractors","County, NAICS 6-digit -- by ownership sector","All establishment sizes",3,25,1094606,285727,1117,836,43494,"",0.83,1.35,1.51,1.23,0.43,1.11,1.11,"",0,0.0,-3,-10.7,-102205,-8.5,-37390,-11.6,-1456,-56.6,12,1.5,623,1.5
"05041","5","23829","77","0","2022","A","N","Desha County, Arkansas","Private","NAICS 23829 Other building equipment contractors","County, NAICS 5-digit -- by ownership sector","All establishment sizes",0,0,0,0,0,0,0,"N",0.00,0,0,0,0,0,0,"N",-1,-100.0,0,0,0,0,0,0,0,0,0,0,0,0
"05041","5","238292","78","0","2022","A","N","Desha County, Arkansas","Private","NAICS 238292 Other nonresidential equipment contractors","County, NAICS 6-digit -- by ownership sector","All establishment sizes",0,0,0,0,0,0,0,"N",0.00,0,0,0,0,0,0,"N",-1,-100.0,0,0,0,0,0,0,0,0,0,0,0,0
"05041","5","2389","76","0","2022","A","N","Desha County, Arkansas","Private","NAICS 2389 Other specialty trade contractors","County, NAICS 4-digit -- by ownership sector","All establishment sizes",2,0,0,0,0,0,0,"N",0.53,0,0,0,0,0,0,"N",-1,-33.3,0,0,0,0,0,0,0,0,0,0,0,0
"05041","5","23891","77","0","2022","A","N","Desha County, Arkansas","Private","NAICS 23891 Site preparation contractors","County, NAICS 5-digit -- by ownership sector","All establishment sizes",2,0,0,0,0,0,0,"N",1.20,0,0,0,0,0,0,"N",-1,-33.3,0,0,0,0,0,0,0,0,0,0,0,0
"05041","5","238911","78","0","2022","A","N","Desha County, Arkansas","Private","NAICS 238911 Residential site preparation contractors","County, NAICS 6-digit -- by ownership sector","All establishment sizes",1,0,0,0,0,0,0,"N",1.04,0,0,0,0,0,0,"N",0,0.0,0,0,0,0,0,0,0,0,0,0,0,0
"05041","5","238912","78","0","2022","A","N","Desha County, Arkansas","Private","NAICS 238912 Nonresidential site preparation contractors","County, NAICS 6-digit -- by ownership sector","All establishment sizes",1,0,0,0,0,0,0,"N",1.43,0,0,0,0,0,0,"N",-1,-50.0,0,0,0,0,0,0,0,0,0,0,0,0
"05041","5","31-33","74","0","2022","A","","Desha County, Arkansas","Private","NAICS 31-33 Manufacturing","County, NAICS Sector -- by ownership sector","All establishment sizes",16,1070,67388375,13678422,165797,1211,62985,"",1.02,2.90,3.60,3.14,3.56,1.24,1.24,"",2,14.3,89,9.1,8307666,14.1,1988615,17.0,24349,17.2,52,4.5,2740,4.5
"05041","5","311","75","0","2022","A","N","Desha County, Arkansas","Private","NAICS 311 Food manufacturing","County, NAICS 3-digit -- by ownership sector","All establishment sizes",2,0,0,0,0,0,0,"N",1.25,0,0,0,0,0,0,"N",0,0.0,0,0,0,0,0,0,0,0,0,0,0,0
"05041","5","3111","76","0","2022","A","N","Desha County, Arkansas","Private","NAICS 3111 Animal food manufacturing","County, NAICS 4-digit -- by ownership sector","All establishment sizes",1,0,0,0,0,0,0,"N",9.06,0,0,0,0,0,0,"N",0,0.0,0,0,0,0,0,0,0,0,0,0,0,0
"05041","5","31111","77","0","2022","A","N","Desha County, Arkansas","Private","NAICS 31111 Animal food manufacturing","County, NAICS 5-digit -- by ownership sector","All establishment sizes",1,0,0,0,0,0,0,"N",9.06,0,0,0,0,0,0,"N",0,0.0,0,0,0,0,0,0,0,0,0,0,0,0
"05041","5","311111","78","0","2022","A","N","Desha County, Arkansas","Private","NAICS 311111 Dog and cat food manufacturing","County, NAICS 6-digit -- by ownership sector","All establishment sizes",1,0,0,0,0,0,0,"N",29.87,0,0,0,0,0,0,"N",0,0.0,0,0,0,0,0,0,0,0,0,0,0,0
"05041","5","3112","76","0","2022","A","N","Desha County, Arkansas","Private","NAICS 3112 Grain and oilseed milling","County, NAICS 4-digit -- by ownership sector","All establishment sizes",1,0,0,0,0,0,0,"N",20.40,0,0,0,0,0,0,"N",0,0.0,0,0,0,0,0,0,0,0,0,0,0,0
"05041","5","31121","77","0","2022","A","N","Desha County, Arkansas","Private","NAICS 31121 Flour milling and malt manufacturing","County, NAICS 5-digit -- by ownership sector","All establishment sizes",1,0,0,0,0,0,0,"N",45.33,0,0,0,0,0,0,"N",0,0.0,0,0,0,0,0,0,0,0,0,0,0,0
"05041","5","311212","78","0","2022","A","N","Desha County, Arkansas","Private","NAICS 311212 Rice milling","County, NAICS 6-digit -- by ownership sector","All establishment sizes",1,0,0,0,0,0,0,"N",250.01,0,0,0,0,0,0,"N",0,0.0,0,0,0,0,0,0,0,0,0,0,0,0
"05041","5","321","75","0","2022","A","N","Desha County, Arkansas","Private","NAICS 321 Wood product manufacturing","County, NAICS 3-digit -- by ownership sector","All establishment sizes",2,0,0,0,0,0,0,"N",3.09,0,0,0,0,0,0,"N",1,100.0,0,0,0,0,0,0,0,0,0,0,0,0
"05041","5","3211","76","0","2022","A","N","Desha County, Arkansas","Private","NAICS 3211 Sawmills and wood preservation","County, NAICS 4-digit -- by ownership sector","All establishment sizes",2,0,0,0,0,0,0,"N",13.80,0,0,0,0,0,0,"N",1,100.0,0,0,0,0,0,0,0,0,0,0,0,0
"05041","5","32111","77","0","2022","A","N","Desha County, Arkansas","Private","NAICS 32111 Sawmills and wood preservation","County, NAICS 5-digit -- by ownership sector","All establishment sizes",2,0,0,0,0,0,0,"N",13.80,0,0,0,0,0,0,"N",1,100.0,0,0,0,0,0,0,0,0,0,0,0,0
"05041","5","321113","78","0","2022","A","N","Desha County, Arkansas","Private","NAICS 321113 Sawmills","County, NAICS 6-digit -- by ownership sector","All establishment sizes",2,0,0,0,0,0,0,"N",15.72,0,0,0,0,0,0,"N",1,100.0,0,0,0,0,0,0,0,0,0,0,0,0
"05041","5","322","75","0","2022","A","N","Desha County, Arkansas","Private","NAICS 322 Paper manufacturing","County, NAICS 3-digit -- by ownership sector","All establishment sizes",1,0,0,0,0,0,0,"N",4.43,0,0,0,0,0,0,"N",0,0.0,0,0,0,0,0,0,0,0,0,0,0,0
"05041","5","3221","76","0","2022","A","N","Desha County, Arkansas","Private","NAICS 3221 Pulp, paper, and paperboard mills","County, NAICS 4-digit -- by ownership sector","All establishment sizes",1,0,0,0,0,0,0,"N",29.32,0,0,0,0,0,0,"N",0,0.0,0,0,0,0,0,0,0,0,0,0,0,0
"05041","5","32213","77","0","2022","A","N","Desha County, Arkansas","Private","NAICS 32213 Paperboard mills","County, NAICS 5-digit -- by ownership sector","All establishment sizes",1,0,0,0,0,0,0,"N",91.17,0,0,0,0,0,0,"N",0,0.0,0,0,0,0,0,0,0,0,0,0,0,0
"05041","5","322130","78","0","2022","A","N","Desha County, Arkansas","Private","NAICS 322130 Paperboard mills","County, NAICS 6-digit -- by ownership sector","All establishment sizes",1,0,0,0,0,0,0,"N",91.17,0,0,0,0,0,0,"N",0,0.0,0,0,0,0,0,0,0,0,0,0,0,0
"05041","5","323","75","0","2022","A","N","Desha County, Arkansas","Private","NAICS 323 Printing and related support activities","County, NAICS 3-digit -- by ownership sector","All establishment sizes",1,0,0,0,0,0,0,"N",0.86,0,0,0,0,0,0,"N",1,100.0,0,0,0,0,0,0,0,0,0,0,0,0
"05041","5","3231","76","0","2022","A","N","Desha County, Arkansas","Private","NAICS 3231 Printing and related support activities","County, NAICS 4-digit -- by ownership sector","All establishment sizes",1,0,0,0,0,0,0,"N",0.86,0,0,0,0,0,0,"N",1,100.0,0,0,0,0,0,0,0,0,0,0,0,0
"05041","5","32311","77","0","2022","A","N","Desha County, Arkansas","Private","NAICS 32311 Printing","County, NAICS 5-digit -- by ownership sector","All establishment sizes",1,0,0,0,0,0,0,"N",0.91,0,0,0,0,0,0,"N",1,100.0,0,0,0,0,0,0,0,0,0,0,0,0
"05041","5","323113","78","0","2022","A","N","Desha County, Arkansas","Private","NAICS 323113 Commercial screen printing","County, NAICS 6-digit -- by ownership sector","All establishment sizes",1,0,0,0,0,0,0,"N",3.22,0,0,0,0,0,0,"N",1,100.0,0,0,0,0,0,0,0,0,0,0,0,0
"05041","5","325","75","0","2022","A","N","Desha County, Arkansas","Private","NAICS 325 Chemical manufacturing","County, NAICS 3-digit -- by ownership sector","All establishment sizes",0,0,0,0,0,0,0,"N",0.00,0,0,0,0,0,0,"N",0,0,0,0,0,0,0,0,0,0,0,0,0,0
"05041","5","3259","76","0","2022","A","N","Desha County, Arkansas","Private","NAICS 3259 Other chemical product and preparation manufacturing","County, NAICS 4-digit -- by ownership sector","All establishment sizes",0,0,0,0,0,0,0,"N",0.00,0,0,0,0,0,0,"N",0,0,0,0,0,0,0,0,0,0,0,0,0,0
"05041","5","32599","77","0","2022","A","N","Desha County, Arkansas","Private","NAICS 32599 All other chemical product and preparation manufacturing","County, NAICS 5-digit -- by ownership sector","All establishment sizes",0,0,0,0,0,0,0,"N",0.00,0,0,0,0,0,0,"N",0,0,0,0,0,0,0,0,0,0,0,0,0,0
"05041","5","325991","78","0","2022","A","N","Desha County, Arkansas","Private","NAICS 325991 Custom compounding of purchased resins","County, NAICS 6-digit -- by ownership sector","All establishment sizes",0,0,0,0,0,0,0,"N",0.00,0,0,0,0,0,0,"N",0,0,0,0,0,0,0,0,0,0,0,0,0,0
"05041","5","327","75","0","2022","A","N","Desha County, Arkansas","Private","NAICS 327 Nonmetallic mineral product manufacturing","County, NAICS 3-digit -- by ownership sector","All establishment sizes",3,0,0,0,0,0,0,"N",4.21,0,0,0,0,0,0,"N",0,0.0,0,0,0,0,0,0,0,0,0,0,0,0
"05041","5","3271","76","0","2022","A","N","Desha County, Arkansas","Private","NAICS 3271 Clay product and refractory manufacturing","County, NAICS 4-digit -- by ownership sector","All establishment sizes",1,0,0,0,0,0,0,"N",16.62,0,0,0,0,0,0,"N",0,0.0,0,0,0,0,0,0,0,0,0,0,0,0
"05041","5","32711","77","0","2022","A","N","Desha County, Arkansas","Private","NAICS 32711 Pottery, ceramics, and plumbing fixture manufacturing","County, NAICS 5-digit -- by ownership sector","All establishment sizes",1,0,0,0,0,0,0,"N",30.74,0,0,0,0,0,0,"N",0,0.0,0,0,0,0,0,0,0,0,0,0,0,0
"05041","5","327110","78","0","2022","A","N","Desha County, Arkansas","Private","NAICS 327110 Pottery, ceramics, and plumbing fixture manufacturing","County, NAICS 6-digit -- by ownership sector","All establishment sizes",1,0,0,0,0,0,0,"N",30.74,0,0,0,0,0,0,"N",0,0.0,0,0,0,0,0,0,0,0,0,0,0,0
"05041","5","3273","76","0","2022","A","N","Desha County, Arkansas","Private","NAICS 3273 Cement and concrete product manufacturing","County, NAICS 4-digit -- by ownership sector","All establishment sizes",2,0,0,0,0,0,0,"N",5.29,0,0,0,0,0,0,"N",0,0.0,0,0,0,0,0,0,0,0,0,0,0,0
"05041","5","32732","77","0","2022","A","N","Desha County, Arkansas","Private","NAICS 32732 Ready-mix concrete manufacturing","County, NAICS 5-digit -- by ownership sector","All establishment sizes",2,0,0,0,0,0,0,"N",8.68,0,0,0,0,0,0,"N",0,0.0,0,0,0,0,0,0,0,0,0,0,0,0
"05041","5","327320","78","0","2022","A","N","Desha County, Arkansas","Private","NAICS 327320 Ready-mix concrete manufacturing","County, NAICS 6-digit -- by ownership sector","All establishment sizes",2,0,0,0,0,0,0,"N",8.68,0,0,0,0,0,0,"N",0,0.0,0,0,0,0,0,0,0,0,0,0,0,0
"05041","5","331","75","0","2022","A","N","Desha County, Arkansas","Private","NAICS 331 Primary metal manufacturing","County, NAICS 3-digit -- by ownership sector","All establishment sizes",1,0,0,0,0,0,0,"N",4.21,0,0,0,0,0,0,"N",0,0.0,0,0,0,0,0,0,0,0,0,0,0,0
"05041","5","3312","76","0","2022","A","N","Desha County, Arkansas","Private","NAICS 3312 Steel product manufacturing from purchased steel","County, NAICS 4-digit -- by ownership sector","All establishment sizes",1,0,0,0,0,0,0,"N",19.11,0,0,0,0,0,0,"N",0,0.0,0,0,0,0,0,0,0,0,0,0,0,0
"05041","5","33122","77","0","2022","A","N","Desha County, Arkansas","Private","NAICS 33122 Rolling and drawing of purchased steel","County, NAICS 5-digit -- by ownership sector","All establishment sizes",1,0,0,0,0,0,0,"N",33.73,0,0,0,0,0,0,"N",0,0.0,0,0,0,0,0,0,0,0,0,0,0,0
"05041","5","331222","78","0","2022","A","N","Desha County, Arkansas","Private","NAICS 331222 Steel wire drawing","County, NAICS 6-digit -- by ownership sector","All establishment sizes",1,0,0,0,0,0,0,"N",95.85,0,0,0,0,0,0,"N",0,0.0,0,0,0,0,0,0,0,0,0,0,0,0
"05041","5","332","75","0","2022","A","N","Desha County, Arkansas","Private","NAICS 332 Fabricated metal product manufacturing","County, NAICS 3-digit -- by ownership sector","All establishment sizes",3,0,0,0,0,0,0,"N",1.22,0,0,0,0,0,0,"N",0,0.0,0,0,0,0,0,0,0,0,0,0,0,0
"05041","5","3323","76","0","2022","A","N","Desha County, Arkansas","Private","NAICS 3323 Architectural and structural metals manufacturing","County, NAICS 4-digit -- by ownership sector","All establishment sizes",2,0,0,0,0,0,0,"N",3.02,0,0,0,0,0,0,"N",0,0.0,0,0,0,0,0,0,0,0,0,0,0,0
"05041","5","33231","77","0","2022","A","N","Desha County, Arkansas","Private","NAICS 33231 Plate work and fabricated structural product manufacturing","County, NAICS 5-digit -- by ownership sector","All establishment sizes",2,0,0,0,0,0,0,"N",6.96,0,0,0,0,0,0,"N",0,0.0,0,0,0,0,0,0,0,0,0,0,0,0
"05041","5","332311","78","0","2022","A","N","Desha County, Arkansas","Private","NAICS 332311 Prefabricated metal building and component manufacturing","County, NAICS 6-digit -- by ownership sector","All establishment sizes",2,0,0,0,0,0,0,"N",37.11,0,0,0,0,0,0,"N",0,0.0,0,0,0,0,0,0,0,0,0,0,0,0
"05041","5","3327","76","0","2022","A","N","Desha County, Arkansas","Private","NAICS 3327 Machine shops; turned product; and screw, nut, and bolt manufacturing","County, NAICS 4-digit -- by ownership sector","All establishment sizes",1,0,0,0,0,0,0,"N",1.13,0,0,0,0,0,0,"N",0,0.0,0,0,0,0,0,0,0,0,0,0,0,0
"05041","5","33271","77","0","2022","A","N","Desha County, Arkansas","Private","NAICS 33271 Machine shops","County, NAICS 5-digit -- by ownership sector","All establishment sizes",1,0,0,0,0,0,0,"N",1.26,0,0,0,0,0,0,"N",0,0.0,0,0,0,0,0,0,0,0,0,0,0,0
"05041","5","332710","78","0","2022","A","N","Desha County, Arkansas","Private","NAICS 332710 Machine shops","County, NAICS 6-digit -- by ownership sector","All establishment sizes",1,0,0,0,0,0,0,"N",1.26,0,0,0,0,0,0,"N",0,0.0,0,0,0,0,0,0,0,0,0,0,0,0
"05041","5","333","75","0","2022","A","N","Desha County, Arkansas","Private","NAICS 333 Machinery manufacturing","County, NAICS 3-digit -- by ownership sector","All establishment sizes",1,0,0,0,0,0,0,"N",0.74,0,0,0,0,0,0,"N",0,0.0,0,0,0,0,0,0,0,0,0,0,0,0
"05041","5","3334","76","0","2022","A","N","Desha County, Arkansas","Private","NAICS 3334 Ventilation, heating, air-conditioning, and commercial refrigeration equipment manufacturing","County, NAICS 4-digit -- by ownership sector","All establishment sizes",1,0,0,0,0,0,0,"N",9.05,0,0,0,0,0,0,"N",0,0.0,0,0,0,0,0,0,0,0,0,0,0,0
"05041","5","33341","77","0","2022","A","N","Desha County, Arkansas","Private","NAICS 33341 Ventilation, heating, air-conditioning, and commercial refrigeration equipment manufacturing","County, NAICS 5-digit -- by ownership sector","All establishment sizes",1,0,0,0,0,0,0,"N",9.05,0,0,0,0,0,0,"N",0,0.0,0,0,0,0,0,0,0,0,0,0,0,0
"05041","5","333415","78","0","2022","A","N","Desha County, Arkansas","Private","NAICS 333415 Air-conditioning and warm air heating equipment and commercial and industrial refrigeration equipment manufacturing","County, NAICS 6-digit -- by ownership sector","All establishment sizes",1,0,0,0,0,0,0,"N",17.70,0,0,0,0,0,0,"N",0,0.0,0,0,0,0,0,0,0,0,0,0,0,0
"05041","5","336","75","0","2022","A","N","Desha County, Arkansas","Private","NAICS 336 Transportation equipment manufacturing","County, NAICS 3-digit -- by ownership sector","All establishment sizes",1,0,0,0,0,0,0,"N",1.42,0,0,0,0,0,0,"N",0,0.0,0,0,0,0,0,0,0,0,0,0,0,0
"05041","5","3363","76","0","2022","A","N","Desha County, Arkansas","Private","NAICS 3363 Motor vehicle parts manufacturing","County, NAICS 4-digit -- by ownership sector","All establishment sizes",1,0,0,0,0,0,0,"N",3.97,0,0,0,0,0,0,"N",0,0.0,0,0,0,0,0,0,0,0,0,0,0,0
"05041","5","33633","77","0","2022","A","N","Desha County, Arkansas","Private","NAICS 33633 Motor vehicle steering and suspension components (except spring) manufacturing","County, NAICS 5-digit -- by ownership sector","All establishment sizes",1,0,0,0,0,0,0,"N",75.08,0,0,0,0,0,0,"N",0,0.0,0,0,0,0,0,0,0,0,0,0,0,0
"05041","5","336330","78","0","2022","A","N","Desha County, Arkansas","Private","NAICS 336330 Motor vehicle steering and suspension components (except spring) manufacturing","County, NAICS 6-digit -- by ownership sector","All establishment sizes",1,0,0,0,0,0,0,"N",75.08,0,0,0,0,0,0,"N",0,0.0,0,0,0,0,0,0,0,0,0,0,0,0
"05041","5","337","75","0","2022","A","N","Desha County, Arkansas","Private","NAICS 337 Furniture and related product manufacturing","County, NAICS 3-digit -- by ownership sector","All establishment sizes",1,0,0,0,0,0,0,"N",1.33,0,0,0,0,0,0,"N",0,0.0,0,0,0,0,0,0,0,0,0,0,0,0
"05041","5","3371","76","0","2022","A","N","Desha County, Arkansas","Private","NAICS 3371 Household and institutional furniture and kitchen cabinet manufacturing","County, NAICS 4-digit -- by ownership sector","All establishment sizes",1,0,0,0,0,0,0,"N",1.89,0,0,0,0,0,0,"N",0,0.0,0,0,0,0,0,0,0,0,0,0,0,0
"05041","5","33712","77","0","2022","A","N","Desha County, Arkansas","Private","NAICS 33712 Household and institutional furniture manufacturing","County, NAICS 5-digit -- by ownership sector","All establishment sizes",1,0,0,0,0,0,0,"N",5.10,0,0,0,0,0,0,"N",0,0.0,0,0,0,0,0,0,0,0,0,0,0,0
"05041","5","337121","78","0","2022","A","N","Desha County, Arkansas","Private","NAICS 337121 Upholstered household furniture manufacturing","County, NAICS 6-digit -- by ownership sector","All establishment sizes",1,0,0,0,0,0,0,"N",27.75,0,0,0,0,0,0,"N",0,0.0,0,0,0,0,0,0,0,0,0,0,0,0
"05041","5","42","74","0","2022","A","","Desha County, Arkansas","Private","NAICS 42 Wholesale trade","County, NAICS Sector -- by ownership sector","All establishment sizes",21,234,15489128,3212138,33589,1271,66075,"",0.80,1.36,1.48,1.53,1.60,1.09,1.09,"",1,5.0,38,19.4,3723064,31.6,760819,31.0,1505,4.7,115,9.9,5942,9.9
"05041","5","423","75","0","2022","A","","Desha County, Arkansas","Private","NAICS 423 Merchant wholesalers, durable goods","County, NAICS 3-digit -- by ownership sector","All establishment sizes",7,129,8652459,1847672,25994,1292,67204,"",0.52,1.35,1.48,1.61,2.29,1.10,1.10,"",0,0.0,15,13.2,1306329,17.8,467827,33.9,13888,114.7,52,4.2,2717,4.2
"05041","5","4231","76","0","2022","A","N","Desha County, Arkansas","Private","NAICS 4231 Motor vehicle and motor vehicle parts and supplies merchant wholesalers","County, NAICS 4-digit -- by ownership sector","All establishment sizes",1,0,0,0,0,0,0,"N",0.91,0,0,0,0,0,0,"N",0,0.0,0,0,0,0,0,0,0,0,0,0,0,0
"05041","5","42311","77","0","2022","A","N","Desha County, Arkansas","Private","NAICS 42311 Automobile and other motor vehicle merchant wholesalers","County, NAICS 5-digit -- by ownership sector","All establishment sizes",1,0,0,0,0,0,0,"N",3.24,0,0,0,0,0,0,"N",0,0.0,0,0,0,0,0,0,0,0,0,0,0,0
"05041","5","423110","78","0","2022","A","N","Desha County, Arkansas","Private","NAICS 423110 Automobile and other motor vehicle merchant wholesalers","County, NAICS 6-digit -- by ownership sector","All establishment sizes",1,0,0,0,0,0,0,"N",3.24,0,0,0,0,0,0,"N",0,0.0,0,0,0,0,0,0,0,0,0,0,0,0
"05041","5","4234","76","0","2022","A","N","Desha County, Arkansas","Private","NAICS 4234 Professional and commercial equipment and supplies merchant wholesalers","County, NAICS 4-digit -- by ownership sector","All establishment sizes",1,0,0,0,0,0,0,"N",0.34,0,0,0,0,0,0,"N",0,0.0,0,0,0,0,0,0,0,0,0,0,0,0
"05041","5","42345","77","0","2022","A","N","Desha County, Arkansas","Private","NAICS 42345 Medical, dental, and hospital equipment and supplies merchant wholesalers","County, NAICS 5-digit -- by ownership sector","All establishment sizes",1,0,0,0,0,0,0,"N",0.74,0,0,0,0,0,0,"N",0,0.0,0,0,0,0,0,0,0,0,0,0,0,0
"05041","5","423450","78","0","2022","A","N","Desha County, Arkansas","Private","NAICS 423450 Medical, dental, and hospital equipment and supplies merchant wholesalers","County, NAICS 6-digit -- by ownership sector","All establishment sizes",1,0,0,0,0,0,0,"N",0.74,0,0,0,0,0,0,"N",0,0.0,0,0,0,0,0,0,0,0,0,0,0,0
"05041","5","4238","76","0","2022","A","","Desha County, Arkansas","Private","NAICS 4238 Machinery, equipment, and supplies merchant wholesalers","County, NAICS 4-digit -- by ownership sector","All establishment sizes",5,118,8155730,1735208,25656,1326,68970,"",1.62,5.62,6.84,6.75,11.29,1.21,1.21,"",0,0.0,18,18.0,1373758,20.3,500886,40.6,13987,119.9,26,2.0,1376,2.0
"05041","5","42382","77","0","2022","A","","Desha County, Arkansas","Private","NAICS 42382 Farm and garden machinery and equipment merchant wholesalers","County, NAICS 5-digit -- by ownership sector","All establishment sizes",5,118,8155730,1735208,25656,1326,68970,"",13.19,36.01,49.14,40.27,89.71,1.36,1.36,"",0,0.0,18,18.0,1373758,20.3,500886,40.6,13987,119.9,26,2.0,1376,2.0
"05041","5","423820","78","0","2022","A","","Desha County, Arkansas","Private","NAICS 423820 Farm and garden machinery and equipment merchant wholesalers","County, NAICS 6-digit -- by ownership sector","All establishment sizes",5,118,8155730,1735208,25656,1326,68970,"",13.19,36.01,49.14,40.27,89.71,1.36,1.36,"",0,0.0,18,18.0,1373758,20.3,500886,40.6,13987,119.9,26,2.0,1376,2.0
"05041","5","424","75","0","2022","A","N","Desha County, Arkansas","Private","NAICS 424 Merchant wholesalers, nondurable goods","County, NAICS 3-digit -- by ownership sector","All establishment sizes",13,0,0,0,0,0,0,"N",1.77,0,0,0,0,0,0,"N",1,8.3,0,0,0,0,0,0,0,0,0,0,0,0
"05041","5","4244","76","0","2022","A","N","Desha County, Arkansas","Private","NAICS 4244 Grocery and related product merchant wholesalers","County, NAICS 4-digit -- by ownership sector","All establishment sizes",2,0,0,0,0,0,0,"N",1.02,0,0,0,0,0,0,"N",0,0.0,0,0,0,0,0,0,0,0,0,0,0,0
"05041","5","42445","77","0","2022","A","N","Desha County, Arkansas","Private","NAICS 42445 Confectionery merchant wholesalers","County, NAICS 5-digit -- by ownership sector","All establishment sizes",1,0,0,0,0,0,0,"N",6.28,0,0,0,0,0,0,"N",0,0.0,0,0,0,0,0,0,0,0,0,0,0,0
"05041","5","424450","78","0","2022","A","N","Desha County, Arkansas","Private","NAICS 424450 Confectionery merchant wholesalers","County, NAICS 6-digit -- by ownership sector","All establishment sizes",1,0,0,0,0,0,0,"N",6.28,0,0,0,0,0,0,"N",0,0.0,0,0,0,0,0,0,0,0,0,0,0,0
"05041","5","42449","77","0","2022","A","N","Desha County, Arkansas","Private","NAICS 42449 Other grocery and related products merchant wholesalers","County, NAICS 5-digit -- by ownership sector","All establishment sizes",1,0,0,0,0,0,0,"N",1.29,0,0,0,0,0,0,"N",0,0.0,0,0,0,0,0,0,0,0,0,0,0,0
"05041","5","424490","78","0","2022","A","N","Desha County, Arkansas","Private","NAICS 424490 Other grocery and related products merchant wholesalers","County, NAICS 6-digit -- by ownership sector","All establishment sizes",1,0,0,0,0,0,0,"N",1.29,0,0,0,0,0,0,"N",0,0.0,0,0,0,0,0,0,0,0,0,0,0,0
"05041","5","4245","76","0","2022","A","N","Desha County, Arkansas","Private","NAICS 4245 Farm product raw material merchant wholesalers","County, NAICS 4-digit -- by ownership sector","All establishment sizes",3,0,0,0,0,0,0,"N",10.42,0,0,0,0,0,0,"N",0,0.0,0,0,0,0,0,0,0,0,0,0,0,0
"05041","5","42451","77","0","2022","A","N","Desha County, Arkansas","Private","NAICS 42451 Grain and field bean merchant wholesalers","County, NAICS 5-digit -- by ownership sector","All establishment sizes",2,0,0,0,0,0,0,"N",12.24,0,0,0,0,0,0,"N",0,0.0,0,0,0,0,0,0,0,0,0,0,0,0
"05041","5","424510","78","0","2022","A","N","Desha County, Arkansas","Private","NAICS 424510 Grain and field bean merchant wholesalers","County, NAICS 6-digit -- by ownership sector","All establishment sizes",2,0,0,0,0,0,0,"N",12.24,0,0,0,0,0,0,"N",0,0.0,0,0,0,0,0,0,0,0,0,0,0,0
"05041","5","42459","77","0","2022","A","N","Desha County, Arkansas","Private","NAICS 42459 Other farm product raw material merchant wholesalers","County, NAICS 5-digit -- by ownership sector","All establishment sizes",1,0,0,0,0,0,0,"N",13.98,0,0,0,0,0,0,"N",0,0.0,0,0,0,0,0,0,0,0,0,0,0,0
"05041","5","424590","78","0","2022","A","N","Desha County, Arkansas","Private","NAICS 424590 Other farm product raw material merchant wholesalers","County, NAICS 6-digit -- by ownership sector","All establishment sizes",1,0,0,0,0,0,0,"N",13.98,0,0,0,0,0,0,"N",0,0.0,0,0,0,0,0,0,0,0,0,0,0,0
"05041","5","4247","76","0","2022","A","N","Desha County, Arkansas","Private","NAICS 4247 Petroleum and petroleum products merchant wholesalers","County, NAICS 4-digit -- by ownership sector","All establishment sizes",2,0,0,0,0,0,0,"N",5.77,0,0,0,0,0,0,"N",0,0.0,0,0,0,0,0,0,0,0,0,0,0,0
"05041","5","42471","77","0","2022","A","N","Desha County, Arkansas","Private","NAICS 42471 Petroleum bulk stations and terminals","County, NAICS 5-digit -- by ownership sector","All establishment sizes",2,0,0,0,0,0,0,"N",17.69,0,0,0,0,0,0,"N",0,0.0,0,0,0,0,0,0,0,0,0,0,0,0
"05041","5","424710","78","0","2022","A","N","Desha County, Arkansas","Private","NAICS 424710 Petroleum bulk stations and terminals","County, NAICS 6-digit -- by ownership sector","All establishment sizes",2,0,0,0,0,0,0,"N",17.69,0,0,0,0,0,0,"N",0,0.0,0,0,0,0,0,0,0,0,0,0,0,0
"05041","5","4249","76","0","2022","A","","Desha County, Arkansas","Private","NAICS 4249 Miscellaneous nondurable goods merchant wholesalers","County, NAICS 4-digit -- by ownership sector","All establishment sizes",6,67,5016107,896824,5579,1436,74681,"",3.81,7.10,11.78,7.86,4.96,1.65,1.65,"",0,0.0,19,39.6,2092541,71.6,177544,24.7,-11492,-67.3,275,23.7,14298,23.7
"05041","5","42491","77","0","2022","A","","Desha County, Arkansas","Private","NAICS 42491 Farm supplies merchant wholesalers","County, NAICS 5-digit -- by ownership sector","All establishment sizes",6,67,5016107,896824,5579,1436,74681,"",11.31,19.64,28.91,19.33,13.89,1.47,1.47,"",0,0.0,19,39.6,2092541,71.6,177544,24.7,-11492,-67.3,275,23.7,14298,23.7
"05041","5","424910","78","0","2022","A","","Desha County, Arkansas","Private","NAICS 424910 Farm supplies merchant wholesalers","County, NAICS 6-digit -- by ownership sector","All establishment sizes",6,67,5016107,896824,5579,1436,74681,"",11.31,19.64,28.91,19.33,13.89,1.47,1.47,"",0,0.0,19,39.6,2092541,71.6,177544,24.7,-11492,-67.3,275,23.7,14298,23.7
"05041","5","425","75","0","2022","A","N","Desha County, Arkansas","Private","NAICS 425 Wholesale trade agents and brokers","County, NAICS 3-digit -- by ownership sector","All establishment sizes",1,0,0,0,0,0,0,"N",0.19,0,0,0,0,0,0,"N",0,0.0,0,0,0,0,0,0,0,0,0,0,0,0
"05041","5","4251","76","0","2022","A","N","Desha County, Arkansas","Private","NAICS 4251 Wholesale trade agents and brokers","County, NAICS 4-digit -- by ownership sector","All establishment sizes",1,0,0,0,0,0,0,"N",0.19,0,0,0,0,0,0,"N",0,0.0,0,0,0,0,0,0,0,0,0,0,0,0
"05041","5","42512","77","0","2022","A","N","Desha County, Arkansas","Private","NAICS 42512 Wholesale trade agents and brokers","County, NAICS 5-digit -- by ownership sector","All establishment sizes",1,0,0,0,0,0,0,"N",0.19,0,0,0,0,0,0,"N",0,0.0,0,0,0,0,0,0,0,0,0,0,0,0
"05041","5","425120","78","0","2022","A","N","Desha County, Arkansas","Private","NAICS 425120 Wholesale trade agents and brokers","County, NAICS 6-digit -- by ownership sector","All establishment sizes",1,0,0,0,0,0,0,"N",0.19,0,0,0,0,0,0,"N",0,0.0,0,0,0,0,0,0,0,0,0,0,0,0
"05041","5","44-45","74","0","2022","A","","Desha County, Arkansas","Private","NAICS 44-45 Retail trade","County, NAICS Sector -- by ownership sector","All establishment sizes",49,463,12179118,4450130,27388,506,26310,"",1.12,1.04,1.05,1.01,0.76,1.02,1.02,"",-1,-2.0,12,2.7,285122,2.4,137916,3.2,-2427,-8.1,-1,-0.2,-62,-0.2
"05041","5","441","75","0","2022","A","","Desha County, Arkansas","Private","NAICS 441 Motor vehicle and parts dealers","County, NAICS 3-digit -- by ownership sector","All establishment sizes",10,49,1844028,521956,1727,731,38021,"",1.97,0.85,0.71,0.78,0.29,0.85,0.85,"",-1,-9.1,-1,-2.0,-81606,-4.2,-49978,-8.7,-2261,-56.7,-17,-2.3,-881,-2.3
"05041","5","4411","76","0","2022","A","N","Desha County, Arkansas","Private","NAICS 4411 Automobile dealers","County, NAICS 4-digit -- by ownership sector","All establishment sizes",2,0,0,0,0,0,0,"N",1.01,0,0,0,0,0,0,"N",-1,-33.3,0,0,0,0,0,0,0,0,0,0,0,0
"05041","5","44111","77","0","2022","A","N","Desha County, Arkansas","Private","NAICS 44111 New car dealers","County, NAICS 5-digit -- by ownership sector","All establishment sizes",1,0,0,0,0,0,0,"N",1.16,0,0,0,0,0,0,"N",0,0.0,0,0,0,0,0,0,0,0,0,0,0,0
"05041","5","441110","78","0","2022","A","N","Desha County, Arkansas","Private","NAICS 441110 New car dealers","County, NAICS 6-digit -- by ownership sector","All establishment sizes",1,0,0,0,0,0,0,"N",1.16,0,0,0,0,0,0,"N",0,0.0,0,0,0,0,0,0,0,0,0,0,0,0
"05041","5","44112","77","0","2022","A","N","Desha County, Arkansas","Private","NAICS 44112 Used car dealers","County, NAICS 5-digit -- by ownership sector","All establishment sizes",1,0,0,0,0,0,0,"N",0.90,0,0,0,0,0,0,"N",-1,-50.0,0,0,0,0,0,0,0,0,0,0,0,0
"05041","5","441120","78","0","2022","A","N","Desha County, Arkansas","Private","NAICS 441120 Used car dealers","County, NAICS 6-digit -- by ownership sector","All establishment sizes",1,0,0,0,0,0,0,"N",0.90,0,0,0,0,0,0,"N",-1,-50.0,0,0,0,0,0,0,0,0,0,0,0,0
"05041","5","4413","76","0","2022","A","N","Desha County, Arkansas","Private","NAICS 4413 Automotive parts, accessories, and tire retailers","County, NAICS 4-digit -- by ownership sector","All establishment sizes",8,0,0,0,0,0,0,"N",3.24,0,0,0,0,0,0,"N",0,0.0,0,0,0,0,0,0,0,0,0,0,0,0
"05041","5","44133","77","0","2022","A","","Desha County, Arkansas","Private","NAICS 44133 Automotive parts and accessories retailers","County, NAICS 5-digit -- by ownership sector","All establishment sizes",7,28,937551,295545,1048,634,32993,"",4.32,2.50,3.36,2.65,1.30,1.32,1.32,"N",7,100.0,0,0,0,0,0,0,0,0,0,0,0,0
"05041","5","441330","78","0","2022","A","","Desha County, Arkansas","Private","NAICS 441330 Automotive parts and accessories retailers","County, NAICS 6-digit -- by ownership sector","All establishment sizes",7,28,937551,295545,1048,634,32993,"",4.32,2.50,3.36,2.65,1.30,1.32,1.32,"N",7,100.0,0,0,0,0,0,0,0,0,0,0,0,0
"05041","5","44134","77","0","2022","A","N","Desha County, Arkansas","Private","NAICS 44134 Tire dealers","County, NAICS 5-digit -- by ownership sector","All establishment sizes",1,0,0,0,0,0,0,"N",1.18,0,0,0,0,0,0,"N",1,100.0,0,0,0,0,0,0,0,0,0,0,0,0
"05041","5","441340","78","0","2022","A","N","Desha County, Arkansas","Private","NAICS 441340 Tire dealers","County, NAICS 6-digit -- by ownership sector","All establishment sizes",1,0,0,0,0,0,0,"N",1.18,0,0,0,0,0,0,"N",1,100.0,0,0,0,0,0,0,0,0,0,0,0,0
"05041","5","444","75","0","2022","A","N","Desha County, Arkansas","Private","NAICS 444 Building material and garden equipment and supplies dealers","County, NAICS 3-digit -- by ownership sector","All establishment sizes",2,0,0,0,0,0,0,"N",0.67,0,0,0,0,0,0,"N",0,0.0,0,0,0,0,0,0,0,0,0,0,0,0
"05041","5","4441","76","0","2022","A","N","Desha County, Arkansas","Private","NAICS 4441 Building material and supplies dealers","County, NAICS 4-digit -- by ownership sector","All establishment sizes",2,0,0,0,0,0,0,"N",0.89,0,0,0,0,0,0,"N",0,0.0,0,0,0,0,0,0,0,0,0,0,0,0
"05041","5","44414","77","0","2022","A","N","Desha County, Arkansas","Private","NAICS 44414 Hardware retailers","County, NAICS 5-digit -- by ownership sector","All establishment sizes",1,0,0,0,0,0,0,"N",1.57,0,0,0,0,0,0,"N",1,100.0,0,0,0,0,0,0,0,0,0,0,0,0
"05041","5","444140","78","0","2022","A","N","Desha County, Arkansas","Private","NAICS 444140 Hardware retailers","County, NAICS 6-digit -- by ownership sector","All establishment sizes",1,0,0,0,0,0,0,"N",1.57,0,0,0,0,0,0,"N",1,100.0,0,0,0,0,0,0,0,0,0,0,0,0
"05041","5","44418","77","0","2022","A","N","Desha County, Arkansas","Private","NAICS 44418 Other building material dealers","County, NAICS 5-digit -- by ownership sector","All establishment sizes",1,0,0,0,0,0,0,"N",1.06,0,0,0,0,0,0,"N",1,100.0,0,0,0,0,0,0,0,0,0,0,0,0
"05041","5","444180","78","0","2022","A","N","Desha County, Arkansas","Private","NAICS 444180 Other building material dealers","County, NAICS 6-digit -- by ownership sector","All establishment sizes",1,0,0,0,0,0,0,"N",1.06,0,0,0,0,0,0,"N",1,100.0,0,0,0,0,0,0,0,0,0,0,0,0
"05041","5","445","75","0","2022","A","N","Desha County, Arkansas","Private","NAICS 445 Food and beverage retailers","County, NAICS 3-digit -- by ownership sector","All establishment sizes",7,0,0,0,0,0,0,"N",1.08,0,0,0,0,0,0,"N",-3,-30.0,0,0,0,0,0,0,0,0,0,0,0,0
"05041","5","4451","76","0","2022","A","N","Desha County, Arkansas","Private","NAICS 4451 Grocery and convenience retailers","County, NAICS 4-digit -- by ownership sector","All establishment sizes",5,0,0,0,0,0,0,"N",1.26,0,0,0,0,0,0,"N",-1,-16.7,0,0,0,0,0,0,0,0,0,0,0,0
"05041","5","44511","77","0","2022","A","N","Desha County, Arkansas","Private","NAICS 44511 Supermarkets and other grocery retailers (except convenience retailers)","County, NAICS 5-digit -- by ownership sector","All establishment sizes",3,0,0,0,0,0,0,"N",1.25,0,0,0,0,0,0,"N",0,0.0,0,0,0,0,0,0,0,0,0,0,0,0
"05041","5","445110","78","0","2022","A","N","Desha County, Arkansas","Private","NAICS 445110 Supermarkets and other grocery retailers (except convenience retailers)","County, NAICS 6-digit -- by ownership sector","All establishment sizes",3,0,0,0,0,0,0,"N",1.25,0,0,0,0,0,0,"N",0,0.0,0,0,0,0,0,0,0,0,0,0,0,0
"05041","5","44513","77","0","2022","A","N","Desha County, Arkansas","Private","NAICS 44513 Convenience retailers and vending machine operators","County, NAICS 5-digit -- by ownership sector","All establishment sizes",2,0,0,0,0,0,0,"N",1.27,0,0,0,0,0,0,"N",2,100.0,0,0,0,0,0,0,0,0,0,0,0,0
"05041","5","445131","78","0","2022","A","N","Desha County, Arkansas","Private","NAICS 445131 Convenience retailers","County, NAICS 6-digit -- by ownership sector","All establishment sizes",2,0,0,0,0,0,0,"N",1.39,0,0,0,0,0,0,"N",2,100.0,0,0,0,0,0,0,0,0,0,0,0,0
"05041","5","4453","76","0","2022","A","N","Desha County, Arkansas","Private","NAICS 4453 Beer, wine, and liquor retailers","County, NAICS 4-digit -- by ownership sector","All establishment sizes",2,0,0,0,0,0,0,"N",1.46,0,0,0,0,0,0,"N",-2,-50.0,0,0,0,0,0,0,0,0,0,0,0,0
"05041","5","44532","77","0","2022","A","N","Desha County, Arkansas","Private","NAICS 44532 Beer, wine, and liquor retailers","County, NAICS 5-digit -- by ownership sector","All establishment sizes",2,0,0,0,0,0,0,"N",1.46,0,0,0,0,0,0,"N",2,100.0,0,0,0,0,0,0,0,0,0,0,0,0
"05041","5","445320","78","0","2022","A","N","Desha County, Arkansas","Private","NAICS 445320 Beer, wine, and liquor retailers","County, NAICS 6-digit -- by ownership sector","All establishment sizes",2,0,0,0,0,0,0,"N",1.46,0,0,0,0,0,0,"N",2,100.0,0,0,0,0,0,0,0,0,0,0,0,0
"05041","5","449","75","0","2022","A","","Desha County, Arkansas","Private","NAICS 449 Furniture, home furnishings, electronics, and appliance retailers","County, NAICS 3-digit -- by ownership sector","All establishment sizes",4,8,133691,68266,206,315,16370,"",1.05,0.31,0.14,0.25,0.08,0.45,0.45,"N",4,100.0,0,0,0,0,0,0,0,0,0,0,0,0
"05041","5","4491","76","0","2022","A","N","Desha County, Arkansas","Private","NAICS 4491 Furniture and home furnishings retailers","County, NAICS 4-digit -- by ownership sector","All establishment sizes",2,0,0,0,0,0,0,"N",1.02,0,0,0,0,0,0,"N",2,100.0,0,0,0,0,0,0,0,0,0,0,0,0
"05041","5","44911","77","0","2022","A","N","Desha County, Arkansas","Private","NAICS 44911 Furniture retailers","County, NAICS 5-digit -- by ownership sector","All establishment sizes",1,0,0,0,0,0,0,"N",1.05,0,0,0,0,0,0,"N",1,100.0,0,0,0,0,0,0,0,0,0,0,0,0
"05041","5","449110","78","0","2022","A","N","Desha County, Arkansas","Private","NAICS 449110 Furniture retailers","County, NAICS 6-digit -- by ownership sector","All establishment sizes",1,0,0,0,0,0,0,"N",1.05,0,0,0,0,0,0,"N",1,100.0,0,0,0,0,0,0,0,0,0,0,0,0
"05041","5","44912","77","0","2022","A","N","Desha County, Arkansas","Private","NAICS 44912 Home furnishings retailers","County, NAICS 5-digit -- by ownership sector","All establishment sizes",1,0,0,0,0,0,0,"N",0.99,0,0,0,0,0,0,"N",1,100.0,0,0,0,0,0,0,0,0,0,0,0,0
"05041","5","449121","78","0","2022","A","N","Desha County, Arkansas","Private","NAICS 449121 Floor covering retailers","County, NAICS 6-digit -- by ownership sector","All establishment sizes",1,0,0,0,0,0,0,"N",2.59,0,0,0,0,0,0,"N",1,100.0,0,0,0,0,0,0,0,0,0,0,0,0
"05041","5","4492","76","0","2022","A","N","Desha County, Arkansas","Private","NAICS 4492 Electronics and appliance retailers","County, NAICS 4-digit -- by ownership sector","All establishment sizes",2,0,0,0,0,0,0,"N",1.08,0,0,0,0,0,0,"N",2,100.0,0,0,0,0,0,0,0,0,0,0,0,0
"05041","5","44921","77","0","2022","A","N","Desha County, Arkansas","Private","NAICS 44921 Electronics and appliance retailers","County, NAICS 5-digit -- by ownership sector","All establishment sizes",2,0,0,0,0,0,0,"N",1.08,0,0,0,0,0,0,"N",2,100.0,0,0,0,0,0,0,0,0,0,0,0,0
"05041","5","449210","78","0","2022","A","N","Desha County, Arkansas","Private","NAICS 449210 Electronics and appliance retailers","County, NAICS 6-digit -- by ownership sector","All establishment sizes",2,0,0,0,0,0,0,"N",1.08,0,0,0,0,0,0,"N",2,100.0,0,0,0,0,0,0,0,0,0,0,0,0
"05041","5","455","75","0","2022","A","","Desha County, Arkansas","Private","NAICS 455 General merchandise retailers","County, NAICS 3-digit -- by ownership sector","All establishment sizes",6,138,3918182,833021,2793,546,28375,"",1.91,1.50,2.12,0.98,0.46,1.41,1.41,"N",6,100.0,0,0,0,0,0,0,0,0,0,0,0,0
"05041","5","4551","76","0","2022","A","N","Desha County, Arkansas","Private","NAICS 4551 Department stores","County, NAICS 4-digit -- by ownership sector","All establishment sizes",1,0,0,0,0,0,0,"N",2.12,0,0,0,0,0,0,"N",1,100.0,0,0,0,0,0,0,0,0,0,0,0,0
"05041","5","45511","77","0","2022","A","N","Desha County, Arkansas","Private","NAICS 45511 Department stores","County, NAICS 5-digit -- by ownership sector","All establishment sizes",1,0,0,0,0,0,0,"N",2.12,0,0,0,0,0,0,"N",1,100.0,0,0,0,0,0,0,0,0,0,0,0,0
"05041","5","455110","78","0","2022","A","N","Desha County, Arkansas","Private","NAICS 455110 Department stores","County, NAICS 6-digit -- by ownership sector","All establishment sizes",1,0,0,0,0,0,0,"N",2.12,0,0,0,0,0,0,"N",1,100.0,0,0,0,0,0,0,0,0,0,0,0,0
"05041","5","4552","76","0","2022","A","N","Desha County, Arkansas","Private","NAICS 4552 Warehouse clubs, supercenters, and other general merchandise retailers","County, NAICS 4-digit -- by ownership sector","All establishment sizes",5,0,0,0,0,0,0,"N",1.87,0,0,0,0,0,0,"N",5,100.0,0,0,0,0,0,0,0,0,0,0,0,0
"05041","5","45521","77","0","2022","A","N","Desha County, Arkansas","Private","NAICS 45521 Warehouse clubs, supercenters, and other general merchandise retailers","County, NAICS 5-digit -- by ownership sector","All establishment sizes",5,0,0,0,0,0,0,"N",1.87,0,0,0,0,0,0,"N",5,100.0,0,0,0,0,0,0,0,0,0,0,0,0
"05041","5","455219","78","0","2022","A","N","Desha County, Arkansas","Private","NAICS 455219 All other general merchandise retailers","County, NAICS 6-digit -- by ownership sector","All establishment sizes",5,0,0,0,0,0,0,"N",2.07,0,0,0,0,0,0,"N",5,100.0,0,0,0,0,0,0,0,0,0,0,0,0
"05041","5","456","75","0","2022","A","","Desha County, Arkansas","Private","NAICS 456 Health and personal care retailers","County, NAICS 3-digit -- by ownership sector","All establishment sizes",5,41,1603970,497208,8799,760,39523,"",1.03,1.29,1.69,1.60,3.45,1.32,1.32,"N",5,100.0,0,0,0,0,0,0,0,0,0,0,0,0
"05041","5","4561","76","0","2022","A","","Desha County, Arkansas","Private","NAICS 4561 Health and personal care retailers","County, NAICS 4-digit -- by ownership sector","All establishment sizes",5,41,1603970,497208,8799,760,39523,"",1.03,1.29,1.69,1.60,3.45,1.32,1.32,"N",5,100.0,0,0,0,0,0,0,0,0,0,0,0,0
"05041","5","45611","77","0","2022","A","N","Desha County, Arkansas","Private","NAICS 45611 Pharmacies and drug retailers","County, NAICS 5-digit -- by ownership sector","All establishment sizes",4,0,0,0,0,0,0,"N",1.48,0,0,0,0,0,0,"N",4,100.0,0,0,0,0,0,0,0,0,0,0,0,0
"05041","5","456110","78","0","2022","A","N","Desha County, Arkansas","Private","NAICS 456110 Pharmacies and drug retailers","County, NAICS 6-digit -- by ownership sector","All establishment sizes",4,0,0,0,0,0,0,"N",1.48,0,0,0,0,0,0,"N",4,100.0,0,0,0,0,0,0,0,0,0,0,0,0
"05041","5","45612","77","0","2022","A","N","Desha County, Arkansas","Private","NAICS 45612 Cosmetics, beauty supplies, and perfume retailers","County, NAICS 5-digit -- by ownership sector","All establishment sizes",1,0,0,0,0,0,0,"N",1.26,0,0,0,0,0,0,"N",1,100.0,0,0,0,0,0,0,0,0,0,0,0,0
"05041","5","456120","78","0","2022","A","N","Desha County, Arkansas","Private","NAICS 456120 Cosmetics, beauty supplies, and perfume retailers","County, NAICS 6-digit -- by ownership sector","All establishment sizes",1,0,0,0,0,0,0,"N",1.26,0,0,0,0,0,0,"N",1,100.0,0,0,0,0,0,0,0,0,0,0,0,0
"05041","5","457","75","0","2022","A","","Desha County, Arkansas","Private","NAICS 457 Gasoline stations and fuel dealers","County, NAICS 3-digit -- by ownership sector","All establishment sizes",8,79,1552527,911348,5451,377,19590,"",1.66,2.66,2.57,2.83,2.27,0.96,0.96,"N",8,100.0,0,0,0,0,0,0,0,0,0,0,0,0
"05041","5","4571","76","0","2022","A","","Desha County, Arkansas","Private","NAICS 4571 Gasoline stations","County, NAICS 4-digit -- by ownership sector","All establishment sizes",8,79,1552527,911348,5451,377,19590,"",1.78,2.85,3.01,3.08,2.66,1.05,1.05,"N",8,100.0,0,0,0,0,0,0,0,0,0,0,0,0
"05041","5","45711","77","0","2022","A","","Desha County, Arkansas","Private","NAICS 45711 Gasoline stations with convenience stores","County, NAICS 5-digit -- by ownership sector","All establishment sizes",8,79,1552527,911348,5451,377,19590,"",1.95,3.17,3.43,3.41,2.99,1.08,1.08,"N",8,100.0,0,0,0,0,0,0,0,0,0,0,0,0
"05041","5","457110","78","0","2022","A","","Desha County, Arkansas","Private","NAICS 457110 Gasoline stations with convenience stores","County, NAICS 6-digit -- by ownership sector","All establishment sizes",8,79,1552527,911348,5451,377,19590,"",1.95,3.17,3.43,3.41,2.99,1.08,1.08,"N",8,100.0,0,0,0,0,0,0,0,0,0,0,0,0
"05041","5","458","75","0","2022","A","N","Desha County, Arkansas","Private","NAICS 458 Clothing, clothing accessories, shoe, and jewelry retailers","County, NAICS 3-digit -- by ownership sector","All establishment sizes",2,0,0,0,0,0,0,"N",0.41,0,0,0,0,0,0,"N",2,100.0,0,0,0,0,0,0,0,0,0,0,0,0
"05041","5","4581","76","0","2022","A","N","Desha County, Arkansas","Private","NAICS 4581 Clothing and clothing accessories retailers","County, NAICS 4-digit -- by ownership sector","All establishment sizes",2,0,0,0,0,0,0,"N",0.59,0,0,0,0,0,0,"N",2,100.0,0,0,0,0,0,0,0,0,0,0,0,0
"05041","5","45811","77","0","2022","A","N","Desha County, Arkansas","Private","NAICS 45811 Clothing and clothing accessories retailers","County, NAICS 5-digit -- by ownership sector","All establishment sizes",2,0,0,0,0,0,0,"N",0.59,0,0,0,0,0,0,"N",2,100.0,0,0,0,0,0,0,0,0,0,0,0,0
"05041","5","458110","78","0","2022","A","N","Desha County, Arkansas","Private","NAICS 458110 Clothing and clothing accessories retailers","County, NAICS 6-digit -- by ownership sector","All establishment sizes",2,0,0,0,0,0,0,"N",0.59,0,0,0,0,0,0,"N",2,100.0,0,0,0,0,0,0,0,0,0,0,0,0
"05041","5","459","75","0","2022","A","","Desha County, Arkansas","Private","NAICS 459 Sporting goods, hobby, musical instrument, book, and miscellaneous retailers","County, NAICS 3-digit -- by ownership sector","All establishment sizes",5,13,254689,160135,2880,370,19222,"",0.66,0.30,0.25,0.39,0.76,0.84,0.84,"N",5,100.0,0,0,0,0,0,0,0,0,0,0,0,0
"05041","5","4593","76","0","2022","A","N","Desha County, Arkansas","Private","NAICS 4593 Florists","County, NAICS 4-digit -- by ownership sector","All establishment sizes",2,0,0,0,0,0,0,"N",3.90,0,0,0,0,0,0,"N",2,100.0,0,0,0,0,0,0,0,0,0,0,0,0
"05041","5","45931","77","0","2022","A","N","Desha County, Arkansas","Private","NAICS 45931 Florists","County, NAICS 5-digit -- by ownership sector","All establishment sizes",2,0,0,0,0,0,0,"N",3.90,0,0,0,0,0,0,"N",2,100.0,0,0,0,0,0,0,0,0,0,0,0,0
"05041","5","459310","78","0","2022","A","N","Desha County, Arkansas","Private","NAICS 459310 Florists","County, NAICS 6-digit -- by ownership sector","All establishment sizes",2,0,0,0,0,0,0,"N",3.90,0,0,0,0,0,0,"N",2,100.0,0,0,0,0,0,0,0,0,0,0,0,0
"05041","5","4599","76","0","2022","A","N","Desha County, Arkansas","Private","NAICS 4599 Other miscellaneous retailers","County, NAICS 4-digit -- by ownership sector","All establishment sizes",3,0,0,0,0,0,0,"N",0.99,0,0,0,0,0,0,"N",3,100.0,0,0,0,0,0,0,0,0,0,0,0,0
"05041","5","45992","77","0","2022","A","N","Desha County, Arkansas","Private","NAICS 45992 Art dealers","County, NAICS 5-digit -- by ownership sector","All establishment sizes",1,0,0,0,0,0,0,"N",4.58,0,0,0,0,0,0,"N",1,100.0,0,0,0,0,0,0,0,0,0,0,0,0
"05041","5","459920","78","0","2022","A","N","Desha County, Arkansas","Private","NAICS 459920 Art dealers","County, NAICS 6-digit -- by ownership sector","All establishment sizes",1,0,0,0,0,0,0,"N",4.58,0,0,0,0,0,0,"N",1,100.0,0,0,0,0,0,0,0,0,0,0,0,0
"05041","5","45999","77","0","2022","A","N","Desha County, Arkansas","Private","NAICS 45999 All other miscellaneous retailers","County, NAICS 5-digit -- by ownership sector","All establishment sizes",2,0,0,0,0,0,0,"N",0.88,0,0,0,0,0,0,"N",2,100.0,0,0,0,0,0,0,0,0,0,0,0,0
"05041","5","459991","78","0","2022","A","N","Desha County, Arkansas","Private","NAICS 459991 Tobacco, electronic cigarette, and other smoking supplies retailers","County, NAICS 6-digit -- by ownership sector","All establishment sizes",2,0,0,0,0,0,0,"N",2.32,0,0,0,0,0,0,"N",2,100.0,0,0,0,0,0,0,0,0,0,0,0,0
"05041","5","48-49","74","0","2022","A","N","Desha County, Arkansas","Private","NAICS 48-49 Transportation and warehousing","County, NAICS Sector -- by ownership sector","All establishment sizes",25,0,0,0,0,0,0,"N",1.95,0,0,0,0,0,0,"N",0,0.0,0,0,0,0,0,0,0,0,0,0,0,0
"05041","5","484","75","0","2022","A","","Desha County, Arkansas","Private","NAICS 484 Truck transportation","County, NAICS 3-digit -- by ownership sector","All establishment sizes",17,55,2436695,616096,4873,856,44506,"",2.36,1.22,1.32,1.07,0.85,1.09,1.09,"",1,6.2,-5,-8.3,-65933,-2.6,-106210,-14.7,-3139,-39.2,53,6.6,2738,6.6
"05041","5","4841","76","0","2022","A","","Desha County, Arkansas","Private","NAICS 4841 General freight trucking","County, NAICS 4-digit -- by ownership sector","All establishment sizes",8,21,700567,231330,848,652,33898,"",1.61,0.66,0.53,0.57,0.23,0.82,0.82,"N",1,14.3,0,0,0,0,0,0,0,0,0,0,0,0
"05041","5","48411","77","0","2022","A","N","Desha County, Arkansas","Private","NAICS 48411 General freight trucking, local","County, NAICS 5-digit -- by ownership sector","All establishment sizes",1,0,0,0,0,0,0,"N",0.51,0,0,0,0,0,0,"N",1,100.0,0,0,0,0,0,0,0,0,0,0,0,0
"05041","5","484110","78","0","2022","A","N","Desha County, Arkansas","Private","NAICS 484110 General freight trucking, local","County, NAICS 6-digit -- by ownership sector","All establishment sizes",1,0,0,0,0,0,0,"N",0.51,0,0,0,0,0,0,"N",1,100.0,0,0,0,0,0,0,0,0,0,0,0,0
"05041","5","48412","77","0","2022","A","N","Desha County, Arkansas","Private","NAICS 48412 General freight trucking, long-distance","County, NAICS 5-digit -- by ownership sector","All establishment sizes",7,0,0,0,0,0,0,"N",2.32,0,0,0,0,0,0,"N",0,0.0,0,0,0,0,0,0,0,0,0,0,0,0
"05041","5","484121","78","0","2022","A","","Desha County, Arkansas","Private","NAICS 484121 General freight trucking, long-distance, truckload","County, NAICS 6-digit -- by ownership sector","All establishment sizes",6,16,491782,170435,510,600,31224,"",2.41,1.03,0.77,0.85,0.31,0.76,0.76,"N",0,0.0,0,0,0,0,0,0,0,0,0,0,0,0
"05041","5","484122","78","0","2022","A","N","Desha County, Arkansas","Private","NAICS 484122 General freight trucking, long-distance, less than truckload","County, NAICS 6-digit -- by ownership sector","All establishment sizes",1,0,0,0,0,0,0,"N",1.91,0,0,0,0,0,0,"N",0,0.0,0,0,0,0,0,0,0,0,0,0,0,0
"05041","5","4842","76","0","2022","A","","Desha County, Arkansas","Private","NAICS 4842 Specialized freight trucking","County, NAICS 4-digit -- by ownership sector","All establishment sizes",10,34,1736128,384766,4025,980,50938,"",4.47,2.57,3.23,2.26,2.04,1.26,1.26,"N",1,11.1,0,0,0,0,0,0,0,0,0,0,0,0
"05041","5","48422","77","0","2022","A","","Desha County, Arkansas","Private","NAICS 48422 Specialized freight (except used goods) trucking, local","County, NAICS 5-digit -- by ownership sector","All establishment sizes",10,34,1736128,384766,4025,980,50938,"",7.71,5.30,6.59,4.49,3.49,1.24,1.24,"N",1,11.1,0,0,0,0,0,0,0,0,0,0,0,0
"05041","5","484220","78","0","2022","A","","Desha County, Arkansas","Private","NAICS 484220 Specialized freight (except used goods) trucking, local","County, NAICS 6-digit -- by ownership sector","All establishment sizes",10,34,1736128,384766,4025,980,50938,"",7.71,5.30,6.59,4.49,3.49,1.24,1.24,"N",1,11.1,0,0,0,0,0,0,0,0,0,0,0,0
"05041","5","488","75","0","2022","A","N","Desha County, Arkansas","Private","NAICS 488 Support activities for transportation","County, NAICS 3-digit -- by ownership sector","All establishment sizes",4,0,0,0,0,0,0,"N",1.78,0,0,0,0,0,0,"N",0,0.0,0,0,0,0,0,0,0,0,0,0,0,0
"05041","5","4881","76","0","2022","A","N","Desha County, Arkansas","Private","NAICS 4881 Support activities for air transportation","County, NAICS 4-digit -- by ownership sector","All establishment sizes",1,0,0,0,0,0,0,"N",2.76,0,0,0,0,0,0,"N",0,0.0,0,0,0,0,0,0,0,0,0,0,0,0
"05041","5","48819","77","0","2022","A","N","Desha County, Arkansas","Private","NAICS 48819 Other support activities for air transportation","County, NAICS 5-digit -- by ownership sector","All establishment sizes",1,0,0,0,0,0,0,"N",3.77,0,0,0,0,0,0,"N",0,0.0,0,0,0,0,0,0,0,0,0,0,0,0
"05041","5","488190","78","0","2022","A","N","Desha County, Arkansas","Private","NAICS 488190 Other support activities for air transportation","County, NAICS 6-digit -- by ownership sector","All establishment sizes",1,0,0,0,0,0,0,"N",3.77,0,0,0,0,0,0,"N",0,0.0,0,0,0,0,0,0,0,0,0,0,0,0
"05041","5","4883","76","0","2022","A","N","Desha County, Arkansas","Private","NAICS 4883 Support activities for water transportation","County, NAICS 4-digit -- by ownership sector","All establishment sizes",2,0,0,0,0,0,0,"N",16.87,0,0,0,0,0,0,"N",0,0.0,0,0,0,0,0,0,0,0,0,0,0,0
"05041","5","48832","77","0","2022","A","N","Desha County, Arkansas","Private","NAICS 48832 Marine cargo handling","County, NAICS 5-digit -- by ownership sector","All establishment sizes",2,0,0,0,0,0,0,"N",58.79,0,0,0,0,0,0,"N",0,0.0,0,0,0,0,0,0,0,0,0,0,0,0
"05041","5","488320","78","0","2022","A","N","Desha County, Arkansas","Private","NAICS 488320 Marine cargo handling","County, NAICS 6-digit -- by ownership sector","All establishment sizes",2,0,0,0,0,0,0,"N",58.79,0,0,0,0,0,0,"N",0,0.0,0,0,0,0,0,0,0,0,0,0,0,0
"05041","5","4885","76","0","2022","A","N","Desha County, Arkansas","Private","NAICS 4885 Freight transportation arrangement","County, NAICS 4-digit -- by ownership sector","All establishment sizes",1,0,0,0,0,0,0,"N",1.06,0,0,0,0,0,0,"N",0,0.0,0,0,0,0,0,0,0,0,0,0,0,0
"05041","5","48851","77","0","2022","A","N","Desha County, Arkansas","Private","NAICS 48851 Freight transportation arrangement","County, NAICS 5-digit -- by ownership sector","All establishment sizes",1,0,0,0,0,0,0,"N",1.06,0,0,0,0,0,0,"N",0,0.0,0,0,0,0,0,0,0,0,0,0,0,0
"05041","5","488510","78","0","2022","A","N","Desha County, Arkansas","Private","NAICS 488510 Freight transportation arrangement","County, NAICS 6-digit -- by ownership sector","All establishment sizes",1,0,0,0,0,0,0,"N",1.06,0,0,0,0,0,0,"N",0,0.0,0,0,0,0,0,0,0,0,0,0,0,0
"05041","5","493","75","0","2022","A","","Desha County, Arkansas","Private","NAICS 493 Warehousing and storage","County, NAICS 3-digit -- by ownership sector","All establishment sizes",4,63,4135793,781736,53716,1261,65561,"",4.56,1.14,2.42,1.25,7.85,2.11,2.11,"",-1,-20.0,2,3.3,530673,14.7,-17470,-2.2,4573,9.3,124,10.9,6461,10.9
"05041","5","4931","76","0","2022","A","","Desha County, Arkansas","Private","NAICS 4931 Warehousing and storage","County, NAICS 4-digit -- by ownership sector","All establishment sizes",4,63,4135793,781736,53716,1261,65561,"",4.56,1.14,2.42,1.25,7.85,2.11,2.11,"",-1,-20.0,2,3.3,530673,14.7,-17470,-2.2,4573,9.3,124,10.9,6461,10.9
"05041","5","49313","77","0","2022","A","","Desha County, Arkansas","Private","NAICS 49313 Farm product warehousing and storage","County, NAICS 5-digit -- by ownership sector","All establishment sizes",4,63,4135793,781736,53716,1261,65561,"",102.65,215.40,382.42,207.70,1385.35,1.77,1.77,"N",0,0.0,0,0,0,0,0,0,0,0,0,0,0,0
"05041","5","493130","78","0","2022","A","","Desha County, Arkansas","Private","NAICS 493130 Farm product warehousing and storage","County, NAICS 6-digit -- by ownership sector","All establishment sizes",4,63,4135793,781736,53716,1261,65561,"",102.65,215.40,382.42,207.70,1385.35,1.77,1.77,"N",0,0.0,0,0,0,0,0,0,0,0,0,0,0,0
"05041","5","51","74","0","2022","A","","Desha County, Arkansas","Private","NAICS 51 Information","County, NAICS Sector -- by ownership sector","All establishment sizes",4,20,1187839,285502,898,1133,58901,"",0.37,0.23,0.15,0.24,0.06,0.63,0.63,"",0,0.0,0,0.0,69082,6.2,55615,24.2,84,10.3,48,4.4,2493,4.4
"05041","5","513","75","0","2022","A","N","Desha County, Arkansas","Private","NAICS 513 Publishing industries","County, NAICS 3-digit -- by ownership sector","All establishment sizes",2,0,0,0,0,0,0,"N",0.46,0,0,0,0,0,0,"N",2,100.0,0,0,0,0,0,0,0,0,0,0,0,0
"05041","5","5131","76","0","2022","A","N","Desha County, Arkansas","Private","NAICS 5131 Newspaper, periodical, book, and directory publishers","County, NAICS 4-digit -- by ownership sector","All establishment sizes",2,0,0,0,0,0,0,"N",1.60,0,0,0,0,0,0,"N",2,100.0,0,0,0,0,0,0,0,0,0,0,0,0
"05041","5","51311","77","0","2022","A","N","Desha County, Arkansas","Private","NAICS 51311 Newspaper publishers","County, NAICS 5-digit -- by ownership sector","All establishment sizes",2,0,0,0,0,0,0,"N",6.58,0,0,0,0,0,0,"N",2,100.0,0,0,0,0,0,0,0,0,0,0,0,0
"05041","5","513110","78","0","2022","A","N","Desha County, Arkansas","Private","NAICS 513110 Newspaper publishers","County, NAICS 6-digit -- by ownership sector","All establishment sizes",2,0,0,0,0,0,0,"N",6.58,0,0,0,0,0,0,"N",2,100.0,0,0,0,0,0,0,0,0,0,0,0,0
"05041","5","517","75","0","2022","A","N","Desha County, Arkansas","Private","NAICS 517 Telecommunications","County, NAICS 3-digit -- by ownership sector","All establishment sizes",2,0,0,0,0,0,0,"N",1.31,0,0,0,0,0,0,"N",0,0.0,0,0,0,0,0,0,0,0,0,0,0,0
"05041","5","5171","76","0","2022","A","N","Desha County, Arkansas","Private","NAICS 5171 Wired and wireless telecommunications (except satellite)","County, NAICS 4-digit -- by ownership sector","All establishment sizes",2,0,0,0,0,0,0,"N",1.54,0,0,0,0,0,0,"N",2,100.0,0,0,0,0,0,0,0,0,0,0,0,0
"05041","5","51711","77","0","2022","A","N","Desha County, Arkansas","Private","NAICS 51711 Wired and wireless telecommunications carriers (except satellite)","County, NAICS 5-digit -- by ownership sector","All establishment sizes",2,0,0,0,0,0,0,"N",1.80,0,0,0,0,0,0,"N",2,100.0,0,0,0,0,0,0,0,0,0,0,0,0
"05041","5","517111","78","0","2022","A","N","Desha County, Arkansas","Private","NAICS 517111 Wired telecommunications carriers","County, NAICS 6-digit -- by ownership sector","All establishment sizes",2,0,0,0,0,0,0,"N",2.41,0,0,0,0,0,0,"N",2,100.0,0,0,0,0,0,0,0,0,0,0,0,0
"05041","5","52","74","0","2022","A","","Desha County, Arkansas","Private","NAICS 52 Finance and insurance","County, NAICS Sector -- by ownership sector","All establishment sizes",14,117,6868943,1251977,4053,1128,58667,"",0.60,0.65,0.45,0.58,0.20,0.69,0.69,"",0,0.0,-2,-1.7,413084,6.4,-29233,-2.3,-1067,-20.8,83,7.9,4302,7.9
"05041","5","522","75","0","2022","A","","Desha County, Arkansas","Private","NAICS 522 Credit intermediation and related activities","County, NAICS 3-digit -- by ownership sector","All establishment sizes",4,100,6159899,1049298,3149,1189,61805,"",0.50,1.29,1.16,1.15,0.38,0.90,0.90,"",0,0.0,5,5.3,613337,11.1,24449,2.4,-52,-1.6,60,5.3,3111,5.3
"05041","5","5221","76","0","2022","A","","Desha County, Arkansas","Private","NAICS 5221 Depository credit intermediation","County, NAICS 4-digit -- by ownership sector","All establishment sizes",4,100,6159899,1049298,3149,1189,61805,"",0.91,1.96,1.86,1.75,0.65,0.95,0.95,"",0,0.0,5,5.3,613337,11.1,24449,2.4,-52,-1.6,60,5.3,3111,5.3
"05041","5","52211","77","0","2022","A","","Desha County, Arkansas","Private","NAICS 52211 Commercial banking","County, NAICS 5-digit -- by ownership sector","All establishment sizes",4,100,6159899,1049298,3149,1189,61805,"",1.21,2.52,2.22,2.28,0.83,0.88,0.88,"",0,0.0,5,5.3,613337,11.1,24449,2.4,-52,-1.6,60,5.3,3111,5.3
"05041","5","522110","78","0","2022","A","","Desha County, Arkansas","Private","NAICS 522110 Commercial banking","County, NAICS 6-digit -- by ownership sector","All establishment sizes",4,100,6159899,1049298,3149,1189,61805,"",1.21,2.52,2.22,2.28,0.83,0.88,0.88,"",0,0.0,5,5.3,613337,11.1,24449,2.4,-52,-1.6,60,5.3,3111,5.3
"05041","5","524","75","0","2022","A","","Desha County, Arkansas","Private","NAICS 524 Insurance carriers and related activities","County, NAICS 3-digit -- by ownership sector","All establishment sizes",10,17,709044,202679,904,783,40711,"",1.12,0.24,0.15,0.24,0.11,0.63,0.63,"",0,0.0,-7,-29.2,-200253,-22.0,-53682,-20.9,-1015,-52.9,62,8.6,3214,8.6
"05041","5","5242","76","0","2022","A","","Desha County, Arkansas","Private","NAICS 5242 Agencies, brokerages, and other insurance related activities","County, NAICS 4-digit -- by ownership sector","All establishment sizes",10,17,709044,202679,904,783,40711,"",1.33,0.45,0.32,0.46,0.22,0.68,0.68,"",0,0.0,-7,-29.2,-200253,-22.0,-53682,-20.9,-1015,-52.9,62,8.6,3214,8.6
"05041","5","52421","77","0","2022","A","","Desha County, Arkansas","Private","NAICS 52421 Insurance agencies and brokerages","County, NAICS 5-digit -- by ownership sector","All establishment sizes",10,17,709044,202679,904,783,40711,"",1.55,0.63,0.44,0.65,0.33,0.67,0.67,"",0,0.0,-7,-29.2,-200253,-22.0,-53682,-20.9,-1015,-52.9,62,8.6,3214,8.6
"05041","5","524210","78","0","2022","A","","Desha County, Arkansas","Private","NAICS 524210 Insurance agencies and brokerages","County, NAICS 6-digit -- by ownership sector","All establishment sizes",10,17,709044,202679,904,783,40711,"",1.55,0.63,0.44,0.65,0.33,0.67,0.67,"",0,0.0,-7,-29.2,-200253,-22.0,-53682,-20.9,-1015,-52.9,62,8.6,3214,8.6
"05041","5","53","74","0","2022","A","","Desha County, Arkansas","Private","NAICS 53 Real estate and rental and leasing","County, NAICS Sector -- by ownership sector","All establishment sizes",14,91,2128943,786123,3418,452,23524,"",0.72,1.34,0.67,1.02,0.40,0.50,0.50,"",0,0.0,1,1.1,18798,0.9,11063,1.4,-790,-18.8,-1,-0.2,-53,-0.2
"05041","5","531","75","0","2022","A","N","Desha County, Arkansas","Private","NAICS 531 Real estate","County, NAICS 3-digit -- by ownership sector","All establishment sizes",13,0,0,0,0,0,0,"N",0.76,0,0,0,0,0,0,"N",0,0.0,0,0,0,0,0,0,0,0,0,0,0,0
"05041","5","5311","76","0","2022","A","","Desha County, Arkansas","Private","NAICS 5311 Lessors of real estate","County, NAICS 4-digit -- by ownership sector","All establishment sizes",9,79,1881076,669713,2010,456,23686,"",1.83,4.45,2.39,3.52,0.92,0.54,0.54,"",0,0.0,0,0.0,-6528,-0.3,-2065,-0.3,-751,-27.2,-1,-0.2,-82,-0.3
"05041","5","53111","77","0","2022","A","","Desha County, Arkansas","Private","NAICS 53111 Lessors of residential buildings and dwellings","County, NAICS 5-digit -- by ownership sector","All establishment sizes",6,77,1809130,648388,1947,450,23419,"",2.23,7.36,4.57,5.73,1.49,0.62,0.62,"",0,0.0,1,1.3,11964,0.7,13315,2.1,-703,-26.5,-8,-1.7,-385,-1.6
"05041","5","531110","78","0","2022","A","","Desha County, Arkansas","Private","NAICS 531110 Lessors of residential buildings and dwellings","County, NAICS 6-digit -- by ownership sector","All establishment sizes",6,77,1809130,648388,1947,450,23419,"",2.23,7.36,4.57,5.73,1.49,0.62,0.62,"",0,0.0,1,1.3,11964,0.7,13315,2.1,-703,-26.5,-8,-1.7,-385,-1.6
"05041","5","53112","77","0","2022","A","N","Desha County, Arkansas","Private","NAICS 53112 Lessors of nonresidential buildings (except miniwarehouses)","County, NAICS 5-digit -- by ownership sector","All establishment sizes",1,0,0,0,0,0,0,"N",0.91,0,0,0,0,0,0,"N",0,0.0,0,0,0,0,0,0,0,0,0,0,0,0
"05041","5","531120","78","0","2022","A","N","Desha County, Arkansas","Private","NAICS 531120 Lessors of nonresidential buildings (except miniwarehouses)","County, NAICS 6-digit -- by ownership sector","All establishment sizes",1,0,0,0,0,0,0,"N",0.91,0,0,0,0,0,0,"N",0,0.0,0,0,0,0,0,0,0,0,0,0,0,0
"05041","5","53119","77","0","2022","A","N","Desha County, Arkansas","Private","NAICS 53119 Lessors of other real estate property","County, NAICS 5-digit -- by ownership sector","All establishment sizes",2,0,0,0,0,0,0,"N",4.78,0,0,0,0,0,0,"N",0,0.0,0,0,0,0,0,0,0,0,0,0,0,0
"05041","5","531190","78","0","2022","A","N","Desha County, Arkansas","Private","NAICS 531190 Lessors of other real estate property","County, NAICS 6-digit -- by ownership sector","All establishment sizes",2,0,0,0,0,0,0,"N",4.78,0,0,0,0,0,0,"N",0,0.0,0,0,0,0,0,0,0,0,0,0,0,0
"05041","5","5312","76","0","2022","A","N","Desha County, Arkansas","Private","NAICS 5312 Offices of real estate agents and brokers","County, NAICS 4-digit -- by ownership sector","All establishment sizes",1,0,0,0,0,0,0,"N",0.15,0,0,0,0,0,0,"N",0,0.0,0,0,0,0,0,0,0,0,0,0,0,0
"05041","5","53121","77","0","2022","A","N","Desha County, Arkansas","Private","NAICS 53121 Offices of real estate agents and brokers","County, NAICS 5-digit -- by ownership sector","All establishment sizes",1,0,0,0,0,0,0,"N",0.15,0,0,0,0,0,0,"N",0,0.0,0,0,0,0,0,0,0,0,0,0,0,0
"05041","5","531210","78","0","2022","A","N","Desha County, Arkansas","Private","NAICS 531210 Offices of real estate agents and brokers","County, NAICS 6-digit -- by ownership sector","All establishment sizes",1,0,0,0,0,0,0,"N",0.15,0,0,0,0,0,0,"N",0,0.0,0,0,0,0,0,0,0,0,0,0,0,0
"05041","5","5313","76","0","2022","A","","Desha County, Arkansas","Private","NAICS 5313 Activities related to real estate","County, NAICS 4-digit -- by ownership sector","All establishment sizes",3,7,166221,80139,282,451,23466,"",0.54,0.31,0.15,0.30,0.09,0.50,0.50,"",0,0.0,1,16.7,29013,21.1,13882,21.0,-15,-5.1,17,3.9,911,4.0
"05041","5","53131","77","0","2022","A","","Desha County, Arkansas","Private","NAICS 53131 Real estate property managers","County, NAICS 5-digit -- by ownership sector","All establishment sizes",3,7,166221,80139,282,451,23466,"",0.77,0.36,0.20,0.36,0.11,0.53,0.53,"",0,0.0,1,16.7,29013,21.1,13882,21.0,-15,-5.1,17,3.9,911,4.0
"05041","5","531311","78","0","2022","A","","Desha County, Arkansas","Private","NAICS 531311 Residential property managers","County, NAICS 6-digit -- by ownership sector","All establishment sizes",3,7,166221,80139,282,451,23466,"",1.02,0.48,0.30,0.48,0.15,0.62,0.62,"",0,0.0,1,16.7,29013,21.1,13882,21.0,-15,-5.1,17,3.9,911,4.0
"05041","5","532","75","0","2022","A","N","Desha County, Arkansas","Private","NAICS 532 Rental and leasing services","County, NAICS 3-digit -- by ownership sector","All establishment sizes",1,0,0,0,0,0,0,"N",0.43,0,0,0,0,0,0,"N",0,0.0,0,0,0,0,0,0,0,0,0,0,0,0
"05041","5","5324","76","0","2022","A","N","Desha County, Arkansas","Private","NAICS 5324 Commercial and industrial machinery and equipment rental and leasing","County, NAICS 4-digit -- by ownership sector","All establishment sizes",1,0,0,0,0,0,0,"N",1.38,0,0,0,0,0,0,"N",0,0.0,0,0,0,0,0,0,0,0,0,0,0,0
"05041","5","53249","77","0","2022","A","N","Desha County, Arkansas","Private","NAICS 53249 Other commercial and industrial machinery and equipment rental and leasing","County, NAICS 5-digit -- by ownership sector","All establishment sizes",1,0,0,0,0,0,0,"N",2.75,0,0,0,0,0,0,"N",0,0.0,0,0,0,0,0,0,0,0,0,0,0,0
"05041","5","532490","78","0","2022","A","N","Desha County, Arkansas","Private","NAICS 532490 Other commercial and industrial machinery and equipment rental and leasing","County, NAICS 6-digit -- by ownership sector","All establishment sizes",1,0,0,0,0,0,0,"N",2.75,0,0,0,0,0,0,"N",0,0.0,0,0,0,0,0,0,0,0,0,0,0,0
"05041","5","54","74","0","2022","A","","Desha County, Arkansas","Private","NAICS 54 Professional, scientific, and technical services","County, NAICS Sector -- by ownership sector","All establishment sizes",24,61,2664486,718588,4467,842,43800,"",0.37,0.20,0.12,0.20,0.11,0.59,0.59,"",1,4.3,4,7.0,-886139,-25.0,48686,7.3,-1208,-21.3,-367,-30.4,-19043,-30.3
"05041","5","541","75","0","2022","A","","Desha County, Arkansas","Private","NAICS 541 Professional, scientific, and technical services","County, NAICS 3-digit -- by ownership sector","All establishment sizes",24,61,2664486,718588,4467,842,43800,"",0.37,0.20,0.12,0.20,0.11,0.59,0.59,"",1,4.3,4,7.0,-886139,-25.0,48686,7.3,-1208,-21.3,-367,-30.4,-19043,-30.3
"05041","5","5411","76","0","2022","A","","Desha County, Arkansas","Private","NAICS 5411 Legal services","County, NAICS 4-digit -- by ownership sector","All establishment sizes",6,8,199628,100670,301,456,23718,"",0.72,0.24,0.08,0.26,0.09,0.31,0.31,"",0,0.0,-1,-11.1,-17024,-7.9,5819,6.1,16,5.6,-34,-6.9,-1770,-6.9
"05041","5","54111","77","0","2022","A","N","Desha County, Arkansas","Private","NAICS 54111 Offices of lawyers","County, NAICS 5-digit -- by ownership sector","All establishment sizes",4,0,0,0,0,0,0,"N",0.53,0,0,0,0,0,0,"N",0,0.0,0,0,0,0,0,0,0,0,0,0,0,0
"05041","5","541110","78","0","2022","A","N","Desha County, Arkansas","Private","NAICS 541110 Offices of lawyers","County, NAICS 6-digit -- by ownership sector","All establishment sizes",4,0,0,0,0,0,0,"N",0.53,0,0,0,0,0,0,"N",0,0.0,0,0,0,0,0,0,0,0,0,0,0,0
"05041","5","54119","77","0","2022","A","N","Desha County, Arkansas","Private","NAICS 54119 Other legal services","County, NAICS 5-digit -- by ownership sector","All establishment sizes",2,0,0,0,0,0,0,"N",2.60,0,0,0,0,0,0,"N",0,0.0,0,0,0,0,0,0,0,0,0,0,0,0
"05041","5","541191","78","0","2022","A","N","Desha County, Arkansas","Private","NAICS 541191 Title abstract and settlement offices","County, NAICS 6-digit -- by ownership sector","All establishment sizes",2,0,0,0,0,0,0,"N",4.87,0,0,0,0,0,0,"N",0,0.0,0,0,0,0,0,0,0,0,0,0,0,0
"05041","5","5412","76","0","2022","A","","Desha County, Arkansas","Private","NAICS 5412 Accounting, tax preparation, bookkeeping, and payroll services","County, NAICS 4-digit -- by ownership sector","All establishment sizes",7,25,1176351,272704,1669,923,48014,"",0.99,0.77,0.62,0.71,0.40,0.82,0.82,"",1,16.7,4,19.0,-1012319,-46.3,15939,6.2,-1336,-44.5,-1065,-53.6,-55388,-53.6
"05041","5","54121","77","0","2022","A","","Desha County, Arkansas","Private","NAICS 54121 Accounting, tax preparation, bookkeeping, and payroll services","County, NAICS 5-digit -- by ownership sector","All establishment sizes",7,25,1176351,272704,1669,923,48014,"",0.99,0.77,0.62,0.71,0.40,0.82,0.82,"",1,16.7,4,19.0,-1012319,-46.3,15939,6.2,-1336,-44.5,-1065,-53.6,-55388,-53.6
"05041","5","541211","78","0","2022","A","","Desha County, Arkansas","Private","NAICS 541211 Offices of certified public accountants","County, NAICS 6-digit -- by ownership sector","All establishment sizes",3,19,954544,219408,1508,988,51366,"",1.20,1.24,0.88,1.17,0.96,0.73,0.73,"",0,0.0,2,11.8,78147,8.9,24440,12.5,-1028,-40.5,-33,-3.2,-1749,-3.3
"05041","5","541213","78","0","2022","A","N","Desha County, Arkansas","Private","NAICS 541213 Tax preparation services","County, NAICS 6-digit -- by ownership sector","All establishment sizes",1,0,0,0,0,0,0,"N",0.67,0,0,0,0,0,0,"N",0,0.0,0,0,0,0,0,0,0,0,0,0,0,0
"05041","5","541214","78","0","2022","A","N","Desha County, Arkansas","Private","NAICS 541214 Payroll services","County, NAICS 6-digit -- by ownership sector","All establishment sizes",1,0,0,0,0,0,0,"N",2.09,0,0,0,0,0,0,"N",1,100.0,0,0,0,0,0,0,0,0,0,0,0,0
"05041","5","541219","78","0","2022","A","N","Desha County, Arkansas","Private","NAICS 541219 Other accounting services","County, NAICS 6-digit -- by ownership sector","All establishment sizes",2,0,0,0,0,0,0,"N",0.77,0,0,0,0,0,0,"N",0,0.0,0,0,0,0,0,0,0,0,0,0,0,0
"05041","5","5413","76","0","2022","A","N","Desha County, Arkansas","Private","NAICS 5413 Architectural, engineering, and related services","County, NAICS 4-digit -- by ownership sector","All establishment sizes",0,0,0,0,0,0,0,"N",0.00,0,0,0,0,0,0,"N",0,0,0,0,0,0,0,0,0,0,0,0,0,0
"05041","5","54138","77","0","2022","A","N","Desha County, Arkansas","Private","NAICS 54138 Testing laboratories and services","County, NAICS 5-digit -- by ownership sector","All establishment sizes",0,0,0,0,0,0,0,"N",0.00,0,0,0,0,0,0,"N",0,0,0,0,0,0,0,0,0,0,0,0,0,0
"05041","5","541380","78","0","2022","A","N","Desha County, Arkansas","Private","NAICS 541380 Testing laboratories and services","County, NAICS 6-digit -- by ownership sector","All establishment sizes",0,0,0,0,0,0,0,"N",0.00,0,0,0,0,0,0,"N",0,0,0,0,0,0,0,0,0,0,0,0,0,0
"05041","5","5415","76","0","2022","A","N","Desha County, Arkansas","Private","NAICS 5415 Computer systems design and related services","County, NAICS 4-digit -- by ownership sector","All establishment sizes",1,0,0,0,0,0,0,"N",0.06,0,0,0,0,0,0,"N",0,0.0,0,0,0,0,0,0,0,0,0,0,0,0
"05041","5","54151","77","0","2022","A","N","Desha County, Arkansas","Private","NAICS 54151 Computer systems design and related services","County, NAICS 5-digit -- by ownership sector","All establishment sizes",1,0,0,0,0,0,0,"N",0.06,0,0,0,0,0,0,"N",0,0.0,0,0,0,0,0,0,0,0,0,0,0,0
"05041","5","541511","78","0","2022","A","N","Desha County, Arkansas","Private","NAICS 541511 Custom computer programming services","County, NAICS 6-digit -- by ownership sector","All establishment sizes",1,0,0,0,0,0,0,"N",0.13,0,0,0,0,0,0,"N",0,0.0,0,0,0,0,0,0,0,0,0,0,0,0
"05041","5","5416","76","0","2022","A","","Desha County, Arkansas","Private","NAICS 5416 Management, scientific, and technical consulting services","County, NAICS 4-digit -- by ownership sector","All establishment sizes",7,15,783620,181333,2005,983,51106,"",0.46,0.29,0.21,0.28,0.27,0.70,0.70,"",0,0.0,-2,-11.8,79966,11.4,-14731,-7.5,76,3.9,179,22.3,9305,22.3
"05041","5","54161","77","0","2022","A","","Desha County, Arkansas","Private","NAICS 54161 Management consulting services","County, NAICS 5-digit -- by ownership sector","All establishment sizes",4,9,469960,90000,272,1063,55289,"",0.32,0.21,0.15,0.17,0.04,0.74,0.74,"N",0,0.0,0,0,0,0,0,0,0,0,0,0,0,0
"05041","5","541613","78","0","2022","A","N","Desha County, Arkansas","Private","NAICS 541613 Marketing consulting services","County, NAICS 6-digit -- by ownership sector","All establishment sizes",3,0,0,0,0,0,0,"N",0.91,0,0,0,0,0,0,"N",0,0.0,0,0,0,0,0,0,0,0,0,0,0,0
"05041","5","541614","78","0","2022","A","N","Desha County, Arkansas","Private","NAICS 541614 Process, physical distribution, and logistics consulting services","County, NAICS 6-digit -- by ownership sector","All establishment sizes",1,0,0,0,0,0,0,"N",1.31,0,0,0,0,0,0,"N",0,0.0,0,0,0,0,0,0,0,0,0,0,0,0
"05041","5","54169","77","0","2022","A","","Desha County, Arkansas","Private","NAICS 54169 Other scientific and technical consulting services","County, NAICS 5-digit -- by ownership sector","All establishment sizes",3,7,313660,91333,1733,883,45901,"",1.38,1.15,0.72,1.19,1.84,0.64,0.64,"",0,0.0,-1,-12.5,62867,25.1,-4731,-4.9,104,6.4,298,50.9,15502,51.0
"05041","5","541690","78","0","2022","A","","Desha County, Arkansas","Private","NAICS 541690 Other scientific and technical consulting services","County, NAICS 6-digit -- by ownership sector","All establishment sizes",3,7,313660,91333,1733,883,45901,"",1.38,1.15,0.72,1.19,1.84,0.64,0.64,"",0,0.0,-1,-12.5,62867,25.1,-4731,-4.9,104,6.4,298,50.9,15502,51.0
"05041","5","5418","76","0","2022","A","N","Desha County, Arkansas","Private","NAICS 5418 Advertising, public relations, and related services","County, NAICS 4-digit -- by ownership sector","All establishment sizes",1,0,0,0,0,0,0,"N",0.34,0,0,0,0,0,0,"N",0,0.0,0,0,0,0,0,0,0,0,0,0,0,0
"05041","5","54189","77","0","2022","A","N","Desha County, Arkansas","Private","NAICS 54189 Other services related to advertising","County, NAICS 5-digit -- by ownership sector","All establishment sizes",1,0,0,0,0,0,0,"N",2.52,0,0,0,0,0,0,"N",0,0.0,0,0,0,0,0,0,0,0,0,0,0,0
"05041","5","541890","78","0","2022","A","N","Desha County, Arkansas","Private","NAICS 541890 Other services related to advertising","County, NAICS 6-digit -- by ownership sector","All establishment sizes",1,0,0,0,0,0,0,"N",2.52,0,0,0,0,0,0,"N",0,0.0,0,0,0,0,0,0,0,0,0,0,0,0
"05041","5","5419","76","0","2022","A","N","Desha County, Arkansas","Private","NAICS 5419 Other professional, scientific, and technical services","County, NAICS 4-digit -- by ownership sector","All establishment sizes",2,0,0,0,0,0,0,"N",0.39,0,0,0,0,0,0,"N",0,0.0,0,0,0,0,0,0,0,0,0,0,0,0
"05041","5","54194","77","0","2022","A","N","Desha County, Arkansas","Private","NAICS 54194 Veterinary services","County, NAICS 5-digit -- by ownership sector","All establishment sizes",2,0,0,0,0,0,0,"N",1.43,0,0,0,0,0,0,"N",0,0.0,0,0,0,0,0,0,0,0,0,0,0,0
"05041","5","541940","78","0","2022","A","N","Desha County, Arkansas","Private","NAICS 541940 Veterinary services","County, NAICS 6-digit -- by ownership sector","All establishment sizes",2,0,0,0,0,0,0,"N",1.43,0,0,0,0,0,0,"N",0,0.0,0,0,0,0,0,0,0,0,0,0,0,0
"05041","5","55","74","0","2022","A","N","Desha County, Arkansas","Private","NAICS 55 Management of companies and enterprises","County, NAICS Sector -- by ownership sector","All establishment sizes",1,0,0,0,0,0,0,"N",0.28,0,0,0,0,0,0,"N",0,0.0,0,0,0,0,0,0,0,0,0,0,0,0
"05041","5","551","75","0","2022","A","N","Desha County, Arkansas","Private","NAICS 551 Management of companies and enterprises","County, NAICS 3-digit -- by ownership sector","All establishment sizes",1,0,0,0,0,0,0,"N",0.28,0,0,0,0,0,0,"N",0,0.0,0,0,0,0,0,0,0,0,0,0,0,0
"05041","5","5511","76","0","2022","A","N","Desha County, Arkansas","Private","NAICS 5511 Management of companies and enterprises","County, NAICS 4-digit -- by ownership sector","All establishment sizes",1,0,0,0,0,0,0,"N",0.28,0,0,0,0,0,0,"N",0,0.0,0,0,0,0,0,0,0,0,0,0,0,0
"05041","5","55111","77","0","2022","A","N","Desha County, Arkansas","Private","NAICS 55111 Management of companies and enterprises","County, NAICS 5-digit -- by ownership sector","All establishment sizes",1,0,0,0,0,0,0,"N",0.28,0,0,0,0,0,0,"N",0,0.0,0,0,0,0,0,0,0,0,0,0,0,0
"05041","5","551112","78","0","2022","A","N","Desha County, Arkansas","Private","NAICS 551112 Offices of other holding companies","County, NAICS 6-digit -- by ownership sector","All establishment sizes",1,0,0,0,0,0,0,"N",1.91,0,0,0,0,0,0,"N",0,0.0,0,0,0,0,0,0,0,0,0,0,0,0
"05041","5","56","74","0","2022","A","N","Desha County, Arkansas","Private","NAICS 56 Administrative and support and waste management and remediation services","County, NAICS Sector -- by ownership sector","All establishment sizes",9,0,0,0,0,0,0,"N",0.33,0,0,0,0,0,0,"N",-1,-10.0,0,0,0,0,0,0,0,0,0,0,0,0
"05041","5","561","75","0","2022","A","N","Desha County, Arkansas","Private","NAICS 561 Administrative and support services","County, NAICS 3-digit -- by ownership sector","All establishment sizes",9,0,0,0,0,0,0,"N",0.35,0,0,0,0,0,0,"N",-1,-10.0,0,0,0,0,0,0,0,0,0,0,0,0
"05041","5","5611","76","0","2022","A","N","Desha County, Arkansas","Private","NAICS 5611 Office administrative services","County, NAICS 4-digit -- by ownership sector","All establishment sizes",1,0,0,0,0,0,0,"N",0.34,0,0,0,0,0,0,"N",0,0.0,0,0,0,0,0,0,0,0,0,0,0,0
"05041","5","56111","77","0","2022","A","N","Desha County, Arkansas","Private","NAICS 56111 Office administrative services","County, NAICS 5-digit -- by ownership sector","All establishment sizes",1,0,0,0,0,0,0,"N",0.34,0,0,0,0,0,0,"N",0,0.0,0,0,0,0,0,0,0,0,0,0,0,0
"05041","5","561110","78","0","2022","A","N","Desha County, Arkansas","Private","NAICS 561110 Office administrative services","County, NAICS 6-digit -- by ownership sector","All establishment sizes",1,0,0,0,0,0,0,"N",0.34,0,0,0,0,0,0,"N",0,0.0,0,0,0,0,0,0,0,0,0,0,0,0
"05041","5","5617","76","0","2022","A","","Desha County, Arkansas","Private","NAICS 5617 Services to buildings and dwellings","County, NAICS 4-digit -- by ownership sector","All establishment sizes",8,23,672170,313362,3315,558,29015,"",0.79,0.36,0.42,0.45,0.35,1.15,1.15,"",-1,-11.1,-1,-4.2,64486,10.6,49109,18.6,953,40.3,61,12.3,3156,12.2
"05041","5","56171","77","0","2022","A","N","Desha County, Arkansas","Private","NAICS 56171 Exterminating and pest control services","County, NAICS 5-digit -- by ownership sector","All establishment sizes",2,0,0,0,0,0,0,"N",2.86,0,0,0,0,0,0,"N",0,0.0,0,0,0,0,0,0,0,0,0,0,0,0
"05041","5","561710","78","0","2022","A","N","Desha County, Arkansas","Private","NAICS 561710 Exterminating and pest control services","County, NAICS 6-digit -- by ownership sector","All establishment sizes",2,0,0,0,0,0,0,"N",2.86,0,0,0,0,0,0,"N",0,0.0,0,0,0,0,0,0,0,0,0,0,0,0
"05041","5","56172","77","0","2022","A","N","Desha County, Arkansas","Private","NAICS 56172 Janitorial services","County, NAICS 5-digit -- by ownership sector","All establishment sizes",2,0,0,0,0,0,0,"N",0.60,0,0,0,0,0,0,"N",0,0.0,0,0,0,0,0,0,0,0,0,0,0,0
"05041","5","561720","78","0","2022","A","N","Desha County, Arkansas","Private","NAICS 561720 Janitorial services","County, NAICS 6-digit -- by ownership sector","All establishment sizes",2,0,0,0,0,0,0,"N",0.60,0,0,0,0,0,0,"N",0,0.0,0,0,0,0,0,0,0,0,0,0,0,0
"05041","5","56173","77","0","2022","A","","Desha County, Arkansas","Private","NAICS 56173 Landscaping services","County, NAICS 5-digit -- by ownership sector","All establishment sizes",3,15,462353,218700,2338,599,31170,"",0.61,0.60,0.63,0.72,0.44,1.06,1.06,"",-1,-25.0,1,7.1,71411,18.3,68577,45.7,1767,309.5,68,12.8,3574,13.0
"05041","5","561730","78","0","2022","A","","Desha County, Arkansas","Private","NAICS 561730 Landscaping services","County, NAICS 6-digit -- by ownership sector","All establishment sizes",3,15,462353,218700,2338,599,31170,"",0.61,0.60,0.63,0.72,0.44,1.06,1.06,"",-1,-25.0,1,7.1,71411,18.3,68577,45.7,1767,309.5,68,12.8,3574,13.0
"05041","5","56179","77","0","2022","A","N","Desha County, Arkansas","Private","NAICS 56179 Other services to buildings and dwellings","County, NAICS 5-digit -- by ownership sector","All establishment sizes",1,0,0,0,0,0,0,"N",1.25,0,0,0,0,0,0,"N",0,0.0,0,0,0,0,0,0,0,0,0,0,0,0
"05041","5","561790","78","0","2022","A","N","Desha County, Arkansas","Private","NAICS 561790 Other services to buildings and dwellings","County, NAICS 6-digit -- by ownership sector","All establishment sizes",1,0,0,0,0,0,0,"N",1.25,0,0,0,0,0,0,"N",0,0.0,0,0,0,0,0,0,0,0,0,0,0,0
"05041","5","61","74","0","2022","A","N","Desha County, Arkansas","Private","NAICS 61 Educational services","County, NAICS Sector -- by ownership sector","All establishment sizes",0,0,0,0,0,0,0,"N",0.00,0,0,0,0,0,0,"N",-1,-100.0,0,0,0,0,0,0,0,0,0,0,0,0
"05041","5","611","75","0","2022","A","N","Desha County, Arkansas","Private","NAICS 611 Educational services","County, NAICS 3-digit -- by ownership sector","All establishment sizes",0,0,0,0,0,0,0,"N",0.00,0,0,0,0,0,0,"N",-1,-100.0,0,0,0,0,0,0,0,0,0,0,0,0
"05041","5","6116","76","0","2022","A","N","Desha County, Arkansas","Private","NAICS 6116 Other schools and instruction","County, NAICS 4-digit -- by ownership sector","All establishment sizes",0,0,0,0,0,0,0,"N",0.00,0,0,0,0,0,0,"N",-1,-100.0,0,0,0,0,0,0,0,0,0,0,0,0
"05041","5","61162","77","0","2022","A","N","Desha County, Arkansas","Private","NAICS 61162 Sports and recreation instruction","County, NAICS 5-digit -- by ownership sector","All establishment sizes",0,0,0,0,0,0,0,"N",0.00,0,0,0,0,0,0,"N",-1,-100.0,0,0,0,0,0,0,0,0,0,0,0,0
"05041","5","611620","78","0","2022","A","N","Desha County, Arkansas","Private","NAICS 611620 Sports and recreation instruction","County, NAICS 6-digit -- by ownership sector","All establishment sizes",0,0,0,0,0,0,0,"N",0.00,0,0,0,0,0,0,"N",-1,-100.0,0,0,0,0,0,0,0,0,0,0,0,0
"05041","5","62","74","0","2022","A","N","Desha County, Arkansas","Private","NAICS 62 Health care and social assistance","County, NAICS Sector -- by ownership sector","All establishment sizes",113,0,0,0,0,0,0,"N",1.48,0,0,0,0,0,0,"N",-19,-14.4,0,0,0,0,0,0,0,0,0,0,0,0
"05041","5","621","75","0","2022","A","","Desha County, Arkansas","Private","NAICS 621 Ambulatory health care services","County, NAICS 3-digit -- by ownership sector","All establishment sizes",9,76,4808240,441440,1972,1217,63266,"",0.32,0.32,0.44,0.20,0.10,1.36,1.36,"",-2,-18.2,-29,-27.6,-1903652,-28.4,-296657,-40.2,-2851,-59.1,-13,-1.1,-708,-1.1
"05041","5","6211","76","0","2022","A","N","Desha County, Arkansas","Private","NAICS 6211 Offices of physicians","County, NAICS 4-digit -- by ownership sector","All establishment sizes",1,0,0,0,0,0,0,"N",0.11,0,0,0,0,0,0,"N",-1,-50.0,0,0,0,0,0,0,0,0,0,0,0,0
"05041","5","62111","77","0","2022","A","N","Desha County, Arkansas","Private","NAICS 62111 Offices of physicians","County, NAICS 5-digit -- by ownership sector","All establishment sizes",1,0,0,0,0,0,0,"N",0.11,0,0,0,0,0,0,"N",-1,-50.0,0,0,0,0,0,0,0,0,0,0,0,0
"05041","5","621111","78","0","2022","A","N","Desha County, Arkansas","Private","NAICS 621111 Offices of physicians (except mental health specialists)","County, NAICS 6-digit -- by ownership sector","All establishment sizes",1,0,0,0,0,0,0,"N",0.11,0,0,0,0,0,0,"N",-1,-50.0,0,0,0,0,0,0,0,0,0,0,0,0
"05041","5","6212","76","0","2022","A","","Desha County, Arkansas","Private","NAICS 6212 Offices of dentists","County, NAICS 4-digit -- by ownership sector","All establishment sizes",4,17,767227,176658,529,876,45578,"",0.72,0.58,0.68,0.54,0.19,1.18,1.18,"",0,0.0,-1,-5.6,-27607,-3.5,-10016,-5.4,-32,-5.7,15,1.7,799,1.8
"05041","5","62121","77","0","2022","A","","Desha County, Arkansas","Private","NAICS 62121 Offices of dentists","County, NAICS 5-digit -- by ownership sector","All establishment sizes",4,17,767227,176658,529,876,45578,"",0.72,0.58,0.68,0.54,0.19,1.18,1.18,"",0,0.0,-1,-5.6,-27607,-3.5,-10016,-5.4,-32,-5.7,15,1.7,799,1.8
"05041","5","621210","78","0","2022","A","","Desha County, Arkansas","Private","NAICS 621210 Offices of dentists","County, NAICS 6-digit -- by ownership sector","All establishment sizes",4,17,767227,176658,529,876,45578,"",0.72,0.58,0.68,0.54,0.19,1.18,1.18,"",0,0.0,-1,-5.6,-27607,-3.5,-10016,-5.4,-32,-5.7,15,1.7,799,1.8
"05041","5","6213","76","0","2022","A","N","Desha County, Arkansas","Private","NAICS 6213 Offices of other health practitioners","County, NAICS 4-digit -- by ownership sector","All establishment sizes",1,0,0,0,0,0,0,"N",0.14,0,0,0,0,0,0,"N",0,0.0,0,0,0,0,0,0,0,0,0,0,0,0
"05041","5","62134","77","0","2022","A","N","Desha County, Arkansas","Private","NAICS 62134 Offices of physical, occupational and speech therapists, and audiologists","County, NAICS 5-digit -- by ownership sector","All establishment sizes",1,0,0,0,0,0,0,"N",0.52,0,0,0,0,0,0,"N",0,0.0,0,0,0,0,0,0,0,0,0,0,0,0
"05041","5","621340","78","0","2022","A","N","Desha County, Arkansas","Private","NAICS 621340 Offices of physical, occupational and speech therapists, and audiologists","County, NAICS 6-digit -- by ownership sector","All establishment sizes",1,0,0,0,0,0,0,"N",0.52,0,0,0,0,0,0,"N",0,0.0,0,0,0,0,0,0,0,0,0,0,0,0
"05041","5","6214","76","0","2022","A","N","Desha County, Arkansas","Private","NAICS 6214 Outpatient care centers","County, NAICS 4-digit -- by ownership sector","All establishment sizes",1,0,0,0,0,0,0,"N",0.52,0,0,0,0,0,0,"N",-1,-50.0,0,0,0,0,0,0,0,0,0,0,0,0
"05041","5","62142","77","0","2022","A","N","Desha County, Arkansas","Private","NAICS 62142 Outpatient mental health and substance abuse centers","County, NAICS 5-digit -- by ownership sector","All establishment sizes",1,0,0,0,0,0,0,"N",1.67,0,0,0,0,0,0,"N",0,0.0,0,0,0,0,0,0,0,0,0,0,0,0
"05041","5","621420","78","0","2022","A","N","Desha County, Arkansas","Private","NAICS 621420 Outpatient mental health and substance abuse centers","County, NAICS 6-digit -- by ownership sector","All establishment sizes",1,0,0,0,0,0,0,"N",1.67,0,0,0,0,0,0,"N",0,0.0,0,0,0,0,0,0,0,0,0,0,0,0
"05041","5","62149","77","0","2022","A","N","Desha County, Arkansas","Private","NAICS 62149 Other outpatient care centers","County, NAICS 5-digit -- by ownership sector","All establishment sizes",0,0,0,0,0,0,0,"N",0.00,0,0,0,0,0,0,"N",-1,-100.0,0,0,0,0,0,0,0,0,0,0,0,0
"05041","5","621493","78","0","2022","A","N","Desha County, Arkansas","Private","NAICS 621493 Freestanding ambulatory surgical and emergency centers","County, NAICS 6-digit -- by ownership sector","All establishment sizes",0,0,0,0,0,0,0,"N",0.00,0,0,0,0,0,0,"N",-1,-100.0,0,0,0,0,0,0,0,0,0,0,0,0
"05041","5","6216","76","0","2022","A","N","Desha County, Arkansas","Private","NAICS 6216 Home health care services","County, NAICS 4-digit -- by ownership sector","All establishment sizes",2,0,0,0,0,0,0,"N",1.03,0,0,0,0,0,0,"N",-1,-33.3,0,0,0,0,0,0,0,0,0,0,0,0
"05041","5","62161","77","0","2022","A","N","Desha County, Arkansas","Private","NAICS 62161 Home health care services","County, NAICS 5-digit -- by ownership sector","All establishment sizes",2,0,0,0,0,0,0,"N",1.03,0,0,0,0,0,0,"N",-1,-33.3,0,0,0,0,0,0,0,0,0,0,0,0
"05041","5","621610","78","0","2022","A","N","Desha County, Arkansas","Private","NAICS 621610 Home health care services","County, NAICS 6-digit -- by ownership sector","All establishment sizes",2,0,0,0,0,0,0,"N",1.03,0,0,0,0,0,0,"N",-1,-33.3,0,0,0,0,0,0,0,0,0,0,0,0
"05041","5","622","75","0","2022","A","N","Desha County, Arkansas","Private","NAICS 622 Hospitals","County, NAICS 3-digit -- by ownership sector","All establishment sizes",1,0,0,0,0,0,0,"N",1.81,0,0,0,0,0,0,"N",0,0.0,0,0,0,0,0,0,0,0,0,0,0,0
"05041","5","6221","76","0","2022","A","N","Desha County, Arkansas","Private","NAICS 6221 General medical and surgical hospitals","County, NAICS 4-digit -- by ownership sector","All establishment sizes",1,0,0,0,0,0,0,"N",2.48,0,0,0,0,0,0,"N",0,0.0,0,0,0,0,0,0,0,0,0,0,0,0
"05041","5","62211","77","0","2022","A","N","Desha County, Arkansas","Private","NAICS 62211 General medical and surgical hospitals","County, NAICS 5-digit -- by ownership sector","All establishment sizes",1,0,0,0,0,0,0,"N",2.48,0,0,0,0,0,0,"N",0,0.0,0,0,0,0,0,0,0,0,0,0,0,0
"05041","5","622110","78","0","2022","A","N","Desha County, Arkansas","Private","NAICS 622110 General medical and surgical hospitals","County, NAICS 6-digit -- by ownership sector","All establishment sizes",1,0,0,0,0,0,0,"N",2.48,0,0,0,0,0,0,"N",0,0.0,0,0,0,0,0,0,0,0,0,0,0,0
"05041","5","623","75","0","2022","A","N","Desha County, Arkansas","Private","NAICS 623 Nursing and residential care facilities","County, NAICS 3-digit -- by ownership sector","All establishment sizes",2,0,0,0,0,0,0,"N",0.55,0,0,0,0,0,0,"N",0,0.0,0,0,0,0,0,0,0,0,0,0,0,0
"05041","5","6231","76","0","2022","A","N","Desha County, Arkansas","Private","NAICS 6231 Nursing care facilities (skilled nursing facilities)","County, NAICS 4-digit -- by ownership sector","All establishment sizes",1,0,0,0,0,0,0,"N",1.25,0,0,0,0,0,0,"N",0,0.0,0,0,0,0,0,0,0,0,0,0,0,0
"05041","5","62311","77","0","2022","A","N","Desha County, Arkansas","Private","NAICS 62311 Nursing care facilities (skilled nursing facilities)","County, NAICS 5-digit -- by ownership sector","All establishment sizes",1,0,0,0,0,0,0,"N",1.25,0,0,0,0,0,0,"N",0,0.0,0,0,0,0,0,0,0,0,0,0,0,0
"05041","5","623110","78","0","2022","A","N","Desha County, Arkansas","Private","NAICS 623110 Nursing care facilities (skilled nursing facilities)","County, NAICS 6-digit -- by ownership sector","All establishment sizes",1,0,0,0,0,0,0,"N",1.25,0,0,0,0,0,0,"N",0,0.0,0,0,0,0,0,0,0,0,0,0,0,0
"05041","5","6233","76","0","2022","A","N","Desha County, Arkansas","Private","NAICS 6233 Continuing care retirement communities and assisted living facilities for the elderly","County, NAICS 4-digit -- by ownership sector","All establishment sizes",1,0,0,0,0,0,0,"N",0.85,0,0,0,0,0,0,"N",0,0.0,0,0,0,0,0,0,0,0,0,0,0,0
"05041","5","62331","77","0","2022","A","N","Desha County, Arkansas","Private","NAICS 62331 Continuing care retirement communities and assisted living facilities for the elderly","County, NAICS 5-digit -- by ownership sector","All establishment sizes",1,0,0,0,0,0,0,"N",0.85,0,0,0,0,0,0,"N",0,0.0,0,0,0,0,0,0,0,0,0,0,0,0
"05041","5","623312","78","0","2022","A","N","Desha County, Arkansas","Private","NAICS 623312 Assisted living facilities for the elderly","County, NAICS 6-digit -- by ownership sector","All establishment sizes",1,0,0,0,0,0,0,"N",1.14,0,0,0,0,0,0,"N",0,0.0,0,0,0,0,0,0,0,0,0,0,0,0
"05041","5","624","75","0","2022","A","","Desha County, Arkansas","Private","NAICS 624 Social assistance","County, NAICS 3-digit -- by ownership sector","All establishment sizes",101,248,5111876,2179997,30000,397,20640,"",2.29,2.06,2.12,2.35,2.86,1.03,1.03,"",-17,-14.4,24,10.7,901317,21.4,293745,15.6,-16248,-35.1,35,9.7,1836,9.8
"05041","5","6241","76","0","2022","A","","Desha County, Arkansas","Private","NAICS 6241 Individual and family services","County, NAICS 4-digit -- by ownership sector","All establishment sizes",98,240,4825671,2034904,15819,387,20142,"",2.45,2.96,3.12,3.38,2.21,1.06,1.06,"",-16,-14.0,21,9.6,728949,17.8,176159,9.5,-28370,-64.2,27,7.5,1407,7.5
"05041","5","62411","77","0","2022","A","N","Desha County, Arkansas","Private","NAICS 62411 Child and youth services","County, NAICS 5-digit -- by ownership sector","All establishment sizes",1,0,0,0,0,0,0,"N",1.86,0,0,0,0,0,0,"N",0,0.0,0,0,0,0,0,0,0,0,0,0,0,0
"05041","5","624110","78","0","2022","A","N","Desha County, Arkansas","Private","NAICS 624110 Child and youth services","County, NAICS 6-digit -- by ownership sector","All establishment sizes",1,0,0,0,0,0,0,"N",1.86,0,0,0,0,0,0,"N",0,0.0,0,0,0,0,0,0,0,0,0,0,0,0
"05041","5","62412","77","0","2022","A","","Desha County, Arkansas","Private","NAICS 62412 Services for the elderly and persons with disabilities","County, NAICS 5-digit -- by ownership sector","All establishment sizes",96,237,4737844,2001668,15613,385,20033,"",2.54,3.86,4.85,4.33,2.84,1.26,1.26,"",-16,-14.3,20,9.2,689101,17.0,164061,8.9,-28474,-64.6,26,7.2,1354,7.2
"05041","5","624120","78","0","2022","A","","Desha County, Arkansas","Private","NAICS 624120 Services for the elderly and persons with disabilities","County, NAICS 6-digit -- by ownership sector","All establishment sizes",96,237,4737844,2001668,15613,385,20033,"",2.54,3.86,4.85,4.33,2.84,1.26,1.26,"",-16,-14.3,20,9.2,689101,17.0,164061,8.9,-28474,-64.6,26,7.2,1354,7.2
"05041","5","62419","77","0","2022","A","N","Desha County, Arkansas","Private","NAICS 62419 Other individual and family services","County, NAICS 5-digit -- by ownership sector","All establishment sizes",1,0,0,0,0,0,0,"N",0.61,0,0,0,0,0,0,"N",0,0.0,0,0,0,0,0,0,0,0,0,0,0,0
"05041","5","624190","78","0","2022","A","N","Desha County, Arkansas","Private","NAICS 624190 Other individual and family services","County, NAICS 6-digit -- by ownership sector","All establishment sizes",1,0,0,0,0,0,0,"N",0.61,0,0,0,0,0,0,"N",0,0.0,0,0,0,0,0,0,0,0,0,0,0,0
"05041","5","6243","76","0","2022","A","N","Desha County, Arkansas","Private","NAICS 6243 Vocational rehabilitation services","County, NAICS 4-digit -- by ownership sector","All establishment sizes",1,0,0,0,0,0,0,"N",2.55,0,0,0,0,0,0,"N",0,0.0,0,0,0,0,0,0,0,0,0,0,0,0
"05041","5","62431","77","0","2022","A","N","Desha County, Arkansas","Private","NAICS 62431 Vocational rehabilitation services","County, NAICS 5-digit -- by ownership sector","All establishment sizes",1,0,0,0,0,0,0,"N",2.55,0,0,0,0,0,0,"N",0,0.0,0,0,0,0,0,0,0,0,0,0,0,0
"05041","5","624310","78","0","2022","A","N","Desha County, Arkansas","Private","NAICS 624310 Vocational rehabilitation services","County, NAICS 6-digit -- by ownership sector","All establishment sizes",1,0,0,0,0,0,0,"N",2.55,0,0,0,0,0,0,"N",0,0.0,0,0,0,0,0,0,0,0,0,0,0,0
"05041","5","6244","76","0","2022","A","N","Desha County, Arkansas","Private","NAICS 6244 Child care services","County, NAICS 4-digit -- by ownership sector","All establishment sizes",3,0,0,0,0,0,0,"N",0.96,0,0,0,0,0,0,"N",0,0.0,0,0,0,0,0,0,0,0,0,0,0,0
"05041","5","62441","77","0","2022","A","N","Desha County, Arkansas","Private","NAICS 62441 Child care services","County, NAICS 5-digit -- by ownership sector","All establishment sizes",3,0,0,0,0,0,0,"N",0.96,0,0,0,0,0,0,"N",0,0.0,0,0,0,0,0,0,0,0,0,0,0,0
"05041","5","624410","78","0","2022","A","N","Desha County, Arkansas","Private","NAICS 624410 Child care services","County, NAICS 6-digit -- by ownership sector","All establishment sizes",3,0,0,0,0,0,0,"N",0.96,0,0,0,0,0,0,"N",0,0.0,0,0,0,0,0,0,0,0,0,0,0,0
"05041","5","71","74","0","2022","A","","Desha County, Arkansas","Private","NAICS 71 Arts, entertainment, and recreation","County, NAICS Sector -- by ownership sector","All establishment sizes",8,58,894694,539701,14187,299,15537,"",1.12,0.87,0.43,0.96,1.97,0.50,0.50,"",-1,-11.1,12,26.1,140887,18.7,80647,17.6,-2764,-16.3,-19,-6.0,-1000,-6.0
"05041","5","712","75","0","2022","A","N","Desha County, Arkansas","Private","NAICS 712 Museums, historical sites, and similar institutions","County, NAICS 3-digit -- by ownership sector","All establishment sizes",1,0,0,0,0,0,0,"N",3.27,0,0,0,0,0,0,"N",0,0.0,0,0,0,0,0,0,0,0,0,0,0,0
"05041","5","7121","76","0","2022","A","N","Desha County, Arkansas","Private","NAICS 7121 Museums, historical sites, and similar institutions","County, NAICS 4-digit -- by ownership sector","All establishment sizes",1,0,0,0,0,0,0,"N",3.27,0,0,0,0,0,0,"N",0,0.0,0,0,0,0,0,0,0,0,0,0,0,0
"05041","5","71211","77","0","2022","A","N","Desha County, Arkansas","Private","NAICS 71211 Museums","County, NAICS 5-digit -- by ownership sector","All establishment sizes",1,0,0,0,0,0,0,"N",4.85,0,0,0,0,0,0,"N",0,0.0,0,0,0,0,0,0,0,0,0,0,0,0
"05041","5","712110","78","0","2022","A","N","Desha County, Arkansas","Private","NAICS 712110 Museums","County, NAICS 6-digit -- by ownership sector","All establishment sizes",1,0,0,0,0,0,0,"N",4.85,0,0,0,0,0,0,"N",0,0.0,0,0,0,0,0,0,0,0,0,0,0,0
"05041","5","713","75","0","2022","A","N","Desha County, Arkansas","Private","NAICS 713 Amusement, gambling, and recreation industries","County, NAICS 3-digit -- by ownership sector","All establishment sizes",7,0,0,0,0,0,0,"N",1.83,0,0,0,0,0,0,"N",-1,-12.5,0,0,0,0,0,0,0,0,0,0,0,0
"05041","5","7139","76","0","2022","A","N","Desha County, Arkansas","Private","NAICS 7139 Other amusement and recreation industries","County, NAICS 4-digit -- by ownership sector","All establishment sizes",7,0,0,0,0,0,0,"N",2.00,0,0,0,0,0,0,"N",-1,-12.5,0,0,0,0,0,0,0,0,0,0,0,0
"05041","5","71391","77","0","2022","A","N","Desha County, Arkansas","Private","NAICS 71391 Golf courses and country clubs","County, NAICS 5-digit -- by ownership sector","All establishment sizes",1,0,0,0,0,0,0,"N",2.22,0,0,0,0,0,0,"N",0,0.0,0,0,0,0,0,0,0,0,0,0,0,0
"05041","5","713910","78","0","2022","A","N","Desha County, Arkansas","Private","NAICS 713910 Golf courses and country clubs","County, NAICS 6-digit -- by ownership sector","All establishment sizes",1,0,0,0,0,0,0,"N",2.22,0,0,0,0,0,0,"N",0,0.0,0,0,0,0,0,0,0,0,0,0,0,0
"05041","5","71394","77","0","2022","A","N","Desha County, Arkansas","Private","NAICS 71394 Fitness and recreational sports centers","County, NAICS 5-digit -- by ownership sector","All establishment sizes",3,0,0,0,0,0,0,"N",1.70,0,0,0,0,0,0,"N",-1,-25.0,0,0,0,0,0,0,0,0,0,0,0,0
"05041","5","713940","78","0","2022","A","N","Desha County, Arkansas","Private","NAICS 713940 Fitness and recreational sports centers","County, NAICS 6-digit -- by ownership sector","All establishment sizes",3,0,0,0,0,0,0,"N",1.70,0,0,0,0,0,0,"N",-1,-25.0,0,0,0,0,0,0,0,0,0,0,0,0
"05041","5","71399","77","0","2022","A","N","Desha County, Arkansas","Private","NAICS 71399 All other amusement and recreation industries","County, NAICS 5-digit -- by ownership sector","All establishment sizes",3,0,0,0,0,0,0,"N",3.11,0,0,0,0,0,0,"N",0,0.0,0,0,0,0,0,0,0,0,0,0,0,0
"05041","5","713990","78","0","2022","A","N","Desha County, Arkansas","Private","NAICS 713990 All other amusement and recreation industries","County, NAICS 6-digit -- by ownership sector","All establishment sizes",3,0,0,0,0,0,0,"N",3.11,0,0,0,0,0,0,"N",0,0.0,0,0,0,0,0,0,0,0,0,0,0,0
"05041","5","72","74","0","2022","A","","Desha County, Arkansas","Private","NAICS 72 Accommodation and food services","County, NAICS Sector -- by ownership sector","All establishment sizes",32,309,5230364,3162174,19249,325,16909,"",1.02,0.80,0.77,0.85,0.54,0.96,0.96,"",3,10.3,-3,-1.0,426314,8.9,8169,0.3,-4389,-18.6,29,9.8,1520,9.9
"05041","5","721","75","0","2022","A","","Desha County, Arkansas","Private","NAICS 721 Accommodation","County, NAICS 3-digit -- by ownership sector","All establishment sizes",5,17,277563,169885,510,320,16654,"",1.58,0.33,0.21,0.28,0.08,0.65,0.65,"",0,0.0,0,0.0,15121,5.8,6734,4.1,-108,-17.5,29,10.0,1513,10.0
"05041","5","7211","76","0","2022","A","","Desha County, Arkansas","Private","NAICS 7211 Traveler accommodation","County, NAICS 4-digit -- by ownership sector","All establishment sizes",5,17,277563,169885,510,320,16654,"",1.83,0.35,0.22,0.29,0.08,0.65,0.65,"",0,0.0,0,0.0,15121,5.8,6734,4.1,-108,-17.5,29,10.0,1513,10.0
"05041","5","72111","77","0","2022","A","","Desha County, Arkansas","Private","NAICS 72111 Hotels (except casino hotels) and motels","County, NAICS 5-digit -- by ownership sector","All establishment sizes",5,17,277563,169885,510,320,16654,"",2.00,0.41,0.27,0.38,0.10,0.67,0.67,"",0,0.0,0,0.0,15121,5.8,6734,4.1,-108,-17.5,29,10.0,1513,10.0
"05041","5","721110","78","0","2022","A","","Desha County, Arkansas","Private","NAICS 721110 Hotels (except casino hotels) and motels","County, NAICS 6-digit -- by ownership sector","All establishment sizes",5,17,277563,169885,510,320,16654,"",2.00,0.41,0.27,0.38,0.10,0.67,0.67,"",0,0.0,0,0.0,15121,5.8,6734,4.1,-108,-17.5,29,10.0,1513,10.0
"05041","5","722","75","0","2022","A","","Desha County, Arkansas","Private","NAICS 722 Food services and drinking places","County, NAICS 3-digit -- by ownership sector","All establishment sizes",27,293,4952801,2992289,18739,325,16923,"",0.96,0.87,0.90,0.97,0.64,1.03,1.04,"",3,12.5,-2,-0.7,411193,9.1,1435,0.0,-4281,-18.6,29,9.8,1519,9.9
"05041","5","7223","76","0","2022","A","N","Desha County, Arkansas","Private","NAICS 7223 Special food services","County, NAICS 4-digit -- by ownership sector","All establishment sizes",2,0,0,0,0,0,0,"N",1.04,0,0,0,0,0,0,"N",1,100.0,0,0,0,0,0,0,0,0,0,0,0,0
"05041","5","72231","77","0","2022","A","N","Desha County, Arkansas","Private","NAICS 72231 Food service contractors","County, NAICS 5-digit -- by ownership sector","All establishment sizes",1,0,0,0,0,0,0,"N",1.01,0,0,0,0,0,0,"N",1,100.0,0,0,0,0,0,0,0,0,0,0,0,0
"05041","5","722310","78","0","2022","A","N","Desha County, Arkansas","Private","NAICS 722310 Food service contractors","County, NAICS 6-digit -- by ownership sector","All establishment sizes",1,0,0,0,0,0,0,"N",1.01,0,0,0,0,0,0,"N",1,100.0,0,0,0,0,0,0,0,0,0,0,0,0
"05041","5","72233","77","0","2022","A","N","Desha County, Arkansas","Private","NAICS 72233 Mobile food services","County, NAICS 5-digit -- by ownership sector","All establishment sizes",1,0,0,0,0,0,0,"N",2.54,0,0,0,0,0,0,"N",0,0.0,0,0,0,0,0,0,0,0,0,0,0,0
"05041","5","722330","78","0","2022","A","N","Desha County, Arkansas","Private","NAICS 722330 Mobile food services","County, NAICS 6-digit -- by ownership sector","All establishment sizes",1,0,0,0,0,0,0,"N",2.54,0,0,0,0,0,0,"N",0,0.0,0,0,0,0,0,0,0,0,0,0,0,0
"05041","5","7224","76","0","2022","A","N","Desha County, Arkansas","Private","NAICS 7224 Drinking places (alcoholic beverages)","County, NAICS 4-digit -- by ownership sector","All establishment sizes",2,0,0,0,0,0,0,"N",1.15,0,0,0,0,0,0,"N",0,0.0,0,0,0,0,0,0,0,0,0,0,0,0
"05041","5","72241","77","0","2022","A","N","Desha County, Arkansas","Private","NAICS 72241 Drinking places (alcoholic beverages)","County, NAICS 5-digit -- by ownership sector","All establishment sizes",2,0,0,0,0,0,0,"N",1.15,0,0,0,0,0,0,"N",0,0.0,0,0,0,0,0,0,0,0,0,0,0,0
"05041","5","722410","78","0","2022","A","N","Desha County, Arkansas","Private","NAICS 722410 Drinking places (alcoholic beverages)","County, NAICS 6-digit -- by ownership sector","All establishment sizes",2,0,0,0,0,0,0,"N",1.15,0,0,0,0,0,0,"N",0,0.0,0,0,0,0,0,0,0,0,0,0,0,0
"05041","5","7225","76","0","2022","A","","Desha County, Arkansas","Private","NAICS 7225 Restaurants and other eating places","County, NAICS 4-digit -- by ownership sector","All establishment sizes",23,283,4688477,2885435,17511,319,16572,"",0.94,0.93,0.96,1.03,0.72,1.04,1.04,"",2,9.5,-10,-3.4,176393,3.9,-79314,-2.7,-4700,-21.2,23,7.8,1186,7.7
"05041","5","72251","77","0","2022","A","","Desha County, Arkansas","Private","NAICS 72251 Restaurants and other eating places","County, NAICS 5-digit -- by ownership sector","All establishment sizes",23,283,4688477,2885435,17511,319,16572,"",0.94,0.93,0.96,1.03,0.72,1.04,1.04,"",2,9.5,-10,-3.4,176393,3.9,-79314,-2.7,-4700,-21.2,23,7.8,1186,7.7
"05041","5","722511","78","0","2022","A","N","Desha County, Arkansas","Private","NAICS 722511 Full-service restaurants","County, NAICS 6-digit -- by ownership sector","All establishment sizes",11,0,0,0,0,0,0,"N",1.04,0,0,0,0,0,0,"N",2,22.2,0,0,0,0,0,0,0,0,0,0,0,0
"05041","5","722513","78","0","2022","A","","Desha County, Arkansas","Private","NAICS 722513 Limited-service restaurants","County, NAICS 6-digit -- by ownership sector","All establishment sizes",11,143,2184056,1475531,5833,294,15273,"",1.03,1.11,1.23,1.34,0.67,1.11,1.10,"",0,0.0,-16,-10.1,-13580,-0.6,-59138,-3.9,-857,-12.8,28,10.5,1437,10.4
"05041","5","722515","78","0","2022","A","N","Desha County, Arkansas","Private","NAICS 722515 Snack and nonalcoholic beverage bars","County, NAICS 6-digit -- by ownership sector","All establishment sizes",1,0,0,0,0,0,0,"N",0.32,0,0,0,0,0,0,"N",0,0.0,0,0,0,0,0,0,0,0,0,0,0,0
"05041","5","81","74","0","2022","A","","Desha County, Arkansas","Private","NAICS 81 Other services (except public administration)","County, NAICS Sector -- by ownership sector","All establishment sizes",22,58,1403864,640718,6511,467,24309,"",0.62,0.46,0.36,0.52,0.52,0.78,0.78,"",0,0.0,-4,-6.5,-94167,-6.3,-33249,-4.9,2016,44.8,5,1.1,309,1.3
"05041","5","811","75","0","2022","A","","Desha County, Arkansas","Private","NAICS 811 Repair and maintenance","County, NAICS 3-digit -- by ownership sector","All establishment sizes",11,28,810759,359201,5539,552,28699,"",1.10,0.70,0.57,0.78,1.20,0.81,0.81,"",2,22.2,-3,-9.7,-62250,-7.1,-12138,-3.3,2253,68.6,8,1.5,385,1.4
"05041","5","8111","76","0","2022","A","","Desha County, Arkansas","Private","NAICS 8111 Automotive repair and maintenance","County, NAICS 4-digit -- by ownership sector","All establishment sizes",7,25,615875,308995,4817,477,24800,"",1.00,0.89,0.69,0.97,1.65,0.79,0.79,"",1,16.7,-2,-7.4,-46173,-7.0,-18633,-5.7,2038,73.3,4,0.8,204,0.8
"05041","5","81111","77","0","2022","A","","Desha County, Arkansas","Private","NAICS 81111 Automotive mechanical and electrical repair and maintenance","County, NAICS 5-digit -- by ownership sector","All establishment sizes",3,12,240243,106546,3369,385,20020,"",0.76,0.99,0.59,0.75,2.68,0.60,0.60,"",0,0.0,-1,-7.7,-62961,-20.8,-26665,-20.0,1501,80.4,-58,-13.1,-3008,-13.1
"05041","5","811111","78","0","2022","A","N","Desha County, Arkansas","Private","NAICS 811111 General automotive repair","County, NAICS 6-digit -- by ownership sector","All establishment sizes",1,0,0,0,0,0,0,"N",0.29,0,0,0,0,0,0,"N",0,0.0,0,0,0,0,0,0,0,0,0,0,0,0
"05041","5","811114","78","0","2022","A","N","Desha County, Arkansas","Private","NAICS 811114 Specialized automotive repair","County, NAICS 6-digit -- by ownership sector","All establishment sizes",2,0,0,0,0,0,0,"N",4.53,0,0,0,0,0,0,"N",2,100.0,0,0,0,0,0,0,0,0,0,0,0,0
"05041","5","81112","77","0","2022","A","N","Desha County, Arkansas","Private","NAICS 81112 Automotive body, paint, interior, and glass repair","County, NAICS 5-digit -- by ownership sector","All establishment sizes",1,0,0,0,0,0,0,"N",0.58,0,0,0,0,0,0,"N",0,0.0,0,0,0,0,0,0,0,0,0,0,0,0
"05041","5","811121","78","0","2022","A","N","Desha County, Arkansas","Private","NAICS 811121 Automotive body, paint, and interior repair and maintenance","County, NAICS 6-digit -- by ownership sector","All establishment sizes",1,0,0,0,0,0,0,"N",0.69,0,0,0,0,0,0,"N",0,0.0,0,0,0,0,0,0,0,0,0,0,0,0
"05041","5","81119","77","0","2022","A","N","Desha County, Arkansas","Private","NAICS 81119 Other automotive repair and maintenance","County, NAICS 5-digit -- by ownership sector","All establishment sizes",3,0,0,0,0,0,0,"N",2.20,0,0,0,0,0,0,"N",1,50.0,0,0,0,0,0,0,0,0,0,0,0,0
"05041","5","811191","78","0","2022","A","N","Desha County, Arkansas","Private","NAICS 811191 Automotive oil change and lubrication shops","County, NAICS 6-digit -- by ownership sector","All establishment sizes",1,0,0,0,0,0,0,"N",3.16,0,0,0,0,0,0,"N",0,0.0,0,0,0,0,0,0,0,0,0,0,0,0
"05041","5","811198","78","0","2022","A","N","Desha County, Arkansas","Private","NAICS 811198 All other automotive repair and maintenance","County, NAICS 6-digit -- by ownership sector","All establishment sizes",2,0,0,0,0,0,0,"N",7.05,0,0,0,0,0,0,"N",1,100.0,0,0,0,0,0,0,0,0,0,0,0,0
"05041","5","8112","76","0","2022","A","N","Desha County, Arkansas","Private","NAICS 8112 Electronic and precision equipment repair and maintenance","County, NAICS 4-digit -- by ownership sector","All establishment sizes",1,0,0,0,0,0,0,"N",1.45,0,0,0,0,0,0,"N",1,100.0,0,0,0,0,0,0,0,0,0,0,0,0
"05041","5","81121","77","0","2022","A","N","Desha County, Arkansas","Private","NAICS 81121 Electronic and precision equipment repair and maintenance","County, NAICS 5-digit -- by ownership sector","All establishment sizes",1,0,0,0,0,0,0,"N",1.45,0,0,0,0,0,0,"N",1,100.0,0,0,0,0,0,0,0,0,0,0,0,0
"05041","5","811210","78","0","2022","A","N","Desha County, Arkansas","Private","NAICS 811210 Electronic and precision equipment repair and maintenance","County, NAICS 6-digit -- by ownership sector","All establishment sizes",1,0,0,0,0,0,0,"N",1.45,0,0,0,0,0,0,"N",1,100.0,0,0,0,0,0,0,0,0,0,0,0,0
"05041","5","8113","76","0","2022","A","N","Desha County, Arkansas","Private","NAICS 8113 Commercial and industrial machinery and equipment (except automotive and electronic) repair and maintenance","County, NAICS 4-digit -- by ownership sector","All establishment sizes",3,0,0,0,0,0,0,"N",2.39,0,0,0,0,0,0,"N",0,0.0,0,0,0,0,0,0,0,0,0,0,0,0
"05041","5","81131","77","0","2022","A","N","Desha County, Arkansas","Private","NAICS 81131 Commercial and industrial machinery and equipment (except automotive and electronic) repair and maintenance","County, NAICS 5-digit -- by ownership sector","All establishment sizes",3,0,0,0,0,0,0,"N",2.39,0,0,0,0,0,0,"N",0,0.0,0,0,0,0,0,0,0,0,0,0,0,0
"05041","5","811310","78","0","2022","A","N","Desha County, Arkansas","Private","NAICS 811310 Commercial and industrial machinery and equipment (except automotive and electronic) repair and maintenance","County, NAICS 6-digit -- by ownership sector","All establishment sizes",3,0,0,0,0,0,0,"N",2.39,0,0,0,0,0,0,"N",0,0.0,0,0,0,0,0,0,0,0,0,0,0,0
"05041","5","812","75","0","2022","A","","Desha County, Arkansas","Private","NAICS 812 Personal and laundry services","County, NAICS 3-digit -- by ownership sector","All establishment sizes",4,19,411182,193310,580,407,21177,"",0.39,0.45,0.42,0.46,0.14,0.93,0.93,"",0,0.0,-1,-5.0,5699,1.4,-605,-0.3,-22,-3.7,14,3.6,732,3.6
"05041","5","8122","76","0","2022","A","N","Desha County, Arkansas","Private","NAICS 8122 Death care services","County, NAICS 4-digit -- by ownership sector","All establishment sizes",3,0,0,0,0,0,0,"N",3.98,0,0,0,0,0,0,"N",0,0.0,0,0,0,0,0,0,0,0,0,0,0,0
"05041","5","81221","77","0","2022","A","N","Desha County, Arkansas","Private","NAICS 81221 Funeral homes and funeral services","County, NAICS 5-digit -- by ownership sector","All establishment sizes",3,0,0,0,0,0,0,"N",5.24,0,0,0,0,0,0,"N",0,0.0,0,0,0,0,0,0,0,0,0,0,0,0
"05041","5","812210","78","0","2022","A","N","Desha County, Arkansas","Private","NAICS 812210 Funeral homes and funeral services","County, NAICS 6-digit -- by ownership sector","All establishment sizes",3,0,0,0,0,0,0,"N",5.24,0,0,0,0,0,0,"N",0,0.0,0,0,0,0,0,0,0,0,0,0,0,0
"05041","5","8123","76","0","2022","A","N","Desha County, Arkansas","Private","NAICS 8123 Drycleaning and laundry services","County, NAICS 4-digit -- by ownership sector","All establishment sizes",1,0,0,0,0,0,0,"N",0.84,0,0,0,0,0,0,"N",0,0.0,0,0,0,0,0,0,0,0,0,0,0,0
"05041","5","81232","77","0","2022","A","N","Desha County, Arkansas","Private","NAICS 81232 Drycleaning and laundry services (except coin-operated)","County, NAICS 5-digit -- by ownership sector","All establishment sizes",1,0,0,0,0,0,0,"N",1.49,0,0,0,0,0,0,"N",0,0.0,0,0,0,0,0,0,0,0,0,0,0,0
"05041","5","812320","78","0","2022","A","N","Desha County, Arkansas","Private","NAICS 812320 Drycleaning and laundry services (except coin-operated)","County, NAICS 6-digit -- by ownership sector","All establishment sizes",1,0,0,0,0,0,0,"N",1.49,0,0,0,0,0,0,"N",0,0.0,0,0,0,0,0,0,0,0,0,0,0,0
"05041","5","813","75","0","2022","A","N","Desha County, Arkansas","Private","NAICS 813 Religious, grantmaking, civic, professional, and similar organizations","County, NAICS 3-digit -- by ownership sector","All establishment sizes",6,0,0,0,0,0,0,"N",0.86,0,0,0,0,0,0,"N",-1,-14.3,0,0,0,0,0,0,0,0,0,0,0,0
"05041","5","8133","76","0","2022","A","N","Desha County, Arkansas","Private","NAICS 8133 Social advocacy organizations","County, NAICS 4-digit -- by ownership sector","All establishment sizes",1,0,0,0,0,0,0,"N",0.77,0,0,0,0,0,0,"N",0,0.0,0,0,0,0,0,0,0,0,0,0,0,0
"05041","5","81331","77","0","2022","A","N","Desha County, Arkansas","Private","NAICS 81331 Social advocacy organizations","County, NAICS 5-digit -- by ownership sector","All establishment sizes",1,0,0,0,0,0,0,"N",0.77,0,0,0,0,0,0,"N",0,0.0,0,0,0,0,0,0,0,0,0,0,0,0
"05041","5","813319","78","0","2022","A","N","Desha County, Arkansas","Private","NAICS 813319 Other social advocacy organizations","County, NAICS 6-digit -- by ownership sector","All establishment sizes",1,0,0,0,0,0,0,"N",1.45,0,0,0,0,0,0,"N",0,0.0,0,0,0,0,0,0,0,0,0,0,0,0
"05041","5","8139","76","0","2022","A","","Desha County, Arkansas","Private","NAICS 8139 Business, professional, labor, political, and similar organizations","County, NAICS 4-digit -- by ownership sector","All establishment sizes",5,9,141207,73491,220,310,16138,"",1.90,0.73,0.24,0.60,0.17,0.33,0.33,"",-1,-16.7,-1,-10.0,-28408,-16.7,-15222,-17.2,-46,-17.3,-8,-2.5,-410,-2.5
"05041","5","81391","77","0","2022","A","N","Desha County, Arkansas","Private","NAICS 81391 Business associations","County, NAICS 5-digit -- by ownership sector","All establishment sizes",3,0,0,0,0,0,0,"N",3.48,0,0,0,0,0,0,"N",-1,-25.0,0,0,0,0,0,0,0,0,0,0,0,0
"05041","5","813910","78","0","2022","A","N","Desha County, Arkansas","Private","NAICS 813910 Business associations","County, NAICS 6-digit -- by ownership sector","All establishment sizes",3,0,0,0,0,0,0,"N",3.48,0,0,0,0,0,0,"N",-1,-25.0,0,0,0,0,0,0,0,0,0,0,0,0
"05041","5","81393","77","0","2022","A","N","Desha County, Arkansas","Private","NAICS 81393 Labor unions and similar labor organizations","County, NAICS 5-digit -- by ownership sector","All establishment sizes",2,0,0,0,0,0,0,"N",3.73,0,0,0,0,0,0,"N",0,0.0,0,0,0,0,0,0,0,0,0,0,0,0
"05041","5","813930","78","0","2022","A","N","Desha County, Arkansas","Private","NAICS 813930 Labor unions and similar labor organizations","County, NAICS 6-digit -- by ownership sector","All establishment sizes",2,0,0,0,0,0,0,"N",3.73,0,0,0,0,0,0,"N",0,0.0,0,0,0,0,0,0,0,0,0,0,0,0
"05041","5","814","75","0","2022","A","N","Desha County, Arkansas","Private","NAICS 814 Private households","County, NAICS 3-digit -- by ownership sector","All establishment sizes",2,0,0,0,0,0,0,"N",0.24,0,0,0,0,0,0,"N",0,0.0,0,0,0,0,0,0,0,0,0,0,0,0
"05041","5","8141","76","0","2022","A","N","Desha County, Arkansas","Private","NAICS 8141 Private households","County, NAICS 4-digit -- by ownership sector","All establishment sizes",2,0,0,0,0,0,0,"N",0.24,0,0,0,0,0,0,"N",0,0.0,0,0,0,0,0,0,0,0,0,0,0,0
"05041","5","81411","77","0","2022","A","N","Desha County, Arkansas","Private","NAICS 81411 Private households","County, NAICS 5-digit -- by ownership sector","All establishment sizes",2,0,0,0,0,0,0,"N",0.24,0,0,0,0,0,0,"N",0,0.0,0,0,0,0,0,0,0,0,0,0,0,0
"05041","5","814110","78","0","2022","A","N","Desha County, Arkansas","Private","NAICS 814110 Private households","County, NAICS 6-digit -- by ownership sector","All establishment sizes",2,0,0,0,0,0,0,"N",0.24,0,0,0,0,0,0,"N",0,0.0,0,0,0,0,0,0,0,0,0,0,0,0
