"area_fips","own_code","industry_code","agglvl_code","size_code","year","qtr","disclosure_code","area_title","own_title","industry_title","agglvl_title","size_title","annual_avg_estabs_count","annual_avg_emplvl","total_annual_wages","taxable_annual_wages","annual_contributions","annual_avg_wkly_wage","avg_annual_pay","lq_disclosure_code","lq_annual_avg_estabs_count","lq_annual_avg_emplvl","lq_total_annual_wages","lq_taxable_annual_wages","lq_annual_contributions","lq_annual_avg_wkly_wage","lq_avg_annual_pay","oty_disclosure_code","oty_annual_avg_estabs_count_chg","oty_annual_avg_estabs_count_pct_chg","oty_annual_avg_emplvl_chg","oty_annual_avg_emplvl_pct_chg","oty_total_annual_wages_chg","oty_total_annual_wages_pct_chg","oty_taxable_annual_wages_chg","oty_taxable_annual_wages_pct_chg","oty_annual_contributions_chg","oty_annual_contributions_pct_chg","oty_annual_avg_wkly_wage_chg","oty_annual_avg_wkly_wage_pct_chg","oty_avg_annual_pay_chg","oty_avg_annual_pay_pct_chg"
"18017","0","10","70","0","2020","A","","Cass County, Indiana","Total Covered","10 Total, all industries","County, Total Covered","All establishment sizes",708,13983,578772037,115237188,1587357,796,41390,"",1.00,1.00,1.00,1.00,1.00,1.00,1.00,"",6,0.9,-787,-5.3,17857036,3.2,-7539757,-6.1,-237920,-13.0,66,9.0,3414,9.0
"18017","1","10","71","0","2020","A","","Cass County, Indiana","Federal Government","10 Total, all industries","County, Total -- by ownership sector","All establishment sizes",11,92,5187681,0,0,1088,56593,"",2.66,0.31,0.32,0.00,0.00,1.02,1.02,"",0,0.0,7,8.2,397623,8.3,0,0.0,0,0.0,5,0.5,295,0.5
"18017","1","102","72","0","2020","A","","Cass County, Indiana","Federal Government","102 Service-providing","County, by Domain -- by ownership sector","All establishment sizes",11,92,5187681,0,0,1088,56593,"",2.66,0.32,0.33,0.00,0.00,1.02,1.02,"",0,0.0,7,8.2,397623,8.3,0,0.0,0,0.0,5,0.5,295,0.5
"18017","1","1021","73","0","2020","A","","Cass County, Indiana","Federal Government","1021 Trade, transportation, and utilities","County, by Supersector -- by ownership sector","All establishment sizes",7,55,3080037,0,0,1069,55580,"",3.42,0.82,1.09,0.00,0.00,1.32,1.32,"",0,0.0,0,0.0,194773,6.8,0,0.0,0,0.0,60,5.9,3121,5.9
"18017","1","1028","73","0","2020","A","","Cass County, Indiana","Federal Government","1028 Public administration","County, by Supersector -- by ownership sector","All establishment sizes",4,36,2107644,0,0,1118,58142,"",2.33,0.22,0.21,0.00,0.00,0.96,0.96,"",0,0.0,6,20.0,202850,10.6,0,0.0,0,0.0,-100,-8.2,-5175,-8.2
"18017","1","48-49","74","0","2020","A","","Cass County, Indiana","Federal Government","NAICS 48-49 Transportation and warehousing","County, NAICS Sector -- by ownership sector","All establishment sizes",7,55,3080037,0,0,1069,55580,"",3.52,0.89,1.17,0.00,0.00,1.31,1.31,"",0,0.0,0,0.0,194773,6.8,0,0.0,0,0.0,60,5.9,3121,5.9
"18017","1","491","75","0","2020","A","","Cass County, Indiana","Federal Government","NAICS 491 Postal service","County, NAICS 3-digit -- by ownership sector","All establishment sizes",7,55,3080037,0,0,1069,55580,"",3.54,0.91,1.22,0.00,0.00,1.33,1.33,"",0,0.0,0,0.0,194773,6.8,0,0.0,0,0.0,60,5.9,3121,5.9
"18017","1","4911","76","0","2020","A","","Cass County, Indiana","Federal Government","NAICS 4911 Postal service","County, NAICS 4-digit -- by ownership sector","All establishment sizes",7,55,3080037,0,0,1069,55580,"",3.54,0.91,1.22,0.00,0.00,1.33,1.33,"",0,0.0,0,0.0,194773,6.8,0,0.0,0,0.0,60,5.9,3121,5.9
"18017","1","49111","77","0","2020","A","","Cass County, Indiana","Federal Government","NAICS 49111 Postal service","County, NAICS 5-digit -- by ownership sector","All establishment sizes",7,55,3080037,0,0,1069,55580,"",3.54,0.91,1.22,0.00,0.00,1.33,1.33,"",0,0.0,0,0.0,194773,6.8,0,0.0,0,0.0,60,5.9,3121,5.9
"18017","1","491110","78","0","2020","A","","Cass County, Indiana","Federal Government","NAICS 491110 Postal service","County, NAICS 6-digit -- by ownership sector","All establishment sizes",7,55,3080037,0,0,1069,55580,"",3.54,0.91,1.22,0.00,0.00,1.33,1.33,"",0,0.0,0,0.0,194773,6.8,0,0.0,0,0.0,60,5.9,3121,5.9
"18017","1","92","74","0","2020","A","","Cass County, Indiana","Federal Government","NAICS 92 Public administration","County, NAICS Sector -- by ownership sector","All establishment sizes",4,36,2107644,0,0,1118,58142,"",2.33,0.22,0.21,0.00,0.00,0.96,0.96,"",0,0.0,6,20.0,202850,10.6,0,0.0,0,0.0,-100,-8.2,-5175,-8.2
"18017","1","924","75","0","2020","A","","Cass County, Indiana","Federal Government","NAICS 924 Administration of environmental programs","County, NAICS 3-digit -- by ownership sector","All establishment sizes",1,1,80390,0,0,1546,80390,"",2.81,0.11,0.15,0.00,0.00,1.38,1.38,"",0,0.0,0,0.0,3936,5.1,0,0.0,0,0.0,76,5.2,3936,5.1
"18017","1","9241","76","0","2020","A","","Cass County, Indiana","Federal Government","NAICS 9241 Administration of environmental programs","County, NAICS 4-digit -- by ownership sector","All establishment sizes",1,1,80390,0,0,1546,80390,"",2.81,0.11,0.15,0.00,0.00,1.38,1.38,"",0,0.0,0,0.0,3936,5.1,0,0.0,0,0.0,76,5.2,3936,5.1
"18017","1","92412","77","0","2020","A","","Cass County, Indiana","Federal Government","NAICS 92412 Administration of conservation programs","County, NAICS 5-digit -- by ownership sector","All establishment sizes",1,1,80390,0,0,1546,80390,"",2.96,0.13,0.19,0.00,0.00,1.49,1.49,"",0,0.0,0,0.0,3936,5.1,0,0.0,0,0.0,76,5.2,3936,5.1
"18017","1","924120","78","0","2020","A","","Cass County, Indiana","Federal Government","NAICS 924120 Administration of conservation programs","County, NAICS 6-digit -- by ownership sector","All establishment sizes",1,1,80390,0,0,1546,80390,"",2.96,0.13,0.19,0.00,0.00,1.49,1.49,"",0,0.0,0,0.0,3936,5.1,0,0.0,0,0.0,76,5.2,3936,5.1
"18017","1","926","75","0","2020","A","","Cass County, Indiana","Federal Government","NAICS 926 Administration of economic programs","County, NAICS 3-digit -- by ownership sector","All establishment sizes",3,35,2027254,0,0,1106,57511,"",4.32,1.11,1.21,0.00,0.00,1.09,1.09,"",0,0.0,6,20.7,198914,10.9,0,0.0,0,0.0,-103,-8.5,-5355,-8.5
"18017","1","9261","76","0","2020","A","","Cass County, Indiana","Federal Government","NAICS 9261 Administration of economic programs","County, NAICS 4-digit -- by ownership sector","All establishment sizes",3,35,2027254,0,0,1106,57511,"",4.32,1.11,1.21,0.00,0.00,1.09,1.09,"",0,0.0,6,20.7,198914,10.9,0,0.0,0,0.0,-103,-8.5,-5355,-8.5
"18017","1","92611","77","0","2020","A","","Cass County, Indiana","Federal Government","NAICS 92611 Administration of general economic programs","County, NAICS 5-digit -- by ownership sector","All establishment sizes",1,6,86230,0,0,288,14997,"",3.14,0.49,0.20,0.00,0.00,0.42,0.42,"",0,0.0,6,100.0,79793,1239.6,0,0.0,0,0.0,-9,-3.0,-452,-2.9
"18017","1","926110","78","0","2020","A","","Cass County, Indiana","Federal Government","NAICS 926110 Administration of general economic programs","County, NAICS 6-digit -- by ownership sector","All establishment sizes",1,6,86230,0,0,288,14997,"",3.14,0.49,0.20,0.00,0.00,0.42,0.42,"",0,0.0,6,100.0,79793,1239.6,0,0.0,0,0.0,-9,-3.0,-452,-2.9
"18017","1","92614","77","0","2020","A","","Cass County, Indiana","Federal Government","NAICS 92614 Agricultural market and commodity regulation","County, NAICS 5-digit -- by ownership sector","All establishment sizes",2,30,1941024,0,0,1265,65797,"",9.25,6.77,7.97,0.00,0.00,1.20,1.20,"",0,0.0,1,3.4,119121,6.5,0,0.0,0,0.0,43,3.5,2242,3.5
"18017","1","926140","78","0","2020","A","","Cass County, Indiana","Federal Government","NAICS 926140 Agricultural market and commodity regulation","County, NAICS 6-digit -- by ownership sector","All establishment sizes",2,30,1941024,0,0,1265,65797,"",9.25,6.77,7.97,0.00,0.00,1.20,1.20,"",0,0.0,1,3.4,119121,6.5,0,0.0,0,0.0,43,3.5,2242,3.5
"18017","2","10","71","0","2020","A","","Cass County, Indiana","State Government","10 Total, all industries","County, Total -- by ownership sector","All establishment sizes",20,664,30558948,0,0,885,45999,"",4.23,1.44,1.56,0.00,0.00,1.08,1.08,"",-2,-9.1,-8,-1.2,1423398,4.9,0,0.0,0,0.0,51,6.1,2643,6.1
"18017","2","102","72","0","2020","A","","Cass County, Indiana","State Government","102 Service-providing","County, by Domain -- by ownership sector","All establishment sizes",20,664,30558948,0,0,885,45999,"",4.35,1.46,1.58,0.00,0.00,1.08,1.08,"",-2,-9.1,-8,-1.2,1423398,4.9,0,0.0,0,0.0,51,6.1,2643,6.1
"18017","2","1025","73","0","2020","A","N","Cass County, Indiana","State Government","1025 Education and health services","County, by Supersector -- by ownership sector","All establishment sizes",1,0,0,0,0,0,0,"N",1.01,0,0,0,0,0,0,"N",0,0.0,0,0,0,0,0,0,0,0,0,0,0,0
"18017","2","1028","73","0","2020","A","N","Cass County, Indiana","State Government","1028 Public administration","County, by Supersector -- by ownership sector","All establishment sizes",19,0,0,0,0,0,0,"N",5.64,0,0,0,0,0,0,"N",-2,-9.5,0,0,0,0,0,0,0,0,0,0,0,0
"18017","2","62","74","0","2020","A","N","Cass County, Indiana","State Government","NAICS 62 Health care and social assistance","County, NAICS Sector -- by ownership sector","All establishment sizes",1,0,0,0,0,0,0,"N",2.19,0,0,0,0,0,0,"N",0,0.0,0,0,0,0,0,0,0,0,0,0,0,0
"18017","2","622","75","0","2020","A","N","Cass County, Indiana","State Government","NAICS 622 Hospitals","County, NAICS 3-digit -- by ownership sector","All establishment sizes",1,0,0,0,0,0,0,"N",13.29,0,0,0,0,0,0,"N",0,0.0,0,0,0,0,0,0,0,0,0,0,0,0
"18017","2","6222","76","0","2020","A","N","Cass County, Indiana","State Government","NAICS 6222 Psychiatric and substance abuse hospitals","County, NAICS 4-digit -- by ownership sector","All establishment sizes",1,0,0,0,0,0,0,"N",15.19,0,0,0,0,0,0,"N",0,0.0,0,0,0,0,0,0,0,0,0,0,0,0
"18017","2","62221","77","0","2020","A","N","Cass County, Indiana","State Government","NAICS 62221 Psychiatric and substance abuse hospitals","County, NAICS 5-digit -- by ownership sector","All establishment sizes",1,0,0,0,0,0,0,"N",15.19,0,0,0,0,0,0,"N",0,0.0,0,0,0,0,0,0,0,0,0,0,0,0
"18017","2","622210","78","0","2020","A","N","Cass County, Indiana","State Government","NAICS 622210 Psychiatric and substance abuse hospitals","County, NAICS 6-digit -- by ownership sector","All establishment sizes",1,0,0,0,0,0,0,"N",15.19,0,0,0,0,0,0,"N",0,0.0,0,0,0,0,0,0,0,0,0,0,0,0
"18017","2","92","74","0","2020","A","N","Cass County, Indiana","State Government","NAICS 92 Public administration","County, NAICS Sector -- by ownership sector","All establishment sizes",19,0,0,0,0,0,0,"N",5.64,0,0,0,0,0,0,"N",-2,-9.5,0,0,0,0,0,0,0,0,0,0,0,0
"18017","2","921","75","0","2020","A","","Cass County, Indiana","State Government","NAICS 921 Executive, legislative and general government","County, NAICS 3-digit -- by ownership sector","All establishment sizes",3,8,550411,0,0,1270,66049,"",7.32,0.35,0.53,0.00,0.00,1.45,1.45,"",0,0.0,-1,-11.1,-77307,-12.3,0,0.0,0,0.0,-12,-0.9,-611,-0.9
"18017","2","9211","76","0","2020","A","","Cass County, Indiana","State Government","NAICS 9211 Executive, legislative and general government","County, NAICS 4-digit -- by ownership sector","All establishment sizes",3,8,550411,0,0,1270,66049,"",7.32,0.35,0.53,0.00,0.00,1.45,1.45,"",0,0.0,-1,-11.1,-77307,-12.3,0,0.0,0,0.0,-12,-0.9,-611,-0.9
"18017","2","92113","77","0","2020","A","N","Cass County, Indiana","State Government","NAICS 92113 Public finance activities","County, NAICS 5-digit -- by ownership sector","All establishment sizes",2,0,0,0,0,0,0,"N",12.10,0,0,0,0,0,0,"N",0,0.0,0,0,0,0,0,0,0,0,0,0,0,0
"18017","2","921130","78","0","2020","A","N","Cass County, Indiana","State Government","NAICS 921130 Public finance activities","County, NAICS 6-digit -- by ownership sector","All establishment sizes",2,0,0,0,0,0,0,"N",12.10,0,0,0,0,0,0,"N",0,0.0,0,0,0,0,0,0,0,0,0,0,0,0
"18017","2","92119","77","0","2020","A","N","Cass County, Indiana","State Government","NAICS 92119 Other general government support","County, NAICS 5-digit -- by ownership sector","All establishment sizes",1,0,0,0,0,0,0,"N",5.85,0,0,0,0,0,0,"N",0,0.0,0,0,0,0,0,0,0,0,0,0,0,0
"18017","2","921190","78","0","2020","A","N","Cass County, Indiana","State Government","NAICS 921190 Other general government support","County, NAICS 6-digit -- by ownership sector","All establishment sizes",1,0,0,0,0,0,0,"N",5.85,0,0,0,0,0,0,"N",0,0.0,0,0,0,0,0,0,0,0,0,0,0,0
"18017","2","922","75","0","2020","A","N","Cass County, Indiana","State Government","NAICS 922 Justice, public order, and safety activities","County, NAICS 3-digit -- by ownership sector","All establishment sizes",4,0,0,0,0,0,0,"N",4.14,0,0,0,0,0,0,"N",-1,-20.0,0,0,0,0,0,0,0,0,0,0,0,0
"18017","2","9221","76","0","2020","A","N","Cass County, Indiana","State Government","NAICS 9221 Justice, public order, and safety activities","County, NAICS 4-digit -- by ownership sector","All establishment sizes",4,0,0,0,0,0,0,"N",4.14,0,0,0,0,0,0,"N",-1,-20.0,0,0,0,0,0,0,0,0,0,0,0,0
"18017","2","92212","77","0","2020","A","N","Cass County, Indiana","State Government","NAICS 92212 Police protection","County, NAICS 5-digit -- by ownership sector","All establishment sizes",1,0,0,0,0,0,0,"N",5.70,0,0,0,0,0,0,"N",0,0.0,0,0,0,0,0,0,0,0,0,0,0,0
"18017","2","922120","78","0","2020","A","N","Cass County, Indiana","State Government","NAICS 922120 Police protection","County, NAICS 6-digit -- by ownership sector","All establishment sizes",1,0,0,0,0,0,0,"N",5.70,0,0,0,0,0,0,"N",0,0.0,0,0,0,0,0,0,0,0,0,0,0,0
"18017","2","92214","77","0","2020","A","N","Cass County, Indiana","State Government","NAICS 92214 Correctional institutions","County, NAICS 5-digit -- by ownership sector","All establishment sizes",2,0,0,0,0,0,0,"N",7.45,0,0,0,0,0,0,"N",0,0.0,0,0,0,0,0,0,0,0,0,0,0,0
"18017","2","922140","78","0","2020","A","N","Cass County, Indiana","State Government","NAICS 922140 Correctional institutions","County, NAICS 6-digit -- by ownership sector","All establishment sizes",2,0,0,0,0,0,0,"N",7.45,0,0,0,0,0,0,"N",0,0.0,0,0,0,0,0,0,0,0,0,0,0,0
"18017","2","92219","77","0","2020","A","N","Cass County, Indiana","State Government","NAICS 92219 Other justice and safety activities","County, NAICS 5-digit -- by ownership sector","All establishment sizes",1,0,0,0,0,0,0,"N",18.11,0,0,0,0,0,0,"N",0,0.0,0,0,0,0,0,0,0,0,0,0,0,0
"18017","2","922190","78","0","2020","A","N","Cass County, Indiana","State Government","NAICS 922190 Other justice and safety activities","County, NAICS 6-digit -- by ownership sector","All establishment sizes",1,0,0,0,0,0,0,"N",18.11,0,0,0,0,0,0,"N",0,0.0,0,0,0,0,0,0,0,0,0,0,0,0
"18017","2","923","75","0","2020","A","","Cass County, Indiana","State Government","NAICS 923 Administration of human resource programs","County, NAICS 3-digit -- by ownership sector","All establishment sizes",6,43,1847132,0,0,823,42791,"",8.42,1.05,1.15,0.00,0.00,1.08,1.08,"",0,0.0,3,7.5,194433,11.8,0,0.0,0,0.0,18,2.2,951,2.3
"18017","2","9231","76","0","2020","A","","Cass County, Indiana","State Government","NAICS 9231 Administration of human resource programs","County, NAICS 4-digit -- by ownership sector","All establishment sizes",6,43,1847132,0,0,823,42791,"",8.42,1.05,1.15,0.00,0.00,1.08,1.08,"",0,0.0,3,7.5,194433,11.8,0,0.0,0,0.0,18,2.2,951,2.3
"18017","2","92312","77","0","2020","A","N","Cass County, Indiana","State Government","NAICS 92312 Administration of public health programs","County, NAICS 5-digit -- by ownership sector","All establishment sizes",1,0,0,0,0,0,0,"N",4.34,0,0,0,0,0,0,"N",0,0.0,0,0,0,0,0,0,0,0,0,0,0,0
"18017","2","923120","78","0","2020","A","N","Cass County, Indiana","State Government","NAICS 923120 Administration of public health programs","County, NAICS 6-digit -- by ownership sector","All establishment sizes",1,0,0,0,0,0,0,"N",4.34,0,0,0,0,0,0,"N",0,0.0,0,0,0,0,0,0,0,0,0,0,0,0
"18017","2","92313","77","0","2020","A","N","Cass County, Indiana","State Government","NAICS 92313 Other human resource programs administration","County, NAICS 5-digit -- by ownership sector","All establishment sizes",5,0,0,0,0,0,0,"N",13.57,0,0,0,0,0,0,"N",0,0.0,0,0,0,0,0,0,0,0,0,0,0,0
"18017","2","923130","78","0","2020","A","N","Cass County, Indiana","State Government","NAICS 923130 Other human resource programs administration","County, NAICS 6-digit -- by ownership sector","All establishment sizes",5,0,0,0,0,0,0,"N",13.57,0,0,0,0,0,0,"N",0,0.0,0,0,0,0,0,0,0,0,0,0,0,0
"18017","2","924","75","0","2020","A","N","Cass County, Indiana","State Government","NAICS 924 Administration of environmental programs","County, NAICS 3-digit -- by ownership sector","All establishment sizes",1,0,0,0,0,0,0,"N",2.11,0,0,0,0,0,0,"N",-1,-50.0,0,0,0,0,0,0,0,0,0,0,0,0
"18017","2","9241","76","0","2020","A","N","Cass County, Indiana","State Government","NAICS 9241 Administration of environmental programs","County, NAICS 4-digit -- by ownership sector","All establishment sizes",1,0,0,0,0,0,0,"N",2.11,0,0,0,0,0,0,"N",-1,-50.0,0,0,0,0,0,0,0,0,0,0,0,0
"18017","2","92412","77","0","2020","A","N","Cass County, Indiana","State Government","NAICS 92412 Administration of conservation programs","County, NAICS 5-digit -- by ownership sector","All establishment sizes",1,0,0,0,0,0,0,"N",2.57,0,0,0,0,0,0,"N",-1,-50.0,0,0,0,0,0,0,0,0,0,0,0,0
"18017","2","924120","78","0","2020","A","N","Cass County, Indiana","State Government","NAICS 924120 Administration of conservation programs","County, NAICS 6-digit -- by ownership sector","All establishment sizes",1,0,0,0,0,0,0,"N",2.57,0,0,0,0,0,0,"N",-1,-50.0,0,0,0,0,0,0,0,0,0,0,0,0
"18017","2","926","75","0","2020","A","","Cass County, Indiana","State Government","NAICS 926 Administration of economic programs","County, NAICS 3-digit -- by ownership sector","All establishment sizes",4,25,1073301,0,0,828,43076,"",5.46,0.83,0.86,0.00,0.00,1.04,1.04,"",0,0.0,-6,-19.4,-239177,-18.2,0,0.0,0,0.0,9,1.1,509,1.2
"18017","2","9261","76","0","2020","A","","Cass County, Indiana","State Government","NAICS 9261 Administration of economic programs","County, NAICS 4-digit -- by ownership sector","All establishment sizes",4,25,1073301,0,0,828,43076,"",5.46,0.83,0.86,0.00,0.00,1.04,1.04,"",0,0.0,-6,-19.4,-239177,-18.2,0,0.0,0,0.0,9,1.1,509,1.2
"18017","2","92612","77","0","2020","A","N","Cass County, Indiana","State Government","NAICS 92612 Transportation program administration","County, NAICS 5-digit -- by ownership sector","All establishment sizes",2,0,0,0,0,0,0,"N",7.52,0,0,0,0,0,0,"N",0,0.0,0,0,0,0,0,0,0,0,0,0,0,0
"18017","2","926120","78","0","2020","A","N","Cass County, Indiana","State Government","NAICS 926120 Transportation program administration","County, NAICS 6-digit -- by ownership sector","All establishment sizes",2,0,0,0,0,0,0,"N",7.52,0,0,0,0,0,0,"N",0,0.0,0,0,0,0,0,0,0,0,0,0,0,0
"18017","2","92614","77","0","2020","A","N","Cass County, Indiana","State Government","NAICS 92614 Agricultural market and commodity regulation","County, NAICS 5-digit -- by ownership sector","All establishment sizes",1,0,0,0,0,0,0,"N",4.78,0,0,0,0,0,0,"N",0,0.0,0,0,0,0,0,0,0,0,0,0,0,0
"18017","2","926140","78","0","2020","A","N","Cass County, Indiana","State Government","NAICS 926140 Agricultural market and commodity regulation","County, NAICS 6-digit -- by ownership sector","All establishment sizes",1,0,0,0,0,0,0,"N",4.78,0,0,0,0,0,0,"N",0,0.0,0,0,0,0,0,0,0,0,0,0,0,0
"18017","2","92615","77","0","2020","A","N","Cass County, Indiana","State Government","NAICS 92615 Licensing and regulating commercial sectors","County, NAICS 5-digit -- by ownership sector","All establishment sizes",1,0,0,0,0,0,0,"N",5.65,0,0,0,0,0,0,"N",0,0.0,0,0,0,0,0,0,0,0,0,0,0,0
"18017","2","926150","78","0","2020","A","N","Cass County, Indiana","State Government","NAICS 926150 Licensing and regulating commercial sectors","County, NAICS 6-digit -- by ownership sector","All establishment sizes",1,0,0,0,0,0,0,"N",5.65,0,0,0,0,0,0,"N",0,0.0,0,0,0,0,0,0,0,0,0,0,0,0
"18017","2","928","75","0","2020","A","N","Cass County, Indiana","State Government","NAICS 928 National security and international affairs","County, NAICS 3-digit -- by ownership sector","All establishment sizes",1,0,0,0,0,0,0,"N",21.85,0,0,0,0,0,0,"N",0,0.0,0,0,0,0,0,0,0,0,0,0,0,0
"18017","2","9281","76","0","2020","A","N","Cass County, Indiana","State Government","NAICS 9281 National security and international affairs","County, NAICS 4-digit -- by ownership sector","All establishment sizes",1,0,0,0,0,0,0,"N",21.85,0,0,0,0,0,0,"N",0,0.0,0,0,0,0,0,0,0,0,0,0,0,0
"18017","2","92811","77","0","2020","A","N","Cass County, Indiana","State Government","NAICS 92811 National security","County, NAICS 5-digit -- by ownership sector","All establishment sizes",1,0,0,0,0,0,0,"N",21.98,0,0,0,0,0,0,"N",0,0.0,0,0,0,0,0,0,0,0,0,0,0,0
"18017","2","928110","78","0","2020","A","N","Cass County, Indiana","State Government","NAICS 928110 National security","County, NAICS 6-digit -- by ownership sector","All establishment sizes",1,0,0,0,0,0,0,"N",21.98,0,0,0,0,0,0,"N",0,0.0,0,0,0,0,0,0,0,0,0,0,0,0
"18017","3","10","71","0","2020","A","","Cass County, Indiana","Local Government","10 Total, all industries","County, Total -- by ownership sector","All establishment sizes",17,2262,100345481,277603,3164,853,44355,"",1.47,1.65,1.99,0.17,0.34,1.21,1.21,"",1,6.2,-17,-0.7,6195300,6.6,151989,121.0,2536,403.8,59,7.4,3044,7.4
"18017","3","102","72","0","2020","A","","Cass County, Indiana","Local Government","102 Service-providing","County, by Domain -- by ownership sector","All establishment sizes",17,2262,100345481,277603,3164,853,44355,"",1.51,1.66,2.01,0.17,0.35,1.21,1.21,"",1,6.2,-17,-0.7,6195300,6.6,151989,121.0,2536,403.8,59,7.4,3044,7.4
"18017","3","1021","73","0","2020","A","N","Cass County, Indiana","Local Government","1021 Trade, transportation, and utilities","County, by Supersector -- by ownership sector","All establishment sizes",1,0,0,0,0,0,0,"N",1.23,0,0,0,0,0,0,"N",0,0.0,0,0,0,0,0,0,0,0,0,0,0,0
"18017","3","1022","73","0","2020","A","N","Cass County, Indiana","Local Government","1022 Information","County, by Supersector -- by ownership sector","All establishment sizes",2,0,0,0,0,0,0,"N",5.78,0,0,0,0,0,0,"N",0,0.0,0,0,0,0,0,0,0,0,0,0,0,0
"18017","3","1025","73","0","2020","A","","Cass County, Indiana","Local Government","1025 Education and health services","County, by Supersector -- by ownership sector","All establishment sizes",4,1626,77046004,0,0,911,47372,"",0.81,1.94,2.63,0.00,0.00,1.35,1.36,"",0,0.0,-14,-0.9,5094939,7.1,0,0.0,0,0.0,67,7.9,3488,7.9
"18017","3","1028","73","0","2020","A","","Cass County, Indiana","Local Government","1028 Public administration","County, by Supersector -- by ownership sector","All establishment sizes",10,598,22581868,240614,2979,727,37783,"",2.35,1.47,1.36,0.35,0.73,0.93,0.93,"",1,11.1,-1,-0.2,1141748,5.3,146938,156.9,2510,535.2,38,5.5,1960,5.5
"18017","3","48-49","74","0","2020","A","N","Cass County, Indiana","Local Government","NAICS 48-49 Transportation and warehousing","County, NAICS Sector -- by ownership sector","All establishment sizes",1,0,0,0,0,0,0,"N",5.13,0,0,0,0,0,0,"N",0,0.0,0,0,0,0,0,0,0,0,0,0,0,0
"18017","3","488","75","0","2020","A","N","Cass County, Indiana","Local Government","NAICS 488 Support activities for transportation","County, NAICS 3-digit -- by ownership sector","All establishment sizes",1,0,0,0,0,0,0,"N",17.49,0,0,0,0,0,0,"N",0,0.0,0,0,0,0,0,0,0,0,0,0,0,0
"18017","3","4881","76","0","2020","A","N","Cass County, Indiana","Local Government","NAICS 4881 Support activities for air transportation","County, NAICS 4-digit -- by ownership sector","All establishment sizes",1,0,0,0,0,0,0,"N",25.81,0,0,0,0,0,0,"N",0,0.0,0,0,0,0,0,0,0,0,0,0,0,0
"18017","3","48811","77","0","2020","A","N","Cass County, Indiana","Local Government","NAICS 48811 Airport operations","County, NAICS 5-digit -- by ownership sector","All establishment sizes",1,0,0,0,0,0,0,"N",26.08,0,0,0,0,0,0,"N",0,0.0,0,0,0,0,0,0,0,0,0,0,0,0
"18017","3","488119","78","0","2020","A","N","Cass County, Indiana","Local Government","NAICS 488119 Other airport operations","County, NAICS 6-digit -- by ownership sector","All establishment sizes",1,0,0,0,0,0,0,"N",27.69,0,0,0,0,0,0,"N",0,0.0,0,0,0,0,0,0,0,0,0,0,0,0
"18017","3","51","74","0","2020","A","N","Cass County, Indiana","Local Government","NAICS 51 Information","County, NAICS Sector -- by ownership sector","All establishment sizes",2,0,0,0,0,0,0,"N",5.78,0,0,0,0,0,0,"N",0,0.0,0,0,0,0,0,0,0,0,0,0,0,0
"18017","3","519","75","0","2020","A","N","Cass County, Indiana","Local Government","NAICS 519 Other information services","County, NAICS 3-digit -- by ownership sector","All establishment sizes",2,0,0,0,0,0,0,"N",6.01,0,0,0,0,0,0,"N",0,0.0,0,0,0,0,0,0,0,0,0,0,0,0
"18017","3","5191","76","0","2020","A","N","Cass County, Indiana","Local Government","NAICS 5191 Other information services","County, NAICS 4-digit -- by ownership sector","All establishment sizes",2,0,0,0,0,0,0,"N",6.01,0,0,0,0,0,0,"N",0,0.0,0,0,0,0,0,0,0,0,0,0,0,0
"18017","3","51912","77","0","2020","A","N","Cass County, Indiana","Local Government","NAICS 51912 Libraries and archives","County, NAICS 5-digit -- by ownership sector","All establishment sizes",2,0,0,0,0,0,0,"N",6.01,0,0,0,0,0,0,"N",0,0.0,0,0,0,0,0,0,0,0,0,0,0,0
"18017","3","519120","78","0","2020","A","N","Cass County, Indiana","Local Government","NAICS 519120 Libraries and archives","County, NAICS 6-digit -- by ownership sector","All establishment sizes",2,0,0,0,0,0,0,"N",6.01,0,0,0,0,0,0,"N",0,0.0,0,0,0,0,0,0,0,0,0,0,0,0
"18017","3","61","74","0","2020","A","N","Cass County, Indiana","Local Government","NAICS 61 Educational services","County, NAICS Sector -- by ownership sector","All establishment sizes",3,0,0,0,0,0,0,"N",0.67,0,0,0,0,0,0,"N",0,0.0,0,0,0,0,0,0,0,0,0,0,0,0
"18017","3","611","75","0","2020","A","N","Cass County, Indiana","Local Government","NAICS 611 Educational services","County, NAICS 3-digit -- by ownership sector","All establishment sizes",3,0,0,0,0,0,0,"N",0.67,0,0,0,0,0,0,"N",0,0.0,0,0,0,0,0,0,0,0,0,0,0,0
"18017","3","6111","76","0","2020","A","N","Cass County, Indiana","Local Government","NAICS 6111 Elementary and secondary schools","County, NAICS 4-digit -- by ownership sector","All establishment sizes",3,0,0,0,0,0,0,"N",0.70,0,0,0,0,0,0,"N",0,0.0,0,0,0,0,0,0,0,0,0,0,0,0
"18017","3","61111","77","0","2020","A","N","Cass County, Indiana","Local Government","NAICS 61111 Elementary and secondary schools","County, NAICS 5-digit -- by ownership sector","All establishment sizes",3,0,0,0,0,0,0,"N",0.70,0,0,0,0,0,0,"N",0,0.0,0,0,0,0,0,0,0,0,0,0,0,0
"18017","3","611110","78","0","2020","A","N","Cass County, Indiana","Local Government","NAICS 611110 Elementary and secondary schools","County, NAICS 6-digit -- by ownership sector","All establishment sizes",3,0,0,0,0,0,0,"N",0.70,0,0,0,0,0,0,"N",0,0.0,0,0,0,0,0,0,0,0,0,0,0,0
"18017","3","62","74","0","2020","A","N","Cass County, Indiana","Local Government","NAICS 62 Health care and social assistance","County, NAICS Sector -- by ownership sector","All establishment sizes",1,0,0,0,0,0,0,"N",2.05,0,0,0,0,0,0,"N",0,0.0,0,0,0,0,0,0,0,0,0,0,0,0
"18017","3","622","75","0","2020","A","N","Cass County, Indiana","Local Government","NAICS 622 Hospitals","County, NAICS 3-digit -- by ownership sector","All establishment sizes",1,0,0,0,0,0,0,"N",10.49,0,0,0,0,0,0,"N",0,0.0,0,0,0,0,0,0,0,0,0,0,0,0
"18017","3","6221","76","0","2020","A","N","Cass County, Indiana","Local Government","NAICS 6221 General medical and surgical hospitals","County, NAICS 4-digit -- by ownership sector","All establishment sizes",1,0,0,0,0,0,0,"N",10.65,0,0,0,0,0,0,"N",0,0.0,0,0,0,0,0,0,0,0,0,0,0,0
"18017","3","62211","77","0","2020","A","N","Cass County, Indiana","Local Government","NAICS 62211 General medical and surgical hospitals","County, NAICS 5-digit -- by ownership sector","All establishment sizes",1,0,0,0,0,0,0,"N",10.65,0,0,0,0,0,0,"N",0,0.0,0,0,0,0,0,0,0,0,0,0,0,0
"18017","3","622110","78","0","2020","A","N","Cass County, Indiana","Local Government","NAICS 622110 General medical and surgical hospitals","County, NAICS 6-digit -- by ownership sector","All establishment sizes",1,0,0,0,0,0,0,"N",10.65,0,0,0,0,0,0,"N",0,0.0,0,0,0,0,0,0,0,0,0,0,0,0
"18017","3","92","74","0","2020","A","","Cass County, Indiana","Local Government","NAICS 92 Public administration","County, NAICS Sector -- by ownership sector","All establishment sizes",10,598,22581868,240614,2979,727,37783,"",2.35,1.47,1.36,0.35,0.73,0.93,0.93,"",1,11.1,-1,-0.2,1141748,5.3,146938,156.9,2510,535.2,38,5.5,1960,5.5
"18017","3","921","75","0","2020","A","","Cass County, Indiana","Local Government","NAICS 921 Executive, legislative and general government","County, NAICS 3-digit -- by ownership sector","All establishment sizes",7,583,21934695,79114,395,724,37645,"",2.83,2.20,2.27,0.15,0.13,1.03,1.03,"",0,0.0,-11,-1.9,623989,2.9,-14562,-15.5,-74,-15.8,34,4.9,1789,5.0
"18017","3","9211","76","0","2020","A","","Cass County, Indiana","Local Government","NAICS 9211 Executive, legislative and general government","County, NAICS 4-digit -- by ownership sector","All establishment sizes",7,583,21934695,79114,395,724,37645,"",2.83,2.20,2.27,0.15,0.13,1.03,1.03,"",0,0.0,-11,-1.9,623989,2.9,-14562,-15.5,-74,-15.8,34,4.9,1789,5.0
"18017","3","92119","77","0","2020","A","","Cass County, Indiana","Local Government","NAICS 92119 Other general government support","County, NAICS 5-digit -- by ownership sector","All establishment sizes",7,583,21934695,79114,395,724,37645,"",23.02,19.57,20.29,1.18,1.81,1.04,1.04,"",0,0.0,-11,-1.9,623989,2.9,-14562,-15.5,-74,-15.8,34,4.9,1789,5.0
"18017","3","921190","78","0","2020","A","","Cass County, Indiana","Local Government","NAICS 921190 Other general government support","County, NAICS 6-digit -- by ownership sector","All establishment sizes",7,583,21934695,79114,395,724,37645,"",23.02,19.57,20.29,1.18,1.81,1.04,1.04,"",0,0.0,-11,-1.9,623989,2.9,-14562,-15.5,-74,-15.8,34,4.9,1789,5.0
"18017","3","922","75","0","2020","A","N","Cass County, Indiana","Local Government","NAICS 922 Justice, public order, and safety activities","County, NAICS 3-digit -- by ownership sector","All establishment sizes",1,0,0,0,0,0,0,"N",1.10,0,0,0,0,0,0,"N",1,100.0,0,0,0,0,0,0,0,0,0,0,0,0
"18017","3","9221","76","0","2020","A","N","Cass County, Indiana","Local Government","NAICS 9221 Justice, public order, and safety activities","County, NAICS 4-digit -- by ownership sector","All establishment sizes",1,0,0,0,0,0,0,"N",1.10,0,0,0,0,0,0,"N",1,100.0,0,0,0,0,0,0,0,0,0,0,0,0
"18017","3","92216","77","0","2020","A","N","Cass County, Indiana","Local Government","NAICS 92216 Fire protection","County, NAICS 5-digit -- by ownership sector","All establishment sizes",1,0,0,0,0,0,0,"N",2.75,0,0,0,0,0,0,"N",1,100.0,0,0,0,0,0,0,0,0,0,0,0,0
"18017","3","922160","78","0","2020","A","N","Cass County, Indiana","Local Government","NAICS 922160 Fire protection","County, NAICS 6-digit -- by ownership sector","All establishment sizes",1,0,0,0,0,0,0,"N",2.75,0,0,0,0,0,0,"N",1,100.0,0,0,0,0,0,0,0,0,0,0,0,0
"18017","3","924","75","0","2020","A","N","Cass County, Indiana","Local Government","NAICS 924 Administration of environmental programs","County, NAICS 3-digit -- by ownership sector","All establishment sizes",1,0,0,0,0,0,0,"N",3.53,0,0,0,0,0,0,"N",0,0.0,0,0,0,0,0,0,0,0,0,0,0,0
"18017","3","9241","76","0","2020","A","N","Cass County, Indiana","Local Government","NAICS 9241 Administration of environmental programs","County, NAICS 4-digit -- by ownership sector","All establishment sizes",1,0,0,0,0,0,0,"N",3.53,0,0,0,0,0,0,"N",0,0.0,0,0,0,0,0,0,0,0,0,0,0,0
"18017","3","92411","77","0","2020","A","N","Cass County, Indiana","Local Government","NAICS 92411 Air, water, and waste program administration","County, NAICS 5-digit -- by ownership sector","All establishment sizes",1,0,0,0,0,0,0,"N",8.85,0,0,0,0,0,0,"N",0,0.0,0,0,0,0,0,0,0,0,0,0,0,0
"18017","3","924110","78","0","2020","A","N","Cass County, Indiana","Local Government","NAICS 924110 Air, water, and waste program administration","County, NAICS 6-digit -- by ownership sector","All establishment sizes",1,0,0,0,0,0,0,"N",8.85,0,0,0,0,0,0,"N",0,0.0,0,0,0,0,0,0,0,0,0,0,0,0
"18017","3","925","75","0","2020","A","N","Cass County, Indiana","Local Government","NAICS 925 Community and housing program administration","County, NAICS 3-digit -- by ownership sector","All establishment sizes",1,0,0,0,0,0,0,"N",3.93,0,0,0,0,0,0,"N",0,0.0,0,0,0,0,0,0,0,0,0,0,0,0
"18017","3","9251","76","0","2020","A","N","Cass County, Indiana","Local Government","NAICS 9251 Community and housing program administration","County, NAICS 4-digit -- by ownership sector","All establishment sizes",1,0,0,0,0,0,0,"N",3.93,0,0,0,0,0,0,"N",0,0.0,0,0,0,0,0,0,0,0,0,0,0,0
"18017","3","92511","77","0","2020","A","N","Cass County, Indiana","Local Government","NAICS 92511 Administration of housing programs","County, NAICS 5-digit -- by ownership sector","All establishment sizes",1,0,0,0,0,0,0,"N",6.09,0,0,0,0,0,0,"N",0,0.0,0,0,0,0,0,0,0,0,0,0,0,0
"18017","3","925110","78","0","2020","A","N","Cass County, Indiana","Local Government","NAICS 925110 Administration of housing programs","County, NAICS 6-digit -- by ownership sector","All establishment sizes",1,0,0,0,0,0,0,"N",6.09,0,0,0,0,0,0,"N",0,0.0,0,0,0,0,0,0,0,0,0,0,0,0
"18017","5","10","71","0","2020","A","","Cass County, Indiana","Private","10 Total, all industries","County, Total -- by ownership sector","All establishment sizes",661,10965,442679927,114959585,1584193,776,40372,"",0.96,0.92,0.90,1.02,1.00,0.97,0.97,"",7,1.1,-769,-6.6,9840715,2.3,-7691746,-6.3,-240456,-13.2,67,9.4,3485,9.4
"18017","5","101","72","0","2020","A","","Cass County, Indiana","Private","101 Goods-producing","County, by Domain -- by ownership sector","All establishment sizes",125,4876,244164200,57465050,989374,963,50077,"",1.38,2.30,2.54,2.39,2.27,1.10,1.10,"",-5,-3.8,-399,-7.6,5125905,2.1,-2193536,-3.7,-129241,-11.6,92,10.6,4760,10.5
"18017","5","1011","73","0","2020","A","","Cass County, Indiana","Private","1011 Natural resources and mining","County, by Supersector -- by ownership sector","All establishment sizes",20,154,9035543,1773596,18212,1130,58736,"",2.11,0.86,1.28,0.81,0.44,1.49,1.49,"",-1,-4.8,11,7.7,1988935,28.2,40401,2.3,-616,-3.3,180,18.9,9315,18.8
"18017","5","1012","73","0","2020","A","","Cass County, Indiana","Private","1012 Construction","County, by Supersector -- by ownership sector","All establishment sizes",56,578,34346478,6798175,174833,1142,59389,"",0.98,0.80,1.09,0.77,0.84,1.36,1.36,"",-1,-1.8,-56,-8.8,-2508533,-6.8,-735042,-9.8,2124,1.2,23,2.1,1220,2.1
"18017","5","1013","73","0","2020","A","","Cass County, Indiana","Private","1013 Manufacturing","County, by Supersector -- by ownership sector","All establishment sizes",49,4144,200782179,48893279,796329,932,48456,"",2.03,3.41,3.48,3.75,4.30,1.02,1.02,"",-3,-5.8,-355,-7.9,5645503,2.9,-1498895,-3.0,-130749,-14.1,98,11.8,5079,11.7
"18017","5","102","72","0","2020","A","","Cass County, Indiana","Private","102 Service-providing","County, by Domain -- by ownership sector","All establishment sizes",536,6089,198515727,57494535,594819,627,32601,"",0.90,0.63,0.50,0.65,0.52,0.80,0.80,"",12,2.3,-370,-5.7,4714810,2.4,-5498210,-8.7,-111215,-15.8,50,8.7,2597,8.7
"18017","5","1021","73","0","2020","A","","Cass County, Indiana","Private","1021 Trade, transportation, and utilities","County, by Supersector -- by ownership sector","All establishment sizes",188,2225,86016805,22761815,232382,744,38666,"",1.43,0.84,0.95,0.87,0.77,1.14,1.14,"",0,0.0,-4,-0.2,6061668,7.6,194045,0.9,8350,3.7,54,7.8,2790,7.8
"18017","5","1022","73","0","2020","A","","Cass County, Indiana","Private","1022 Information","County, by Supersector -- by ownership sector","All establishment sizes",9,58,2033592,546466,6109,676,35163,"",0.67,0.21,0.08,0.17,0.12,0.40,0.40,"",3,50.0,-12,-17.1,122610,6.4,-29679,-5.2,137,2.3,148,28.0,7700,28.0
"18017","5","1023","73","0","2020","A","","Cass County, Indiana","Private","1023 Financial activities","County, by Supersector -- by ownership sector","All establishment sizes",67,418,22128983,4234983,52668,1018,52940,"",1.05,0.51,0.39,0.49,0.47,0.77,0.77,"",4,6.3,67,19.1,5369745,32.0,779825,22.6,19991,61.2,100,10.9,5204,10.9
"18017","5","1024","73","0","2020","A","","Cass County, Indiana","Private","1024 Professional and business services","County, by Supersector -- by ownership sector","All establishment sizes",74,884,29295152,10611551,144037,637,33149,"",0.55,0.43,0.26,0.47,0.41,0.61,0.61,"",5,7.2,-232,-20.8,-7326977,-20.0,-5774966,-35.2,-127094,-46.9,6,1.0,338,1.0
"18017","5","1025","73","0","2020","A","","Cass County, Indiana","Private","1025 Education and health services","County, by Supersector -- by ownership sector","All establishment sizes",59,1366,40528180,9168729,67908,570,29660,"",0.46,0.61,0.51,0.69,0.44,0.83,0.83,"",1,1.7,-60,-4.2,1450944,3.7,7481,0.1,-12297,-15.3,43,8.2,2253,8.2
"18017","5","1026","73","0","2020","A","","Cass County, Indiana","Private","1026 Leisure and hospitality","County, by Supersector -- by ownership sector","All establishment sizes",78,893,12546201,8088086,71128,270,14053,"",1.30,0.69,0.58,0.74,0.57,0.84,0.84,"",3,4.0,-100,-10.1,-703350,-5.3,-418819,-4.9,967,1.4,13,5.1,703,5.3
"18017","5","1027","73","0","2020","A","","Cass County, Indiana","Private","1027 Other services","County, by Supersector -- by ownership sector","All establishment sizes",61,246,5966814,2082905,20587,467,24264,"",1.10,0.62,0.53,0.60,0.48,0.85,0.85,"",-4,-6.2,-29,-10.5,-259830,-4.2,-256097,-10.9,-1269,-5.8,32,7.4,1656,7.3
"18017","5","11","74","0","2020","A","N","Cass County, Indiana","Private","NAICS 11 Agriculture, forestry, fishing and hunting","County, NAICS Sector -- by ownership sector","All establishment sizes",19,0,0,0,0,0,0,"N",2.59,0,0,0,0,0,0,"N",-1,-5.0,0,0,0,0,0,0,0,0,0,0,0,0
"18017","5","111","75","0","2020","A","","Cass County, Indiana","Private","NAICS 111 Crop production","County, NAICS 3-digit -- by ownership sector","All establishment sizes",11,51,1380167,630564,10140,518,26930,"",3.31,0.94,1.03,1.00,0.81,1.09,1.09,"",0,0.0,8,18.6,136145,10.9,85088,15.6,-824,-7.5,-44,-7.8,-2284,-7.8
"18017","5","1111","76","0","2020","A","","Cass County, Indiana","Private","NAICS 1111 Oilseed and grain farming","County, NAICS 4-digit -- by ownership sector","All establishment sizes",8,29,886579,366276,2372,596,31017,"",9.03,5.24,5.89,5.55,3.09,1.14,1.14,"",0,0.0,7,31.8,69663,8.5,69552,23.4,292,14.0,-110,-15.6,-5698,-15.5
"18017","5","11115","77","0","2020","A","N","Cass County, Indiana","Private","NAICS 11115 Corn farming","County, NAICS 5-digit -- by ownership sector","All establishment sizes",1,0,0,0,0,0,0,"N",4.21,0,0,0,0,0,0,"N",0,0.0,0,0,0,0,0,0,0,0,0,0,0,0
"18017","5","111150","78","0","2020","A","N","Cass County, Indiana","Private","NAICS 111150 Corn farming","County, NAICS 6-digit -- by ownership sector","All establishment sizes",1,0,0,0,0,0,0,"N",4.21,0,0,0,0,0,0,"N",0,0.0,0,0,0,0,0,0,0,0,0,0,0,0
"18017","5","11119","77","0","2020","A","N","Cass County, Indiana","Private","NAICS 11119 Other grain farming","County, NAICS 5-digit -- by ownership sector","All establishment sizes",7,0,0,0,0,0,0,"N",19.15,0,0,0,0,0,0,"N",0,0.0,0,0,0,0,0,0,0,0,0,0,0,0
"18017","5","111191","78","0","2020","A","","Cass County, Indiana","Private","NAICS 111191 Oilseed and grain combination farming","County, NAICS 6-digit -- by ownership sector","All establishment sizes",6,24,697769,301684,1512,569,29587,"",21.24,13.80,15.29,15.74,7.27,1.13,1.13,"",0,0.0,7,41.2,79514,12.9,80441,36.4,405,36.6,-137,-19.4,-7141,-19.4
"18017","5","111199","78","0","2020","A","N","Cass County, Indiana","Private","NAICS 111199 All other grain farming","County, NAICS 6-digit -- by ownership sector","All establishment sizes",1,0,0,0,0,0,0,"N",12.02,0,0,0,0,0,0,"N",0,0.0,0,0,0,0,0,0,0,0,0,0,0,0
"18017","5","1112","76","0","2020","A","N","Cass County, Indiana","Private","NAICS 1112 Vegetable and melon farming","County, NAICS 4-digit -- by ownership sector","All establishment sizes",2,0,0,0,0,0,0,"N",5.85,0,0,0,0,0,0,"N",0,0.0,0,0,0,0,0,0,0,0,0,0,0,0
"18017","5","11121","77","0","2020","A","N","Cass County, Indiana","Private","NAICS 11121 Vegetable and melon farming","County, NAICS 5-digit -- by ownership sector","All establishment sizes",2,0,0,0,0,0,0,"N",5.85,0,0,0,0,0,0,"N",0,0.0,0,0,0,0,0,0,0,0,0,0,0,0
"18017","5","111219","78","0","2020","A","N","Cass County, Indiana","Private","NAICS 111219 Other vegetable and melon farming","County, NAICS 6-digit -- by ownership sector","All establishment sizes",2,0,0,0,0,0,0,"N",7.36,0,0,0,0,0,0,"N",0,0.0,0,0,0,0,0,0,0,0,0,0,0,0
"18017","5","1114","76","0","2020","A","N","Cass County, Indiana","Private","NAICS 1114 Greenhouse and nursery production","County, NAICS 4-digit -- by ownership sector","All establishment sizes",1,0,0,0,0,0,0,"N",1.59,0,0,0,0,0,0,"N",0,0.0,0,0,0,0,0,0,0,0,0,0,0,0
"18017","5","11142","77","0","2020","A","N","Cass County, Indiana","Private","NAICS 11142 Nursery and floriculture production","County, NAICS 5-digit -- by ownership sector","All establishment sizes",1,0,0,0,0,0,0,"N",2.07,0,0,0,0,0,0,"N",0,0.0,0,0,0,0,0,0,0,0,0,0,0,0
"18017","5","111422","78","0","2020","A","N","Cass County, Indiana","Private","NAICS 111422 Floriculture production","County, NAICS 6-digit -- by ownership sector","All establishment sizes",1,0,0,0,0,0,0,"N",6.79,0,0,0,0,0,0,"N",0,0.0,0,0,0,0,0,0,0,0,0,0,0,0
"18017","5","112","75","0","2020","A","","Cass County, Indiana","Private","NAICS 112 Animal production and aquaculture","County, NAICS 3-digit -- by ownership sector","All establishment sizes",6,66,3109073,787923,5850,907,47167,"",3.29,2.46,4.23,2.53,2.46,1.72,1.72,"",-1,-14.3,2,3.1,161923,5.5,-28147,-3.4,288,5.2,27,3.1,1416,3.1
"18017","5","1121","76","0","2020","A","N","Cass County, Indiana","Private","NAICS 1121 Cattle ranching and farming","County, NAICS 4-digit -- by ownership sector","All establishment sizes",2,0,0,0,0,0,0,"N",1.70,0,0,0,0,0,0,"N",0,0.0,0,0,0,0,0,0,0,0,0,0,0,0
"18017","5","11212","77","0","2020","A","N","Cass County, Indiana","Private","NAICS 11212 Dairy cattle and milk production","County, NAICS 5-digit -- by ownership sector","All establishment sizes",2,0,0,0,0,0,0,"N",4.23,0,0,0,0,0,0,"N",0,0.0,0,0,0,0,0,0,0,0,0,0,0,0
"18017","5","112120","78","0","2020","A","N","Cass County, Indiana","Private","NAICS 112120 Dairy cattle and milk production","County, NAICS 6-digit -- by ownership sector","All establishment sizes",2,0,0,0,0,0,0,"N",4.23,0,0,0,0,0,0,"N",0,0.0,0,0,0,0,0,0,0,0,0,0,0,0
"18017","5","1122","76","0","2020","A","","Cass County, Indiana","Private","NAICS 1122 Hog and pig farming","County, NAICS 4-digit -- by ownership sector","All establishment sizes",3,10,521588,159365,1904,963,50072,"",18.34,3.22,5.98,3.73,10.10,1.79,1.79,"",-1,-25.0,-5,-33.3,-99880,-16.1,-35955,-18.4,-364,-16.0,148,18.2,7699,18.2
"18017","5","11221","77","0","2020","A","","Cass County, Indiana","Private","NAICS 11221 Hog and pig farming","County, NAICS 5-digit -- by ownership sector","All establishment sizes",3,10,521588,159365,1904,963,50072,"",18.34,3.22,5.98,3.73,10.10,1.79,1.79,"",-1,-25.0,-5,-33.3,-99880,-16.1,-35955,-18.4,-364,-16.0,148,18.2,7699,18.2
"18017","5","112210","78","0","2020","A","","Cass County, Indiana","Private","NAICS 112210 Hog and pig farming","County, NAICS 6-digit -- by ownership sector","All establishment sizes",3,10,521588,159365,1904,963,50072,"",18.34,3.22,5.98,3.73,10.10,1.79,1.79,"",-1,-25.0,-5,-33.3,-99880,-16.1,-35955,-18.4,-364,-16.0,148,18.2,7699,18.2
"18017","5","1129","76","0","2020","A","N","Cass County, Indiana","Private","NAICS 1129 Other animal production","County, NAICS 4-digit -- by ownership sector","All establishment sizes",1,0,0,0,0,0,0,"N",4.09,0,0,0,0,0,0,"N",0,0.0,0,0,0,0,0,0,0,0,0,0,0,0
"18017","5","11299","77","0","2020","A","N","Cass County, Indiana","Private","NAICS 11299 All other animal production","County, NAICS 5-digit -- by ownership sector","All establishment sizes",1,0,0,0,0,0,0,"N",10.39,0,0,0,0,0,0,"N",0,0.0,0,0,0,0,0,0,0,0,0,0,0,0
"18017","5","112990","78","0","2020","A","N","Cass County, Indiana","Private","NAICS 112990 All other animal production","County, NAICS 6-digit -- by ownership sector","All establishment sizes",1,0,0,0,0,0,0,"N",10.39,0,0,0,0,0,0,"N",0,0.0,0,0,0,0,0,0,0,0,0,0,0,0
"18017","5","113","75","0","2020","A","N","Cass County, Indiana","Private","NAICS 113 Forestry and logging","County, NAICS 3-digit -- by ownership sector","All establishment sizes",1,0,0,0,0,0,0,"N",1.64,0,0,0,0,0,0,"N",0,0.0,0,0,0,0,0,0,0,0,0,0,0,0
"18017","5","1133","76","0","2020","A","N","Cass County, Indiana","Private","NAICS 1133 Logging","County, NAICS 4-digit -- by ownership sector","All establishment sizes",1,0,0,0,0,0,0,"N",1.84,0,0,0,0,0,0,"N",0,0.0,0,0,0,0,0,0,0,0,0,0,0,0
"18017","5","11331","77","0","2020","A","N","Cass County, Indiana","Private","NAICS 11331 Logging","County, NAICS 5-digit -- by ownership sector","All establishment sizes",1,0,0,0,0,0,0,"N",1.84,0,0,0,0,0,0,"N",0,0.0,0,0,0,0,0,0,0,0,0,0,0,0
"18017","5","113310","78","0","2020","A","N","Cass County, Indiana","Private","NAICS 113310 Logging","County, NAICS 6-digit -- by ownership sector","All establishment sizes",1,0,0,0,0,0,0,"N",1.84,0,0,0,0,0,0,"N",0,0.0,0,0,0,0,0,0,0,0,0,0,0,0
"18017","5","115","75","0","2020","A","N","Cass County, Indiana","Private","NAICS 115 Agriculture and forestry support activities","County, NAICS 3-digit -- by ownership sector","All establishment sizes",1,0,0,0,0,0,0,"N",0.71,0,0,0,0,0,0,"N",0,0.0,0,0,0,0,0,0,0,0,0,0,0,0
"18017","5","1151","76","0","2020","A","N","Cass County, Indiana","Private","NAICS 1151 Support activities for crop production","County, NAICS 4-digit -- by ownership sector","All establishment sizes",1,0,0,0,0,0,0,"N",1.21,0,0,0,0,0,0,"N",0,0.0,0,0,0,0,0,0,0,0,0,0,0,0
"18017","5","11511","77","0","2020","A","N","Cass County, Indiana","Private","NAICS 11511 Support activities for crop production","County, NAICS 5-digit -- by ownership sector","All establishment sizes",1,0,0,0,0,0,0,"N",1.21,0,0,0,0,0,0,"N",0,0.0,0,0,0,0,0,0,0,0,0,0,0,0
"18017","5","115116","78","0","2020","A","N","Cass County, Indiana","Private","NAICS 115116 Farm management services","County, NAICS 6-digit -- by ownership sector","All establishment sizes",1,0,0,0,0,0,0,"N",9.14,0,0,0,0,0,0,"N",0,0.0,0,0,0,0,0,0,0,0,0,0,0,0
"18017","5","21","74","0","2020","A","N","Cass County, Indiana","Private","NAICS 21 Mining, quarrying, and oil and gas extraction","County, NAICS Sector -- by ownership sector","All establishment sizes",1,0,0,0,0,0,0,"N",0.46,0,0,0,0,0,0,"N",0,0.0,0,0,0,0,0,0,0,0,0,0,0,0
"18017","5","212","75","0","2020","A","N","Cass County, Indiana","Private","NAICS 212 Mining, except oil and gas","County, NAICS 3-digit -- by ownership sector","All establishment sizes",1,0,0,0,0,0,0,"N",2.11,0,0,0,0,0,0,"N",0,0.0,0,0,0,0,0,0,0,0,0,0,0,0
"18017","5","2123","76","0","2020","A","N","Cass County, Indiana","Private","NAICS 2123 Nonmetallic mineral mining and quarrying","County, NAICS 4-digit -- by ownership sector","All establishment sizes",1,0,0,0,0,0,0,"N",2.54,0,0,0,0,0,0,"N",0,0.0,0,0,0,0,0,0,0,0,0,0,0,0
"18017","5","21231","77","0","2020","A","N","Cass County, Indiana","Private","NAICS 21231 Stone mining and quarrying","County, NAICS 5-digit -- by ownership sector","All establishment sizes",1,0,0,0,0,0,0,"N",5.90,0,0,0,0,0,0,"N",0,0.0,0,0,0,0,0,0,0,0,0,0,0,0
"18017","5","212312","78","0","2020","A","N","Cass County, Indiana","Private","NAICS 212312 Crushed and broken limestone mining","County, NAICS 6-digit -- by ownership sector","All establishment sizes",1,0,0,0,0,0,0,"N",12.78,0,0,0,0,0,0,"N",0,0.0,0,0,0,0,0,0,0,0,0,0,0,0
"18017","5","22","74","0","2020","A","N","Cass County, Indiana","Private","NAICS 22 Utilities","County, NAICS Sector -- by ownership sector","All establishment sizes",1,0,0,0,0,0,0,"N",0.76,0,0,0,0,0,0,"N",0,0.0,0,0,0,0,0,0,0,0,0,0,0,0
"18017","5","221","75","0","2020","A","N","Cass County, Indiana","Private","NAICS 221 Utilities","County, NAICS 3-digit -- by ownership sector","All establishment sizes",1,0,0,0,0,0,0,"N",0.76,0,0,0,0,0,0,"N",0,0.0,0,0,0,0,0,0,0,0,0,0,0,0
"18017","5","2212","76","0","2020","A","N","Cass County, Indiana","Private","NAICS 2212 Natural gas distribution","County, NAICS 4-digit -- by ownership sector","All establishment sizes",1,0,0,0,0,0,0,"N",4.87,0,0,0,0,0,0,"N",0,0.0,0,0,0,0,0,0,0,0,0,0,0,0
"18017","5","22121","77","0","2020","A","N","Cass County, Indiana","Private","NAICS 22121 Natural gas distribution","County, NAICS 5-digit -- by ownership sector","All establishment sizes",1,0,0,0,0,0,0,"N",4.87,0,0,0,0,0,0,"N",0,0.0,0,0,0,0,0,0,0,0,0,0,0,0
"18017","5","221210","78","0","2020","A","N","Cass County, Indiana","Private","NAICS 221210 Natural gas distribution","County, NAICS 6-digit -- by ownership sector","All establishment sizes",1,0,0,0,0,0,0,"N",4.87,0,0,0,0,0,0,"N",0,0.0,0,0,0,0,0,0,0,0,0,0,0,0
"18017","5","23","74","0","2020","A","","Cass County, Indiana","Private","NAICS 23 Construction","County, NAICS Sector -- by ownership sector","All establishment sizes",56,578,34346478,6798175,174833,1142,59389,"",0.98,0.80,1.09,0.77,0.84,1.36,1.36,"",-1,-1.8,-56,-8.8,-2508533,-6.8,-735042,-9.8,2124,1.2,23,2.1,1220,2.1
"18017","5","236","75","0","2020","A","","Cass County, Indiana","Private","NAICS 236 Construction of buildings","County, NAICS 3-digit -- by ownership sector","All establishment sizes",17,109,6047382,1210828,48572,1064,55354,"",0.96,0.68,0.79,0.62,1.15,1.16,1.16,"",0,0.0,1,0.9,525956,9.5,-8314,-0.7,-1230,-2.5,77,7.8,4032,7.9
"18017","5","2361","76","0","2020","A","","Cass County, Indiana","Private","NAICS 2361 Residential building construction","County, NAICS 4-digit -- by ownership sector","All establishment sizes",12,34,1299447,408743,7199,735,38219,"",0.87,0.42,0.40,0.42,0.44,0.94,0.94,"",1,9.1,-2,-5.6,64609,5.2,-57774,-12.4,-1613,-18.3,77,11.7,3997,11.7
"18017","5","23611","77","0","2020","A","","Cass County, Indiana","Private","NAICS 23611 Residential building construction","County, NAICS 5-digit -- by ownership sector","All establishment sizes",12,34,1299447,408743,7199,735,38219,"",0.87,0.42,0.40,0.42,0.44,0.94,0.94,"",1,9.1,-2,-5.6,64609,5.2,-57774,-12.4,-1613,-18.3,77,11.7,3997,11.7
"18017","5","236115","78","0","2020","A","","Cass County, Indiana","Private","NAICS 236115 New single-family general contractors","County, NAICS 6-digit -- by ownership sector","All establishment sizes",4,4,124595,60225,890,553,28753,"",0.68,0.11,0.08,0.14,0.13,0.67,0.67,"N",0,0.0,0,0,0,0,0,0,0,0,0,0,0,0
"18017","5","236118","78","0","2020","A","","Cass County, Indiana","Private","NAICS 236118 Residential remodelers","County, NAICS 6-digit -- by ownership sector","All establishment sizes",9,30,1174852,348518,6309,762,39602,"",1.24,0.81,0.95,0.81,0.82,1.19,1.19,"N",1,12.5,0,0,0,0,0,0,0,0,0,0,0,0
"18017","5","2362","76","0","2020","A","","Cass County, Indiana","Private","NAICS 2362 Nonresidential building construction","County, NAICS 4-digit -- by ownership sector","All establishment sizes",5,75,4747935,802085,41373,1213,63095,"",1.27,0.95,1.09,0.80,1.60,1.15,1.15,"",-1,-16.7,3,4.2,461347,10.8,49460,6.6,383,0.9,60,5.2,3143,5.2
"18017","5","23621","77","0","2020","A","N","Cass County, Indiana","Private","NAICS 23621 Industrial building construction","County, NAICS 5-digit -- by ownership sector","All establishment sizes",4,0,0,0,0,0,0,"N",9.58,0,0,0,0,0,0,"N",-1,-20.0,0,0,0,0,0,0,0,0,0,0,0,0
"18017","5","236210","78","0","2020","A","N","Cass County, Indiana","Private","NAICS 236210 Industrial building construction","County, NAICS 6-digit -- by ownership sector","All establishment sizes",4,0,0,0,0,0,0,"N",9.58,0,0,0,0,0,0,"N",-1,-20.0,0,0,0,0,0,0,0,0,0,0,0,0
"18017","5","23622","77","0","2020","A","N","Cass County, Indiana","Private","NAICS 23622 Commercial building construction","County, NAICS 5-digit -- by ownership sector","All establishment sizes",1,0,0,0,0,0,0,"N",0.28,0,0,0,0,0,0,"N",0,0.0,0,0,0,0,0,0,0,0,0,0,0,0
"18017","5","236220","78","0","2020","A","N","Cass County, Indiana","Private","NAICS 236220 Commercial building construction","County, NAICS 6-digit -- by ownership sector","All establishment sizes",1,0,0,0,0,0,0,"N",0.28,0,0,0,0,0,0,"N",0,0.0,0,0,0,0,0,0,0,0,0,0,0,0
"18017","5","237","75","0","2020","A","","Cass County, Indiana","Private","NAICS 237 Heavy and civil engineering construction","County, NAICS 3-digit -- by ownership sector","All establishment sizes",4,45,3148850,621502,37157,1333,69332,"",1.12,0.43,0.58,0.46,0.90,1.33,1.33,"",-1,-20.0,-2,-4.3,-32218,-1.0,-51685,-7.7,-2355,-6.0,27,2.1,1409,2.1
"18017","5","2371","76","0","2020","A","N","Cass County, Indiana","Private","NAICS 2371 Utility system construction","County, NAICS 4-digit -- by ownership sector","All establishment sizes",2,0,0,0,0,0,0,"N",1.10,0,0,0,0,0,0,"N",-1,-33.3,0,0,0,0,0,0,0,0,0,0,0,0
"18017","5","23711","77","0","2020","A","N","Cass County, Indiana","Private","NAICS 23711 Water and sewer system construction","County, NAICS 5-digit -- by ownership sector","All establishment sizes",1,0,0,0,0,0,0,"N",1.20,0,0,0,0,0,0,"N",-1,-50.0,0,0,0,0,0,0,0,0,0,0,0,0
"18017","5","237110","78","0","2020","A","N","Cass County, Indiana","Private","NAICS 237110 Water and sewer system construction","County, NAICS 6-digit -- by ownership sector","All establishment sizes",1,0,0,0,0,0,0,"N",1.20,0,0,0,0,0,0,"N",-1,-50.0,0,0,0,0,0,0,0,0,0,0,0,0
"18017","5","23713","77","0","2020","A","N","Cass County, Indiana","Private","NAICS 23713 Power and communication system construction","County, NAICS 5-digit -- by ownership sector","All establishment sizes",1,0,0,0,0,0,0,"N",1.42,0,0,0,0,0,0,"N",0,0.0,0,0,0,0,0,0,0,0,0,0,0,0
"18017","5","237130","78","0","2020","A","N","Cass County, Indiana","Private","NAICS 237130 Power and communication system construction","County, NAICS 6-digit -- by ownership sector","All establishment sizes",1,0,0,0,0,0,0,"N",1.42,0,0,0,0,0,0,"N",0,0.0,0,0,0,0,0,0,0,0,0,0,0,0
"18017","5","2373","76","0","2020","A","N","Cass County, Indiana","Private","NAICS 2373 Highway, street, and bridge construction","County, NAICS 4-digit -- by ownership sector","All establishment sizes",1,0,0,0,0,0,0,"N",1.27,0,0,0,0,0,0,"N",0,0.0,0,0,0,0,0,0,0,0,0,0,0,0
"18017","5","23731","77","0","2020","A","N","Cass County, Indiana","Private","NAICS 23731 Highway, street, and bridge construction","County, NAICS 5-digit -- by ownership sector","All establishment sizes",1,0,0,0,0,0,0,"N",1.27,0,0,0,0,0,0,"N",0,0.0,0,0,0,0,0,0,0,0,0,0,0,0
"18017","5","237310","78","0","2020","A","N","Cass County, Indiana","Private","NAICS 237310 Highway, street, and bridge construction","County, NAICS 6-digit -- by ownership sector","All establishment sizes",1,0,0,0,0,0,0,"N",1.27,0,0,0,0,0,0,"N",0,0.0,0,0,0,0,0,0,0,0,0,0,0,0
"18017","5","2379","76","0","2020","A","N","Cass County, Indiana","Private","NAICS 2379 Other heavy construction","County, NAICS 4-digit -- by ownership sector","All establishment sizes",1,0,0,0,0,0,0,"N",1.77,0,0,0,0,0,0,"N",0,0.0,0,0,0,0,0,0,0,0,0,0,0,0
"18017","5","23799","77","0","2020","A","N","Cass County, Indiana","Private","NAICS 23799 Other heavy construction","County, NAICS 5-digit -- by ownership sector","All establishment sizes",1,0,0,0,0,0,0,"N",1.77,0,0,0,0,0,0,"N",0,0.0,0,0,0,0,0,0,0,0,0,0,0,0
"18017","5","237990","78","0","2020","A","N","Cass County, Indiana","Private","NAICS 237990 Other heavy construction","County, NAICS 6-digit -- by ownership sector","All establishment sizes",1,0,0,0,0,0,0,"N",1.77,0,0,0,0,0,0,"N",0,0.0,0,0,0,0,0,0,0,0,0,0,0,0
"18017","5","238","75","0","2020","A","","Cass County, Indiana","Private","NAICS 238 Specialty trade contractors","County, NAICS 3-digit -- by ownership sector","All establishment sizes",35,424,25150246,4965845,89104,1142,59363,"",0.97,0.92,1.36,0.90,0.71,1.48,1.48,"",0,0.0,-55,-11.5,-3002271,-10.7,-675043,-12.0,5709,6.8,12,1.1,610,1.0
"18017","5","2381","76","0","2020","A","","Cass County, Indiana","Private","NAICS 2381 Building foundation and exterior contractors","County, NAICS 4-digit -- by ownership sector","All establishment sizes",9,49,2049536,678900,18599,803,41756,"",1.26,0.54,0.60,0.61,0.70,1.11,1.12,"",0,0.0,4,8.9,217965,11.9,70044,11.5,-290,-1.5,26,3.3,1354,3.4
"18017","5","23811","77","0","2020","A","","Cass County, Indiana","Private","NAICS 23811 Poured concrete structure contractors","County, NAICS 5-digit -- by ownership sector","All establishment sizes",6,37,1356860,516316,15678,707,36755,"",4.13,1.60,1.52,1.83,2.33,0.95,0.96,"",0,0.0,4,12.1,121263,9.8,43511,9.2,-888,-5.4,-17,-2.3,-877,-2.3
"18017","5","238111","78","0","2020","A","N","Cass County, Indiana","Private","NAICS 238111 Residential poured foundation contractors","County, NAICS 6-digit -- by ownership sector","All establishment sizes",2,0,0,0,0,0,0,"N",1.93,0,0,0,0,0,0,"N",0,0.0,0,0,0,0,0,0,0,0,0,0,0,0
"18017","5","238112","78","0","2020","A","N","Cass County, Indiana","Private","NAICS 238112 Nonresidential poured foundation contractors","County, NAICS 6-digit -- by ownership sector","All establishment sizes",4,0,0,0,0,0,0,"N",9.63,0,0,0,0,0,0,"N",0,0.0,0,0,0,0,0,0,0,0,0,0,0,0
"18017","5","23813","77","0","2020","A","N","Cass County, Indiana","Private","NAICS 23813 Framing contractors","County, NAICS 5-digit -- by ownership sector","All establishment sizes",1,0,0,0,0,0,0,"N",1.30,0,0,0,0,0,0,"N",0,0.0,0,0,0,0,0,0,0,0,0,0,0,0
"18017","5","238131","78","0","2020","A","N","Cass County, Indiana","Private","NAICS 238131 Residential framing contractors","County, NAICS 6-digit -- by ownership sector","All establishment sizes",1,0,0,0,0,0,0,"N",1.50,0,0,0,0,0,0,"N",0,0.0,0,0,0,0,0,0,0,0,0,0,0,0
"18017","5","23814","77","0","2020","A","N","Cass County, Indiana","Private","NAICS 23814 Masonry contractors","County, NAICS 5-digit -- by ownership sector","All establishment sizes",1,0,0,0,0,0,0,"N",0.75,0,0,0,0,0,0,"N",0,0.0,0,0,0,0,0,0,0,0,0,0,0,0
"18017","5","238141","78","0","2020","A","N","Cass County, Indiana","Private","NAICS 238141 Residential masonry contractors","County, NAICS 6-digit -- by ownership sector","All establishment sizes",1,0,0,0,0,0,0,"N",1.00,0,0,0,0,0,0,"N",0,0.0,0,0,0,0,0,0,0,0,0,0,0,0
"18017","5","23816","77","0","2020","A","N","Cass County, Indiana","Private","NAICS 23816 Roofing contractors","County, NAICS 5-digit -- by ownership sector","All establishment sizes",1,0,0,0,0,0,0,"N",0.58,0,0,0,0,0,0,"N",0,0.0,0,0,0,0,0,0,0,0,0,0,0,0
"18017","5","238161","78","0","2020","A","N","Cass County, Indiana","Private","NAICS 238161 Residential roofing contractors","County, NAICS 6-digit -- by ownership sector","All establishment sizes",1,0,0,0,0,0,0,"N",0.75,0,0,0,0,0,0,"N",0,0.0,0,0,0,0,0,0,0,0,0,0,0,0
"18017","5","2382","76","0","2020","A","","Cass County, Indiana","Private","NAICS 2382 Building equipment contractors","County, NAICS 4-digit -- by ownership sector","All establishment sizes",17,350,22195481,4015434,65466,1220,63431,"",1.19,1.59,2.32,1.54,1.20,1.46,1.46,"",0,0.0,-55,-13.6,-3160266,-12.5,-697457,-14.8,7499,12.9,15,1.2,747,1.2
"18017","5","23821","77","0","2020","A","","Cass County, Indiana","Private","NAICS 23821 Electrical and wiring contractors","County, NAICS 5-digit -- by ownership sector","All establishment sizes",5,35,1670831,394519,19910,931,48430,"",0.83,0.37,0.41,0.35,0.81,1.10,1.10,"",0,0.0,2,6.1,141217,9.2,57677,17.1,5985,43.0,31,3.4,1605,3.4
"18017","5","238211","78","0","2020","A","N","Cass County, Indiana","Private","NAICS 238211 Residential electrical contractors","County, NAICS 6-digit -- by ownership sector","All establishment sizes",3,0,0,0,0,0,0,"N",0.84,0,0,0,0,0,0,"N",0,0.0,0,0,0,0,0,0,0,0,0,0,0,0
"18017","5","238212","78","0","2020","A","N","Cass County, Indiana","Private","NAICS 238212 Nonresidential electrical contractors","County, NAICS 6-digit -- by ownership sector","All establishment sizes",2,0,0,0,0,0,0,"N",0.81,0,0,0,0,0,0,"N",0,0.0,0,0,0,0,0,0,0,0,0,0,0,0
"18017","5","23822","77","0","2020","A","","Cass County, Indiana","Private","NAICS 23822 Plumbing and hvac contractors","County, NAICS 5-digit -- by ownership sector","All establishment sizes",12,315,20524650,3620915,45556,1251,65072,"",1.60,2.81,4.36,2.77,1.75,1.55,1.55,"",0,0.0,-57,-15.3,-3301483,-13.9,-755134,-17.3,1514,3.4,19,1.5,995,1.6
"18017","5","238221","78","0","2020","A","N","Cass County, Indiana","Private","NAICS 238221 Residential plumbing and hvac contractors","County, NAICS 6-digit -- by ownership sector","All establishment sizes",9,0,0,0,0,0,0,"N",1.62,0,0,0,0,0,0,"N",0,0.0,0,0,0,0,0,0,0,0,0,0,0,0
"18017","5","238222","78","0","2020","A","N","Cass County, Indiana","Private","NAICS 238222 Nonresidential plumbing and hvac contractors","County, NAICS 6-digit -- by ownership sector","All establishment sizes",3,0,0,0,0,0,0,"N",1.54,0,0,0,0,0,0,"N",-1,-25.0,0,0,0,0,0,0,0,0,0,0,0,0
"18017","5","2383","76","0","2020","A","N","Cass County, Indiana","Private","NAICS 2383 Building finishing contractors","County, NAICS 4-digit -- by ownership sector","All establishment sizes",6,0,0,0,0,0,0,"N",0.68,0,0,0,0,0,0,"N",0,0.0,0,0,0,0,0,0,0,0,0,0,0,0
"18017","5","23831","77","0","2020","A","N","Cass County, Indiana","Private","NAICS 23831 Drywall and insulation contractors","County, NAICS 5-digit -- by ownership sector","All establishment sizes",1,0,0,0,0,0,0,"N",0.70,0,0,0,0,0,0,"N",0,0.0,0,0,0,0,0,0,0,0,0,0,0,0
"18017","5","238311","78","0","2020","A","N","Cass County, Indiana","Private","NAICS 238311 Residential drywall contractors","County, NAICS 6-digit -- by ownership sector","All establishment sizes",1,0,0,0,0,0,0,"N",0.99,0,0,0,0,0,0,"N",0,0.0,0,0,0,0,0,0,0,0,0,0,0,0
"18017","5","23832","77","0","2020","A","N","Cass County, Indiana","Private","NAICS 23832 Painting and wall covering contractors","County, NAICS 5-digit -- by ownership sector","All establishment sizes",2,0,0,0,0,0,0,"N",0.74,0,0,0,0,0,0,"N",0,0.0,0,0,0,0,0,0,0,0,0,0,0,0
"18017","5","238321","78","0","2020","A","N","Cass County, Indiana","Private","NAICS 238321 Residential painting contractors","County, NAICS 6-digit -- by ownership sector","All establishment sizes",1,0,0,0,0,0,0,"N",0.45,0,0,0,0,0,0,"N",0,0.0,0,0,0,0,0,0,0,0,0,0,0,0
"18017","5","238322","78","0","2020","A","N","Cass County, Indiana","Private","NAICS 238322 Nonresidential painting contractors","County, NAICS 6-digit -- by ownership sector","All establishment sizes",1,0,0,0,0,0,0,"N",2.15,0,0,0,0,0,0,"N",0,0.0,0,0,0,0,0,0,0,0,0,0,0,0
"18017","5","23835","77","0","2020","A","","Cass County, Indiana","Private","NAICS 23835 Finish carpentry contractors","County, NAICS 5-digit -- by ownership sector","All establishment sizes",3,13,526006,147085,1260,754,39205,"",1.43,0.90,1.06,0.87,0.41,1.15,1.15,"",0,0.0,-1,-7.1,10520,2.0,-4947,-3.3,-471,-27.2,66,9.6,3449,9.6
"18017","5","238351","78","0","2020","A","N","Cass County, Indiana","Private","NAICS 238351 Residential finish carpentry contractors","County, NAICS 6-digit -- by ownership sector","All establishment sizes",2,0,0,0,0,0,0,"N",1.09,0,0,0,0,0,0,"N",0,0.0,0,0,0,0,0,0,0,0,0,0,0,0
"18017","5","238352","78","0","2020","A","N","Cass County, Indiana","Private","NAICS 238352 Nonresidential finish carpentry contractors","County, NAICS 6-digit -- by ownership sector","All establishment sizes",1,0,0,0,0,0,0,"N",3.67,0,0,0,0,0,0,"N",0,0.0,0,0,0,0,0,0,0,0,0,0,0,0
"18017","5","2389","76","0","2020","A","N","Cass County, Indiana","Private","NAICS 2389 Other specialty trade contractors","County, NAICS 4-digit -- by ownership sector","All establishment sizes",3,0,0,0,0,0,0,"N",0.53,0,0,0,0,0,0,"N",-1,-25.0,0,0,0,0,0,0,0,0,0,0,0,0
"18017","5","23891","77","0","2020","A","N","Cass County, Indiana","Private","NAICS 23891 Site preparation contractors","County, NAICS 5-digit -- by ownership sector","All establishment sizes",2,0,0,0,0,0,0,"N",0.78,0,0,0,0,0,0,"N",-1,-33.3,0,0,0,0,0,0,0,0,0,0,0,0
"18017","5","238911","78","0","2020","A","N","Cass County, Indiana","Private","NAICS 238911 Residential site preparation contractors","County, NAICS 6-digit -- by ownership sector","All establishment sizes",2,0,0,0,0,0,0,"N",1.38,0,0,0,0,0,0,"N",0,0.0,0,0,0,0,0,0,0,0,0,0,0,0
"18017","5","23899","77","0","2020","A","N","Cass County, Indiana","Private","NAICS 23899 All other specialty trade contractors","County, NAICS 5-digit -- by ownership sector","All establishment sizes",1,0,0,0,0,0,0,"N",0.32,0,0,0,0,0,0,"N",0,0.0,0,0,0,0,0,0,0,0,0,0,0,0
"18017","5","238992","78","0","2020","A","N","Cass County, Indiana","Private","NAICS 238992 All other nonresidential trade contractors","County, NAICS 6-digit -- by ownership sector","All establishment sizes",1,0,0,0,0,0,0,"N",0.95,0,0,0,0,0,0,"N",0,0.0,0,0,0,0,0,0,0,0,0,0,0,0
"18017","5","31-33","74","0","2020","A","","Cass County, Indiana","Private","NAICS 31-33 Manufacturing","County, NAICS Sector -- by ownership sector","All establishment sizes",49,4144,200782179,48893279,796329,932,48456,"",2.03,3.41,3.48,3.75,4.30,1.02,1.02,"",-3,-5.8,-355,-7.9,5645503,2.9,-1498895,-3.0,-130749,-14.1,98,11.8,5079,11.7
"18017","5","311","75","0","2020","A","N","Cass County, Indiana","Private","NAICS 311 Food manufacturing","County, NAICS 3-digit -- by ownership sector","All establishment sizes",8,0,0,0,0,0,0,"N",3.37,0,0,0,0,0,0,"N",0,0.0,0,0,0,0,0,0,0,0,0,0,0,0
"18017","5","3111","76","0","2020","A","","Cass County, Indiana","Private","NAICS 3111 Animal food manufacturing","County, NAICS 4-digit -- by ownership sector","All establishment sizes",4,157,7104449,1821679,15772,872,45348,"",24.32,24.12,24.82,24.93,21.24,1.03,1.03,"",0,0.0,1,0.6,221987,3.2,-32817,-1.8,2227,16.4,24,2.8,1230,2.8
"18017","5","31111","77","0","2020","A","","Cass County, Indiana","Private","NAICS 31111 Animal food manufacturing","County, NAICS 5-digit -- by ownership sector","All establishment sizes",4,157,7104449,1821679,15772,872,45348,"",24.32,24.12,24.82,24.93,21.24,1.03,1.03,"",0,0.0,1,0.6,221987,3.2,-32817,-1.8,2227,16.4,24,2.8,1230,2.8
"18017","5","311111","78","0","2020","A","N","Cass County, Indiana","Private","NAICS 311111 Dog and cat food manufacturing","County, NAICS 6-digit -- by ownership sector","All establishment sizes",3,0,0,0,0,0,0,"N",68.26,0,0,0,0,0,0,"N",0,0.0,0,0,0,0,0,0,0,0,0,0,0,0
"18017","5","311119","78","0","2020","A","N","Cass County, Indiana","Private","NAICS 311119 Other animal food manufacturing","County, NAICS 6-digit -- by ownership sector","All establishment sizes",1,0,0,0,0,0,0,"N",8.30,0,0,0,0,0,0,"N",0,0.0,0,0,0,0,0,0,0,0,0,0,0,0
"18017","5","3116","76","0","2020","A","N","Cass County, Indiana","Private","NAICS 3116 Animal slaughtering and processing","County, NAICS 4-digit -- by ownership sector","All establishment sizes",2,0,0,0,0,0,0,"N",7.21,0,0,0,0,0,0,"N",0,0.0,0,0,0,0,0,0,0,0,0,0,0,0
"18017","5","31161","77","0","2020","A","N","Cass County, Indiana","Private","NAICS 31161 Animal slaughtering and processing","County, NAICS 5-digit -- by ownership sector","All establishment sizes",2,0,0,0,0,0,0,"N",7.21,0,0,0,0,0,0,"N",0,0.0,0,0,0,0,0,0,0,0,0,0,0,0
"18017","5","311611","78","0","2020","A","N","Cass County, Indiana","Private","NAICS 311611 Animal, except poultry, slaughtering","County, NAICS 6-digit -- by ownership sector","All establishment sizes",1,0,0,0,0,0,0,"N",10.12,0,0,0,0,0,0,"N",0,0.0,0,0,0,0,0,0,0,0,0,0,0,0
"18017","5","311612","78","0","2020","A","N","Cass County, Indiana","Private","NAICS 311612 Meat processed from carcasses","County, NAICS 6-digit -- by ownership sector","All establishment sizes",1,0,0,0,0,0,0,"N",8.73,0,0,0,0,0,0,"N",0,0.0,0,0,0,0,0,0,0,0,0,0,0,0
"18017","5","3118","76","0","2020","A","N","Cass County, Indiana","Private","NAICS 3118 Bakeries and tortilla manufacturing","County, NAICS 4-digit -- by ownership sector","All establishment sizes",2,0,0,0,0,0,0,"N",2.17,0,0,0,0,0,0,"N",0,0.0,0,0,0,0,0,0,0,0,0,0,0,0
"18017","5","31181","77","0","2020","A","N","Cass County, Indiana","Private","NAICS 31181 Bread and bakery product manufacturing","County, NAICS 5-digit -- by ownership sector","All establishment sizes",2,0,0,0,0,0,0,"N",2.45,0,0,0,0,0,0,"N",0,0.0,0,0,0,0,0,0,0,0,0,0,0,0
"18017","5","311811","78","0","2020","A","N","Cass County, Indiana","Private","NAICS 311811 Retail bakeries","County, NAICS 6-digit -- by ownership sector","All establishment sizes",1,0,0,0,0,0,0,"N",1.87,0,0,0,0,0,0,"N",0,0.0,0,0,0,0,0,0,0,0,0,0,0,0
"18017","5","311812","78","0","2020","A","N","Cass County, Indiana","Private","NAICS 311812 Commercial bakeries","County, NAICS 6-digit -- by ownership sector","All establishment sizes",1,0,0,0,0,0,0,"N",3.80,0,0,0,0,0,0,"N",0,0.0,0,0,0,0,0,0,0,0,0,0,0,0
"18017","5","312","75","0","2020","A","N","Cass County, Indiana","Private","NAICS 312 Beverage and tobacco product manufacturing","County, NAICS 3-digit -- by ownership sector","All establishment sizes",3,0,0,0,0,0,0,"N",3.20,0,0,0,0,0,0,"N",-1,-25.0,0,0,0,0,0,0,0,0,0,0,0,0
"18017","5","3121","76","0","2020","A","N","Cass County, Indiana","Private","NAICS 3121 Beverage manufacturing","County, NAICS 4-digit -- by ownership sector","All establishment sizes",3,0,0,0,0,0,0,"N",3.30,0,0,0,0,0,0,"N",-1,-25.0,0,0,0,0,0,0,0,0,0,0,0,0
"18017","5","31211","77","0","2020","A","N","Cass County, Indiana","Private","NAICS 31211 Soft drink and ice manufacturing","County, NAICS 5-digit -- by ownership sector","All establishment sizes",2,0,0,0,0,0,0,"N",13.98,0,0,0,0,0,0,"N",0,0.0,0,0,0,0,0,0,0,0,0,0,0,0
"18017","5","312111","78","0","2020","A","N","Cass County, Indiana","Private","NAICS 312111 Soft drink manufacturing","County, NAICS 6-digit -- by ownership sector","All establishment sizes",1,0,0,0,0,0,0,"N",14.71,0,0,0,0,0,0,"N",0,0.0,0,0,0,0,0,0,0,0,0,0,0,0
"18017","5","312113","78","0","2020","A","N","Cass County, Indiana","Private","NAICS 312113 Ice manufacturing","County, NAICS 6-digit -- by ownership sector","All establishment sizes",1,0,0,0,0,0,0,"N",28.65,0,0,0,0,0,0,"N",0,0.0,0,0,0,0,0,0,0,0,0,0,0,0
"18017","5","31213","77","0","2020","A","N","Cass County, Indiana","Private","NAICS 31213 Wineries","County, NAICS 5-digit -- by ownership sector","All establishment sizes",1,0,0,0,0,0,0,"N",2.95,0,0,0,0,0,0,"N",0,0.0,0,0,0,0,0,0,0,0,0,0,0,0
"18017","5","312130","78","0","2020","A","N","Cass County, Indiana","Private","NAICS 312130 Wineries","County, NAICS 6-digit -- by ownership sector","All establishment sizes",1,0,0,0,0,0,0,"N",2.95,0,0,0,0,0,0,"N",0,0.0,0,0,0,0,0,0,0,0,0,0,0,0
"18017","5","314","75","0","2020","A","N","Cass County, Indiana","Private","NAICS 314 Textile product mills","County, NAICS 3-digit -- by ownership sector","All establishment sizes",1,0,0,0,0,0,0,"N",2.32,0,0,0,0,0,0,"N",0,0.0,0,0,0,0,0,0,0,0,0,0,0,0
"18017","5","3149","76","0","2020","A","N","Cass County, Indiana","Private","NAICS 3149 Other textile product mills","County, NAICS 4-digit -- by ownership sector","All establishment sizes",1,0,0,0,0,0,0,"N",3.15,0,0,0,0,0,0,"N",0,0.0,0,0,0,0,0,0,0,0,0,0,0,0
"18017","5","31499","77","0","2020","A","N","Cass County, Indiana","Private","NAICS 31499 All other textile product mills","County, NAICS 5-digit -- by ownership sector","All establishment sizes",1,0,0,0,0,0,0,"N",4.94,0,0,0,0,0,0,"N",0,0.0,0,0,0,0,0,0,0,0,0,0,0,0
"18017","5","314999","78","0","2020","A","N","Cass County, Indiana","Private","NAICS 314999 All other miscellaneous textile product mills","County, NAICS 6-digit -- by ownership sector","All establishment sizes",1,0,0,0,0,0,0,"N",5.25,0,0,0,0,0,0,"N",0,0.0,0,0,0,0,0,0,0,0,0,0,0,0
"18017","5","321","75","0","2020","A","N","Cass County, Indiana","Private","NAICS 321 Wood product manufacturing","County, NAICS 3-digit -- by ownership sector","All establishment sizes",2,0,0,0,0,0,0,"N",1.99,0,0,0,0,0,0,"N",0,0.0,0,0,0,0,0,0,0,0,0,0,0,0
"18017","5","3219","76","0","2020","A","N","Cass County, Indiana","Private","NAICS 3219 Other wood product manufacturing","County, NAICS 4-digit -- by ownership sector","All establishment sizes",2,0,0,0,0,0,0,"N",3.04,0,0,0,0,0,0,"N",0,0.0,0,0,0,0,0,0,0,0,0,0,0,0
"18017","5","32191","77","0","2020","A","N","Cass County, Indiana","Private","NAICS 32191 Millwork","County, NAICS 5-digit -- by ownership sector","All establishment sizes",1,0,0,0,0,0,0,"N",4.31,0,0,0,0,0,0,"N",0,0.0,0,0,0,0,0,0,0,0,0,0,0,0
"18017","5","321912","78","0","2020","A","N","Cass County, Indiana","Private","NAICS 321912 Cut stock, resawing lumber, and planing","County, NAICS 6-digit -- by ownership sector","All establishment sizes",1,0,0,0,0,0,0,"N",27.64,0,0,0,0,0,0,"N",0,0.0,0,0,0,0,0,0,0,0,0,0,0,0
"18017","5","32192","77","0","2020","A","N","Cass County, Indiana","Private","NAICS 32192 Wood container and pallet manufacturing","County, NAICS 5-digit -- by ownership sector","All establishment sizes",1,0,0,0,0,0,0,"N",4.98,0,0,0,0,0,0,"N",0,0.0,0,0,0,0,0,0,0,0,0,0,0,0
"18017","5","321920","78","0","2020","A","N","Cass County, Indiana","Private","NAICS 321920 Wood container and pallet manufacturing","County, NAICS 6-digit -- by ownership sector","All establishment sizes",1,0,0,0,0,0,0,"N",4.98,0,0,0,0,0,0,"N",0,0.0,0,0,0,0,0,0,0,0,0,0,0,0
"18017","5","323","75","0","2020","A","N","Cass County, Indiana","Private","NAICS 323 Printing and related support activities","County, NAICS 3-digit -- by ownership sector","All establishment sizes",2,0,0,0,0,0,0,"N",1.06,0,0,0,0,0,0,"N",0,0.0,0,0,0,0,0,0,0,0,0,0,0,0
"18017","5","3231","76","0","2020","A","N","Cass County, Indiana","Private","NAICS 3231 Printing and related support activities","County, NAICS 4-digit -- by ownership sector","All establishment sizes",2,0,0,0,0,0,0,"N",1.06,0,0,0,0,0,0,"N",0,0.0,0,0,0,0,0,0,0,0,0,0,0,0
"18017","5","32311","77","0","2020","A","N","Cass County, Indiana","Private","NAICS 32311 Printing","County, NAICS 5-digit -- by ownership sector","All establishment sizes",2,0,0,0,0,0,0,"N",1.12,0,0,0,0,0,0,"N",0,0.0,0,0,0,0,0,0,0,0,0,0,0,0
"18017","5","323111","78","0","2020","A","N","Cass County, Indiana","Private","NAICS 323111 Commercial printing, except screen and books","County, NAICS 6-digit -- by ownership sector","All establishment sizes",1,0,0,0,0,0,0,"N",0.78,0,0,0,0,0,0,"N",0,0.0,0,0,0,0,0,0,0,0,0,0,0,0
"18017","5","323113","78","0","2020","A","N","Cass County, Indiana","Private","NAICS 323113 Commercial screen printing","County, NAICS 6-digit -- by ownership sector","All establishment sizes",1,0,0,0,0,0,0,"N",2.09,0,0,0,0,0,0,"N",0,0.0,0,0,0,0,0,0,0,0,0,0,0,0
"18017","5","326","75","0","2020","A","N","Cass County, Indiana","Private","NAICS 326 Plastics and rubber products manufacturing","County, NAICS 3-digit -- by ownership sector","All establishment sizes",1,0,0,0,0,0,0,"N",1.11,0,0,0,0,0,0,"N",0,0.0,0,0,0,0,0,0,0,0,0,0,0,0
"18017","5","3262","76","0","2020","A","N","Cass County, Indiana","Private","NAICS 3262 Rubber product manufacturing","County, NAICS 4-digit -- by ownership sector","All establishment sizes",1,0,0,0,0,0,0,"N",7.10,0,0,0,0,0,0,"N",0,0.0,0,0,0,0,0,0,0,0,0,0,0,0
"18017","5","32622","77","0","2020","A","N","Cass County, Indiana","Private","NAICS 32622 Rubber and plastics hose and belting mfg.","County, NAICS 5-digit -- by ownership sector","All establishment sizes",1,0,0,0,0,0,0,"N",32.99,0,0,0,0,0,0,"N",0,0.0,0,0,0,0,0,0,0,0,0,0,0,0
"18017","5","326220","78","0","2020","A","N","Cass County, Indiana","Private","NAICS 326220 Rubber and plastics hose and belting mfg.","County, NAICS 6-digit -- by ownership sector","All establishment sizes",1,0,0,0,0,0,0,"N",32.99,0,0,0,0,0,0,"N",0,0.0,0,0,0,0,0,0,0,0,0,0,0,0
"18017","5","327","75","0","2020","A","","Cass County, Indiana","Private","NAICS 327 Nonmetallic mineral product manufacturing","County, NAICS 3-digit -- by ownership sector","All establishment sizes",4,112,7401199,1064923,87120,1268,65935,"",3.54,2.81,4.56,2.44,10.64,1.62,1.62,"",0,0.0,-2,-1.8,208537,2.9,-24685,-2.3,15102,21.0,52,4.3,2703,4.3
"18017","5","3273","76","0","2020","A","","Cass County, Indiana","Private","NAICS 3273 Cement and concrete product manufacturing","County, NAICS 4-digit -- by ownership sector","All establishment sizes",4,112,7401199,1064923,87120,1268,65935,"",6.55,5.76,9.18,5.01,17.18,1.59,1.59,"",0,0.0,-2,-1.8,208537,2.9,-24685,-2.3,15102,21.0,52,4.3,2703,4.3
"18017","5","32731","77","0","2020","A","N","Cass County, Indiana","Private","NAICS 32731 Cement manufacturing","County, NAICS 5-digit -- by ownership sector","All establishment sizes",1,0,0,0,0,0,0,"N",37.98,0,0,0,0,0,0,"N",0,0.0,0,0,0,0,0,0,0,0,0,0,0,0
"18017","5","327310","78","0","2020","A","N","Cass County, Indiana","Private","NAICS 327310 Cement manufacturing","County, NAICS 6-digit -- by ownership sector","All establishment sizes",1,0,0,0,0,0,0,"N",37.98,0,0,0,0,0,0,"N",0,0.0,0,0,0,0,0,0,0,0,0,0,0,0
"18017","5","32732","77","0","2020","A","N","Cass County, Indiana","Private","NAICS 32732 Ready-mix concrete manufacturing","County, NAICS 5-digit -- by ownership sector","All establishment sizes",1,0,0,0,0,0,0,"N",2.72,0,0,0,0,0,0,"N",0,0.0,0,0,0,0,0,0,0,0,0,0,0,0
"18017","5","327320","78","0","2020","A","N","Cass County, Indiana","Private","NAICS 327320 Ready-mix concrete manufacturing","County, NAICS 6-digit -- by ownership sector","All establishment sizes",1,0,0,0,0,0,0,"N",2.72,0,0,0,0,0,0,"N",0,0.0,0,0,0,0,0,0,0,0,0,0,0,0
"18017","5","32733","77","0","2020","A","N","Cass County, Indiana","Private","NAICS 32733 Concrete pipe, brick, and block manufacturing","County, NAICS 5-digit -- by ownership sector","All establishment sizes",1,0,0,0,0,0,0,"N",13.39,0,0,0,0,0,0,"N",0,0.0,0,0,0,0,0,0,0,0,0,0,0,0
"18017","5","327331","78","0","2020","A","N","Cass County, Indiana","Private","NAICS 327331 Concrete block and brick manufacturing","County, NAICS 6-digit -- by ownership sector","All establishment sizes",1,0,0,0,0,0,0,"N",17.33,0,0,0,0,0,0,"N",0,0.0,0,0,0,0,0,0,0,0,0,0,0,0
"18017","5","32739","77","0","2020","A","N","Cass County, Indiana","Private","NAICS 32739 Other concrete product manufacturing","County, NAICS 5-digit -- by ownership sector","All establishment sizes",1,0,0,0,0,0,0,"N",7.00,0,0,0,0,0,0,"N",0,0.0,0,0,0,0,0,0,0,0,0,0,0,0
"18017","5","327390","78","0","2020","A","N","Cass County, Indiana","Private","NAICS 327390 Other concrete product manufacturing","County, NAICS 6-digit -- by ownership sector","All establishment sizes",1,0,0,0,0,0,0,"N",7.00,0,0,0,0,0,0,"N",0,0.0,0,0,0,0,0,0,0,0,0,0,0,0
"18017","5","331","75","0","2020","A","N","Cass County, Indiana","Private","NAICS 331 Primary metal manufacturing","County, NAICS 3-digit -- by ownership sector","All establishment sizes",1,0,0,0,0,0,0,"N",2.67,0,0,0,0,0,0,"N",0,0.0,0,0,0,0,0,0,0,0,0,0,0,0
"18017","5","3315","76","0","2020","A","N","Cass County, Indiana","Private","NAICS 3315 Foundries","County, NAICS 4-digit -- by ownership sector","All establishment sizes",1,0,0,0,0,0,0,"N",8.47,0,0,0,0,0,0,"N",0,0.0,0,0,0,0,0,0,0,0,0,0,0,0
"18017","5","33152","77","0","2020","A","N","Cass County, Indiana","Private","NAICS 33152 Nonferrous metal foundries","County, NAICS 5-digit -- by ownership sector","All establishment sizes",1,0,0,0,0,0,0,"N",14.65,0,0,0,0,0,0,"N",0,0.0,0,0,0,0,0,0,0,0,0,0,0,0
"18017","5","331523","78","0","2020","A","N","Cass County, Indiana","Private","NAICS 331523 Nonferrous metal die-casting foundries","County, NAICS 6-digit -- by ownership sector","All establishment sizes",1,0,0,0,0,0,0,"N",47.33,0,0,0,0,0,0,"N",0,0.0,0,0,0,0,0,0,0,0,0,0,0,0
"18017","5","332","75","0","2020","A","","Cass County, Indiana","Private","NAICS 332 Fabricated metal product manufacturing","County, NAICS 3-digit -- by ownership sector","All establishment sizes",12,572,28664723,6572921,83834,963,50084,"",3.04,4.15,5.31,4.58,3.90,1.28,1.28,"",0,0.0,-87,-13.2,-2797459,-8.9,-497533,-7.0,-38046,-31.2,44,4.8,2305,4.8
"18017","5","3321","76","0","2020","A","","Cass County, Indiana","Private","NAICS 3321 Forging and stamping","County, NAICS 4-digit -- by ownership sector","All establishment sizes",5,265,13373722,3107343,33726,971,50483,"",33.47,29.51,38.15,34.73,22.60,1.29,1.29,"",0,0.0,-33,-11.1,-571408,-4.1,-26062,-0.8,-15564,-31.6,71,7.9,3700,7.9
"18017","5","33211","77","0","2020","A","","Cass County, Indiana","Private","NAICS 33211 Forging and stamping","County, NAICS 5-digit -- by ownership sector","All establishment sizes",5,265,13373722,3107343,33726,971,50483,"",33.47,29.51,38.15,34.73,22.60,1.29,1.29,"",0,0.0,-33,-11.1,-571408,-4.1,-26062,-0.8,-15564,-31.6,71,7.9,3700,7.9
"18017","5","332119","78","0","2020","A","","Cass County, Indiana","Private","NAICS 332119 Other metal stamping, except automotive","County, NAICS 6-digit -- by ownership sector","All establishment sizes",5,265,13373722,3107343,33726,971,50483,"",56.89,55.14,75.87,60.28,48.03,1.38,1.38,"",0,0.0,-33,-11.1,-571408,-4.1,-26062,-0.8,-15564,-31.6,71,7.9,3700,7.9
"18017","5","3326","76","0","2020","A","","Cass County, Indiana","Private","NAICS 3326 Spring and wire product manufacturing","County, NAICS 4-digit -- by ownership sector","All establishment sizes",4,202,11071711,2203000,26765,1055,54856,"",45.54,51.16,76.48,54.65,45.89,1.50,1.50,"N",0,0.0,0,0,0,0,0,0,0,0,0,0,0,0
"18017","5","33261","77","0","2020","A","","Cass County, Indiana","Private","NAICS 33261 Spring and wire product manufacturing","County, NAICS 5-digit -- by ownership sector","All establishment sizes",4,202,11071711,2203000,26765,1055,54856,"",45.54,51.16,76.48,54.65,45.89,1.50,1.50,"N",0,0.0,0,0,0,0,0,0,0,0,0,0,0,0
"18017","5","332613","78","0","2020","A","","Cass County, Indiana","Private","NAICS 332613 Spring manufacturing","County, NAICS 6-digit -- by ownership sector","All establishment sizes",4,202,11071711,2203000,26765,1055,54856,"",135.90,126.88,183.34,148.86,114.60,1.45,1.45,"N",0,0.0,0,0,0,0,0,0,0,0,0,0,0,0
"18017","5","3328","76","0","2020","A","N","Cass County, Indiana","Private","NAICS 3328 Coating, engraving, and heat treating metals","County, NAICS 4-digit -- by ownership sector","All establishment sizes",2,0,0,0,0,0,0,"N",4.73,0,0,0,0,0,0,"N",0,0.0,0,0,0,0,0,0,0,0,0,0,0,0
"18017","5","33281","77","0","2020","A","N","Cass County, Indiana","Private","NAICS 33281 Coating, engraving, and heat treating metals","County, NAICS 5-digit -- by ownership sector","All establishment sizes",2,0,0,0,0,0,0,"N",4.73,0,0,0,0,0,0,"N",0,0.0,0,0,0,0,0,0,0,0,0,0,0,0
"18017","5","332811","78","0","2020","A","N","Cass County, Indiana","Private","NAICS 332811 Metal heat treating","County, NAICS 6-digit -- by ownership sector","All establishment sizes",1,0,0,0,0,0,0,"N",22.01,0,0,0,0,0,0,"N",0,0.0,0,0,0,0,0,0,0,0,0,0,0,0
"18017","5","332812","78","0","2020","A","N","Cass County, Indiana","Private","NAICS 332812 Metal coating and nonprecious engraving","County, NAICS 6-digit -- by ownership sector","All establishment sizes",1,0,0,0,0,0,0,"N",4.88,0,0,0,0,0,0,"N",0,0.0,0,0,0,0,0,0,0,0,0,0,0,0
"18017","5","3329","76","0","2020","A","N","Cass County, Indiana","Private","NAICS 3329 Other fabricated metal product manufacturing","County, NAICS 4-digit -- by ownership sector","All establishment sizes",1,0,0,0,0,0,0,"N",1.93,0,0,0,0,0,0,"N",0,0.0,0,0,0,0,0,0,0,0,0,0,0,0
"18017","5","33299","77","0","2020","A","N","Cass County, Indiana","Private","NAICS 33299 All other fabricated metal product mfg.","County, NAICS 5-digit -- by ownership sector","All establishment sizes",1,0,0,0,0,0,0,"N",2.51,0,0,0,0,0,0,"N",0,0.0,0,0,0,0,0,0,0,0,0,0,0,0
"18017","5","332996","78","0","2020","A","N","Cass County, Indiana","Private","NAICS 332996 Fabricated pipe and pipe fitting mfg.","County, NAICS 6-digit -- by ownership sector","All establishment sizes",1,0,0,0,0,0,0,"N",15.56,0,0,0,0,0,0,"N",0,0.0,0,0,0,0,0,0,0,0,0,0,0,0
"18017","5","333","75","0","2020","A","","Cass County, Indiana","Private","NAICS 333 Machinery manufacturing","County, NAICS 3-digit -- by ownership sector","All establishment sizes",5,101,5831861,1076071,37720,1110,57741,"",2.37,0.96,1.16,0.95,2.15,1.20,1.20,"",0,0.0,-11,-9.8,-618193,-9.6,-178912,-14.3,-16278,-30.1,6,0.5,322,0.6
"18017","5","3332","76","0","2020","A","N","Cass County, Indiana","Private","NAICS 3332 Industrial machinery manufacturing","County, NAICS 4-digit -- by ownership sector","All establishment sizes",1,0,0,0,0,0,0,"N",3.20,0,0,0,0,0,0,"N",0,0.0,0,0,0,0,0,0,0,0,0,0,0,0
"18017","5","33324","77","0","2020","A","N","Cass County, Indiana","Private","NAICS 33324 Industrial machinery manufacturing","County, NAICS 5-digit -- by ownership sector","All establishment sizes",1,0,0,0,0,0,0,"N",3.20,0,0,0,0,0,0,"N",0,0.0,0,0,0,0,0,0,0,0,0,0,0,0
"18017","5","333249","78","0","2020","A","N","Cass County, Indiana","Private","NAICS 333249 Other industrial machinery manufacturing","County, NAICS 6-digit -- by ownership sector","All establishment sizes",1,0,0,0,0,0,0,"N",5.58,0,0,0,0,0,0,"N",0,0.0,0,0,0,0,0,0,0,0,0,0,0,0
"18017","5","3335","76","0","2020","A","","Cass County, Indiana","Private","NAICS 3335 Metalworking machinery manufacturing","County, NAICS 4-digit -- by ownership sector","All establishment sizes",3,47,2750208,494501,10483,1127,58619,"",5.54,2.87,4.03,3.06,4.36,1.41,1.41,"",0,0.0,-14,-23.0,-578217,-17.4,-168655,-25.4,-13265,-55.9,73,6.9,3830,7.0
"18017","5","33351","77","0","2020","A","","Cass County, Indiana","Private","NAICS 33351 Metalworking machinery manufacturing","County, NAICS 5-digit -- by ownership sector","All establishment sizes",3,47,2750208,494501,10483,1127,58619,"",5.54,2.87,4.03,3.06,4.36,1.41,1.41,"",0,0.0,-14,-23.0,-578217,-17.4,-168655,-25.4,-13265,-55.9,73,6.9,3830,7.0
"18017","5","333511","78","0","2020","A","N","Cass County, Indiana","Private","NAICS 333511 Industrial mold manufacturing","County, NAICS 6-digit -- by ownership sector","All establishment sizes",1,0,0,0,0,0,0,"N",9.12,0,0,0,0,0,0,"N",0,0.0,0,0,0,0,0,0,0,0,0,0,0,0
"18017","5","333514","78","0","2020","A","N","Cass County, Indiana","Private","NAICS 333514 Special tool, die, jig, and fixture mfg.","County, NAICS 6-digit -- by ownership sector","All establishment sizes",1,0,0,0,0,0,0,"N",5.13,0,0,0,0,0,0,"N",0,0.0,0,0,0,0,0,0,0,0,0,0,0,0
"18017","5","333515","78","0","2020","A","N","Cass County, Indiana","Private","NAICS 333515 Cutting tool and machine tool accessory mfg.","County, NAICS 6-digit -- by ownership sector","All establishment sizes",1,0,0,0,0,0,0,"N",13.95,0,0,0,0,0,0,"N",0,0.0,0,0,0,0,0,0,0,0,0,0,0,0
"18017","5","3339","76","0","2020","A","N","Cass County, Indiana","Private","NAICS 3339 Other general purpose machinery manufacturing","County, NAICS 4-digit -- by ownership sector","All establishment sizes",1,0,0,0,0,0,0,"N",1.98,0,0,0,0,0,0,"N",0,0.0,0,0,0,0,0,0,0,0,0,0,0,0
"18017","5","33392","77","0","2020","A","N","Cass County, Indiana","Private","NAICS 33392 Material handling equipment manufacturing","County, NAICS 5-digit -- by ownership sector","All establishment sizes",1,0,0,0,0,0,0,"N",7.75,0,0,0,0,0,0,"N",0,0.0,0,0,0,0,0,0,0,0,0,0,0,0
"18017","5","333922","78","0","2020","A","N","Cass County, Indiana","Private","NAICS 333922 Conveyor and conveying equipment mfg.","County, NAICS 6-digit -- by ownership sector","All establishment sizes",1,0,0,0,0,0,0,"N",16.66,0,0,0,0,0,0,"N",0,0.0,0,0,0,0,0,0,0,0,0,0,0,0
"18017","5","334","75","0","2020","A","N","Cass County, Indiana","Private","NAICS 334 Computer and electronic product manufacturing","County, NAICS 3-digit -- by ownership sector","All establishment sizes",2,0,0,0,0,0,0,"N",1.39,0,0,0,0,0,0,"N",0,0.0,0,0,0,0,0,0,0,0,0,0,0,0
"18017","5","3344","76","0","2020","A","N","Cass County, Indiana","Private","NAICS 3344 Semiconductor and electronic component mfg.","County, NAICS 4-digit -- by ownership sector","All establishment sizes",1,0,0,0,0,0,0,"N",2.47,0,0,0,0,0,0,"N",0,0.0,0,0,0,0,0,0,0,0,0,0,0,0
"18017","5","33441","77","0","2020","A","N","Cass County, Indiana","Private","NAICS 33441 Semiconductor and electronic component mfg.","County, NAICS 5-digit -- by ownership sector","All establishment sizes",1,0,0,0,0,0,0,"N",2.47,0,0,0,0,0,0,"N",0,0.0,0,0,0,0,0,0,0,0,0,0,0,0
"18017","5","334418","78","0","2020","A","N","Cass County, Indiana","Private","NAICS 334418 Printed circuit assembly manufacturing","County, NAICS 6-digit -- by ownership sector","All establishment sizes",1,0,0,0,0,0,0,"N",12.85,0,0,0,0,0,0,"N",0,0.0,0,0,0,0,0,0,0,0,0,0,0,0
"18017","5","3345","76","0","2020","A","N","Cass County, Indiana","Private","NAICS 3345 Electronic instrument manufacturing","County, NAICS 4-digit -- by ownership sector","All establishment sizes",1,0,0,0,0,0,0,"N",1.62,0,0,0,0,0,0,"N",0,0.0,0,0,0,0,0,0,0,0,0,0,0,0
"18017","5","33451","77","0","2020","A","N","Cass County, Indiana","Private","NAICS 33451 Electronic instrument manufacturing","County, NAICS 5-digit -- by ownership sector","All establishment sizes",1,0,0,0,0,0,0,"N",1.62,0,0,0,0,0,0,"N",0,0.0,0,0,0,0,0,0,0,0,0,0,0,0
"18017","5","334512","78","0","2020","A","N","Cass County, Indiana","Private","NAICS 334512 Automatic environmental control manufacturing","County, NAICS 6-digit -- by ownership sector","All establishment sizes",1,0,0,0,0,0,0,"N",30.48,0,0,0,0,0,0,"N",0,0.0,0,0,0,0,0,0,0,0,0,0,0,0
"18017","5","336","75","0","2020","A","","Cass County, Indiana","Private","NAICS 336 Transportation equipment manufacturing","County, NAICS 3-digit -- by ownership sector","All establishment sizes",7,543,23605761,5804871,138718,837,43500,"",6.68,3.39,2.88,3.42,5.07,0.85,0.85,"",0,0.0,-95,-14.9,-1506494,-6.0,-659528,-10.2,-29687,-17.6,81,10.7,4165,10.6
"18017","5","3363","76","0","2020","A","N","Cass County, Indiana","Private","NAICS 3363 Motor vehicle parts manufacturing","County, NAICS 4-digit -- by ownership sector","All establishment sizes",5,0,0,0,0,0,0,"N",12.85,0,0,0,0,0,0,"N",0,0.0,0,0,0,0,0,0,0,0,0,0,0,0
"18017","5","33631","77","0","2020","A","N","Cass County, Indiana","Private","NAICS 33631 Motor vehicle gasoline engine and parts mfg.","County, NAICS 5-digit -- by ownership sector","All establishment sizes",1,0,0,0,0,0,0,"N",15.81,0,0,0,0,0,0,"N",0,0.0,0,0,0,0,0,0,0,0,0,0,0,0
"18017","5","336310","78","0","2020","A","N","Cass County, Indiana","Private","NAICS 336310 Motor vehicle gasoline engine and parts mfg.","County, NAICS 6-digit -- by ownership sector","All establishment sizes",1,0,0,0,0,0,0,"N",15.81,0,0,0,0,0,0,"N",0,0.0,0,0,0,0,0,0,0,0,0,0,0,0
"18017","5","33632","77","0","2020","A","N","Cass County, Indiana","Private","NAICS 33632 Motor vehicle electric equipment mfg.","County, NAICS 5-digit -- by ownership sector","All establishment sizes",1,0,0,0,0,0,0,"N",18.73,0,0,0,0,0,0,"N",0,0.0,0,0,0,0,0,0,0,0,0,0,0,0
"18017","5","336320","78","0","2020","A","N","Cass County, Indiana","Private","NAICS 336320 Motor vehicle electric equipment mfg.","County, NAICS 6-digit -- by ownership sector","All establishment sizes",1,0,0,0,0,0,0,"N",18.73,0,0,0,0,0,0,"N",0,0.0,0,0,0,0,0,0,0,0,0,0,0,0
"18017","5","33634","77","0","2020","A","N","Cass County, Indiana","Private","NAICS 33634 Motor vehicle brake system manufacturing","County, NAICS 5-digit -- by ownership sector","All establishment sizes",1,0,0,0,0,0,0,"N",67.95,0,0,0,0,0,0,"N",0,0.0,0,0,0,0,0,0,0,0,0,0,0,0
"18017","5","336340","78","0","2020","A","N","Cass County, Indiana","Private","NAICS 336340 Motor vehicle brake system manufacturing","County, NAICS 6-digit -- by ownership sector","All establishment sizes",1,0,0,0,0,0,0,"N",67.95,0,0,0,0,0,0,"N",0,0.0,0,0,0,0,0,0,0,0,0,0,0,0
"18017","5","33637","77","0","2020","A","N","Cass County, Indiana","Private","NAICS 33637 Motor vehicle metal stamping","County, NAICS 5-digit -- by ownership sector","All establishment sizes",1,0,0,0,0,0,0,"N",25.81,0,0,0,0,0,0,"N",0,0.0,0,0,0,0,0,0,0,0,0,0,0,0
"18017","5","336370","78","0","2020","A","N","Cass County, Indiana","Private","NAICS 336370 Motor vehicle metal stamping","County, NAICS 6-digit -- by ownership sector","All establishment sizes",1,0,0,0,0,0,0,"N",25.81,0,0,0,0,0,0,"N",0,0.0,0,0,0,0,0,0,0,0,0,0,0,0
"18017","5","33639","77","0","2020","A","N","Cass County, Indiana","Private","NAICS 33639 Other motor vehicle parts manufacturing","County, NAICS 5-digit -- by ownership sector","All establishment sizes",1,0,0,0,0,0,0,"N",8.44,0,0,0,0,0,0,"N",0,0.0,0,0,0,0,0,0,0,0,0,0,0,0
"18017","5","336390","78","0","2020","A","N","Cass County, Indiana","Private","NAICS 336390 Other motor vehicle parts manufacturing","County, NAICS 6-digit -- by ownership sector","All establishment sizes",1,0,0,0,0,0,0,"N",8.44,0,0,0,0,0,0,"N",0,0.0,0,0,0,0,0,0,0,0,0,0,0,0
"18017","5","3365","76","0","2020","A","N","Cass County, Indiana","Private","NAICS 3365 Railroad rolling stock manufacturing","County, NAICS 4-digit -- by ownership sector","All establishment sizes",1,0,0,0,0,0,0,"N",43.70,0,0,0,0,0,0,"N",0,0.0,0,0,0,0,0,0,0,0,0,0,0,0
"18017","5","33651","77","0","2020","A","N","Cass County, Indiana","Private","NAICS 33651 Railroad rolling stock manufacturing","County, NAICS 5-digit -- by ownership sector","All establishment sizes",1,0,0,0,0,0,0,"N",43.70,0,0,0,0,0,0,"N",0,0.0,0,0,0,0,0,0,0,0,0,0,0,0
"18017","5","336510","78","0","2020","A","N","Cass County, Indiana","Private","NAICS 336510 Railroad rolling stock manufacturing","County, NAICS 6-digit -- by ownership sector","All establishment sizes",1,0,0,0,0,0,0,"N",43.70,0,0,0,0,0,0,"N",0,0.0,0,0,0,0,0,0,0,0,0,0,0,0
"18017","5","3369","76","0","2020","A","N","Cass County, Indiana","Private","NAICS 3369 Other transportation equipment manufacturing","County, NAICS 4-digit -- by ownership sector","All establishment sizes",1,0,0,0,0,0,0,"N",13.54,0,0,0,0,0,0,"N",0,0.0,0,0,0,0,0,0,0,0,0,0,0,0
"18017","5","33699","77","0","2020","A","N","Cass County, Indiana","Private","NAICS 33699 Other transportation equipment manufacturing","County, NAICS 5-digit -- by ownership sector","All establishment sizes",1,0,0,0,0,0,0,"N",13.54,0,0,0,0,0,0,"N",0,0.0,0,0,0,0,0,0,0,0,0,0,0,0
"18017","5","336991","78","0","2020","A","N","Cass County, Indiana","Private","NAICS 336991 Motorcycle, bicycle, and parts manufacturing","County, NAICS 6-digit -- by ownership sector","All establishment sizes",1,0,0,0,0,0,0,"N",31.58,0,0,0,0,0,0,"N",0,0.0,0,0,0,0,0,0,0,0,0,0,0,0
"18017","5","337","75","0","2020","A","N","Cass County, Indiana","Private","NAICS 337 Furniture and related product manufacturing","County, NAICS 3-digit -- by ownership sector","All establishment sizes",1,0,0,0,0,0,0,"N",0.84,0,0,0,0,0,0,"N",0,0.0,0,0,0,0,0,0,0,0,0,0,0,0
"18017","5","3371","76","0","2020","A","N","Cass County, Indiana","Private","NAICS 3371 Household and institutional furniture mfg.","County, NAICS 4-digit -- by ownership sector","All establishment sizes",1,0,0,0,0,0,0,"N",1.17,0,0,0,0,0,0,"N",0,0.0,0,0,0,0,0,0,0,0,0,0,0,0
"18017","5","33712","77","0","2020","A","N","Cass County, Indiana","Private","NAICS 33712 Other household and institutional furniture","County, NAICS 5-digit -- by ownership sector","All establishment sizes",1,0,0,0,0,0,0,"N",3.26,0,0,0,0,0,0,"N",0,0.0,0,0,0,0,0,0,0,0,0,0,0,0
"18017","5","337122","78","0","2020","A","N","Cass County, Indiana","Private","NAICS 337122 Nonupholstered wood household furniture mfg.","County, NAICS 6-digit -- by ownership sector","All establishment sizes",1,0,0,0,0,0,0,"N",5.98,0,0,0,0,0,0,"N",0,0.0,0,0,0,0,0,0,0,0,0,0,0,0
"18017","5","42","74","0","2020","A","","Cass County, Indiana","Private","NAICS 42 Wholesale trade","County, NAICS Sector -- by ownership sector","All establishment sizes",46,536,32497306,5991098,59554,1166,60658,"",1.11,0.95,1.06,0.97,0.74,1.11,1.11,"",-3,-6.1,-24,-4.3,1123435,3.6,-234279,-3.8,-4262,-6.7,88,8.2,4617,8.2
"18017","5","423","75","0","2020","A","","Cass County, Indiana","Private","NAICS 423 Merchant wholesalers, durable goods","County, NAICS 3-digit -- by ownership sector","All establishment sizes",26,277,15976374,3052009,42811,1109,57694,"",1.26,0.89,0.95,0.91,0.98,1.06,1.06,"",-1,-3.7,8,3.0,1589113,11.0,104427,3.5,399,0.9,81,7.9,4243,7.9
"18017","5","4231","76","0","2020","A","N","Cass County, Indiana","Private","NAICS 4231 Motor vehicle and parts merchant wholesalers","County, NAICS 4-digit -- by ownership sector","All establishment sizes",1,0,0,0,0,0,0,"N",0.58,0,0,0,0,0,0,"N",0,0.0,0,0,0,0,0,0,0,0,0,0,0,0
"18017","5","42312","77","0","2020","A","N","Cass County, Indiana","Private","NAICS 42312 New motor vehicle parts merchant wholesalers","County, NAICS 5-digit -- by ownership sector","All establishment sizes",1,0,0,0,0,0,0,"N",1.04,0,0,0,0,0,0,"N",0,0.0,0,0,0,0,0,0,0,0,0,0,0,0
"18017","5","423120","78","0","2020","A","N","Cass County, Indiana","Private","NAICS 423120 New motor vehicle parts merchant wholesalers","County, NAICS 6-digit -- by ownership sector","All establishment sizes",1,0,0,0,0,0,0,"N",1.04,0,0,0,0,0,0,"N",0,0.0,0,0,0,0,0,0,0,0,0,0,0,0
"18017","5","4232","76","0","2020","A","N","Cass County, Indiana","Private","NAICS 4232 Furniture and furnishing merchant wholesalers","County, NAICS 4-digit -- by ownership sector","All establishment sizes",1,0,0,0,0,0,0,"N",1.22,0,0,0,0,0,0,"N",0,0.0,0,0,0,0,0,0,0,0,0,0,0,0
"18017","5","42322","77","0","2020","A","N","Cass County, Indiana","Private","NAICS 42322 Home furnishing merchant wholesalers","County, NAICS 5-digit -- by ownership sector","All establishment sizes",1,0,0,0,0,0,0,"N",2.24,0,0,0,0,0,0,"N",0,0.0,0,0,0,0,0,0,0,0,0,0,0,0
"18017","5","423220","78","0","2020","A","N","Cass County, Indiana","Private","NAICS 423220 Home furnishing merchant wholesalers","County, NAICS 6-digit -- by ownership sector","All establishment sizes",1,0,0,0,0,0,0,"N",2.24,0,0,0,0,0,0,"N",0,0.0,0,0,0,0,0,0,0,0,0,0,0,0
"18017","5","4233","76","0","2020","A","N","Cass County, Indiana","Private","NAICS 4233 Lumber and const. supply merchant wholesalers","County, NAICS 4-digit -- by ownership sector","All establishment sizes",2,0,0,0,0,0,0,"N",1.29,0,0,0,0,0,0,"N",0,0.0,0,0,0,0,0,0,0,0,0,0,0,0
"18017","5","42331","77","0","2020","A","N","Cass County, Indiana","Private","NAICS 42331 Lumber and wood merchant wholesalers","County, NAICS 5-digit -- by ownership sector","All establishment sizes",2,0,0,0,0,0,0,"N",3.29,0,0,0,0,0,0,"N",0,0.0,0,0,0,0,0,0,0,0,0,0,0,0
"18017","5","423310","78","0","2020","A","N","Cass County, Indiana","Private","NAICS 423310 Lumber and wood merchant wholesalers","County, NAICS 6-digit -- by ownership sector","All establishment sizes",2,0,0,0,0,0,0,"N",3.29,0,0,0,0,0,0,"N",0,0.0,0,0,0,0,0,0,0,0,0,0,0,0
"18017","5","4234","76","0","2020","A","N","Cass County, Indiana","Private","NAICS 4234 Commercial equip. merchant wholesalers","County, NAICS 4-digit -- by ownership sector","All establishment sizes",2,0,0,0,0,0,0,"N",0.46,0,0,0,0,0,0,"N",0,0.0,0,0,0,0,0,0,0,0,0,0,0,0
"18017","5","42343","77","0","2020","A","N","Cass County, Indiana","Private","NAICS 42343 Computer and software merchant wholesalers","County, NAICS 5-digit -- by ownership sector","All establishment sizes",1,0,0,0,0,0,0,"N",1.00,0,0,0,0,0,0,"N",0,0.0,0,0,0,0,0,0,0,0,0,0,0,0
"18017","5","423430","78","0","2020","A","N","Cass County, Indiana","Private","NAICS 423430 Computer and software merchant wholesalers","County, NAICS 6-digit -- by ownership sector","All establishment sizes",1,0,0,0,0,0,0,"N",1.00,0,0,0,0,0,0,"N",0,0.0,0,0,0,0,0,0,0,0,0,0,0,0
"18017","5","42345","77","0","2020","A","N","Cass County, Indiana","Private","NAICS 42345 Medical equipment merchant wholesalers","County, NAICS 5-digit -- by ownership sector","All establishment sizes",1,0,0,0,0,0,0,"N",0.51,0,0,0,0,0,0,"N",0,0.0,0,0,0,0,0,0,0,0,0,0,0,0
"18017","5","423450","78","0","2020","A","N","Cass County, Indiana","Private","NAICS 423450 Medical equipment merchant wholesalers","County, NAICS 6-digit -- by ownership sector","All establishment sizes",1,0,0,0,0,0,0,"N",0.51,0,0,0,0,0,0,"N",0,0.0,0,0,0,0,0,0,0,0,0,0,0,0
"18017","5","4235","76","0","2020","A","N","Cass County, Indiana","Private","NAICS 4235 Metal and mineral merchant wholesalers","County, NAICS 4-digit -- by ownership sector","All establishment sizes",1,0,0,0,0,0,0,"N",1.32,0,0,0,0,0,0,"N",0,0.0,0,0,0,0,0,0,0,0,0,0,0,0
"18017","5","42351","77","0","2020","A","N","Cass County, Indiana","Private","NAICS 42351 Metal merchant wholesalers","County, NAICS 5-digit -- by ownership sector","All establishment sizes",1,0,0,0,0,0,0,"N",1.38,0,0,0,0,0,0,"N",0,0.0,0,0,0,0,0,0,0,0,0,0,0,0
"18017","5","423510","78","0","2020","A","N","Cass County, Indiana","Private","NAICS 423510 Metal merchant wholesalers","County, NAICS 6-digit -- by ownership sector","All establishment sizes",1,0,0,0,0,0,0,"N",1.38,0,0,0,0,0,0,"N",0,0.0,0,0,0,0,0,0,0,0,0,0,0,0
"18017","5","4236","76","0","2020","A","N","Cass County, Indiana","Private","NAICS 4236 Appliance and electric goods merchant whls.","County, NAICS 4-digit -- by ownership sector","All establishment sizes",2,0,0,0,0,0,0,"N",0.83,0,0,0,0,0,0,"N",0,0.0,0,0,0,0,0,0,0,0,0,0,0,0
"18017","5","42361","77","0","2020","A","N","Cass County, Indiana","Private","NAICS 42361 Elec. equip. and wiring merchant wholesalers","County, NAICS 5-digit -- by ownership sector","All establishment sizes",2,0,0,0,0,0,0,"N",1.72,0,0,0,0,0,0,"N",0,0.0,0,0,0,0,0,0,0,0,0,0,0,0
"18017","5","423610","78","0","2020","A","N","Cass County, Indiana","Private","NAICS 423610 Elec. equip. and wiring merchant wholesalers","County, NAICS 6-digit -- by ownership sector","All establishment sizes",2,0,0,0,0,0,0,"N",1.72,0,0,0,0,0,0,"N",0,0.0,0,0,0,0,0,0,0,0,0,0,0,0
"18017","5","4237","76","0","2020","A","N","Cass County, Indiana","Private","NAICS 4237 Hardware and plumbing merchant wholesalers","County, NAICS 4-digit -- by ownership sector","All establishment sizes",1,0,0,0,0,0,0,"N",0.59,0,0,0,0,0,0,"N",0,0.0,0,0,0,0,0,0,0,0,0,0,0,0
"18017","5","42372","77","0","2020","A","N","Cass County, Indiana","Private","NAICS 42372 Plumbing equip. merchant wholesalers","County, NAICS 5-digit -- by ownership sector","All establishment sizes",1,0,0,0,0,0,0,"N",1.55,0,0,0,0,0,0,"N",0,0.0,0,0,0,0,0,0,0,0,0,0,0,0
"18017","5","423720","78","0","2020","A","N","Cass County, Indiana","Private","NAICS 423720 Plumbing equip. merchant wholesalers","County, NAICS 6-digit -- by ownership sector","All establishment sizes",1,0,0,0,0,0,0,"N",1.55,0,0,0,0,0,0,"N",0,0.0,0,0,0,0,0,0,0,0,0,0,0,0
"18017","5","4238","76","0","2020","A","","Cass County, Indiana","Private","NAICS 4238 Machinery and supply merchant wholesalers","County, NAICS 4-digit -- by ownership sector","All establishment sizes",12,107,7645517,1197623,14668,1373,71398,"",2.49,1.55,2.20,1.57,1.69,1.42,1.42,"",0,0.0,32,42.7,1934592,33.9,315468,35.8,6126,71.7,-90,-6.2,-4663,-6.1
"18017","5","42382","77","0","2020","A","","Cass County, Indiana","Private","NAICS 42382 Farm and garden equip. merchant wholesalers","County, NAICS 5-digit -- by ownership sector","All establishment sizes",6,48,2350084,532505,3954,937,48706,"",9.99,4.65,5.43,4.37,3.85,1.16,1.16,"",-1,-14.3,-2,-4.0,151170,6.9,-1349,-0.3,-2740,-40.9,91,10.8,4728,10.8
"18017","5","423820","78","0","2020","A","","Cass County, Indiana","Private","NAICS 423820 Farm and garden equip. merchant wholesalers","County, NAICS 6-digit -- by ownership sector","All establishment sizes",6,48,2350084,532505,3954,937,48706,"",9.99,4.65,5.43,4.37,3.85,1.16,1.16,"",-1,-14.3,-2,-4.0,151170,6.9,-1349,-0.3,-2740,-40.9,91,10.8,4728,10.8
"18017","5","42383","77","0","2020","A","","Cass County, Indiana","Private","NAICS 42383 Industrial machinery merchant wholesalers","County, NAICS 5-digit -- by ownership sector","All establishment sizes",3,25,3339931,282430,1412,2535,131839,"",1.28,0.80,2.00,0.83,0.34,2.47,2.48,"N",0,0.0,0,0,0,0,0,0,0,0,0,0,0,0
"18017","5","423830","78","0","2020","A","","Cass County, Indiana","Private","NAICS 423830 Industrial machinery merchant wholesalers","County, NAICS 6-digit -- by ownership sector","All establishment sizes",3,25,3339931,282430,1412,2535,131839,"",1.28,0.80,2.00,0.83,0.34,2.47,2.48,"N",0,0.0,0,0,0,0,0,0,0,0,0,0,0,0
"18017","5","42384","77","0","2020","A","N","Cass County, Indiana","Private","NAICS 42384 Industrial supplies merchant wholesalers","County, NAICS 5-digit -- by ownership sector","All establishment sizes",1,0,0,0,0,0,0,"N",1.23,0,0,0,0,0,0,"N",1,100.0,0,0,0,0,0,0,0,0,0,0,0,0
"18017","5","423840","78","0","2020","A","N","Cass County, Indiana","Private","NAICS 423840 Industrial supplies merchant wholesalers","County, NAICS 6-digit -- by ownership sector","All establishment sizes",1,0,0,0,0,0,0,"N",1.23,0,0,0,0,0,0,"N",1,100.0,0,0,0,0,0,0,0,0,0,0,0,0
"18017","5","42385","77","0","2020","A","N","Cass County, Indiana","Private","NAICS 42385 Service estab. equip. merchant wholesalers","County, NAICS 5-digit -- by ownership sector","All establishment sizes",2,0,0,0,0,0,0,"N",4.78,0,0,0,0,0,0,"N",0,0.0,0,0,0,0,0,0,0,0,0,0,0,0
"18017","5","423850","78","0","2020","A","N","Cass County, Indiana","Private","NAICS 423850 Service estab. equip. merchant wholesalers","County, NAICS 6-digit -- by ownership sector","All establishment sizes",2,0,0,0,0,0,0,"N",4.78,0,0,0,0,0,0,"N",0,0.0,0,0,0,0,0,0,0,0,0,0,0,0
"18017","5","4239","76","0","2020","A","","Cass County, Indiana","Private","NAICS 4239 Misc. durable goods merchant wholesalers","County, NAICS 4-digit -- by ownership sector","All establishment sizes",4,11,707283,132853,4094,1295,67360,"",1.56,0.39,0.59,0.44,0.99,1.57,1.57,"",-1,-20.0,1,10.0,150700,27.1,8980,7.2,217,5.6,216,20.0,11234,20.0
"18017","5","42391","77","0","2020","A","N","Cass County, Indiana","Private","NAICS 42391 Sporting goods merchant wholesalers","County, NAICS 5-digit -- by ownership sector","All establishment sizes",1,0,0,0,0,0,0,"N",2.05,0,0,0,0,0,0,"N",0,0.0,0,0,0,0,0,0,0,0,0,0,0,0
"18017","5","423910","78","0","2020","A","N","Cass County, Indiana","Private","NAICS 423910 Sporting goods merchant wholesalers","County, NAICS 6-digit -- by ownership sector","All establishment sizes",1,0,0,0,0,0,0,"N",2.05,0,0,0,0,0,0,"N",0,0.0,0,0,0,0,0,0,0,0,0,0,0,0
"18017","5","42393","77","0","2020","A","N","Cass County, Indiana","Private","NAICS 42393 Recyclable material merchant wholesalers","County, NAICS 5-digit -- by ownership sector","All establishment sizes",2,0,0,0,0,0,0,"N",3.80,0,0,0,0,0,0,"N",0,0.0,0,0,0,0,0,0,0,0,0,0,0,0
"18017","5","423930","78","0","2020","A","N","Cass County, Indiana","Private","NAICS 423930 Recyclable material merchant wholesalers","County, NAICS 6-digit -- by ownership sector","All establishment sizes",2,0,0,0,0,0,0,"N",3.80,0,0,0,0,0,0,"N",0,0.0,0,0,0,0,0,0,0,0,0,0,0,0
"18017","5","42399","77","0","2020","A","N","Cass County, Indiana","Private","NAICS 42399 Other durable goods merchant wholesalers","County, NAICS 5-digit -- by ownership sector","All establishment sizes",1,0,0,0,0,0,0,"N",1.09,0,0,0,0,0,0,"N",-1,-50.0,0,0,0,0,0,0,0,0,0,0,0,0
"18017","5","423990","78","0","2020","A","N","Cass County, Indiana","Private","NAICS 423990 Other durable goods merchant wholesalers","County, NAICS 6-digit -- by ownership sector","All establishment sizes",1,0,0,0,0,0,0,"N",1.09,0,0,0,0,0,0,"N",-1,-50.0,0,0,0,0,0,0,0,0,0,0,0,0
"18017","5","424","75","0","2020","A","N","Cass County, Indiana","Private","NAICS 424 Merchant wholesalers, nondurable goods","County, NAICS 3-digit -- by ownership sector","All establishment sizes",18,0,0,0,0,0,0,"N",1.57,0,0,0,0,0,0,"N",-1,-5.3,0,0,0,0,0,0,0,0,0,0,0,0
"18017","5","4244","76","0","2020","A","N","Cass County, Indiana","Private","NAICS 4244 Grocery and related product wholesalers","County, NAICS 4-digit -- by ownership sector","All establishment sizes",1,0,0,0,0,0,0,"N",0.33,0,0,0,0,0,0,"N",0,0.0,0,0,0,0,0,0,0,0,0,0,0,0
"18017","5","42449","77","0","2020","A","N","Cass County, Indiana","Private","NAICS 42449 Other grocery product merchant wholesalers","County, NAICS 5-digit -- by ownership sector","All establishment sizes",1,0,0,0,0,0,0,"N",0.83,0,0,0,0,0,0,"N",0,0.0,0,0,0,0,0,0,0,0,0,0,0,0
"18017","5","424490","78","0","2020","A","N","Cass County, Indiana","Private","NAICS 424490 Other grocery product merchant wholesalers","County, NAICS 6-digit -- by ownership sector","All establishment sizes",1,0,0,0,0,0,0,"N",0.83,0,0,0,0,0,0,"N",0,0.0,0,0,0,0,0,0,0,0,0,0,0,0
"18017","5","4245","76","0","2020","A","","Cass County, Indiana","Private","NAICS 4245 Farm product raw material merch. whls.","County, NAICS 4-digit -- by ownership sector","All establishment sizes",5,29,1345670,294312,1473,882,45875,"",11.20,4.25,5.71,3.71,2.13,1.33,1.33,"",0,0.0,-3,-9.4,-90649,-6.3,-59967,-16.9,-365,-19.9,26,3.0,1338,3.0
"18017","5","42451","77","0","2020","A","N","Cass County, Indiana","Private","NAICS 42451 Grain and field bean merchant wholesalers","County, NAICS 5-digit -- by ownership sector","All establishment sizes",4,0,0,0,0,0,0,"N",14.93,0,0,0,0,0,0,"N",0,0.0,0,0,0,0,0,0,0,0,0,0,0,0
"18017","5","424510","78","0","2020","A","N","Cass County, Indiana","Private","NAICS 424510 Grain and field bean merchant wholesalers","County, NAICS 6-digit -- by ownership sector","All establishment sizes",4,0,0,0,0,0,0,"N",14.93,0,0,0,0,0,0,"N",0,0.0,0,0,0,0,0,0,0,0,0,0,0,0
"18017","5","42452","77","0","2020","A","N","Cass County, Indiana","Private","NAICS 42452 Livestock merchant wholesalers","County, NAICS 5-digit -- by ownership sector","All establishment sizes",1,0,0,0,0,0,0,"N",11.65,0,0,0,0,0,0,"N",0,0.0,0,0,0,0,0,0,0,0,0,0,0,0
"18017","5","424520","78","0","2020","A","N","Cass County, Indiana","Private","NAICS 424520 Livestock merchant wholesalers","County, NAICS 6-digit -- by ownership sector","All establishment sizes",1,0,0,0,0,0,0,"N",11.65,0,0,0,0,0,0,"N",0,0.0,0,0,0,0,0,0,0,0,0,0,0,0
"18017","5","4246","76","0","2020","A","N","Cass County, Indiana","Private","NAICS 4246 Chemical merchant wholesalers","County, NAICS 4-digit -- by ownership sector","All establishment sizes",1,0,0,0,0,0,0,"N",0.82,0,0,0,0,0,0,"N",0,0.0,0,0,0,0,0,0,0,0,0,0,0,0
"18017","5","42469","77","0","2020","A","N","Cass County, Indiana","Private","NAICS 42469 Other chemicals merchant wholesalers","County, NAICS 5-digit -- by ownership sector","All establishment sizes",1,0,0,0,0,0,0,"N",1.09,0,0,0,0,0,0,"N",0,0.0,0,0,0,0,0,0,0,0,0,0,0,0
"18017","5","424690","78","0","2020","A","N","Cass County, Indiana","Private","NAICS 424690 Other chemicals merchant wholesalers","County, NAICS 6-digit -- by ownership sector","All establishment sizes",1,0,0,0,0,0,0,"N",1.09,0,0,0,0,0,0,"N",0,0.0,0,0,0,0,0,0,0,0,0,0,0,0
"18017","5","4247","76","0","2020","A","","Cass County, Indiana","Private","NAICS 4247 Petroleum merchant wholesalers","County, NAICS 4-digit -- by ownership sector","All establishment sizes",3,21,1434180,208283,1823,1340,69677,"",5.34,2.11,2.40,1.86,1.40,1.16,1.16,"",-1,-25.0,0,0.0,148135,11.5,14066,7.2,-516,-22.1,138,11.5,7197,11.5
"18017","5","42471","77","0","2020","A","N","Cass County, Indiana","Private","NAICS 42471 Petroleum bulk stations and terminals","County, NAICS 5-digit -- by ownership sector","All establishment sizes",1,0,0,0,0,0,0,"N",5.39,0,0,0,0,0,0,"N",0,0.0,0,0,0,0,0,0,0,0,0,0,0,0
"18017","5","424710","78","0","2020","A","N","Cass County, Indiana","Private","NAICS 424710 Petroleum bulk stations and terminals","County, NAICS 6-digit -- by ownership sector","All establishment sizes",1,0,0,0,0,0,0,"N",5.39,0,0,0,0,0,0,"N",0,0.0,0,0,0,0,0,0,0,0,0,0,0,0
"18017","5","42472","77","0","2020","A","N","Cass County, Indiana","Private","NAICS 42472 Other petroleum merchant wholesalers","County, NAICS 5-digit -- by ownership sector","All establishment sizes",2,0,0,0,0,0,0,"N",5.31,0,0,0,0,0,0,"N",-1,-33.3,0,0,0,0,0,0,0,0,0,0,0,0
"18017","5","424720","78","0","2020","A","N","Cass County, Indiana","Private","NAICS 424720 Other petroleum merchant wholesalers","County, NAICS 6-digit -- by ownership sector","All establishment sizes",2,0,0,0,0,0,0,"N",5.31,0,0,0,0,0,0,"N",-1,-33.3,0,0,0,0,0,0,0,0,0,0,0,0
"18017","5","4249","76","0","2020","A","","Cass County, Indiana","Private","NAICS 4249 Misc. nondurable goods merchant wholesalers","County, NAICS 4-digit -- by ownership sector","All establishment sizes",8,201,12896444,2360494,12450,1232,64055,"",3.25,6.41,10.31,6.85,2.74,1.61,1.61,"",0,0.0,2,1.0,1294755,11.2,55466,2.4,-335,-2.6,110,9.8,5706,9.8
"18017","5","42491","77","0","2020","A","N","Cass County, Indiana","Private","NAICS 42491 Farm supplies merchant wholesalers","County, NAICS 5-digit -- by ownership sector","All establishment sizes",7,0,0,0,0,0,0,"N",8.31,0,0,0,0,0,0,"N",0,0.0,0,0,0,0,0,0,0,0,0,0,0,0
"18017","5","424910","78","0","2020","A","N","Cass County, Indiana","Private","NAICS 424910 Farm supplies merchant wholesalers","County, NAICS 6-digit -- by ownership sector","All establishment sizes",7,0,0,0,0,0,0,"N",8.31,0,0,0,0,0,0,"N",0,0.0,0,0,0,0,0,0,0,0,0,0,0,0
"18017","5","42493","77","0","2020","A","N","Cass County, Indiana","Private","NAICS 42493 Nursery and florist merchant wholesalers","County, NAICS 5-digit -- by ownership sector","All establishment sizes",1,0,0,0,0,0,0,"N",4.24,0,0,0,0,0,0,"N",0,0.0,0,0,0,0,0,0,0,0,0,0,0,0
"18017","5","424930","78","0","2020","A","N","Cass County, Indiana","Private","NAICS 424930 Nursery and florist merchant wholesalers","County, NAICS 6-digit -- by ownership sector","All establishment sizes",1,0,0,0,0,0,0,"N",4.24,0,0,0,0,0,0,"N",0,0.0,0,0,0,0,0,0,0,0,0,0,0,0
"18017","5","425","75","0","2020","A","N","Cass County, Indiana","Private","NAICS 425 Electronic markets and agents and brokers","County, NAICS 3-digit -- by ownership sector","All establishment sizes",2,0,0,0,0,0,0,"N",0.21,0,0,0,0,0,0,"N",-1,-33.3,0,0,0,0,0,0,0,0,0,0,0,0
"18017","5","4251","76","0","2020","A","N","Cass County, Indiana","Private","NAICS 4251 Electronic markets and agents and brokers","County, NAICS 4-digit -- by ownership sector","All establishment sizes",2,0,0,0,0,0,0,"N",0.21,0,0,0,0,0,0,"N",-1,-33.3,0,0,0,0,0,0,0,0,0,0,0,0
"18017","5","42512","77","0","2020","A","N","Cass County, Indiana","Private","NAICS 42512 Wholesale trade agents and brokers","County, NAICS 5-digit -- by ownership sector","All establishment sizes",2,0,0,0,0,0,0,"N",0.22,0,0,0,0,0,0,"N",-1,-33.3,0,0,0,0,0,0,0,0,0,0,0,0
"18017","5","425120","78","0","2020","A","N","Cass County, Indiana","Private","NAICS 425120 Wholesale trade agents and brokers","County, NAICS 6-digit -- by ownership sector","All establishment sizes",2,0,0,0,0,0,0,"N",0.22,0,0,0,0,0,0,"N",-1,-33.3,0,0,0,0,0,0,0,0,0,0,0,0
"18017","5","44-45","74","0","2020","A","","Cass County, Indiana","Private","NAICS 44-45 Retail trade","County, NAICS Sector -- by ownership sector","All establishment sizes",115,1460,40403805,14180602,125090,532,27683,"",1.63,0.98,1.15,1.05,0.92,1.16,1.16,"",4,3.6,30,2.1,4347716,12.1,531362,3.9,2122,1.7,47,9.7,2475,9.8
"18017","5","441","75","0","2020","A","","Cass County, Indiana","Private","NAICS 441 Motor vehicle and parts dealers","County, NAICS 3-digit -- by ownership sector","All establishment sizes",14,153,6284792,1725400,18499,788,40988,"",1.76,0.81,0.91,0.86,0.80,1.12,1.12,"",0,0.0,-12,-7.3,347130,5.8,-156353,-8.3,-4384,-19.2,94,13.5,4911,13.6
"18017","5","4411","76","0","2020","A","","Cass County, Indiana","Private","NAICS 4411 Automobile dealers","County, NAICS 4-digit -- by ownership sector","All establishment sizes",7,85,4053324,972176,14459,917,47686,"",2.24,0.71,0.80,0.74,0.89,1.13,1.13,"",0,0.0,-6,-6.6,318172,8.5,-99532,-9.3,-3196,-18.1,125,15.8,6527,15.9
"18017","5","44111","77","0","2020","A","","Cass County, Indiana","Private","NAICS 44111 New car dealers","County, NAICS 5-digit -- by ownership sector","All establishment sizes",3,75,3725700,874622,11248,955,49676,"",2.18,0.72,0.82,0.76,0.80,1.14,1.14,"",0,0.0,-4,-5.1,341961,10.1,-74348,-7.8,-2429,-17.8,133,16.2,6934,16.2
"18017","5","441110","78","0","2020","A","","Cass County, Indiana","Private","NAICS 441110 New car dealers","County, NAICS 6-digit -- by ownership sector","All establishment sizes",3,75,3725700,874622,11248,955,49676,"",2.18,0.72,0.82,0.76,0.80,1.14,1.14,"",0,0.0,-4,-5.1,341961,10.1,-74348,-7.8,-2429,-17.8,133,16.2,6934,16.2
"18017","5","44112","77","0","2020","A","","Cass County, Indiana","Private","NAICS 44112 Used car dealers","County, NAICS 5-digit -- by ownership sector","All establishment sizes",4,10,327624,97554,3211,630,32762,"",2.29,0.64,0.62,0.58,1.53,0.98,0.98,"",0,0.0,-2,-16.7,-23789,-6.8,-25184,-20.5,-767,-19.3,47,8.1,2424,8.0
"18017","5","441120","78","0","2020","A","","Cass County, Indiana","Private","NAICS 441120 Used car dealers","County, NAICS 6-digit -- by ownership sector","All establishment sizes",4,10,327624,97554,3211,630,32762,"",2.29,0.64,0.62,0.58,1.53,0.98,0.98,"",0,0.0,-2,-16.7,-23789,-6.8,-25184,-20.5,-767,-19.3,47,8.1,2424,8.0
"18017","5","4413","76","0","2020","A","","Cass County, Indiana","Private","NAICS 4413 Auto parts, accessories, and tire stores","County, NAICS 4-digit -- by ownership sector","All establishment sizes",7,68,2231468,753224,4040,628,32656,"",1.80,1.26,1.70,1.48,0.91,1.35,1.35,"",0,0.0,-6,-8.1,28958,1.3,-56821,-7.0,-1188,-22.7,54,9.4,2825,9.5
"18017","5","44131","77","0","2020","A","N","Cass County, Indiana","Private","NAICS 44131 Automotive parts and accessories stores","County, NAICS 5-digit -- by ownership sector","All establishment sizes",5,0,0,0,0,0,0,"N",1.98,0,0,0,0,0,0,"N",0,0.0,0,0,0,0,0,0,0,0,0,0,0,0
"18017","5","441310","78","0","2020","A","N","Cass County, Indiana","Private","NAICS 441310 Automotive parts and accessories stores","County, NAICS 6-digit -- by ownership sector","All establishment sizes",5,0,0,0,0,0,0,"N",1.98,0,0,0,0,0,0,"N",0,0.0,0,0,0,0,0,0,0,0,0,0,0,0
"18017","5","44132","77","0","2020","A","N","Cass County, Indiana","Private","NAICS 44132 Tire dealers","County, NAICS 5-digit -- by ownership sector","All establishment sizes",2,0,0,0,0,0,0,"N",1.46,0,0,0,0,0,0,"N",0,0.0,0,0,0,0,0,0,0,0,0,0,0,0
"18017","5","441320","78","0","2020","A","N","Cass County, Indiana","Private","NAICS 441320 Tire dealers","County, NAICS 6-digit -- by ownership sector","All establishment sizes",2,0,0,0,0,0,0,"N",1.46,0,0,0,0,0,0,"N",0,0.0,0,0,0,0,0,0,0,0,0,0,0,0
"18017","5","442","75","0","2020","A","","Cass County, Indiana","Private","NAICS 442 Furniture and home furnishings stores","County, NAICS 3-digit -- by ownership sector","All establishment sizes",3,35,1699829,316803,2182,941,48916,"",0.96,0.85,1.49,0.78,0.46,1.76,1.75,"",0,0.0,2,6.1,685801,67.6,27198,9.4,105,5.1,356,60.9,18495,60.8
"18017","5","4421","76","0","2020","A","N","Cass County, Indiana","Private","NAICS 4421 Furniture stores","County, NAICS 4-digit -- by ownership sector","All establishment sizes",2,0,0,0,0,0,0,"N",1.34,0,0,0,0,0,0,"N",0,0.0,0,0,0,0,0,0,0,0,0,0,0,0
"18017","5","44211","77","0","2020","A","N","Cass County, Indiana","Private","NAICS 44211 Furniture stores","County, NAICS 5-digit -- by ownership sector","All establishment sizes",2,0,0,0,0,0,0,"N",1.34,0,0,0,0,0,0,"N",0,0.0,0,0,0,0,0,0,0,0,0,0,0,0
"18017","5","442110","78","0","2020","A","N","Cass County, Indiana","Private","NAICS 442110 Furniture stores","County, NAICS 6-digit -- by ownership sector","All establishment sizes",2,0,0,0,0,0,0,"N",1.34,0,0,0,0,0,0,"N",0,0.0,0,0,0,0,0,0,0,0,0,0,0,0
"18017","5","4422","76","0","2020","A","N","Cass County, Indiana","Private","NAICS 4422 Home furnishings stores","County, NAICS 4-digit -- by ownership sector","All establishment sizes",1,0,0,0,0,0,0,"N",0.62,0,0,0,0,0,0,"N",0,0.0,0,0,0,0,0,0,0,0,0,0,0,0
"18017","5","44221","77","0","2020","A","N","Cass County, Indiana","Private","NAICS 44221 Floor covering stores","County, NAICS 5-digit -- by ownership sector","All establishment sizes",1,0,0,0,0,0,0,"N",1.58,0,0,0,0,0,0,"N",0,0.0,0,0,0,0,0,0,0,0,0,0,0,0
"18017","5","442210","78","0","2020","A","N","Cass County, Indiana","Private","NAICS 442210 Floor covering stores","County, NAICS 6-digit -- by ownership sector","All establishment sizes",1,0,0,0,0,0,0,"N",1.58,0,0,0,0,0,0,"N",0,0.0,0,0,0,0,0,0,0,0,0,0,0,0
"18017","5","443","75","0","2020","A","","Cass County, Indiana","Private","NAICS 443 Electronics and appliance stores","County, NAICS 3-digit -- by ownership sector","All establishment sizes",4,18,706670,129143,1008,766,39812,"",1.36,0.41,0.47,0.32,0.20,1.15,1.15,"",0,0.0,1,5.9,35946,5.4,968,0.8,-176,-14.9,-4,-0.5,-231,-0.6
"18017","5","4431","76","0","2020","A","","Cass County, Indiana","Private","NAICS 4431 Electronics and appliance stores","County, NAICS 4-digit -- by ownership sector","All establishment sizes",4,18,706670,129143,1008,766,39812,"",1.36,0.41,0.47,0.32,0.20,1.15,1.15,"",0,0.0,1,5.9,35946,5.4,968,0.8,-176,-14.9,-4,-0.5,-231,-0.6
"18017","5","44314","77","0","2020","A","","Cass County, Indiana","Private","NAICS 44314 Electronics and appliance stores","County, NAICS 5-digit -- by ownership sector","All establishment sizes",4,18,706670,129143,1008,766,39812,"",1.36,0.41,0.47,0.32,0.20,1.15,1.15,"",0,0.0,1,5.9,35946,5.4,968,0.8,-176,-14.9,-4,-0.5,-231,-0.6
"18017","5","443141","78","0","2020","A","N","Cass County, Indiana","Private","NAICS 443141 Household appliance stores","County, NAICS 6-digit -- by ownership sector","All establishment sizes",1,0,0,0,0,0,0,"N",2.72,0,0,0,0,0,0,"N",0,0.0,0,0,0,0,0,0,0,0,0,0,0,0
"18017","5","443142","78","0","2020","A","N","Cass County, Indiana","Private","NAICS 443142 Electronics stores","County, NAICS 6-digit -- by ownership sector","All establishment sizes",3,0,0,0,0,0,0,"N",1.16,0,0,0,0,0,0,"N",0,0.0,0,0,0,0,0,0,0,0,0,0,0,0
"18017","5","444","75","0","2020","A","","Cass County, Indiana","Private","NAICS 444 Building material and garden supply stores","County, NAICS 3-digit -- by ownership sector","All establishment sizes",11,243,8329309,2391184,27722,659,34289,"",2.37,1.78,2.51,1.86,2.06,1.41,1.41,"",-1,-8.3,29,13.6,1875344,29.1,209413,9.6,235,0.9,79,13.6,4154,13.8
"18017","5","4441","76","0","2020","A","N","Cass County, Indiana","Private","NAICS 4441 Building material and supplies dealers","County, NAICS 4-digit -- by ownership sector","All establishment sizes",9,0,0,0,0,0,0,"N",2.54,0,0,0,0,0,0,"N",0,0.0,0,0,0,0,0,0,0,0,0,0,0,0
"18017","5","44411","77","0","2020","A","N","Cass County, Indiana","Private","NAICS 44411 Home centers","County, NAICS 5-digit -- by ownership sector","All establishment sizes",4,0,0,0,0,0,0,"N",6.43,0,0,0,0,0,0,"N",0,0.0,0,0,0,0,0,0,0,0,0,0,0,0
"18017","5","444110","78","0","2020","A","N","Cass County, Indiana","Private","NAICS 444110 Home centers","County, NAICS 6-digit -- by ownership sector","All establishment sizes",4,0,0,0,0,0,0,"N",6.43,0,0,0,0,0,0,"N",0,0.0,0,0,0,0,0,0,0,0,0,0,0,0
"18017","5","44412","77","0","2020","A","N","Cass County, Indiana","Private","NAICS 44412 Paint and wallpaper stores","County, NAICS 5-digit -- by ownership sector","All establishment sizes",1,0,0,0,0,0,0,"N",2.23,0,0,0,0,0,0,"N",0,0.0,0,0,0,0,0,0,0,0,0,0,0,0
"18017","5","444120","78","0","2020","A","N","Cass County, Indiana","Private","NAICS 444120 Paint and wallpaper stores","County, NAICS 6-digit -- by ownership sector","All establishment sizes",1,0,0,0,0,0,0,"N",2.23,0,0,0,0,0,0,"N",0,0.0,0,0,0,0,0,0,0,0,0,0,0,0
"18017","5","44413","77","0","2020","A","N","Cass County, Indiana","Private","NAICS 44413 Hardware stores","County, NAICS 5-digit -- by ownership sector","All establishment sizes",1,0,0,0,0,0,0,"N",1.02,0,0,0,0,0,0,"N",0,0.0,0,0,0,0,0,0,0,0,0,0,0,0
"18017","5","444130","78","0","2020","A","N","Cass County, Indiana","Private","NAICS 444130 Hardware stores","County, NAICS 6-digit -- by ownership sector","All establishment sizes",1,0,0,0,0,0,0,"N",1.02,0,0,0,0,0,0,"N",0,0.0,0,0,0,0,0,0,0,0,0,0,0,0
"18017","5","44419","77","0","2020","A","","Cass County, Indiana","Private","NAICS 44419 Other building material dealers","County, NAICS 5-digit -- by ownership sector","All establishment sizes",3,13,665925,173978,8383,979,50899,"",2.01,0.57,0.78,0.71,2.79,1.36,1.36,"",0,0.0,2,18.2,118056,21.5,11435,7.0,-501,-5.6,56,6.1,2910,6.1
"18017","5","444190","78","0","2020","A","","Cass County, Indiana","Private","NAICS 444190 Other building material dealers","County, NAICS 6-digit -- by ownership sector","All establishment sizes",3,13,665925,173978,8383,979,50899,"",2.01,0.57,0.78,0.71,2.79,1.36,1.36,"",0,0.0,2,18.2,118056,21.5,11435,7.0,-501,-5.6,56,6.1,2910,6.1
"18017","5","4442","76","0","2020","A","N","Cass County, Indiana","Private","NAICS 4442 Lawn and garden equipment and supplies stores","County, NAICS 4-digit -- by ownership sector","All establishment sizes",2,0,0,0,0,0,0,"N",1.83,0,0,0,0,0,0,"N",-1,-33.3,0,0,0,0,0,0,0,0,0,0,0,0
"18017","5","44421","77","0","2020","A","N","Cass County, Indiana","Private","NAICS 44421 Outdoor power equipment stores","County, NAICS 5-digit -- by ownership sector","All establishment sizes",1,0,0,0,0,0,0,"N",3.70,0,0,0,0,0,0,"N",0,0.0,0,0,0,0,0,0,0,0,0,0,0,0
"18017","5","444210","78","0","2020","A","N","Cass County, Indiana","Private","NAICS 444210 Outdoor power equipment stores","County, NAICS 6-digit -- by ownership sector","All establishment sizes",1,0,0,0,0,0,0,"N",3.70,0,0,0,0,0,0,"N",0,0.0,0,0,0,0,0,0,0,0,0,0,0,0
"18017","5","44422","77","0","2020","A","N","Cass County, Indiana","Private","NAICS 44422 Nursery, garden, and farm supply stores","County, NAICS 5-digit -- by ownership sector","All establishment sizes",1,0,0,0,0,0,0,"N",1.22,0,0,0,0,0,0,"N",-1,-50.0,0,0,0,0,0,0,0,0,0,0,0,0
"18017","5","444220","78","0","2020","A","N","Cass County, Indiana","Private","NAICS 444220 Nursery, garden, and farm supply stores","County, NAICS 6-digit -- by ownership sector","All establishment sizes",1,0,0,0,0,0,0,"N",1.22,0,0,0,0,0,0,"N",-1,-50.0,0,0,0,0,0,0,0,0,0,0,0,0
"18017","5","445","75","0","2020","A","","Cass County, Indiana","Private","NAICS 445 Food and beverage stores","County, NAICS 3-digit -- by ownership sector","All establishment sizes",15,240,4531891,2230136,17133,363,18883,"",1.52,0.77,0.79,0.85,0.83,1.02,1.02,"",3,25.0,13,5.7,294022,6.9,241391,12.1,5637,49.0,5,1.4,248,1.3
"18017","5","4451","76","0","2020","A","","Cass County, Indiana","Private","NAICS 4451 Grocery stores","County, NAICS 4-digit -- by ownership sector","All establishment sizes",9,196,3755616,1782823,9950,368,19161,"",1.49,0.72,0.74,0.78,0.59,1.04,1.04,"",1,12.5,5,2.6,255063,7.3,111695,6.7,780,8.5,15,4.2,825,4.5
"18017","5","44511","77","0","2020","A","N","Cass County, Indiana","Private","NAICS 44511 Supermarkets and other grocery stores","County, NAICS 5-digit -- by ownership sector","All establishment sizes",7,0,0,0,0,0,0,"N",1.81,0,0,0,0,0,0,"N",1,16.7,0,0,0,0,0,0,0,0,0,0,0,0
"18017","5","445110","78","0","2020","A","N","Cass County, Indiana","Private","NAICS 445110 Supermarkets and other grocery stores","County, NAICS 6-digit -- by ownership sector","All establishment sizes",7,0,0,0,0,0,0,"N",1.81,0,0,0,0,0,0,"N",1,16.7,0,0,0,0,0,0,0,0,0,0,0,0
"18017","5","44512","77","0","2020","A","N","Cass County, Indiana","Private","NAICS 44512 Convenience stores","County, NAICS 5-digit -- by ownership sector","All establishment sizes",2,0,0,0,0,0,0,"N",0.92,0,0,0,0,0,0,"N",0,0.0,0,0,0,0,0,0,0,0,0,0,0,0
"18017","5","445120","78","0","2020","A","N","Cass County, Indiana","Private","NAICS 445120 Convenience stores","County, NAICS 6-digit -- by ownership sector","All establishment sizes",2,0,0,0,0,0,0,"N",0.92,0,0,0,0,0,0,"N",0,0.0,0,0,0,0,0,0,0,0,0,0,0,0
"18017","5","4452","76","0","2020","A","N","Cass County, Indiana","Private","NAICS 4452 Specialty food stores","County, NAICS 4-digit -- by ownership sector","All establishment sizes",1,0,0,0,0,0,0,"N",0.58,0,0,0,0,0,0,"N",0,0.0,0,0,0,0,0,0,0,0,0,0,0,0
"18017","5","44529","77","0","2020","A","N","Cass County, Indiana","Private","NAICS 44529 Other specialty food stores","County, NAICS 5-digit -- by ownership sector","All establishment sizes",1,0,0,0,0,0,0,"N",1.06,0,0,0,0,0,0,"N",0,0.0,0,0,0,0,0,0,0,0,0,0,0,0
"18017","5","445291","78","0","2020","A","N","Cass County, Indiana","Private","NAICS 445291 Baked goods stores","County, NAICS 6-digit -- by ownership sector","All establishment sizes",1,0,0,0,0,0,0,"N",5.91,0,0,0,0,0,0,"N",0,0.0,0,0,0,0,0,0,0,0,0,0,0,0
"18017","5","4453","76","0","2020","A","N","Cass County, Indiana","Private","NAICS 4453 Beer, wine, and liquor stores","County, NAICS 4-digit -- by ownership sector","All establishment sizes",6,0,0,0,0,0,0,"N",2.82,0,0,0,0,0,0,"N",3,100.0,0,0,0,0,0,0,0,0,0,0,0,0
"18017","5","44531","77","0","2020","A","N","Cass County, Indiana","Private","NAICS 44531 Beer, wine, and liquor stores","County, NAICS 5-digit -- by ownership sector","All establishment sizes",6,0,0,0,0,0,0,"N",2.82,0,0,0,0,0,0,"N",3,100.0,0,0,0,0,0,0,0,0,0,0,0,0
"18017","5","445310","78","0","2020","A","N","Cass County, Indiana","Private","NAICS 445310 Beer, wine, and liquor stores","County, NAICS 6-digit -- by ownership sector","All establishment sizes",6,0,0,0,0,0,0,"N",2.82,0,0,0,0,0,0,"N",3,100.0,0,0,0,0,0,0,0,0,0,0,0,0
"18017","5","446","75","0","2020","A","","Cass County, Indiana","Private","NAICS 446 Health and personal care stores","County, NAICS 3-digit -- by ownership sector","All establishment sizes",9,64,2422517,629617,3279,733,38100,"",1.19,0.65,0.88,0.72,0.39,1.35,1.35,"",1,12.5,-3,-4.5,68836,2.9,-51275,-7.5,-684,-17.3,59,8.8,3058,8.7
"18017","5","4461","76","0","2020","A","","Cass County, Indiana","Private","NAICS 4461 Health and personal care stores","County, NAICS 4-digit -- by ownership sector","All establishment sizes",9,64,2422517,629617,3279,733,38100,"",1.19,0.65,0.88,0.72,0.39,1.35,1.35,"",1,12.5,-3,-4.5,68836,2.9,-51275,-7.5,-684,-17.3,59,8.8,3058,8.7
"18017","5","44611","77","0","2020","A","","Cass County, Indiana","Private","NAICS 44611 Pharmacies and drug stores","County, NAICS 5-digit -- by ownership sector","All establishment sizes",6,53,2216302,549752,2750,803,41751,"",1.39,0.79,1.09,0.90,0.52,1.39,1.39,"N",0,0.0,0,0,0,0,0,0,0,0,0,0,0,0
"18017","5","446110","78","0","2020","A","","Cass County, Indiana","Private","NAICS 446110 Pharmacies and drug stores","County, NAICS 6-digit -- by ownership sector","All establishment sizes",6,53,2216302,549752,2750,803,41751,"",1.39,0.79,1.09,0.90,0.52,1.39,1.39,"N",0,0.0,0,0,0,0,0,0,0,0,0,0,0,0
"18017","5","44619","77","0","2020","A","","Cass County, Indiana","Private","NAICS 44619 Other health and personal care stores","County, NAICS 5-digit -- by ownership sector","All establishment sizes",3,11,206215,79865,529,378,19640,"",2.17,1.10,0.69,0.84,0.43,0.66,0.66,"N",1,50.0,0,0,0,0,0,0,0,0,0,0,0,0
"18017","5","446191","78","0","2020","A","N","Cass County, Indiana","Private","NAICS 446191 Food, health, supplement stores","County, NAICS 6-digit -- by ownership sector","All establishment sizes",2,0,0,0,0,0,0,"N",2.84,0,0,0,0,0,0,"N",0,0.0,0,0,0,0,0,0,0,0,0,0,0,0
"18017","5","446199","78","0","2020","A","N","Cass County, Indiana","Private","NAICS 446199 All other health and personal care stores","County, NAICS 6-digit -- by ownership sector","All establishment sizes",1,0,0,0,0,0,0,"N",1.47,0,0,0,0,0,0,"N",1,100.0,0,0,0,0,0,0,0,0,0,0,0,0
"18017","5","447","75","0","2020","A","","Cass County, Indiana","Private","NAICS 447 Gasoline stations","County, NAICS 3-digit -- by ownership sector","All establishment sizes",15,118,2503155,1250773,11946,409,21243,"",2.08,1.28,1.66,1.57,1.74,1.30,1.30,"",0,0.0,-6,-4.8,-80150,-3.1,-73972,-5.6,2647,28.5,7,1.7,354,1.7
"18017","5","4471","76","0","2020","A","","Cass County, Indiana","Private","NAICS 4471 Gasoline stations","County, NAICS 4-digit -- by ownership sector","All establishment sizes",15,118,2503155,1250773,11946,409,21243,"",2.08,1.28,1.66,1.57,1.74,1.30,1.30,"",0,0.0,-6,-4.8,-80150,-3.1,-73972,-5.6,2647,28.5,7,1.7,354,1.7
"18017","5","44711","77","0","2020","A","N","Cass County, Indiana","Private","NAICS 44711 Gasoline stations with convenience stores","County, NAICS 5-digit -- by ownership sector","All establishment sizes",10,0,0,0,0,0,0,"N",1.53,0,0,0,0,0,0,"N",0,0.0,0,0,0,0,0,0,0,0,0,0,0,0
"18017","5","447110","78","0","2020","A","N","Cass County, Indiana","Private","NAICS 447110 Gasoline stations with convenience stores","County, NAICS 6-digit -- by ownership sector","All establishment sizes",10,0,0,0,0,0,0,"N",1.53,0,0,0,0,0,0,"N",0,0.0,0,0,0,0,0,0,0,0,0,0,0,0
"18017","5","44719","77","0","2020","A","N","Cass County, Indiana","Private","NAICS 44719 Other gasoline stations","County, NAICS 5-digit -- by ownership sector","All establishment sizes",5,0,0,0,0,0,0,"N",7.57,0,0,0,0,0,0,"N",0,0.0,0,0,0,0,0,0,0,0,0,0,0,0
"18017","5","447190","78","0","2020","A","N","Cass County, Indiana","Private","NAICS 447190 Other gasoline stations","County, NAICS 6-digit -- by ownership sector","All establishment sizes",5,0,0,0,0,0,0,"N",7.57,0,0,0,0,0,0,"N",0,0.0,0,0,0,0,0,0,0,0,0,0,0,0
"18017","5","448","75","0","2020","A","","Cass County, Indiana","Private","NAICS 448 Clothing and clothing accessories stores","County, NAICS 3-digit -- by ownership sector","All establishment sizes",10,43,788696,359778,2010,352,18306,"",1.27,0.44,0.47,0.48,0.24,1.06,1.06,"",-1,-9.1,-13,-23.2,-157754,-16.7,-59933,-14.3,-1100,-35.4,29,9.0,1530,9.1
"18017","5","4481","76","0","2020","A","","Cass County, Indiana","Private","NAICS 4481 Clothing stores","County, NAICS 4-digit -- by ownership sector","All establishment sizes",5,23,340161,188156,938,286,14898,"",0.93,0.32,0.30,0.35,0.15,0.94,0.94,"",-1,-16.7,-9,-28.1,-114864,-25.2,-59648,-24.1,-991,-51.4,14,5.1,752,5.3
"18017","5","44812","77","0","2020","A","N","Cass County, Indiana","Private","NAICS 44812 Women's clothing stores","County, NAICS 5-digit -- by ownership sector","All establishment sizes",3,0,0,0,0,0,0,"N",1.70,0,0,0,0,0,0,"N",-1,-25.0,0,0,0,0,0,0,0,0,0,0,0,0
"18017","5","448120","78","0","2020","A","N","Cass County, Indiana","Private","NAICS 448120 Women's clothing stores","County, NAICS 6-digit -- by ownership sector","All establishment sizes",3,0,0,0,0,0,0,"N",1.70,0,0,0,0,0,0,"N",-1,-25.0,0,0,0,0,0,0,0,0,0,0,0,0
"18017","5","44814","77","0","2020","A","N","Cass County, Indiana","Private","NAICS 44814 Family clothing stores","County, NAICS 5-digit -- by ownership sector","All establishment sizes",1,0,0,0,0,0,0,"N",0.63,0,0,0,0,0,0,"N",0,0.0,0,0,0,0,0,0,0,0,0,0,0,0
"18017","5","448140","78","0","2020","A","N","Cass County, Indiana","Private","NAICS 448140 Family clothing stores","County, NAICS 6-digit -- by ownership sector","All establishment sizes",1,0,0,0,0,0,0,"N",0.63,0,0,0,0,0,0,"N",0,0.0,0,0,0,0,0,0,0,0,0,0,0,0
"18017","5","44819","77","0","2020","A","N","Cass County, Indiana","Private","NAICS 44819 Other clothing stores","County, NAICS 5-digit -- by ownership sector","All establishment sizes",1,0,0,0,0,0,0,"N",1.25,0,0,0,0,0,0,"N",0,0.0,0,0,0,0,0,0,0,0,0,0,0,0
"18017","5","448190","78","0","2020","A","N","Cass County, Indiana","Private","NAICS 448190 Other clothing stores","County, NAICS 6-digit -- by ownership sector","All establishment sizes",1,0,0,0,0,0,0,"N",1.25,0,0,0,0,0,0,"N",0,0.0,0,0,0,0,0,0,0,0,0,0,0,0
"18017","5","4482","76","0","2020","A","N","Cass County, Indiana","Private","NAICS 4482 Shoe stores","County, NAICS 4-digit -- by ownership sector","All establishment sizes",1,0,0,0,0,0,0,"N",0.93,0,0,0,0,0,0,"N",0,0.0,0,0,0,0,0,0,0,0,0,0,0,0
"18017","5","44821","77","0","2020","A","N","Cass County, Indiana","Private","NAICS 44821 Shoe stores","County, NAICS 5-digit -- by ownership sector","All establishment sizes",1,0,0,0,0,0,0,"N",0.93,0,0,0,0,0,0,"N",0,0.0,0,0,0,0,0,0,0,0,0,0,0,0
"18017","5","448210","78","0","2020","A","N","Cass County, Indiana","Private","NAICS 448210 Shoe stores","County, NAICS 6-digit -- by ownership sector","All establishment sizes",1,0,0,0,0,0,0,"N",0.93,0,0,0,0,0,0,"N",0,0.0,0,0,0,0,0,0,0,0,0,0,0,0
"18017","5","4483","76","0","2020","A","N","Cass County, Indiana","Private","NAICS 4483 Jewelry, luggage, and leather goods stores","County, NAICS 4-digit -- by ownership sector","All establishment sizes",4,0,0,0,0,0,0,"N",2.87,0,0,0,0,0,0,"N",0,0.0,0,0,0,0,0,0,0,0,0,0,0,0
"18017","5","44831","77","0","2020","A","N","Cass County, Indiana","Private","NAICS 44831 Jewelry stores","County, NAICS 5-digit -- by ownership sector","All establishment sizes",4,0,0,0,0,0,0,"N",3.06,0,0,0,0,0,0,"N",0,0.0,0,0,0,0,0,0,0,0,0,0,0,0
"18017","5","448310","78","0","2020","A","N","Cass County, Indiana","Private","NAICS 448310 Jewelry stores","County, NAICS 6-digit -- by ownership sector","All establishment sizes",4,0,0,0,0,0,0,"N",3.06,0,0,0,0,0,0,"N",0,0.0,0,0,0,0,0,0,0,0,0,0,0,0
"18017","5","451","75","0","2020","A","","Cass County, Indiana","Private","NAICS 451 Sports, hobby, music instrument, book stores","County, NAICS 3-digit -- by ownership sector","All establishment sizes",5,13,291110,123721,1527,448,23289,"",1.54,0.27,0.36,0.32,0.43,1.38,1.38,"",0,0.0,-4,-23.5,-81026,-21.8,-35843,-22.5,42,2.8,27,6.4,1399,6.4
"18017","5","4511","76","0","2020","A","N","Cass County, Indiana","Private","NAICS 4511 Sporting goods and musical instrument stores","County, NAICS 4-digit -- by ownership sector","All establishment sizes",4,0,0,0,0,0,0,"N",1.45,0,0,0,0,0,0,"N",0,0.0,0,0,0,0,0,0,0,0,0,0,0,0
"18017","5","45111","77","0","2020","A","","Cass County, Indiana","Private","NAICS 45111 Sporting goods stores","County, NAICS 5-digit -- by ownership sector","All establishment sizes",3,12,238826,85423,884,391,20326,"",1.97,0.48,0.52,0.39,0.44,1.12,1.12,"",0,0.0,-3,-20.0,-2795,-1.2,-5429,-6.0,-7,-0.8,88,29.0,4568,29.0
"18017","5","451110","78","0","2020","A","","Cass County, Indiana","Private","NAICS 451110 Sporting goods stores","County, NAICS 6-digit -- by ownership sector","All establishment sizes",3,12,238826,85423,884,391,20326,"",1.97,0.48,0.52,0.39,0.44,1.12,1.12,"",0,0.0,-3,-20.0,-2795,-1.2,-5429,-6.0,-7,-0.8,88,29.0,4568,29.0
"18017","5","45114","77","0","2020","A","N","Cass County, Indiana","Private","NAICS 45114 Musical instrument and supplies stores","County, NAICS 5-digit -- by ownership sector","All establishment sizes",1,0,0,0,0,0,0,"N",4.01,0,0,0,0,0,0,"N",0,0.0,0,0,0,0,0,0,0,0,0,0,0,0
"18017","5","451140","78","0","2020","A","N","Cass County, Indiana","Private","NAICS 451140 Musical instrument and supplies stores","County, NAICS 6-digit -- by ownership sector","All establishment sizes",1,0,0,0,0,0,0,"N",4.01,0,0,0,0,0,0,"N",0,0.0,0,0,0,0,0,0,0,0,0,0,0,0
"18017","5","4512","76","0","2020","A","N","Cass County, Indiana","Private","NAICS 4512 Book stores and news dealers","County, NAICS 4-digit -- by ownership sector","All establishment sizes",1,0,0,0,0,0,0,"N",2.10,0,0,0,0,0,0,"N",0,0.0,0,0,0,0,0,0,0,0,0,0,0,0
"18017","5","45121","77","0","2020","A","N","Cass County, Indiana","Private","NAICS 45121 Book stores and news dealers","County, NAICS 5-digit -- by ownership sector","All establishment sizes",1,0,0,0,0,0,0,"N",2.10,0,0,0,0,0,0,"N",0,0.0,0,0,0,0,0,0,0,0,0,0,0,0
"18017","5","451211","78","0","2020","A","N","Cass County, Indiana","Private","NAICS 451211 Book stores","County, NAICS 6-digit -- by ownership sector","All establishment sizes",1,0,0,0,0,0,0,"N",2.39,0,0,0,0,0,0,"N",0,0.0,0,0,0,0,0,0,0,0,0,0,0,0
"18017","5","452","75","0","2020","A","","Cass County, Indiana","Private","NAICS 452 General merchandise stores","County, NAICS 3-digit -- by ownership sector","All establishment sizes",12,427,9593584,3988881,26878,432,22476,"",2.74,1.45,1.83,1.58,1.11,1.26,1.26,"",1,9.1,30,7.6,1006272,11.7,379645,10.5,1138,4.4,16,3.8,845,3.9
"18017","5","4523","76","0","2020","A","","Cass County, Indiana","Private","NAICS 4523 General merchandise stores, including warehouse clubs and supercenters","County, NAICS 4-digit -- by ownership sector","All establishment sizes",12,427,9593584,3988881,26878,432,22476,"",3.33,2.06,2.52,2.22,1.66,1.22,1.22,"",1,9.1,30,7.6,1006272,11.7,379645,10.5,1138,4.4,16,3.8,845,3.9
"18017","5","45231","77","0","2020","A","","Cass County, Indiana","Private","NAICS 45231 General merchandise stores, including warehouse clubs and supercenters","County, NAICS 5-digit -- by ownership sector","All establishment sizes",12,427,9593584,3988881,26878,432,22476,"",3.33,2.06,2.52,2.22,1.66,1.22,1.22,"",1,9.1,30,7.6,1006272,11.7,379645,10.5,1138,4.4,16,3.8,845,3.9
"18017","5","452311","78","0","2020","A","N","Cass County, Indiana","Private","NAICS 452311 Warehouse clubs and supercenters","County, NAICS 6-digit -- by ownership sector","All establishment sizes",1,0,0,0,0,0,0,"N",2.38,0,0,0,0,0,0,"N",0,0.0,0,0,0,0,0,0,0,0,0,0,0,0
"18017","5","452319","78","0","2020","A","N","Cass County, Indiana","Private","NAICS 452319 All other general merchandise stores","County, NAICS 6-digit -- by ownership sector","All establishment sizes",11,0,0,0,0,0,0,"N",3.46,0,0,0,0,0,0,"N",1,10.0,0,0,0,0,0,0,0,0,0,0,0,0
"18017","5","453","75","0","2020","A","","Cass County, Indiana","Private","NAICS 453 Miscellaneous store retailers","County, NAICS 3-digit -- by ownership sector","All establishment sizes",8,49,857605,376076,8581,338,17562,"",1.05,0.66,0.58,0.61,1.16,0.88,0.88,"",0,0.0,-8,-14.0,-24837,-2.8,-10574,-2.7,-2150,-20.0,39,13.0,2012,12.9
"18017","5","4531","76","0","2020","A","N","Cass County, Indiana","Private","NAICS 4531 Florists","County, NAICS 4-digit -- by ownership sector","All establishment sizes",1,0,0,0,0,0,0,"N",1.22,0,0,0,0,0,0,"N",0,0.0,0,0,0,0,0,0,0,0,0,0,0,0
"18017","5","45311","77","0","2020","A","N","Cass County, Indiana","Private","NAICS 45311 Florists","County, NAICS 5-digit -- by ownership sector","All establishment sizes",1,0,0,0,0,0,0,"N",1.22,0,0,0,0,0,0,"N",0,0.0,0,0,0,0,0,0,0,0,0,0,0,0
"18017","5","453110","78","0","2020","A","N","Cass County, Indiana","Private","NAICS 453110 Florists","County, NAICS 6-digit -- by ownership sector","All establishment sizes",1,0,0,0,0,0,0,"N",1.22,0,0,0,0,0,0,"N",0,0.0,0,0,0,0,0,0,0,0,0,0,0,0
"18017","5","4532","76","0","2020","A","N","Cass County, Indiana","Private","NAICS 4532 Office supplies, stationery, and gift stores","County, NAICS 4-digit -- by ownership sector","All establishment sizes",1,0,0,0,0,0,0,"N",0.58,0,0,0,0,0,0,"N",0,0.0,0,0,0,0,0,0,0,0,0,0,0,0
"18017","5","45322","77","0","2020","A","N","Cass County, Indiana","Private","NAICS 45322 Gift, novelty, and souvenir stores","County, NAICS 5-digit -- by ownership sector","All establishment sizes",1,0,0,0,0,0,0,"N",0.79,0,0,0,0,0,0,"N",0,0.0,0,0,0,0,0,0,0,0,0,0,0,0
"18017","5","453220","78","0","2020","A","N","Cass County, Indiana","Private","NAICS 453220 Gift, novelty, and souvenir stores","County, NAICS 6-digit -- by ownership sector","All establishment sizes",1,0,0,0,0,0,0,"N",0.79,0,0,0,0,0,0,"N",0,0.0,0,0,0,0,0,0,0,0,0,0,0,0
"18017","5","4533","76","0","2020","A","N","Cass County, Indiana","Private","NAICS 4533 Used merchandise stores","County, NAICS 4-digit -- by ownership sector","All establishment sizes",1,0,0,0,0,0,0,"N",0.86,0,0,0,0,0,0,"N",0,0.0,0,0,0,0,0,0,0,0,0,0,0,0
"18017","5","45331","77","0","2020","A","N","Cass County, Indiana","Private","NAICS 45331 Used merchandise stores","County, NAICS 5-digit -- by ownership sector","All establishment sizes",1,0,0,0,0,0,0,"N",0.86,0,0,0,0,0,0,"N",0,0.0,0,0,0,0,0,0,0,0,0,0,0,0
"18017","5","453310","78","0","2020","A","N","Cass County, Indiana","Private","NAICS 453310 Used merchandise stores","County, NAICS 6-digit -- by ownership sector","All establishment sizes",1,0,0,0,0,0,0,"N",0.86,0,0,0,0,0,0,"N",0,0.0,0,0,0,0,0,0,0,0,0,0,0,0
"18017","5","4539","76","0","2020","A","","Cass County, Indiana","Private","NAICS 4539 Other miscellaneous store retailers","County, NAICS 4-digit -- by ownership sector","All establishment sizes",5,16,298871,193990,4030,350,18205,"",1.29,0.46,0.37,0.59,0.95,0.78,0.78,"",0,0.0,-4,-20.0,-39771,-11.7,-39923,-17.1,-1294,-24.3,26,8.0,1343,8.0
"18017","5","45391","77","0","2020","A","N","Cass County, Indiana","Private","NAICS 45391 Pet and pet supplies stores","County, NAICS 5-digit -- by ownership sector","All establishment sizes",1,0,0,0,0,0,0,"N",1.48,0,0,0,0,0,0,"N",0,0.0,0,0,0,0,0,0,0,0,0,0,0,0
"18017","5","453910","78","0","2020","A","N","Cass County, Indiana","Private","NAICS 453910 Pet and pet supplies stores","County, NAICS 6-digit -- by ownership sector","All establishment sizes",1,0,0,0,0,0,0,"N",1.48,0,0,0,0,0,0,"N",0,0.0,0,0,0,0,0,0,0,0,0,0,0,0
"18017","5","45393","77","0","2020","A","N","Cass County, Indiana","Private","NAICS 45393 Manufactured, mobile, home dealers","County, NAICS 5-digit -- by ownership sector","All establishment sizes",1,0,0,0,0,0,0,"N",7.04,0,0,0,0,0,0,"N",0,0.0,0,0,0,0,0,0,0,0,0,0,0,0
"18017","5","453930","78","0","2020","A","N","Cass County, Indiana","Private","NAICS 453930 Manufactured, mobile, home dealers","County, NAICS 6-digit -- by ownership sector","All establishment sizes",1,0,0,0,0,0,0,"N",7.04,0,0,0,0,0,0,"N",0,0.0,0,0,0,0,0,0,0,0,0,0,0,0
"18017","5","45399","77","0","2020","A","","Cass County, Indiana","Private","NAICS 45399 All other miscellaneous store retailers","County, NAICS 5-digit -- by ownership sector","All establishment sizes",3,10,140775,100114,2716,264,13734,"",1.10,0.49,0.29,0.49,0.93,0.59,0.59,"",0,0.0,-3,-23.1,-58069,-29.2,-49290,-33.0,-1890,-41.0,-40,-13.2,-2068,-13.1
"18017","5","453991","78","0","2020","A","N","Cass County, Indiana","Private","NAICS 453991 Tobacco stores","County, NAICS 6-digit -- by ownership sector","All establishment sizes",1,0,0,0,0,0,0,"N",1.25,0,0,0,0,0,0,"N",0,0.0,0,0,0,0,0,0,0,0,0,0,0,0
"18017","5","453998","78","0","2020","A","N","Cass County, Indiana","Private","NAICS 453998 Store retailers not specified elsewhere","County, NAICS 6-digit -- by ownership sector","All establishment sizes",2,0,0,0,0,0,0,"N",1.04,0,0,0,0,0,0,"N",0,0.0,0,0,0,0,0,0,0,0,0,0,0,0
"18017","5","454","75","0","2020","A","","Cass County, Indiana","Private","NAICS 454 Nonstore retailers","County, NAICS 3-digit -- by ownership sector","All establishment sizes",8,58,2394647,659090,4325,793,41228,"",2.01,0.99,0.76,0.77,0.45,0.77,0.77,"",0,0.0,2,3.6,378132,18.8,60697,10.1,812,23.1,102,14.8,5272,14.7
"18017","5","4541","76","0","2020","A","N","Cass County, Indiana","Private","NAICS 4541 Electronic shopping and mail-order houses","County, NAICS 4-digit -- by ownership sector","All establishment sizes",1,0,0,0,0,0,0,"N",0.42,0,0,0,0,0,0,"N",0,0.0,0,0,0,0,0,0,0,0,0,0,0,0
"18017","5","45411","77","0","2020","A","N","Cass County, Indiana","Private","NAICS 45411 Electronic shopping and mail-order houses","County, NAICS 5-digit -- by ownership sector","All establishment sizes",1,0,0,0,0,0,0,"N",0.42,0,0,0,0,0,0,"N",0,0.0,0,0,0,0,0,0,0,0,0,0,0,0
"18017","5","454110","78","0","2020","A","N","Cass County, Indiana","Private","NAICS 454110 Electronic shopping and mail-order houses","County, NAICS 6-digit -- by ownership sector","All establishment sizes",1,0,0,0,0,0,0,"N",0.42,0,0,0,0,0,0,"N",0,0.0,0,0,0,0,0,0,0,0,0,0,0,0
"18017","5","4543","76","0","2020","A","N","Cass County, Indiana","Private","NAICS 4543 Direct selling establishments","County, NAICS 4-digit -- by ownership sector","All establishment sizes",7,0,0,0,0,0,0,"N",5.16,0,0,0,0,0,0,"N",0,0.0,0,0,0,0,0,0,0,0,0,0,0,0
"18017","5","45431","77","0","2020","A","","Cass County, Indiana","Private","NAICS 45431 Fuel dealers","County, NAICS 5-digit -- by ownership sector","All establishment sizes",6,34,1700368,368852,2313,950,49405,"",11.48,4.73,6.05,4.50,1.56,1.26,1.26,"",0,0.0,2,6.2,373217,28.1,50318,15.8,720,45.2,148,18.5,7714,18.5
"18017","5","454310","78","0","2020","A","","Cass County, Indiana","Private","NAICS 454310 Fuel dealers","County, NAICS 6-digit -- by ownership sector","All establishment sizes",6,34,1700368,368852,2313,950,49405,"",11.48,4.73,6.05,4.50,1.56,1.26,1.26,"",0,0.0,2,6.2,373217,28.1,50318,15.8,720,45.2,148,18.5,7714,18.5
"18017","5","45439","77","0","2020","A","N","Cass County, Indiana","Private","NAICS 45439 Other direct selling establishments","County, NAICS 5-digit -- by ownership sector","All establishment sizes",1,0,0,0,0,0,0,"N",1.20,0,0,0,0,0,0,"N",0,0.0,0,0,0,0,0,0,0,0,0,0,0,0
"18017","5","454390","78","0","2020","A","N","Cass County, Indiana","Private","NAICS 454390 Other direct selling establishments","County, NAICS 6-digit -- by ownership sector","All establishment sizes",1,0,0,0,0,0,0,"N",1.20,0,0,0,0,0,0,"N",0,0.0,0,0,0,0,0,0,0,0,0,0,0,0
"18017","5","48-49","74","0","2020","A","N","Cass County, Indiana","Private","NAICS 48-49 Transportation and warehousing","County, NAICS Sector -- by ownership sector","All establishment sizes",27,0,0,0,0,0,0,"N",1.47,0,0,0,0,0,0,"N",0,0.0,0,0,0,0,0,0,0,0,0,0,0,0
"18017","5","484","75","0","2020","A","","Cass County, Indiana","Private","NAICS 484 Truck transportation","County, NAICS 3-digit -- by ownership sector","All establishment sizes",25,165,8594486,1892351,40255,999,51957,"",2.52,1.12,1.61,1.12,1.91,1.44,1.44,"",0,0.0,-5,-2.9,493611,6.1,-131987,-6.5,10887,37.1,84,9.2,4398,9.2
"18017","5","4841","76","0","2020","A","","Cass County, Indiana","Private","NAICS 4841 General freight trucking","County, NAICS 4-digit -- by ownership sector","All establishment sizes",15,85,3548718,892669,11970,806,41914,"",2.32,0.83,0.95,0.77,0.90,1.15,1.15,"",0,0.0,5,6.2,510633,16.8,19433,2.2,3192,36.4,71,9.7,3699,9.7
"18017","5","48411","77","0","2020","A","N","Cass County, Indiana","Private","NAICS 48411 General freight trucking, local","County, NAICS 5-digit -- by ownership sector","All establishment sizes",2,0,0,0,0,0,0,"N",0.77,0,0,0,0,0,0,"N",-1,-33.3,0,0,0,0,0,0,0,0,0,0,0,0
"18017","5","484110","78","0","2020","A","N","Cass County, Indiana","Private","NAICS 484110 General freight trucking, local","County, NAICS 6-digit -- by ownership sector","All establishment sizes",2,0,0,0,0,0,0,"N",0.77,0,0,0,0,0,0,"N",-1,-33.3,0,0,0,0,0,0,0,0,0,0,0,0
"18017","5","48412","77","0","2020","A","N","Cass County, Indiana","Private","NAICS 48412 General freight trucking, long-distance","County, NAICS 5-digit -- by ownership sector","All establishment sizes",13,0,0,0,0,0,0,"N",3.36,0,0,0,0,0,0,"N",0,0.0,0,0,0,0,0,0,0,0,0,0,0,0
"18017","5","484121","78","0","2020","A","","Cass County, Indiana","Private","NAICS 484121 General freight trucking, long-distance tl","County, NAICS 6-digit -- by ownership sector","All establishment sizes",12,45,2122619,505416,6148,902,46909,"",3.75,0.88,1.18,0.85,1.08,1.33,1.33,"",0,0.0,7,18.4,461067,27.7,63930,14.5,2035,49.5,52,6.1,2699,6.1
"18017","5","484122","78","0","2020","A","N","Cass County, Indiana","Private","NAICS 484122 General freight trucking, long-distance ltl","County, NAICS 6-digit -- by ownership sector","All establishment sizes",1,0,0,0,0,0,0,"N",1.50,0,0,0,0,0,0,"N",0,0.0,0,0,0,0,0,0,0,0,0,0,0,0
"18017","5","4842","76","0","2020","A","","Cass County, Indiana","Private","NAICS 4842 Specialized freight trucking","County, NAICS 4-digit -- by ownership sector","All establishment sizes",10,81,5045768,999682,28285,1202,62486,"",2.90,1.80,3.14,1.90,3.64,1.75,1.75,"",0,0.0,-10,-11.0,-17022,-0.3,-151420,-13.2,7695,37.4,130,12.1,6749,12.1
"18017","5","48422","77","0","2020","A","N","Cass County, Indiana","Private","NAICS 48422 Other specialized trucking, local","County, NAICS 5-digit -- by ownership sector","All establishment sizes",6,0,0,0,0,0,0,"N",2.95,0,0,0,0,0,0,"N",-1,-14.3,0,0,0,0,0,0,0,0,0,0,0,0
"18017","5","484220","78","0","2020","A","N","Cass County, Indiana","Private","NAICS 484220 Other specialized trucking, local","County, NAICS 6-digit -- by ownership sector","All establishment sizes",6,0,0,0,0,0,0,"N",2.95,0,0,0,0,0,0,"N",-1,-14.3,0,0,0,0,0,0,0,0,0,0,0,0
"18017","5","48423","77","0","2020","A","N","Cass County, Indiana","Private","NAICS 48423 Other specialized trucking, long-distance","County, NAICS 5-digit -- by ownership sector","All establishment sizes",4,0,0,0,0,0,0,"N",4.90,0,0,0,0,0,0,"N",1,33.3,0,0,0,0,0,0,0,0,0,0,0,0
"18017","5","484230","78","0","2020","A","N","Cass County, Indiana","Private","NAICS 484230 Other specialized trucking, long-distance","County, NAICS 6-digit -- by ownership sector","All establishment sizes",4,0,0,0,0,0,0,"N",4.90,0,0,0,0,0,0,"N",1,33.3,0,0,0,0,0,0,0,0,0,0,0,0
"18017","5","488","75","0","2020","A","N","Cass County, Indiana","Private","NAICS 488 Support activities for transportation","County, NAICS 3-digit -- by ownership sector","All establishment sizes",1,0,0,0,0,0,0,"N",0.30,0,0,0,0,0,0,"N",0,0.0,0,0,0,0,0,0,0,0,0,0,0,0
"18017","5","4884","76","0","2020","A","N","Cass County, Indiana","Private","NAICS 4884 Support activities for road transportation","County, NAICS 4-digit -- by ownership sector","All establishment sizes",1,0,0,0,0,0,0,"N",1.07,0,0,0,0,0,0,"N",0,0.0,0,0,0,0,0,0,0,0,0,0,0,0
"18017","5","48841","77","0","2020","A","N","Cass County, Indiana","Private","NAICS 48841 Motor vehicle towing","County, NAICS 5-digit -- by ownership sector","All establishment sizes",1,0,0,0,0,0,0,"N",1.52,0,0,0,0,0,0,"N",0,0.0,0,0,0,0,0,0,0,0,0,0,0,0
"18017","5","488410","78","0","2020","A","N","Cass County, Indiana","Private","NAICS 488410 Motor vehicle towing","County, NAICS 6-digit -- by ownership sector","All establishment sizes",1,0,0,0,0,0,0,"N",1.52,0,0,0,0,0,0,"N",0,0.0,0,0,0,0,0,0,0,0,0,0,0,0
"18017","5","493","75","0","2020","A","N","Cass County, Indiana","Private","NAICS 493 Warehousing and storage","County, NAICS 3-digit -- by ownership sector","All establishment sizes",1,0,0,0,0,0,0,"N",0.77,0,0,0,0,0,0,"N",0,0.0,0,0,0,0,0,0,0,0,0,0,0,0
"18017","5","4931","76","0","2020","A","N","Cass County, Indiana","Private","NAICS 4931 Warehousing and storage","County, NAICS 4-digit -- by ownership sector","All establishment sizes",1,0,0,0,0,0,0,"N",0.77,0,0,0,0,0,0,"N",0,0.0,0,0,0,0,0,0,0,0,0,0,0,0
"18017","5","49312","77","0","2020","A","N","Cass County, Indiana","Private","NAICS 49312 Refrigerated warehousing and storage","County, NAICS 5-digit -- by ownership sector","All establishment sizes",1,0,0,0,0,0,0,"N",10.15,0,0,0,0,0,0,"N",0,0.0,0,0,0,0,0,0,0,0,0,0,0,0
"18017","5","493120","78","0","2020","A","N","Cass County, Indiana","Private","NAICS 493120 Refrigerated warehousing and storage","County, NAICS 6-digit -- by ownership sector","All establishment sizes",1,0,0,0,0,0,0,"N",10.15,0,0,0,0,0,0,"N",0,0.0,0,0,0,0,0,0,0,0,0,0,0,0
"18017","5","51","74","0","2020","A","","Cass County, Indiana","Private","NAICS 51 Information","County, NAICS Sector -- by ownership sector","All establishment sizes",9,58,2033592,546466,6109,676,35163,"",0.67,0.21,0.08,0.17,0.12,0.40,0.40,"",3,50.0,-12,-17.1,122610,6.4,-29679,-5.2,137,2.3,148,28.0,7700,28.0
"18017","5","511","75","0","2020","A","N","Cass County, Indiana","Private","NAICS 511 Publishing industries, except internet","County, NAICS 3-digit -- by ownership sector","All establishment sizes",2,0,0,0,0,0,0,"N",0.49,0,0,0,0,0,0,"N",1,100.0,0,0,0,0,0,0,0,0,0,0,0,0
"18017","5","5111","76","0","2020","A","N","Cass County, Indiana","Private","NAICS 5111 Newspaper, book, and directory publishers","County, NAICS 4-digit -- by ownership sector","All establishment sizes",1,0,0,0,0,0,0,"N",0.76,0,0,0,0,0,0,"N",0,0.0,0,0,0,0,0,0,0,0,0,0,0,0
"18017","5","51111","77","0","2020","A","N","Cass County, Indiana","Private","NAICS 51111 Newspaper publishers","County, NAICS 5-digit -- by ownership sector","All establishment sizes",1,0,0,0,0,0,0,"N",2.17,0,0,0,0,0,0,"N",0,0.0,0,0,0,0,0,0,0,0,0,0,0,0
"18017","5","511110","78","0","2020","A","N","Cass County, Indiana","Private","NAICS 511110 Newspaper publishers","County, NAICS 6-digit -- by ownership sector","All establishment sizes",1,0,0,0,0,0,0,"N",2.17,0,0,0,0,0,0,"N",0,0.0,0,0,0,0,0,0,0,0,0,0,0,0
"18017","5","5112","76","0","2020","A","N","Cass County, Indiana","Private","NAICS 5112 Software publishers","County, NAICS 4-digit -- by ownership sector","All establishment sizes",1,0,0,0,0,0,0,"N",0.36,0,0,0,0,0,0,"N",1,100.0,0,0,0,0,0,0,0,0,0,0,0,0
"18017","5","51121","77","0","2020","A","N","Cass County, Indiana","Private","NAICS 51121 Software publishers","County, NAICS 5-digit -- by ownership sector","All establishment sizes",1,0,0,0,0,0,0,"N",0.36,0,0,0,0,0,0,"N",1,100.0,0,0,0,0,0,0,0,0,0,0,0,0
"18017","5","511210","78","0","2020","A","N","Cass County, Indiana","Private","NAICS 511210 Software publishers","County, NAICS 6-digit -- by ownership sector","All establishment sizes",1,0,0,0,0,0,0,"N",0.36,0,0,0,0,0,0,"N",1,100.0,0,0,0,0,0,0,0,0,0,0,0,0
"18017","5","512","75","0","2020","A","N","Cass County, Indiana","Private","NAICS 512 Motion picture and sound recording industries","County, NAICS 3-digit -- by ownership sector","All establishment sizes",1,0,0,0,0,0,0,"N",0.43,0,0,0,0,0,0,"N",0,0.0,0,0,0,0,0,0,0,0,0,0,0,0
"18017","5","5121","76","0","2020","A","N","Cass County, Indiana","Private","NAICS 5121 Motion picture and video industries","County, NAICS 4-digit -- by ownership sector","All establishment sizes",1,0,0,0,0,0,0,"N",0.49,0,0,0,0,0,0,"N",0,0.0,0,0,0,0,0,0,0,0,0,0,0,0
"18017","5","51213","77","0","2020","A","N","Cass County, Indiana","Private","NAICS 51213 Motion picture and video exhibition","County, NAICS 5-digit -- by ownership sector","All establishment sizes",1,0,0,0,0,0,0,"N",3.23,0,0,0,0,0,0,"N",0,0.0,0,0,0,0,0,0,0,0,0,0,0,0
"18017","5","512131","78","0","2020","A","N","Cass County, Indiana","Private","NAICS 512131 Motion picture theaters, except drive-ins","County, NAICS 6-digit -- by ownership sector","All establishment sizes",1,0,0,0,0,0,0,"N",3.38,0,0,0,0,0,0,"N",0,0.0,0,0,0,0,0,0,0,0,0,0,0,0
"18017","5","515","75","0","2020","A","N","Cass County, Indiana","Private","NAICS 515 Broadcasting, except internet","County, NAICS 3-digit -- by ownership sector","All establishment sizes",2,0,0,0,0,0,0,"N",3.18,0,0,0,0,0,0,"N",1,100.0,0,0,0,0,0,0,0,0,0,0,0,0
"18017","5","5151","76","0","2020","A","N","Cass County, Indiana","Private","NAICS 5151 Radio and television broadcasting","County, NAICS 4-digit -- by ownership sector","All establishment sizes",2,0,0,0,0,0,0,"N",3.65,0,0,0,0,0,0,"N",1,100.0,0,0,0,0,0,0,0,0,0,0,0,0
"18017","5","51511","77","0","2020","A","N","Cass County, Indiana","Private","NAICS 51511 Radio broadcasting","County, NAICS 5-digit -- by ownership sector","All establishment sizes",2,0,0,0,0,0,0,"N",5.72,0,0,0,0,0,0,"N",1,100.0,0,0,0,0,0,0,0,0,0,0,0,0
"18017","5","515112","78","0","2020","A","N","Cass County, Indiana","Private","NAICS 515112 Radio stations","County, NAICS 6-digit -- by ownership sector","All establishment sizes",2,0,0,0,0,0,0,"N",7.45,0,0,0,0,0,0,"N",1,100.0,0,0,0,0,0,0,0,0,0,0,0,0
"18017","5","517","75","0","2020","A","N","Cass County, Indiana","Private","NAICS 517 Telecommunications","County, NAICS 3-digit -- by ownership sector","All establishment sizes",2,0,0,0,0,0,0,"N",0.82,0,0,0,0,0,0,"N",1,100.0,0,0,0,0,0,0,0,0,0,0,0,0
"18017","5","5173","76","0","2020","A","N","Cass County, Indiana","Private","NAICS 5173 Wired and wireless telecommunications carriers","County, NAICS 4-digit -- by ownership sector","All establishment sizes",2,0,0,0,0,0,0,"N",1.10,0,0,0,0,0,0,"N",1,100.0,0,0,0,0,0,0,0,0,0,0,0,0
"18017","5","51731","77","0","2020","A","N","Cass County, Indiana","Private","NAICS 51731 Wired and wireless telecommunications carriers","County, NAICS 5-digit -- by ownership sector","All establishment sizes",2,0,0,0,0,0,0,"N",1.10,0,0,0,0,0,0,"N",1,100.0,0,0,0,0,0,0,0,0,0,0,0,0
"18017","5","517311","78","0","2020","A","N","Cass County, Indiana","Private","NAICS 517311 Wired telecommunications carriers","County, NAICS 6-digit -- by ownership sector","All establishment sizes",2,0,0,0,0,0,0,"N",1.53,0,0,0,0,0,0,"N",1,100.0,0,0,0,0,0,0,0,0,0,0,0,0
"18017","5","518","75","0","2020","A","N","Cass County, Indiana","Private","NAICS 518 Data processing, hosting and related services","County, NAICS 3-digit -- by ownership sector","All establishment sizes",1,0,0,0,0,0,0,"N",0.49,0,0,0,0,0,0,"N",0,0.0,0,0,0,0,0,0,0,0,0,0,0,0
"18017","5","5182","76","0","2020","A","N","Cass County, Indiana","Private","NAICS 5182 Data processing, hosting and related services","County, NAICS 4-digit -- by ownership sector","All establishment sizes",1,0,0,0,0,0,0,"N",0.49,0,0,0,0,0,0,"N",0,0.0,0,0,0,0,0,0,0,0,0,0,0,0
"18017","5","51821","77","0","2020","A","N","Cass County, Indiana","Private","NAICS 51821 Data processing, hosting and related services","County, NAICS 5-digit -- by ownership sector","All establishment sizes",1,0,0,0,0,0,0,"N",0.49,0,0,0,0,0,0,"N",0,0.0,0,0,0,0,0,0,0,0,0,0,0,0
"18017","5","518210","78","0","2020","A","N","Cass County, Indiana","Private","NAICS 518210 Data processing, hosting and related services","County, NAICS 6-digit -- by ownership sector","All establishment sizes",1,0,0,0,0,0,0,"N",0.49,0,0,0,0,0,0,"N",0,0.0,0,0,0,0,0,0,0,0,0,0,0,0
"18017","5","519","75","0","2020","A","N","Cass County, Indiana","Private","NAICS 519 Other information services","County, NAICS 3-digit -- by ownership sector","All establishment sizes",1,0,0,0,0,0,0,"N",0.52,0,0,0,0,0,0,"N",0,0.0,0,0,0,0,0,0,0,0,0,0,0,0
"18017","5","5191","76","0","2020","A","N","Cass County, Indiana","Private","NAICS 5191 Other information services","County, NAICS 4-digit -- by ownership sector","All establishment sizes",1,0,0,0,0,0,0,"N",0.52,0,0,0,0,0,0,"N",0,0.0,0,0,0,0,0,0,0,0,0,0,0,0
"18017","5","51913","77","0","2020","A","N","Cass County, Indiana","Private","NAICS 51913 Internet publishing and web search portals","County, NAICS 5-digit -- by ownership sector","All establishment sizes",1,0,0,0,0,0,0,"N",0.81,0,0,0,0,0,0,"N",0,0.0,0,0,0,0,0,0,0,0,0,0,0,0
"18017","5","519130","78","0","2020","A","N","Cass County, Indiana","Private","NAICS 519130 Internet publishing and web search portals","County, NAICS 6-digit -- by ownership sector","All establishment sizes",1,0,0,0,0,0,0,"N",0.81,0,0,0,0,0,0,"N",0,0.0,0,0,0,0,0,0,0,0,0,0,0,0
"18017","5","52","74","0","2020","A","","Cass County, Indiana","Private","NAICS 52 Finance and insurance","County, NAICS Sector -- by ownership sector","All establishment sizes",48,299,16515112,2891164,27898,1064,55327,"",1.39,0.49,0.35,0.45,0.35,0.70,0.70,"",2,4.3,11,3.8,2116601,14.7,90900,3.2,2360,9.2,104,10.8,5404,10.8
"18017","5","522","75","0","2020","A","","Cass County, Indiana","Private","NAICS 522 Credit intermediation and related activities","County, NAICS 3-digit -- by ownership sector","All establishment sizes",23,204,10829722,1926522,14215,1022,53152,"",1.86,0.76,0.62,0.68,0.41,0.81,0.81,"",0,0.0,10,5.2,1629873,17.7,54137,2.9,-2685,-15.9,110,12.1,5750,12.1
"18017","5","5221","76","0","2020","A","","Cass County, Indiana","Private","NAICS 5221 Depository credit intermediation","County, NAICS 4-digit -- by ownership sector","All establishment sizes",15,180,9639988,1696438,11132,1029,53506,"",2.09,1.01,0.92,0.90,0.56,0.91,0.91,"",-1,-6.2,5,2.9,1111219,13.0,36746,2.2,-3193,-22.3,90,9.6,4654,9.5
"18017","5","52211","77","0","2020","A","","Cass County, Indiana","Private","NAICS 52211 Commercial banking","County, NAICS 5-digit -- by ownership sector","All establishment sizes",9,91,4897563,811426,4056,1038,53968,"",1.64,0.65,0.56,0.55,0.25,0.86,0.86,"",-1,-10.0,2,2.2,552333,12.7,-21141,-2.5,-563,-12.2,100,10.7,5191,10.6
"18017","5","522110","78","0","2020","A","","Cass County, Indiana","Private","NAICS 522110 Commercial banking","County, NAICS 6-digit -- by ownership sector","All establishment sizes",9,91,4897563,811426,4056,1038,53968,"",1.64,0.65,0.56,0.55,0.25,0.86,0.86,"",-1,-10.0,2,2.2,552333,12.7,-21141,-2.5,-563,-12.2,100,10.7,5191,10.6
"18017","5","52212","77","0","2020","A","N","Cass County, Indiana","Private","NAICS 52212 Savings institutions","County, NAICS 5-digit -- by ownership sector","All establishment sizes",2,0,0,0,0,0,0,"N",4.29,0,0,0,0,0,0,"N",0,0.0,0,0,0,0,0,0,0,0,0,0,0,0
"18017","5","522120","78","0","2020","A","N","Cass County, Indiana","Private","NAICS 522120 Savings institutions","County, NAICS 6-digit -- by ownership sector","All establishment sizes",2,0,0,0,0,0,0,"N",4.29,0,0,0,0,0,0,"N",0,0.0,0,0,0,0,0,0,0,0,0,0,0,0
"18017","5","52213","77","0","2020","A","N","Cass County, Indiana","Private","NAICS 52213 Credit unions","County, NAICS 5-digit -- by ownership sector","All establishment sizes",4,0,0,0,0,0,0,"N",3.37,0,0,0,0,0,0,"N",0,0.0,0,0,0,0,0,0,0,0,0,0,0,0
"18017","5","522130","78","0","2020","A","N","Cass County, Indiana","Private","NAICS 522130 Credit unions","County, NAICS 6-digit -- by ownership sector","All establishment sizes",4,0,0,0,0,0,0,"N",3.37,0,0,0,0,0,0,"N",0,0.0,0,0,0,0,0,0,0,0,0,0,0,0
"18017","5","5222","76","0","2020","A","N","Cass County, Indiana","Private","NAICS 5222 Nondepository credit intermediation","County, NAICS 4-digit -- by ownership sector","All establishment sizes",6,0,0,0,0,0,0,"N",1.82,0,0,0,0,0,0,"N",1,20.0,0,0,0,0,0,0,0,0,0,0,0,0
"18017","5","52222","77","0","2020","A","N","Cass County, Indiana","Private","NAICS 52222 Sales financing","County, NAICS 5-digit -- by ownership sector","All establishment sizes",1,0,0,0,0,0,0,"N",2.54,0,0,0,0,0,0,"N",0,0.0,0,0,0,0,0,0,0,0,0,0,0,0
"18017","5","522220","78","0","2020","A","N","Cass County, Indiana","Private","NAICS 522220 Sales financing","County, NAICS 6-digit -- by ownership sector","All establishment sizes",1,0,0,0,0,0,0,"N",2.54,0,0,0,0,0,0,"N",0,0.0,0,0,0,0,0,0,0,0,0,0,0,0
"18017","5","52229","77","0","2020","A","","Cass County, Indiana","Private","NAICS 52229 Other nondepository credit intermediation","County, NAICS 5-digit -- by ownership sector","All establishment sizes",5,15,983247,146717,2256,1247,64829,"",1.76,0.35,0.29,0.31,0.30,0.81,0.81,"",1,25.0,4,36.4,558667,131.6,14013,10.6,589,35.3,505,68.1,26231,68.0
"18017","5","522291","78","0","2020","A","","Cass County, Indiana","Private","NAICS 522291 Consumer lending","County, NAICS 6-digit -- by ownership sector","All establishment sizes",3,7,243676,53507,566,669,34811,"",2.81,0.72,0.50,0.50,0.40,0.69,0.69,"N",0,0.0,0,0,0,0,0,0,0,0,0,0,0,0
"18017","5","522292","78","0","2020","A","N","Cass County, Indiana","Private","NAICS 522292 Real estate credit","County, NAICS 6-digit -- by ownership sector","All establishment sizes",1,0,0,0,0,0,0,"N",0.92,0,0,0,0,0,0,"N",1,100.0,0,0,0,0,0,0,0,0,0,0,0,0
"18017","5","522298","78","0","2020","A","N","Cass County, Indiana","Private","NAICS 522298 All other nondepository credit intermediation","County, NAICS 6-digit -- by ownership sector","All establishment sizes",1,0,0,0,0,0,0,"N",1.64,0,0,0,0,0,0,"N",0,0.0,0,0,0,0,0,0,0,0,0,0,0,0
"18017","5","5223","76","0","2020","A","N","Cass County, Indiana","Private","NAICS 5223 Activities related to credit intermediation","County, NAICS 4-digit -- by ownership sector","All establishment sizes",2,0,0,0,0,0,0,"N",1.06,0,0,0,0,0,0,"N",0,0.0,0,0,0,0,0,0,0,0,0,0,0,0
"18017","5","52232","77","0","2020","A","N","Cass County, Indiana","Private","NAICS 52232 Financial transaction processing and clearing","County, NAICS 5-digit -- by ownership sector","All establishment sizes",1,0,0,0,0,0,0,"N",2.14,0,0,0,0,0,0,"N",0,0.0,0,0,0,0,0,0,0,0,0,0,0,0
"18017","5","522320","78","0","2020","A","N","Cass County, Indiana","Private","NAICS 522320 Financial transaction processing and clearing","County, NAICS 6-digit -- by ownership sector","All establishment sizes",1,0,0,0,0,0,0,"N",2.14,0,0,0,0,0,0,"N",0,0.0,0,0,0,0,0,0,0,0,0,0,0,0
"18017","5","52239","77","0","2020","A","N","Cass County, Indiana","Private","NAICS 52239 Other credit intermediation activities","County, NAICS 5-digit -- by ownership sector","All establishment sizes",1,0,0,0,0,0,0,"N",1.79,0,0,0,0,0,0,"N",0,0.0,0,0,0,0,0,0,0,0,0,0,0,0
"18017","5","522390","78","0","2020","A","N","Cass County, Indiana","Private","NAICS 522390 Other credit intermediation activities","County, NAICS 6-digit -- by ownership sector","All establishment sizes",1,0,0,0,0,0,0,"N",1.79,0,0,0,0,0,0,"N",0,0.0,0,0,0,0,0,0,0,0,0,0,0,0
"18017","5","523","75","0","2020","A","","Cass County, Indiana","Private","NAICS 523 Securities, commodity contracts, investments","County, NAICS 3-digit -- by ownership sector","All establishment sizes",5,15,1802270,132473,1593,2324,120823,"",0.60,0.16,0.12,0.12,0.11,0.75,0.75,"",0,0.0,0,0.0,36564,2.1,-4169,-3.1,688,76.0,121,5.5,6291,5.5
"18017","5","5231","76","0","2020","A","N","Cass County, Indiana","Private","NAICS 5231 Securities and commodity contracts brokerage","County, NAICS 4-digit -- by ownership sector","All establishment sizes",4,0,0,0,0,0,0,"N",1.47,0,0,0,0,0,0,"N",0,0.0,0,0,0,0,0,0,0,0,0,0,0,0
"18017","5","52311","77","0","2020","A","N","Cass County, Indiana","Private","NAICS 52311 Investment banking and securities dealing","County, NAICS 5-digit -- by ownership sector","All establishment sizes",1,0,0,0,0,0,0,"N",1.99,0,0,0,0,0,0,"N",0,0.0,0,0,0,0,0,0,0,0,0,0,0,0
"18017","5","523110","78","0","2020","A","N","Cass County, Indiana","Private","NAICS 523110 Investment banking and securities dealing","County, NAICS 6-digit -- by ownership sector","All establishment sizes",1,0,0,0,0,0,0,"N",1.99,0,0,0,0,0,0,"N",0,0.0,0,0,0,0,0,0,0,0,0,0,0,0
"18017","5","52312","77","0","2020","A","N","Cass County, Indiana","Private","NAICS 52312 Securities brokerage","County, NAICS 5-digit -- by ownership sector","All establishment sizes",3,0,0,0,0,0,0,"N",1.48,0,0,0,0,0,0,"N",0,0.0,0,0,0,0,0,0,0,0,0,0,0,0
"18017","5","523120","78","0","2020","A","N","Cass County, Indiana","Private","NAICS 523120 Securities brokerage","County, NAICS 6-digit -- by ownership sector","All establishment sizes",3,0,0,0,0,0,0,"N",1.48,0,0,0,0,0,0,"N",0,0.0,0,0,0,0,0,0,0,0,0,0,0,0
"18017","5","5239","76","0","2020","A","N","Cass County, Indiana","Private","NAICS 5239 Other financial investment activities","County, NAICS 4-digit -- by ownership sector","All establishment sizes",1,0,0,0,0,0,0,"N",0.18,0,0,0,0,0,0,"N",0,0.0,0,0,0,0,0,0,0,0,0,0,0,0
"18017","5","52393","77","0","2020","A","N","Cass County, Indiana","Private","NAICS 52393 Investment advice","County, NAICS 5-digit -- by ownership sector","All establishment sizes",1,0,0,0,0,0,0,"N",0.33,0,0,0,0,0,0,"N",0,0.0,0,0,0,0,0,0,0,0,0,0,0,0
"18017","5","523930","78","0","2020","A","N","Cass County, Indiana","Private","NAICS 523930 Investment advice","County, NAICS 6-digit -- by ownership sector","All establishment sizes",1,0,0,0,0,0,0,"N",0.33,0,0,0,0,0,0,"N",0,0.0,0,0,0,0,0,0,0,0,0,0,0,0
"18017","5","524","75","0","2020","A","","Cass County, Indiana","Private","NAICS 524 Insurance carriers and related activities","County, NAICS 3-digit -- by ownership sector","All establishment sizes",20,80,3883120,832169,12090,935,48640,"",1.48,0.33,0.26,0.33,0.40,0.80,0.80,"",1,5.3,1,1.3,450164,13.1,40932,5.2,4357,56.3,98,11.7,5139,11.8
"18017","5","5241","76","0","2020","A","","Cass County, Indiana","Private","NAICS 5241 Insurance carriers","County, NAICS 4-digit -- by ownership sector","All establishment sizes",3,13,742007,129948,1118,1077,56001,"",1.48,0.11,0.09,0.10,0.07,0.85,0.85,"N",1,50.0,0,0,0,0,0,0,0,0,0,0,0,0
"18017","5","52411","77","0","2020","A","N","Cass County, Indiana","Private","NAICS 52411 Direct life and health insurance carriers","County, NAICS 5-digit -- by ownership sector","All establishment sizes",1,0,0,0,0,0,0,"N",1.39,0,0,0,0,0,0,"N",1,100.0,0,0,0,0,0,0,0,0,0,0,0,0
"18017","5","524113","78","0","2020","A","N","Cass County, Indiana","Private","NAICS 524113 Direct life insurance carriers","County, NAICS 6-digit -- by ownership sector","All establishment sizes",1,0,0,0,0,0,0,"N",2.64,0,0,0,0,0,0,"N",1,100.0,0,0,0,0,0,0,0,0,0,0,0,0
"18017","5","52412","77","0","2020","A","N","Cass County, Indiana","Private","NAICS 52412 Direct insurers, except life and health","County, NAICS 5-digit -- by ownership sector","All establishment sizes",2,0,0,0,0,0,0,"N",1.61,0,0,0,0,0,0,"N",0,0.0,0,0,0,0,0,0,0,0,0,0,0,0
"18017","5","524126","78","0","2020","A","N","Cass County, Indiana","Private","NAICS 524126 Direct property and casualty insurers","County, NAICS 6-digit -- by ownership sector","All establishment sizes",1,0,0,0,0,0,0,"N",1.28,0,0,0,0,0,0,"N",0,0.0,0,0,0,0,0,0,0,0,0,0,0,0
"18017","5","524127","78","0","2020","A","N","Cass County, Indiana","Private","NAICS 524127 Direct title insurance carriers","County, NAICS 6-digit -- by ownership sector","All establishment sizes",1,0,0,0,0,0,0,"N",2.68,0,0,0,0,0,0,"N",0,0.0,0,0,0,0,0,0,0,0,0,0,0,0
"18017","5","5242","76","0","2020","A","","Cass County, Indiana","Private","NAICS 5242 Insurance agencies and brokerages","County, NAICS 4-digit -- by ownership sector","All establishment sizes",17,67,3141113,702221,10972,907,47176,"",1.48,0.56,0.47,0.56,0.72,0.85,0.85,"N",1,6.2,0,0,0,0,0,0,0,0,0,0,0,0
"18017","5","52421","77","0","2020","A","N","Cass County, Indiana","Private","NAICS 52421 Insurance agencies and brokerages","County, NAICS 5-digit -- by ownership sector","All establishment sizes",16,0,0,0,0,0,0,"N",1.62,0,0,0,0,0,0,"N",1,6.7,0,0,0,0,0,0,0,0,0,0,0,0
"18017","5","524210","78","0","2020","A","N","Cass County, Indiana","Private","NAICS 524210 Insurance agencies and brokerages","County, NAICS 6-digit -- by ownership sector","All establishment sizes",16,0,0,0,0,0,0,"N",1.62,0,0,0,0,0,0,"N",1,6.7,0,0,0,0,0,0,0,0,0,0,0,0
"18017","5","52429","77","0","2020","A","N","Cass County, Indiana","Private","NAICS 52429 Other insurance related activities","County, NAICS 5-digit -- by ownership sector","All establishment sizes",1,0,0,0,0,0,0,"N",0.63,0,0,0,0,0,0,"N",0,0.0,0,0,0,0,0,0,0,0,0,0,0,0
"18017","5","524291","78","0","2020","A","N","Cass County, Indiana","Private","NAICS 524291 Claims adjusting","County, NAICS 6-digit -- by ownership sector","All establishment sizes",1,0,0,0,0,0,0,"N",2.01,0,0,0,0,0,0,"N",0,0.0,0,0,0,0,0,0,0,0,0,0,0,0
"18017","5","53","74","0","2020","A","","Cass County, Indiana","Private","NAICS 53 Real estate and rental and leasing","County, NAICS Sector -- by ownership sector","All establishment sizes",20,120,5613871,1343819,24770,903,46978,"",0.69,0.55,0.61,0.61,0.80,1.11,1.11,"",3,17.6,57,90.5,3253144,137.8,688925,105.2,17631,247.0,179,24.7,9307,24.7
"18017","5","531","75","0","2020","A","","Cass County, Indiana","Private","NAICS 531 Real estate","County, NAICS 3-digit -- by ownership sector","All establishment sizes",11,86,3689991,956301,19566,826,42948,"",0.44,0.52,0.52,0.57,0.83,1.00,1.00,"",3,37.5,60,230.8,3061615,487.2,687106,255.2,17602,896.2,360,77.3,18702,77.1
"18017","5","5311","76","0","2020","A","","Cass County, Indiana","Private","NAICS 5311 Lessors of real estate","County, NAICS 4-digit -- by ownership sector","All establishment sizes",3,14,224684,130660,842,309,16049,"",0.39,0.24,0.10,0.23,0.11,0.41,0.41,"N",1,50.0,0,0,0,0,0,0,0,0,0,0,0,0
"18017","5","53111","77","0","2020","A","N","Cass County, Indiana","Private","NAICS 53111 Lessors of residential buildings","County, NAICS 5-digit -- by ownership sector","All establishment sizes",1,0,0,0,0,0,0,"N",0.23,0,0,0,0,0,0,"N",0,0.0,0,0,0,0,0,0,0,0,0,0,0,0
"18017","5","531110","78","0","2020","A","N","Cass County, Indiana","Private","NAICS 531110 Lessors of residential buildings","County, NAICS 6-digit -- by ownership sector","All establishment sizes",1,0,0,0,0,0,0,"N",0.23,0,0,0,0,0,0,"N",0,0.0,0,0,0,0,0,0,0,0,0,0,0,0
"18017","5","53113","77","0","2020","A","N","Cass County, Indiana","Private","NAICS 53113 Miniwarehouse and self-storage unit operators","County, NAICS 5-digit -- by ownership sector","All establishment sizes",1,0,0,0,0,0,0,"N",0.90,0,0,0,0,0,0,"N",0,0.0,0,0,0,0,0,0,0,0,0,0,0,0
"18017","5","531130","78","0","2020","A","N","Cass County, Indiana","Private","NAICS 531130 Miniwarehouse and self-storage unit operators","County, NAICS 6-digit -- by ownership sector","All establishment sizes",1,0,0,0,0,0,0,"N",0.90,0,0,0,0,0,0,"N",0,0.0,0,0,0,0,0,0,0,0,0,0,0,0
"18017","5","53119","77","0","2020","A","N","Cass County, Indiana","Private","NAICS 53119 Lessors of other real estate property","County, NAICS 5-digit -- by ownership sector","All establishment sizes",1,0,0,0,0,0,0,"N",1.46,0,0,0,0,0,0,"N",1,100.0,0,0,0,0,0,0,0,0,0,0,0,0
"18017","5","531190","78","0","2020","A","N","Cass County, Indiana","Private","NAICS 531190 Lessors of other real estate property","County, NAICS 6-digit -- by ownership sector","All establishment sizes",1,0,0,0,0,0,0,"N",1.46,0,0,0,0,0,0,"N",1,100.0,0,0,0,0,0,0,0,0,0,0,0,0
"18017","5","5312","76","0","2020","A","N","Cass County, Indiana","Private","NAICS 5312 Offices of real estate agents and brokers","County, NAICS 4-digit -- by ownership sector","All establishment sizes",4,0,0,0,0,0,0,"N",0.44,0,0,0,0,0,0,"N",1,33.3,0,0,0,0,0,0,0,0,0,0,0,0
"18017","5","53121","77","0","2020","A","N","Cass County, Indiana","Private","NAICS 53121 Offices of real estate agents and brokers","County, NAICS 5-digit -- by ownership sector","All establishment sizes",4,0,0,0,0,0,0,"N",0.44,0,0,0,0,0,0,"N",1,33.3,0,0,0,0,0,0,0,0,0,0,0,0
"18017","5","531210","78","0","2020","A","N","Cass County, Indiana","Private","NAICS 531210 Offices of real estate agents and brokers","County, NAICS 6-digit -- by ownership sector","All establishment sizes",4,0,0,0,0,0,0,"N",0.44,0,0,0,0,0,0,"N",1,33.3,0,0,0,0,0,0,0,0,0,0,0,0
"18017","5","5313","76","0","2020","A","N","Cass County, Indiana","Private","NAICS 5313 Activities related to real estate","County, NAICS 4-digit -- by ownership sector","All establishment sizes",4,0,0,0,0,0,0,"N",0.48,0,0,0,0,0,0,"N",2,100.0,0,0,0,0,0,0,0,0,0,0,0,0
"18017","5","53131","77","0","2020","A","","Cass County, Indiana","Private","NAICS 53131 Real estate property managers","County, NAICS 5-digit -- by ownership sector","All establishment sizes",3,3,102233,37391,518,674,35051,"",0.51,0.05,0.04,0.06,0.05,0.88,0.88,"N",1,50.0,0,0,0,0,0,0,0,0,0,0,0,0
"18017","5","531311","78","0","2020","A","","Cass County, Indiana","Private","NAICS 531311 Residential property managers","County, NAICS 6-digit -- by ownership sector","All establishment sizes",3,3,102233,37391,518,674,35051,"",0.68,0.06,0.06,0.08,0.07,1.04,1.03,"N",1,50.0,0,0,0,0,0,0,0,0,0,0,0,0
"18017","5","53132","77","0","2020","A","N","Cass County, Indiana","Private","NAICS 53132 Offices of real estate appraisers","County, NAICS 5-digit -- by ownership sector","All establishment sizes",1,0,0,0,0,0,0,"N",1.11,0,0,0,0,0,0,"N",1,100.0,0,0,0,0,0,0,0,0,0,0,0,0
"18017","5","531320","78","0","2020","A","N","Cass County, Indiana","Private","NAICS 531320 Offices of real estate appraisers","County, NAICS 6-digit -- by ownership sector","All establishment sizes",1,0,0,0,0,0,0,"N",1.11,0,0,0,0,0,0,"N",1,100.0,0,0,0,0,0,0,0,0,0,0,0,0
"18017","5","532","75","0","2020","A","","Cass County, Indiana","Private","NAICS 532 Rental and leasing services","County, NAICS 3-digit -- by ownership sector","All establishment sizes",9,34,1923880,387518,5204,1102,57287,"",2.41,0.70,1.05,0.77,0.73,1.51,1.51,"",0,0.0,-3,-8.1,191529,11.1,1819,0.5,29,0.6,195,21.5,10148,21.5
"18017","5","5321","76","0","2020","A","N","Cass County, Indiana","Private","NAICS 5321 Automotive equipment rental and leasing","County, NAICS 4-digit -- by ownership sector","All establishment sizes",1,0,0,0,0,0,0,"N",0.87,0,0,0,0,0,0,"N",0,0.0,0,0,0,0,0,0,0,0,0,0,0,0
"18017","5","53212","77","0","2020","A","N","Cass County, Indiana","Private","NAICS 53212 Truck, trailer, and rv rental and leasing","County, NAICS 5-digit -- by ownership sector","All establishment sizes",1,0,0,0,0,0,0,"N",2.30,0,0,0,0,0,0,"N",0,0.0,0,0,0,0,0,0,0,0,0,0,0,0
"18017","5","532120","78","0","2020","A","N","Cass County, Indiana","Private","NAICS 532120 Truck, trailer, and rv rental and leasing","County, NAICS 6-digit -- by ownership sector","All establishment sizes",1,0,0,0,0,0,0,"N",2.30,0,0,0,0,0,0,"N",0,0.0,0,0,0,0,0,0,0,0,0,0,0,0
"18017","5","5322","76","0","2020","A","","Cass County, Indiana","Private","NAICS 5322 Consumer goods rental","County, NAICS 4-digit -- by ownership sector","All establishment sizes",5,25,952787,280595,1498,726,37734,"",4.06,2.12,2.70,2.33,0.77,1.26,1.26,"",0,0.0,-3,-10.7,-10803,-1.1,-6301,-2.2,-384,-20.4,72,11.0,3725,11.0
"18017","5","53228","77","0","2020","A","","Cass County, Indiana","Private","NAICS 53228 Other consumer goods rental","County, NAICS 5-digit -- by ownership sector","All establishment sizes",5,25,952787,280595,1498,726,37734,"",4.46,2.29,2.94,2.51,0.82,1.27,1.27,"",0,0.0,-3,-10.7,-10803,-1.1,-6301,-2.2,-384,-20.4,72,11.0,3725,11.0
"18017","5","532282","78","0","2020","A","N","Cass County, Indiana","Private","NAICS 532282 Video tape and disc rental","County, NAICS 6-digit -- by ownership sector","All establishment sizes",2,0,0,0,0,0,0,"N",24.71,0,0,0,0,0,0,"N",0,0.0,0,0,0,0,0,0,0,0,0,0,0,0
"18017","5","532283","78","0","2020","A","N","Cass County, Indiana","Private","NAICS 532283 Home health equipment rental","County, NAICS 6-digit -- by ownership sector","All establishment sizes",1,0,0,0,0,0,0,"N",5.29,0,0,0,0,0,0,"N",0,0.0,0,0,0,0,0,0,0,0,0,0,0,0
"18017","5","532289","78","0","2020","A","N","Cass County, Indiana","Private","NAICS 532289 All other consumer goods rental","County, NAICS 6-digit -- by ownership sector","All establishment sizes",2,0,0,0,0,0,0,"N",3.30,0,0,0,0,0,0,"N",0,0.0,0,0,0,0,0,0,0,0,0,0,0,0
"18017","5","5323","76","0","2020","A","N","Cass County, Indiana","Private","NAICS 5323 General rental centers","County, NAICS 4-digit -- by ownership sector","All establishment sizes",1,0,0,0,0,0,0,"N",4.20,0,0,0,0,0,0,"N",0,0.0,0,0,0,0,0,0,0,0,0,0,0,0
"18017","5","53231","77","0","2020","A","N","Cass County, Indiana","Private","NAICS 53231 General rental centers","County, NAICS 5-digit -- by ownership sector","All establishment sizes",1,0,0,0,0,0,0,"N",4.20,0,0,0,0,0,0,"N",0,0.0,0,0,0,0,0,0,0,0,0,0,0,0
"18017","5","532310","78","0","2020","A","N","Cass County, Indiana","Private","NAICS 532310 General rental centers","County, NAICS 6-digit -- by ownership sector","All establishment sizes",1,0,0,0,0,0,0,"N",4.20,0,0,0,0,0,0,"N",0,0.0,0,0,0,0,0,0,0,0,0,0,0,0
"18017","5","5324","76","0","2020","A","N","Cass County, Indiana","Private","NAICS 5324 Machinery and equipment rental and leasing","County, NAICS 4-digit -- by ownership sector","All establishment sizes",2,0,0,0,0,0,0,"N",1.80,0,0,0,0,0,0,"N",0,0.0,0,0,0,0,0,0,0,0,0,0,0,0
"18017","5","53241","77","0","2020","A","N","Cass County, Indiana","Private","NAICS 53241 Heavy machinery rental and leasing","County, NAICS 5-digit -- by ownership sector","All establishment sizes",1,0,0,0,0,0,0,"N",2.06,0,0,0,0,0,0,"N",0,0.0,0,0,0,0,0,0,0,0,0,0,0,0
"18017","5","532411","78","0","2020","A","N","Cass County, Indiana","Private","NAICS 532411 Transportation equipment rental and leasing","County, NAICS 6-digit -- by ownership sector","All establishment sizes",1,0,0,0,0,0,0,"N",17.72,0,0,0,0,0,0,"N",0,0.0,0,0,0,0,0,0,0,0,0,0,0,0
"18017","5","53249","77","0","2020","A","N","Cass County, Indiana","Private","NAICS 53249 Other machinery rental and leasing","County, NAICS 5-digit -- by ownership sector","All establishment sizes",1,0,0,0,0,0,0,"N",1.79,0,0,0,0,0,0,"N",0,0.0,0,0,0,0,0,0,0,0,0,0,0,0
"18017","5","532490","78","0","2020","A","N","Cass County, Indiana","Private","NAICS 532490 Other machinery rental and leasing","County, NAICS 6-digit -- by ownership sector","All establishment sizes",1,0,0,0,0,0,0,"N",1.79,0,0,0,0,0,0,"N",0,0.0,0,0,0,0,0,0,0,0,0,0,0,0
"18017","5","54","74","0","2020","A","","Cass County, Indiana","Private","NAICS 54 Professional and technical services","County, NAICS Sector -- by ownership sector","All establishment sizes",39,148,5226140,1493802,17189,680,35372,"",0.44,0.16,0.08,0.15,0.11,0.51,0.51,"",1,2.6,-6,-3.9,382483,7.9,-13555,-0.9,1053,6.5,76,12.6,3971,12.6
"18017","5","541","75","0","2020","A","","Cass County, Indiana","Private","NAICS 541 Professional and technical services","County, NAICS 3-digit -- by ownership sector","All establishment sizes",39,148,5226140,1493802,17189,680,35372,"",0.44,0.16,0.08,0.15,0.11,0.51,0.51,"",1,2.6,-6,-3.9,382483,7.9,-13555,-0.9,1053,6.5,76,12.6,3971,12.6
"18017","5","5411","76","0","2020","A","","Cass County, Indiana","Private","NAICS 5411 Legal services","County, NAICS 4-digit -- by ownership sector","All establishment sizes",16,52,1999327,558624,8184,743,38634,"",1.23,0.46,0.25,0.49,0.61,0.55,0.55,"",1,6.7,-1,-1.9,246530,14.1,10480,1.9,946,13.1,107,16.8,5562,16.8
"18017","5","54111","77","0","2020","A","N","Cass County, Indiana","Private","NAICS 54111 Offices of lawyers","County, NAICS 5-digit -- by ownership sector","All establishment sizes",15,0,0,0,0,0,0,"N",1.25,0,0,0,0,0,0,"N",1,7.1,0,0,0,0,0,0,0,0,0,0,0,0
"18017","5","541110","78","0","2020","A","N","Cass County, Indiana","Private","NAICS 541110 Offices of lawyers","County, NAICS 6-digit -- by ownership sector","All establishment sizes",15,0,0,0,0,0,0,"N",1.25,0,0,0,0,0,0,"N",1,7.1,0,0,0,0,0,0,0,0,0,0,0,0
"18017","5","54119","77","0","2020","A","N","Cass County, Indiana","Private","NAICS 54119 Other legal services","County, NAICS 5-digit -- by ownership sector","All establishment sizes",1,0,0,0,0,0,0,"N",0.94,0,0,0,0,0,0,"N",0,0.0,0,0,0,0,0,0,0,0,0,0,0,0
"18017","5","541191","78","0","2020","A","N","Cass County, Indiana","Private","NAICS 541191 Title abstract and settlement offices","County, NAICS 6-digit -- by ownership sector","All establishment sizes",1,0,0,0,0,0,0,"N",1.65,0,0,0,0,0,0,"N",0,0.0,0,0,0,0,0,0,0,0,0,0,0,0
"18017","5","5412","76","0","2020","A","","Cass County, Indiana","Private","NAICS 5412 Accounting and bookkeeping services","County, NAICS 4-digit -- by ownership sector","All establishment sizes",6,29,1089872,270208,1725,712,37049,"",0.58,0.28,0.20,0.25,0.11,0.71,0.71,"",-1,-14.3,-5,-14.7,-26657,-2.4,-59394,-18.0,-187,-9.8,74,11.6,3885,11.7
"18017","5","54121","77","0","2020","A","","Cass County, Indiana","Private","NAICS 54121 Accounting and bookkeeping services","County, NAICS 5-digit -- by ownership sector","All establishment sizes",6,29,1089872,270208,1725,712,37049,"",0.58,0.28,0.20,0.25,0.11,0.71,0.71,"",-1,-14.3,-5,-14.7,-26657,-2.4,-59394,-18.0,-187,-9.8,74,11.6,3885,11.7
"18017","5","541211","78","0","2020","A","N","Cass County, Indiana","Private","NAICS 541211 Offices of certified public accountants","County, NAICS 6-digit -- by ownership sector","All establishment sizes",3,0,0,0,0,0,0,"N",0.79,0,0,0,0,0,0,"N",0,0.0,0,0,0,0,0,0,0,0,0,0,0,0
"18017","5","541213","78","0","2020","A","N","Cass County, Indiana","Private","NAICS 541213 Tax preparation services","County, NAICS 6-digit -- by ownership sector","All establishment sizes",1,0,0,0,0,0,0,"N",0.44,0,0,0,0,0,0,"N",-1,-50.0,0,0,0,0,0,0,0,0,0,0,0,0
"18017","5","541214","78","0","2020","A","N","Cass County, Indiana","Private","NAICS 541214 Payroll services","County, NAICS 6-digit -- by ownership sector","All establishment sizes",1,0,0,0,0,0,0,"N",1.51,0,0,0,0,0,0,"N",0,0.0,0,0,0,0,0,0,0,0,0,0,0,0
"18017","5","541219","78","0","2020","A","N","Cass County, Indiana","Private","NAICS 541219 Other accounting services","County, NAICS 6-digit -- by ownership sector","All establishment sizes",1,0,0,0,0,0,0,"N",0.28,0,0,0,0,0,0,"N",0,0.0,0,0,0,0,0,0,0,0,0,0,0,0
"18017","5","5413","76","0","2020","A","","Cass County, Indiana","Private","NAICS 5413 Architectural and engineering services","County, NAICS 4-digit -- by ownership sector","All establishment sizes",3,12,509465,166249,4594,816,42455,"",0.31,0.08,0.05,0.10,0.19,0.67,0.67,"",0,0.0,0,0.0,49819,10.8,34681,26.4,454,11.0,69,9.2,3612,9.3
"18017","5","54133","77","0","2020","A","N","Cass County, Indiana","Private","NAICS 54133 Engineering services","County, NAICS 5-digit -- by ownership sector","All establishment sizes",1,0,0,0,0,0,0,"N",0.18,0,0,0,0,0,0,"N",0,0.0,0,0,0,0,0,0,0,0,0,0,0,0
"18017","5","541330","78","0","2020","A","N","Cass County, Indiana","Private","NAICS 541330 Engineering services","County, NAICS 6-digit -- by ownership sector","All establishment sizes",1,0,0,0,0,0,0,"N",0.18,0,0,0,0,0,0,"N",0,0.0,0,0,0,0,0,0,0,0,0,0,0,0
"18017","5","54135","77","0","2020","A","N","Cass County, Indiana","Private","NAICS 54135 Building inspection services","County, NAICS 5-digit -- by ownership sector","All establishment sizes",1,0,0,0,0,0,0,"N",1.92,0,0,0,0,0,0,"N",0,0.0,0,0,0,0,0,0,0,0,0,0,0,0
"18017","5","541350","78","0","2020","A","N","Cass County, Indiana","Private","NAICS 541350 Building inspection services","County, NAICS 6-digit -- by ownership sector","All establishment sizes",1,0,0,0,0,0,0,"N",1.92,0,0,0,0,0,0,"N",0,0.0,0,0,0,0,0,0,0,0,0,0,0,0
"18017","5","54138","77","0","2020","A","N","Cass County, Indiana","Private","NAICS 54138 Testing laboratories","County, NAICS 5-digit -- by ownership sector","All establishment sizes",1,0,0,0,0,0,0,"N",1.43,0,0,0,0,0,0,"N",0,0.0,0,0,0,0,0,0,0,0,0,0,0,0
"18017","5","541380","78","0","2020","A","N","Cass County, Indiana","Private","NAICS 541380 Testing laboratories","County, NAICS 6-digit -- by ownership sector","All establishment sizes",1,0,0,0,0,0,0,"N",1.43,0,0,0,0,0,0,"N",0,0.0,0,0,0,0,0,0,0,0,0,0,0,0
"18017","5","5415","76","0","2020","A","","Cass County, Indiana","Private","NAICS 5415 Computer systems design and related services","County, NAICS 4-digit -- by ownership sector","All establishment sizes",5,4,185949,40500,395,876,45539,"",0.25,0.02,0.01,0.02,0.01,0.54,0.54,"N",1,25.0,0,0,0,0,0,0,0,0,0,0,0,0
"18017","5","54151","77","0","2020","A","","Cass County, Indiana","Private","NAICS 54151 Computer systems design and related services","County, NAICS 5-digit -- by ownership sector","All establishment sizes",5,4,185949,40500,395,876,45539,"",0.25,0.02,0.01,0.02,0.01,0.54,0.54,"N",1,25.0,0,0,0,0,0,0,0,0,0,0,0,0
"18017","5","541511","78","0","2020","A","N","Cass County, Indiana","Private","NAICS 541511 Custom computer programming services","County, NAICS 6-digit -- by ownership sector","All establishment sizes",3,0,0,0,0,0,0,"N",0.33,0,0,0,0,0,0,"N",1,50.0,0,0,0,0,0,0,0,0,0,0,0,0
"18017","5","541512","78","0","2020","A","N","Cass County, Indiana","Private","NAICS 541512 Computer systems design services","County, NAICS 6-digit -- by ownership sector","All establishment sizes",1,0,0,0,0,0,0,"N",0.11,0,0,0,0,0,0,"N",0,0.0,0,0,0,0,0,0,0,0,0,0,0,0
"18017","5","541519","78","0","2020","A","N","Cass County, Indiana","Private","NAICS 541519 Other computer related services","County, NAICS 6-digit -- by ownership sector","All establishment sizes",1,0,0,0,0,0,0,"N",0.76,0,0,0,0,0,0,"N",0,0.0,0,0,0,0,0,0,0,0,0,0,0,0
"18017","5","5416","76","0","2020","A","N","Cass County, Indiana","Private","NAICS 5416 Management and technical consulting services","County, NAICS 4-digit -- by ownership sector","All establishment sizes",2,0,0,0,0,0,0,"N",0.10,0,0,0,0,0,0,"N",0,0.0,0,0,0,0,0,0,0,0,0,0,0,0
"18017","5","54161","77","0","2020","A","N","Cass County, Indiana","Private","NAICS 54161 Management consulting services","County, NAICS 5-digit -- by ownership sector","All establishment sizes",1,0,0,0,0,0,0,"N",0.06,0,0,0,0,0,0,"N",0,0.0,0,0,0,0,0,0,0,0,0,0,0,0
"18017","5","541611","78","0","2020","A","N","Cass County, Indiana","Private","NAICS 541611 Administrative management consulting services","County, NAICS 6-digit -- by ownership sector","All establishment sizes",1,0,0,0,0,0,0,"N",0.12,0,0,0,0,0,0,"N",0,0.0,0,0,0,0,0,0,0,0,0,0,0,0
"18017","5","54162","77","0","2020","A","N","Cass County, Indiana","Private","NAICS 54162 Environmental consulting services","County, NAICS 5-digit -- by ownership sector","All establishment sizes",1,0,0,0,0,0,0,"N",1.16,0,0,0,0,0,0,"N",0,0.0,0,0,0,0,0,0,0,0,0,0,0,0
"18017","5","541620","78","0","2020","A","N","Cass County, Indiana","Private","NAICS 541620 Environmental consulting services","County, NAICS 6-digit -- by ownership sector","All establishment sizes",1,0,0,0,0,0,0,"N",1.16,0,0,0,0,0,0,"N",0,0.0,0,0,0,0,0,0,0,0,0,0,0,0
"18017","5","5418","76","0","2020","A","N","Cass County, Indiana","Private","NAICS 5418 Advertising, pr, and related services","County, NAICS 4-digit -- by ownership sector","All establishment sizes",1,0,0,0,0,0,0,"N",0.26,0,0,0,0,0,0,"N",0,0.0,0,0,0,0,0,0,0,0,0,0,0,0
"18017","5","54187","77","0","2020","A","N","Cass County, Indiana","Private","NAICS 54187 Advertising material distribution services","County, NAICS 5-digit -- by ownership sector","All establishment sizes",1,0,0,0,0,0,0,"N",5.71,0,0,0,0,0,0,"N",0,0.0,0,0,0,0,0,0,0,0,0,0,0,0
"18017","5","541870","78","0","2020","A","N","Cass County, Indiana","Private","NAICS 541870 Advertising material distribution services","County, NAICS 6-digit -- by ownership sector","All establishment sizes",1,0,0,0,0,0,0,"N",5.71,0,0,0,0,0,0,"N",0,0.0,0,0,0,0,0,0,0,0,0,0,0,0
"18017","5","5419","76","0","2020","A","","Cass County, Indiana","Private","NAICS 5419 Other professional and technical services","County, NAICS 4-digit -- by ownership sector","All establishment sizes",6,48,1324845,439121,2195,536,27891,"",0.86,0.65,0.45,0.58,0.24,0.70,0.70,"",0,0.0,-3,-5.9,28942,2.2,-12618,-2.8,-64,-2.8,43,8.7,2272,8.9
"18017","5","54192","77","0","2020","A","N","Cass County, Indiana","Private","NAICS 54192 Photographic services","County, NAICS 5-digit -- by ownership sector","All establishment sizes",1,0,0,0,0,0,0,"N",1.05,0,0,0,0,0,0,"N",0,0.0,0,0,0,0,0,0,0,0,0,0,0,0
"18017","5","541921","78","0","2020","A","N","Cass County, Indiana","Private","NAICS 541921 Photography studios, portrait","County, NAICS 6-digit -- by ownership sector","All establishment sizes",1,0,0,0,0,0,0,"N",1.45,0,0,0,0,0,0,"N",0,0.0,0,0,0,0,0,0,0,0,0,0,0,0
"18017","5","54194","77","0","2020","A","N","Cass County, Indiana","Private","NAICS 54194 Veterinary services","County, NAICS 5-digit -- by ownership sector","All establishment sizes",5,0,0,0,0,0,0,"N",2.28,0,0,0,0,0,0,"N",0,0.0,0,0,0,0,0,0,0,0,0,0,0,0
"18017","5","541940","78","0","2020","A","N","Cass County, Indiana","Private","NAICS 541940 Veterinary services","County, NAICS 6-digit -- by ownership sector","All establishment sizes",5,0,0,0,0,0,0,"N",2.28,0,0,0,0,0,0,"N",0,0.0,0,0,0,0,0,0,0,0,0,0,0,0
"18017","5","55","74","0","2020","A","","Cass County, Indiana","Private","NAICS 55 Management of companies and enterprises","County, NAICS Sector -- by ownership sector","All establishment sizes",4,63,5496316,304483,2585,1684,87591,"",0.81,0.27,0.28,0.10,0.06,1.02,1.02,"",0,0.0,-7,-10.0,-586871,-9.6,-140812,-31.6,-1884,-42.2,1,0.1,63,0.1
"18017","5","551","75","0","2020","A","","Cass County, Indiana","Private","NAICS 551 Management of companies and enterprises","County, NAICS 3-digit -- by ownership sector","All establishment sizes",4,63,5496316,304483,2585,1684,87591,"",0.81,0.27,0.28,0.10,0.06,1.02,1.02,"",0,0.0,-7,-10.0,-586871,-9.6,-140812,-31.6,-1884,-42.2,1,0.1,63,0.1
"18017","5","5511","76","0","2020","A","","Cass County, Indiana","Private","NAICS 5511 Management of companies and enterprises","County, NAICS 4-digit -- by ownership sector","All establishment sizes",4,63,5496316,304483,2585,1684,87591,"",0.81,0.27,0.28,0.10,0.06,1.02,1.02,"",0,0.0,-7,-10.0,-586871,-9.6,-140812,-31.6,-1884,-42.2,1,0.1,63,0.1
"18017","5","55111","77","0","2020","A","","Cass County, Indiana","Private","NAICS 55111 Management of companies and enterprises","County, NAICS 5-digit -- by ownership sector","All establishment sizes",4,63,5496316,304483,2585,1684,87591,"",0.81,0.27,0.28,0.10,0.06,1.02,1.02,"",0,0.0,-7,-10.0,-586871,-9.6,-140812,-31.6,-1884,-42.2,1,0.1,63,0.1
"18017","5","551114","78","0","2020","A","","Cass County, Indiana","Private","NAICS 551114 Managing offices","County, NAICS 6-digit -- by ownership sector","All establishment sizes",4,63,5496316,304483,2585,1684,87591,"",0.96,0.28,0.29,0.10,0.06,1.04,1.04,"",0,0.0,-7,-10.0,-586871,-9.6,-140812,-31.6,-1884,-42.2,1,0.1,63,0.1
"18017","5","56","74","0","2020","A","","Cass County, Indiana","Private","NAICS 56 Administrative and waste services","County, NAICS Sector -- by ownership sector","All establishment sizes",31,673,18572696,8813266,124263,531,27587,"",0.79,0.78,0.72,0.93,0.77,0.92,0.92,"",3,10.7,-219,-24.6,-7122589,-27.7,-5620599,-38.9,-126263,-50.4,-23,-4.2,-1206,-4.2
"18017","5","561","75","0","2020","A","N","Cass County, Indiana","Private","NAICS 561 Administrative and support services","County, NAICS 3-digit -- by ownership sector","All establishment sizes",30,0,0,0,0,0,0,"N",0.80,0,0,0,0,0,0,"N",4,15.4,0,0,0,0,0,0,0,0,0,0,0,0
"18017","5","5611","76","0","2020","A","N","Cass County, Indiana","Private","NAICS 5611 Office administrative services","County, NAICS 4-digit -- by ownership sector","All establishment sizes",2,0,0,0,0,0,0,"N",0.53,0,0,0,0,0,0,"N",0,0.0,0,0,0,0,0,0,0,0,0,0,0,0
"18017","5","56111","77","0","2020","A","N","Cass County, Indiana","Private","NAICS 56111 Office administrative services","County, NAICS 5-digit -- by ownership sector","All establishment sizes",2,0,0,0,0,0,0,"N",0.53,0,0,0,0,0,0,"N",0,0.0,0,0,0,0,0,0,0,0,0,0,0,0
"18017","5","561110","78","0","2020","A","N","Cass County, Indiana","Private","NAICS 561110 Office administrative services","County, NAICS 6-digit -- by ownership sector","All establishment sizes",2,0,0,0,0,0,0,"N",0.53,0,0,0,0,0,0,"N",0,0.0,0,0,0,0,0,0,0,0,0,0,0,0
"18017","5","5613","76","0","2020","A","","Cass County, Indiana","Private","NAICS 5613 Employment services","County, NAICS 4-digit -- by ownership sector","All establishment sizes",8,418,7423819,5344296,57749,342,17778,"",0.95,1.32,0.84,1.33,0.76,0.64,0.64,"",3,60.0,-224,-34.9,-8050581,-52.0,-5767869,-51.9,-116092,-66.8,-121,-26.1,-6316,-26.2
"18017","5","56131","77","0","2020","A","N","Cass County, Indiana","Private","NAICS 56131 Employment placement and executive search","County, NAICS 5-digit -- by ownership sector","All establishment sizes",1,0,0,0,0,0,0,"N",0.59,0,0,0,0,0,0,"N",1,100.0,0,0,0,0,0,0,0,0,0,0,0,0
"18017","5","561311","78","0","2020","A","N","Cass County, Indiana","Private","NAICS 561311 Employment placement agencies","County, NAICS 6-digit -- by ownership sector","All establishment sizes",1,0,0,0,0,0,0,"N",0.84,0,0,0,0,0,0,"N",1,100.0,0,0,0,0,0,0,0,0,0,0,0,0
"18017","5","56132","77","0","2020","A","N","Cass County, Indiana","Private","NAICS 56132 Temporary help services","County, NAICS 5-digit -- by ownership sector","All establishment sizes",4,0,0,0,0,0,0,"N",0.70,0,0,0,0,0,0,"N",0,0.0,0,0,0,0,0,0,0,0,0,0,0,0
"18017","5","561320","78","0","2020","A","N","Cass County, Indiana","Private","NAICS 561320 Temporary help services","County, NAICS 6-digit -- by ownership sector","All establishment sizes",4,0,0,0,0,0,0,"N",0.70,0,0,0,0,0,0,"N",0,0.0,0,0,0,0,0,0,0,0,0,0,0,0
"18017","5","56133","77","0","2020","A","N","Cass County, Indiana","Private","NAICS 56133 Professional employer organizations","County, NAICS 5-digit -- by ownership sector","All establishment sizes",3,0,0,0,0,0,0,"N",3.05,0,0,0,0,0,0,"N",2,200.0,0,0,0,0,0,0,0,0,0,0,0,0
"18017","5","561330","78","0","2020","A","N","Cass County, Indiana","Private","NAICS 561330 Professional employer organizations","County, NAICS 6-digit -- by ownership sector","All establishment sizes",3,0,0,0,0,0,0,"N",3.05,0,0,0,0,0,0,"N",2,200.0,0,0,0,0,0,0,0,0,0,0,0,0
"18017","5","5614","76","0","2020","A","N","Cass County, Indiana","Private","NAICS 5614 Business support services","County, NAICS 4-digit -- by ownership sector","All establishment sizes",1,0,0,0,0,0,0,"N",0.29,0,0,0,0,0,0,"N",1,100.0,0,0,0,0,0,0,0,0,0,0,0,0
"18017","5","56142","77","0","2020","A","N","Cass County, Indiana","Private","NAICS 56142 Telephone call centers","County, NAICS 5-digit -- by ownership sector","All establishment sizes",1,0,0,0,0,0,0,"N",1.34,0,0,0,0,0,0,"N",1,100.0,0,0,0,0,0,0,0,0,0,0,0,0
"18017","5","561422","78","0","2020","A","N","Cass County, Indiana","Private","NAICS 561422 Telemarketing and other contact centers","County, NAICS 6-digit -- by ownership sector","All establishment sizes",1,0,0,0,0,0,0,"N",1.70,0,0,0,0,0,0,"N",1,100.0,0,0,0,0,0,0,0,0,0,0,0,0
"18017","5","5615","76","0","2020","A","N","Cass County, Indiana","Private","NAICS 5615 Travel arrangement and reservation services","County, NAICS 4-digit -- by ownership sector","All establishment sizes",1,0,0,0,0,0,0,"N",0.69,0,0,0,0,0,0,"N",0,0.0,0,0,0,0,0,0,0,0,0,0,0,0
"18017","5","56159","77","0","2020","A","N","Cass County, Indiana","Private","NAICS 56159 Other travel arrangement services","County, NAICS 5-digit -- by ownership sector","All establishment sizes",1,0,0,0,0,0,0,"N",2.82,0,0,0,0,0,0,"N",0,0.0,0,0,0,0,0,0,0,0,0,0,0,0
"18017","5","561591","78","0","2020","A","N","Cass County, Indiana","Private","NAICS 561591 Convention and visitors bureaus","County, NAICS 6-digit -- by ownership sector","All establishment sizes",1,0,0,0,0,0,0,"N",14.86,0,0,0,0,0,0,"N",0,0.0,0,0,0,0,0,0,0,0,0,0,0,0
"18017","5","5616","76","0","2020","A","N","Cass County, Indiana","Private","NAICS 5616 Investigation and security services","County, NAICS 4-digit -- by ownership sector","All establishment sizes",1,0,0,0,0,0,0,"N",0.42,0,0,0,0,0,0,"N",0,0.0,0,0,0,0,0,0,0,0,0,0,0,0
"18017","5","56161","77","0","2020","A","N","Cass County, Indiana","Private","NAICS 56161 Security and armored car services","County, NAICS 5-digit -- by ownership sector","All establishment sizes",1,0,0,0,0,0,0,"N",0.69,0,0,0,0,0,0,"N",0,0.0,0,0,0,0,0,0,0,0,0,0,0,0
"18017","5","561612","78","0","2020","A","N","Cass County, Indiana","Private","NAICS 561612 Security guards and patrol services","County, NAICS 6-digit -- by ownership sector","All establishment sizes",1,0,0,0,0,0,0,"N",0.97,0,0,0,0,0,0,"N",0,0.0,0,0,0,0,0,0,0,0,0,0,0,0
"18017","5","5617","76","0","2020","A","","Cass County, Indiana","Private","NAICS 5617 Services to buildings and dwellings","County, NAICS 4-digit -- by ownership sector","All establishment sizes",17,230,9930649,3084554,62093,830,43145,"",1.10,1.10,2.11,1.50,1.75,1.93,1.93,"",0,0.0,1,0.4,695007,7.5,42518,1.4,-11625,-15.8,54,7.0,2815,7.0
"18017","5","56171","77","0","2020","A","N","Cass County, Indiana","Private","NAICS 56171 Exterminating and pest control services","County, NAICS 5-digit -- by ownership sector","All establishment sizes",1,0,0,0,0,0,0,"N",0.94,0,0,0,0,0,0,"N",0,0.0,0,0,0,0,0,0,0,0,0,0,0,0
"18017","5","561710","78","0","2020","A","N","Cass County, Indiana","Private","NAICS 561710 Exterminating and pest control services","County, NAICS 6-digit -- by ownership sector","All establishment sizes",1,0,0,0,0,0,0,"N",0.94,0,0,0,0,0,0,"N",0,0.0,0,0,0,0,0,0,0,0,0,0,0,0
"18017","5","56172","77","0","2020","A","","Cass County, Indiana","Private","NAICS 56172 Janitorial services","County, NAICS 5-digit -- by ownership sector","All establishment sizes",5,159,6911321,2232165,20646,835,43422,"",0.98,1.55,3.88,2.49,1.90,2.50,2.50,"N",0,0.0,0,0,0,0,0,0,0,0,0,0,0,0
"18017","5","561720","78","0","2020","A","","Cass County, Indiana","Private","NAICS 561720 Janitorial services","County, NAICS 6-digit -- by ownership sector","All establishment sizes",5,159,6911321,2232165,20646,835,43422,"",0.98,1.55,3.88,2.49,1.90,2.50,2.50,"N",0,0.0,0,0,0,0,0,0,0,0,0,0,0,0
"18017","5","56173","77","0","2020","A","","Cass County, Indiana","Private","NAICS 56173 Landscaping services","County, NAICS 5-digit -- by ownership sector","All establishment sizes",7,53,2363468,656733,35617,855,44454,"",0.92,0.65,1.10,0.73,1.73,1.67,1.67,"",0,0.0,-2,-3.6,-245503,-9.4,-86504,-11.6,-7317,-17.0,-53,-5.8,-2767,-5.9
"18017","5","561730","78","0","2020","A","","Cass County, Indiana","Private","NAICS 561730 Landscaping services","County, NAICS 6-digit -- by ownership sector","All establishment sizes",7,53,2363468,656733,35617,855,44454,"",0.92,0.65,1.10,0.73,1.73,1.67,1.67,"",0,0.0,-2,-3.6,-245503,-9.4,-86504,-11.6,-7317,-17.0,-53,-5.8,-2767,-5.9
"18017","5","56174","77","0","2020","A","N","Cass County, Indiana","Private","NAICS 56174 Carpet and upholstery cleaning services","County, NAICS 5-digit -- by ownership sector","All establishment sizes",2,0,0,0,0,0,0,"N",3.92,0,0,0,0,0,0,"N",0,0.0,0,0,0,0,0,0,0,0,0,0,0,0
"18017","5","561740","78","0","2020","A","N","Cass County, Indiana","Private","NAICS 561740 Carpet and upholstery cleaning services","County, NAICS 6-digit -- by ownership sector","All establishment sizes",2,0,0,0,0,0,0,"N",3.92,0,0,0,0,0,0,"N",0,0.0,0,0,0,0,0,0,0,0,0,0,0,0
"18017","5","56179","77","0","2020","A","N","Cass County, Indiana","Private","NAICS 56179 Other services to buildings and dwellings","County, NAICS 5-digit -- by ownership sector","All establishment sizes",2,0,0,0,0,0,0,"N",1.70,0,0,0,0,0,0,"N",0,0.0,0,0,0,0,0,0,0,0,0,0,0,0
"18017","5","561790","78","0","2020","A","N","Cass County, Indiana","Private","NAICS 561790 Other services to buildings and dwellings","County, NAICS 6-digit -- by ownership sector","All establishment sizes",2,0,0,0,0,0,0,"N",1.70,0,0,0,0,0,0,"N",0,0.0,0,0,0,0,0,0,0,0,0,0,0,0
"18017","5","562","75","0","2020","A","N","Cass County, Indiana","Private","NAICS 562 Waste management and remediation services","County, NAICS 3-digit -- by ownership sector","All establishment sizes",1,0,0,0,0,0,0,"N",0.49,0,0,0,0,0,0,"N",-1,-50.0,0,0,0,0,0,0,0,0,0,0,0,0
"18017","5","5622","76","0","2020","A","N","Cass County, Indiana","Private","NAICS 5622 Waste treatment and disposal","County, NAICS 4-digit -- by ownership sector","All establishment sizes",1,0,0,0,0,0,0,"N",3.64,0,0,0,0,0,0,"N",0,0.0,0,0,0,0,0,0,0,0,0,0,0,0
"18017","5","56221","77","0","2020","A","N","Cass County, Indiana","Private","NAICS 56221 Waste treatment and disposal","County, NAICS 5-digit -- by ownership sector","All establishment sizes",1,0,0,0,0,0,0,"N",3.64,0,0,0,0,0,0,"N",0,0.0,0,0,0,0,0,0,0,0,0,0,0,0
"18017","5","562212","78","0","2020","A","N","Cass County, Indiana","Private","NAICS 562212 Solid waste landfill","County, NAICS 6-digit -- by ownership sector","All establishment sizes",1,0,0,0,0,0,0,"N",9.45,0,0,0,0,0,0,"N",0,0.0,0,0,0,0,0,0,0,0,0,0,0,0
"18017","5","61","74","0","2020","A","N","Cass County, Indiana","Private","NAICS 61 Educational services","County, NAICS Sector -- by ownership sector","All establishment sizes",2,0,0,0,0,0,0,"N",0.22,0,0,0,0,0,0,"N",0,0.0,0,0,0,0,0,0,0,0,0,0,0,0
"18017","5","611","75","0","2020","A","N","Cass County, Indiana","Private","NAICS 611 Educational services","County, NAICS 3-digit -- by ownership sector","All establishment sizes",2,0,0,0,0,0,0,"N",0.22,0,0,0,0,0,0,"N",0,0.0,0,0,0,0,0,0,0,0,0,0,0,0
"18017","5","6113","76","0","2020","A","N","Cass County, Indiana","Private","NAICS 6113 Colleges and universities","County, NAICS 4-digit -- by ownership sector","All establishment sizes",1,0,0,0,0,0,0,"N",1.39,0,0,0,0,0,0,"N",0,0.0,0,0,0,0,0,0,0,0,0,0,0,0
"18017","5","61131","77","0","2020","A","N","Cass County, Indiana","Private","NAICS 61131 Colleges and universities","County, NAICS 5-digit -- by ownership sector","All establishment sizes",1,0,0,0,0,0,0,"N",1.39,0,0,0,0,0,0,"N",0,0.0,0,0,0,0,0,0,0,0,0,0,0,0
"18017","5","611310","78","0","2020","A","N","Cass County, Indiana","Private","NAICS 611310 Colleges and universities","County, NAICS 6-digit -- by ownership sector","All establishment sizes",1,0,0,0,0,0,0,"N",1.39,0,0,0,0,0,0,"N",0,0.0,0,0,0,0,0,0,0,0,0,0,0,0
"18017","5","6117","76","0","2020","A","N","Cass County, Indiana","Private","NAICS 6117 Educational support services","County, NAICS 4-digit -- by ownership sector","All establishment sizes",1,0,0,0,0,0,0,"N",0.69,0,0,0,0,0,0,"N",0,0.0,0,0,0,0,0,0,0,0,0,0,0,0
"18017","5","61171","77","0","2020","A","N","Cass County, Indiana","Private","NAICS 61171 Educational support services","County, NAICS 5-digit -- by ownership sector","All establishment sizes",1,0,0,0,0,0,0,"N",0.69,0,0,0,0,0,0,"N",0,0.0,0,0,0,0,0,0,0,0,0,0,0,0
"18017","5","611710","78","0","2020","A","N","Cass County, Indiana","Private","NAICS 611710 Educational support services","County, NAICS 6-digit -- by ownership sector","All establishment sizes",1,0,0,0,0,0,0,"N",0.69,0,0,0,0,0,0,"N",0,0.0,0,0,0,0,0,0,0,0,0,0,0,0
"18017","5","62","74","0","2020","A","N","Cass County, Indiana","Private","NAICS 62 Health care and social assistance","County, NAICS Sector -- by ownership sector","All establishment sizes",57,0,0,0,0,0,0,"N",0.48,0,0,0,0,0,0,"N",1,1.8,0,0,0,0,0,0,0,0,0,0,0,0
"18017","5","621","75","0","2020","A","N","Cass County, Indiana","Private","NAICS 621 Ambulatory health care services","County, NAICS 3-digit -- by ownership sector","All establishment sizes",29,0,0,0,0,0,0,"N",0.68,0,0,0,0,0,0,"N",2,7.4,0,0,0,0,0,0,0,0,0,0,0,0
"18017","5","6211","76","0","2020","A","","Cass County, Indiana","Private","NAICS 6211 Offices of physicians","County, NAICS 4-digit -- by ownership sector","All establishment sizes",3,26,1990495,91528,695,1496,77804,"",0.20,0.10,0.12,0.04,0.03,1.23,1.23,"N",0,0.0,0,0,0,0,0,0,0,0,0,0,0,0
"18017","5","62111","77","0","2020","A","","Cass County, Indiana","Private","NAICS 62111 Offices of physicians","County, NAICS 5-digit -- by ownership sector","All establishment sizes",3,26,1990495,91528,695,1496,77804,"",0.20,0.10,0.12,0.04,0.03,1.23,1.23,"N",0,0.0,0,0,0,0,0,0,0,0,0,0,0,0
"18017","5","621111","78","0","2020","A","","Cass County, Indiana","Private","NAICS 621111 Offices of physicians, except mental health","County, NAICS 6-digit -- by ownership sector","All establishment sizes",3,26,1990495,91528,695,1496,77804,"",0.21,0.10,0.12,0.04,0.03,1.22,1.22,"N",0,0.0,0,0,0,0,0,0,0,0,0,0,0,0
"18017","5","6212","76","0","2020","A","","Cass County, Indiana","Private","NAICS 6212 Offices of dentists","County, NAICS 4-digit -- by ownership sector","All establishment sizes",5,36,1660294,398185,1992,881,45801,"",0.56,0.40,0.53,0.41,0.21,1.30,1.30,"",0,0.0,-4,-10.0,-125828,-7.0,2483,0.6,-381,-16.1,11,1.3,583,1.3
"18017","5","62121","77","0","2020","A","","Cass County, Indiana","Private","NAICS 62121 Offices of dentists","County, NAICS 5-digit -- by ownership sector","All establishment sizes",5,36,1660294,398185,1992,881,45801,"",0.56,0.40,0.53,0.41,0.21,1.30,1.30,"",0,0.0,-4,-10.0,-125828,-7.0,2483,0.6,-381,-16.1,11,1.3,583,1.3
"18017","5","621210","78","0","2020","A","","Cass County, Indiana","Private","NAICS 621210 Offices of dentists","County, NAICS 6-digit -- by ownership sector","All establishment sizes",5,36,1660294,398185,1992,881,45801,"",0.56,0.40,0.53,0.41,0.21,1.30,1.30,"",0,0.0,-4,-10.0,-125828,-7.0,2483,0.6,-381,-16.1,11,1.3,583,1.3
"18017","5","6213","76","0","2020","A","","Cass County, Indiana","Private","NAICS 6213 Offices of other health practitioners","County, NAICS 4-digit -- by ownership sector","All establishment sizes",10,52,1619839,488781,3185,596,31002,"",0.94,0.56,0.60,0.54,0.34,1.05,1.05,"",1,11.1,2,4.0,118919,7.9,32082,7.0,-281,-8.1,15,2.6,782,2.6
"18017","5","62131","77","0","2020","A","N","Cass County, Indiana","Private","NAICS 62131 Offices of chiropractors","County, NAICS 5-digit -- by ownership sector","All establishment sizes",2,0,0,0,0,0,0,"N",0.76,0,0,0,0,0,0,"N",0,0.0,0,0,0,0,0,0,0,0,0,0,0,0
"18017","5","621310","78","0","2020","A","N","Cass County, Indiana","Private","NAICS 621310 Offices of chiropractors","County, NAICS 6-digit -- by ownership sector","All establishment sizes",2,0,0,0,0,0,0,"N",0.76,0,0,0,0,0,0,"N",0,0.0,0,0,0,0,0,0,0,0,0,0,0,0
"18017","5","62132","77","0","2020","A","","Cass County, Indiana","Private","NAICS 62132 Offices of optometrists","County, NAICS 5-digit -- by ownership sector","All establishment sizes",5,30,863482,271106,1760,561,29188,"",3.57,2.25,2.20,1.97,1.39,0.99,0.99,"",0,0.0,-1,-3.2,-17462,-2.0,5444,2.0,-399,-18.5,9,1.6,462,1.6
"18017","5","621320","78","0","2020","A","","Cass County, Indiana","Private","NAICS 621320 Offices of optometrists","County, NAICS 6-digit -- by ownership sector","All establishment sizes",5,30,863482,271106,1760,561,29188,"",3.57,2.25,2.20,1.97,1.39,0.99,0.99,"",0,0.0,-1,-3.2,-17462,-2.0,5444,2.0,-399,-18.5,9,1.6,462,1.6
"18017","5","62133","77","0","2020","A","N","Cass County, Indiana","Private","NAICS 62133 Offices of mental health practitioners","County, NAICS 5-digit -- by ownership sector","All establishment sizes",1,0,0,0,0,0,0,"N",0.62,0,0,0,0,0,0,"N",0,0.0,0,0,0,0,0,0,0,0,0,0,0,0
"18017","5","621330","78","0","2020","A","N","Cass County, Indiana","Private","NAICS 621330 Offices of mental health practitioners","County, NAICS 6-digit -- by ownership sector","All establishment sizes",1,0,0,0,0,0,0,"N",0.62,0,0,0,0,0,0,"N",0,0.0,0,0,0,0,0,0,0,0,0,0,0,0
"18017","5","62134","77","0","2020","A","N","Cass County, Indiana","Private","NAICS 62134 Offices of specialty therapists","County, NAICS 5-digit -- by ownership sector","All establishment sizes",2,0,0,0,0,0,0,"N",0.71,0,0,0,0,0,0,"N",1,100.0,0,0,0,0,0,0,0,0,0,0,0,0
"18017","5","621340","78","0","2020","A","N","Cass County, Indiana","Private","NAICS 621340 Offices of specialty therapists","County, NAICS 6-digit -- by ownership sector","All establishment sizes",2,0,0,0,0,0,0,"N",0.71,0,0,0,0,0,0,"N",1,100.0,0,0,0,0,0,0,0,0,0,0,0,0
"18017","5","62139","77","0","2020","A","N","Cass County, Indiana","Private","NAICS 62139 Offices of all other health practitioners","County, NAICS 5-digit -- by ownership sector","All establishment sizes",0,0,0,0,0,0,0,"N",0.00,0,0,0,0,0,0,"N",0,0,0,0,0,0,0,0,0,0,0,0,0,0
"18017","5","621399","78","0","2020","A","N","Cass County, Indiana","Private","NAICS 621399 Offices of miscellaneous health practitioners","County, NAICS 6-digit -- by ownership sector","All establishment sizes",0,0,0,0,0,0,0,"N",0.00,0,0,0,0,0,0,"N",0,0,0,0,0,0,0,0,0,0,0,0,0,0
"18017","5","6214","76","0","2020","A","N","Cass County, Indiana","Private","NAICS 6214 Outpatient care centers","County, NAICS 4-digit -- by ownership sector","All establishment sizes",2,0,0,0,0,0,0,"N",0.71,0,0,0,0,0,0,"N",0,0.0,0,0,0,0,0,0,0,0,0,0,0,0
"18017","5","62142","77","0","2020","A","N","Cass County, Indiana","Private","NAICS 62142 Outpatient mental health centers","County, NAICS 5-digit -- by ownership sector","All establishment sizes",1,0,0,0,0,0,0,"N",1.22,0,0,0,0,0,0,"N",-1,-50.0,0,0,0,0,0,0,0,0,0,0,0,0
"18017","5","621420","78","0","2020","A","N","Cass County, Indiana","Private","NAICS 621420 Outpatient mental health centers","County, NAICS 6-digit -- by ownership sector","All establishment sizes",1,0,0,0,0,0,0,"N",1.22,0,0,0,0,0,0,"N",-1,-50.0,0,0,0,0,0,0,0,0,0,0,0,0
"18017","5","62149","77","0","2020","A","N","Cass County, Indiana","Private","NAICS 62149 Other outpatient care centers","County, NAICS 5-digit -- by ownership sector","All establishment sizes",1,0,0,0,0,0,0,"N",0.54,0,0,0,0,0,0,"N",1,100.0,0,0,0,0,0,0,0,0,0,0,0,0
"18017","5","621492","78","0","2020","A","N","Cass County, Indiana","Private","NAICS 621492 Kidney dialysis centers","County, NAICS 6-digit -- by ownership sector","All establishment sizes",1,0,0,0,0,0,0,"N",1.88,0,0,0,0,0,0,"N",1,100.0,0,0,0,0,0,0,0,0,0,0,0,0
"18017","5","6215","76","0","2020","A","","Cass County, Indiana","Private","NAICS 6215 Medical and diagnostic laboratories","County, NAICS 4-digit -- by ownership sector","All establishment sizes",3,29,1150296,276921,3884,765,39780,"",1.91,1.03,0.90,0.99,1.16,0.88,0.88,"",0,0.0,-28,-49.1,-686842,-37.4,-153801,-35.7,-3072,-44.2,147,23.8,7643,23.8
"18017","5","62151","77","0","2020","A","","Cass County, Indiana","Private","NAICS 62151 Medical and diagnostic laboratories","County, NAICS 5-digit -- by ownership sector","All establishment sizes",3,29,1150296,276921,3884,765,39780,"",1.91,1.03,0.90,0.99,1.16,0.88,0.88,"",0,0.0,-28,-49.1,-686842,-37.4,-153801,-35.7,-3072,-44.2,147,23.8,7643,23.8
"18017","5","621511","78","0","2020","A","","Cass County, Indiana","Private","NAICS 621511 Medical laboratories","County, NAICS 6-digit -- by ownership sector","All establishment sizes",3,29,1150296,276921,3884,765,39780,"",2.64,1.39,1.23,1.32,1.57,0.89,0.89,"",0,0.0,-28,-49.1,-686842,-37.4,-153801,-35.7,-3072,-44.2,147,23.8,7643,23.8
"18017","5","6216","76","0","2020","A","","Cass County, Indiana","Private","NAICS 6216 Home health care services","County, NAICS 4-digit -- by ownership sector","All establishment sizes",5,90,2445548,874790,15481,523,27198,"",1.82,0.60,0.72,0.74,1.08,1.19,1.19,"",0,0.0,-7,-7.2,-179351,-6.8,-54356,-5.9,-3353,-17.8,3,0.6,160,0.6
"18017","5","62161","77","0","2020","A","","Cass County, Indiana","Private","NAICS 62161 Home health care services","County, NAICS 5-digit -- by ownership sector","All establishment sizes",5,90,2445548,874790,15481,523,27198,"",1.82,0.60,0.72,0.74,1.08,1.19,1.19,"",0,0.0,-7,-7.2,-179351,-6.8,-54356,-5.9,-3353,-17.8,3,0.6,160,0.6
"18017","5","621610","78","0","2020","A","","Cass County, Indiana","Private","NAICS 621610 Home health care services","County, NAICS 6-digit -- by ownership sector","All establishment sizes",5,90,2445548,874790,15481,523,27198,"",1.82,0.60,0.72,0.74,1.08,1.19,1.19,"",0,0.0,-7,-7.2,-179351,-6.8,-54356,-5.9,-3353,-17.8,3,0.6,160,0.6
"18017","5","623","75","0","2020","A","","Cass County, Indiana","Private","NAICS 623 Nursing and residential care facilities","County, NAICS 3-digit -- by ownership sector","All establishment sizes",18,551,18227578,4978100,27829,636,33061,"",3.18,1.72,2.37,2.12,1.11,1.38,1.38,"",0,0.0,-18,-3.2,1423214,8.5,-85960,-1.7,-3688,-11.7,68,12.0,3524,11.9
"18017","5","6231","76","0","2020","A","","Cass County, Indiana","Private","NAICS 6231 Nursing care facilities, skilled nursing","County, NAICS 4-digit -- by ownership sector","All establishment sizes",4,382,13414776,4250850,23407,675,35087,"",3.22,2.57,3.50,3.52,1.89,1.36,1.36,"",0,0.0,-16,-4.0,1158648,9.5,-23139,-0.5,-2484,-9.6,83,14.0,4280,13.9
"18017","5","62311","77","0","2020","A","","Cass County, Indiana","Private","NAICS 62311 Nursing care facilities, skilled nursing","County, NAICS 5-digit -- by ownership sector","All establishment sizes",4,382,13414776,4250850,23407,675,35087,"",3.22,2.57,3.50,3.52,1.89,1.36,1.36,"",0,0.0,-16,-4.0,1158648,9.5,-23139,-0.5,-2484,-9.6,83,14.0,4280,13.9
"18017","5","623110","78","0","2020","A","","Cass County, Indiana","Private","NAICS 623110 Nursing care facilities, skilled nursing","County, NAICS 6-digit -- by ownership sector","All establishment sizes",4,382,13414776,4250850,23407,675,35087,"",3.22,2.57,3.50,3.52,1.89,1.36,1.36,"",0,0.0,-16,-4.0,1158648,9.5,-23139,-0.5,-2484,-9.6,83,14.0,4280,13.9
"18017","5","6232","76","0","2020","A","N","Cass County, Indiana","Private","NAICS 6232 Residential mental health facilities","County, NAICS 4-digit -- by ownership sector","All establishment sizes",8,0,0,0,0,0,0,"N",3.82,0,0,0,0,0,0,"N",0,0.0,0,0,0,0,0,0,0,0,0,0,0,0
"18017","5","62321","77","0","2020","A","N","Cass County, Indiana","Private","NAICS 62321 Residential developmental disability homes","County, NAICS 5-digit -- by ownership sector","All establishment sizes",4,0,0,0,0,0,0,"N",2.65,0,0,0,0,0,0,"N",0,0.0,0,0,0,0,0,0,0,0,0,0,0,0
"18017","5","623210","78","0","2020","A","N","Cass County, Indiana","Private","NAICS 623210 Residential developmental disability homes","County, NAICS 6-digit -- by ownership sector","All establishment sizes",4,0,0,0,0,0,0,"N",2.65,0,0,0,0,0,0,"N",0,0.0,0,0,0,0,0,0,0,0,0,0,0,0
"18017","5","62322","77","0","2020","A","N","Cass County, Indiana","Private","NAICS 62322 Residential mental and substance abuse care","County, NAICS 5-digit -- by ownership sector","All establishment sizes",4,0,0,0,0,0,0,"N",6.80,0,0,0,0,0,0,"N",0,0.0,0,0,0,0,0,0,0,0,0,0,0,0
"18017","5","623220","78","0","2020","A","N","Cass County, Indiana","Private","NAICS 623220 Residential mental and substance abuse care","County, NAICS 6-digit -- by ownership sector","All establishment sizes",4,0,0,0,0,0,0,"N",6.80,0,0,0,0,0,0,"N",0,0.0,0,0,0,0,0,0,0,0,0,0,0,0
"18017","5","6233","76","0","2020","A","","Cass County, Indiana","Private","NAICS 6233 Continuing care, assisted living facilities","County, NAICS 4-digit -- by ownership sector","All establishment sizes",3,51,1172296,472950,3151,445,23137,"",1.61,0.55,0.60,0.67,0.40,1.10,1.10,"N",0,0.0,0,0,0,0,0,0,0,0,0,0,0,0
"18017","5","62331","77","0","2020","A","","Cass County, Indiana","Private","NAICS 62331 Continuing care, assisted living facilities","County, NAICS 5-digit -- by ownership sector","All establishment sizes",3,51,1172296,472950,3151,445,23137,"",1.61,0.55,0.60,0.67,0.40,1.10,1.10,"N",0,0.0,0,0,0,0,0,0,0,0,0,0,0,0
"18017","5","623311","78","0","2020","A","N","Cass County, Indiana","Private","NAICS 623311 Continuing care retirement communities","County, NAICS 6-digit -- by ownership sector","All establishment sizes",1,0,0,0,0,0,0,"N",2.02,0,0,0,0,0,0,"N",0,0.0,0,0,0,0,0,0,0,0,0,0,0,0
"18017","5","623312","78","0","2020","A","N","Cass County, Indiana","Private","NAICS 623312 Assisted living facilities for the elderly","County, NAICS 6-digit -- by ownership sector","All establishment sizes",2,0,0,0,0,0,0,"N",1.46,0,0,0,0,0,0,"N",0,0.0,0,0,0,0,0,0,0,0,0,0,0,0
"18017","5","6239","76","0","2020","A","N","Cass County, Indiana","Private","NAICS 6239 Other residential care facilities","County, NAICS 4-digit -- by ownership sector","All establishment sizes",3,0,0,0,0,0,0,"N",6.61,0,0,0,0,0,0,"N",0,0.0,0,0,0,0,0,0,0,0,0,0,0,0
"18017","5","62399","77","0","2020","A","N","Cass County, Indiana","Private","NAICS 62399 Other residential care facilities","County, NAICS 5-digit -- by ownership sector","All establishment sizes",3,0,0,0,0,0,0,"N",6.61,0,0,0,0,0,0,"N",0,0.0,0,0,0,0,0,0,0,0,0,0,0,0
"18017","5","623990","78","0","2020","A","N","Cass County, Indiana","Private","NAICS 623990 Other residential care facilities","County, NAICS 6-digit -- by ownership sector","All establishment sizes",3,0,0,0,0,0,0,"N",6.61,0,0,0,0,0,0,"N",0,0.0,0,0,0,0,0,0,0,0,0,0,0,0
"18017","5","624","75","0","2020","A","","Cass County, Indiana","Private","NAICS 624 Social assistance","County, NAICS 3-digit -- by ownership sector","All establishment sizes",11,443,8379192,1926578,13256,364,18911,"",0.16,1.14,1.22,0.74,0.35,1.06,1.06,"",-1,-8.3,-8,-1.8,890251,11.9,183463,10.5,-2074,-13.5,45,14.1,2309,13.9
"18017","5","6241","76","0","2020","A","","Cass County, Indiana","Private","NAICS 6241 Individual and family services","County, NAICS 4-digit -- by ownership sector","All establishment sizes",7,250,5032501,1721526,11821,387,20103,"",0.11,0.95,1.13,1.00,0.44,1.19,1.18,"",1,16.7,24,10.6,625739,14.2,192379,12.6,-941,-7.4,12,3.2,604,3.1
"18017","5","62412","77","0","2020","A","N","Cass County, Indiana","Private","NAICS 62412 Services for the elderly and disabled","County, NAICS 5-digit -- by ownership sector","All establishment sizes",5,0,0,0,0,0,0,"N",0.08,0,0,0,0,0,0,"N",1,25.0,0,0,0,0,0,0,0,0,0,0,0,0
"18017","5","624120","78","0","2020","A","N","Cass County, Indiana","Private","NAICS 624120 Services for the elderly and disabled","County, NAICS 6-digit -- by ownership sector","All establishment sizes",5,0,0,0,0,0,0,"N",0.08,0,0,0,0,0,0,"N",1,25.0,0,0,0,0,0,0,0,0,0,0,0,0
"18017","5","62419","77","0","2020","A","N","Cass County, Indiana","Private","NAICS 62419 Other individual and family services","County, NAICS 5-digit -- by ownership sector","All establishment sizes",2,0,0,0,0,0,0,"N",0.88,0,0,0,0,0,0,"N",0,0.0,0,0,0,0,0,0,0,0,0,0,0,0
"18017","5","624190","78","0","2020","A","N","Cass County, Indiana","Private","NAICS 624190 Other individual and family services","County, NAICS 6-digit -- by ownership sector","All establishment sizes",2,0,0,0,0,0,0,"N",0.88,0,0,0,0,0,0,"N",0,0.0,0,0,0,0,0,0,0,0,0,0,0,0
"18017","5","6242","76","0","2020","A","N","Cass County, Indiana","Private","NAICS 6242 Emergency and other relief services","County, NAICS 4-digit -- by ownership sector","All establishment sizes",0,0,0,0,0,0,0,"N",0.00,0,0,0,0,0,0,"N",-1,-100.0,0,0,0,0,0,0,0,0,0,0,0,0
"18017","5","62421","77","0","2020","A","N","Cass County, Indiana","Private","NAICS 62421 Community food services","County, NAICS 5-digit -- by ownership sector","All establishment sizes",0,0,0,0,0,0,0,"N",0.00,0,0,0,0,0,0,"N",-1,-100.0,0,0,0,0,0,0,0,0,0,0,0,0
"18017","5","624210","78","0","2020","A","N","Cass County, Indiana","Private","NAICS 624210 Community food services","County, NAICS 6-digit -- by ownership sector","All establishment sizes",0,0,0,0,0,0,0,"N",0.00,0,0,0,0,0,0,"N",-1,-100.0,0,0,0,0,0,0,0,0,0,0,0,0
"18017","5","6243","76","0","2020","A","N","Cass County, Indiana","Private","NAICS 6243 Vocational rehabilitation services","County, NAICS 4-digit -- by ownership sector","All establishment sizes",2,0,0,0,0,0,0,"N",3.15,0,0,0,0,0,0,"N",0,0.0,0,0,0,0,0,0,0,0,0,0,0,0
"18017","5","62431","77","0","2020","A","N","Cass County, Indiana","Private","NAICS 62431 Vocational rehabilitation services","County, NAICS 5-digit -- by ownership sector","All establishment sizes",2,0,0,0,0,0,0,"N",3.15,0,0,0,0,0,0,"N",0,0.0,0,0,0,0,0,0,0,0,0,0,0,0
"18017","5","624310","78","0","2020","A","N","Cass County, Indiana","Private","NAICS 624310 Vocational rehabilitation services","County, NAICS 6-digit -- by ownership sector","All establishment sizes",2,0,0,0,0,0,0,"N",3.15,0,0,0,0,0,0,"N",0,0.0,0,0,0,0,0,0,0,0,0,0,0,0
"18017","5","6244","76","0","2020","A","N","Cass County, Indiana","Private","NAICS 6244 Child day care services","County, NAICS 4-digit -- by ownership sector","All establishment sizes",2,0,0,0,0,0,0,"N",0.40,0,0,0,0,0,0,"N",-1,-33.3,0,0,0,0,0,0,0,0,0,0,0,0
"18017","5","62441","77","0","2020","A","N","Cass County, Indiana","Private","NAICS 62441 Child day care services","County, NAICS 5-digit -- by ownership sector","All establishment sizes",2,0,0,0,0,0,0,"N",0.40,0,0,0,0,0,0,"N",-1,-33.3,0,0,0,0,0,0,0,0,0,0,0,0
"18017","5","624410","78","0","2020","A","N","Cass County, Indiana","Private","NAICS 624410 Child day care services","County, NAICS 6-digit -- by ownership sector","All establishment sizes",2,0,0,0,0,0,0,"N",0.40,0,0,0,0,0,0,"N",-1,-33.3,0,0,0,0,0,0,0,0,0,0,0,0
"18017","5","71","74","0","2020","A","","Cass County, Indiana","Private","NAICS 71 Arts, entertainment, and recreation","County, NAICS Sector -- by ownership sector","All establishment sizes",6,25,309879,183789,3469,237,12313,"",0.56,0.14,0.06,0.13,0.16,0.42,0.42,"",0,0.0,1,4.2,-26380,-7.8,-8583,-4.5,-780,-18.4,-35,-12.9,-1845,-13.0
"18017","5","711","75","0","2020","A","N","Cass County, Indiana","Private","NAICS 711 Performing arts and spectator sports","County, NAICS 3-digit -- by ownership sector","All establishment sizes",1,0,0,0,0,0,0,"N",0.23,0,0,0,0,0,0,"N",0,0.0,0,0,0,0,0,0,0,0,0,0,0,0
"18017","5","7115","76","0","2020","A","N","Cass County, Indiana","Private","NAICS 7115 Independent artists, writers, and performers","County, NAICS 4-digit -- by ownership sector","All establishment sizes",1,0,0,0,0,0,0,"N",0.46,0,0,0,0,0,0,"N",0,0.0,0,0,0,0,0,0,0,0,0,0,0,0
"18017","5","71151","77","0","2020","A","N","Cass County, Indiana","Private","NAICS 71151 Independent artists, writers, and performers","County, NAICS 5-digit -- by ownership sector","All establishment sizes",1,0,0,0,0,0,0,"N",0.46,0,0,0,0,0,0,"N",0,0.0,0,0,0,0,0,0,0,0,0,0,0,0
"18017","5","711510","78","0","2020","A","N","Cass County, Indiana","Private","NAICS 711510 Independent artists, writers, and performers","County, NAICS 6-digit -- by ownership sector","All establishment sizes",1,0,0,0,0,0,0,"N",0.46,0,0,0,0,0,0,"N",0,0.0,0,0,0,0,0,0,0,0,0,0,0,0
"18017","5","713","75","0","2020","A","N","Cass County, Indiana","Private","NAICS 713 Amusements, gambling, and recreation","County, NAICS 3-digit -- by ownership sector","All establishment sizes",5,0,0,0,0,0,0,"N",0.84,0,0,0,0,0,0,"N",0,0.0,0,0,0,0,0,0,0,0,0,0,0,0
"18017","5","7139","76","0","2020","A","N","Cass County, Indiana","Private","NAICS 7139 Other amusement and recreation industries","County, NAICS 4-digit -- by ownership sector","All establishment sizes",5,0,0,0,0,0,0,"N",0.91,0,0,0,0,0,0,"N",0,0.0,0,0,0,0,0,0,0,0,0,0,0,0
"18017","5","71391","77","0","2020","A","N","Cass County, Indiana","Private","NAICS 71391 Golf courses and country clubs","County, NAICS 5-digit -- by ownership sector","All establishment sizes",1,0,0,0,0,0,0,"N",1.37,0,0,0,0,0,0,"N",0,0.0,0,0,0,0,0,0,0,0,0,0,0,0
"18017","5","713910","78","0","2020","A","N","Cass County, Indiana","Private","NAICS 713910 Golf courses and country clubs","County, NAICS 6-digit -- by ownership sector","All establishment sizes",1,0,0,0,0,0,0,"N",1.37,0,0,0,0,0,0,"N",0,0.0,0,0,0,0,0,0,0,0,0,0,0,0
"18017","5","71394","77","0","2020","A","","Cass County, Indiana","Private","NAICS 71394 Fitness and recreational sports centers","County, NAICS 5-digit -- by ownership sector","All establishment sizes",3,10,116018,86941,822,235,12212,"",1.09,0.22,0.20,0.30,0.23,0.98,0.98,"",0,0.0,-1,-9.1,-28377,-19.7,-13507,-13.4,-854,-51.0,-10,-4.1,-529,-4.2
"18017","5","713940","78","0","2020","A","","Cass County, Indiana","Private","NAICS 713940 Fitness and recreational sports centers","County, NAICS 6-digit -- by ownership sector","All establishment sizes",3,10,116018,86941,822,235,12212,"",1.09,0.22,0.20,0.30,0.23,0.98,0.98,"",0,0.0,-1,-9.1,-28377,-19.7,-13507,-13.4,-854,-51.0,-10,-4.1,-529,-4.2
"18017","5","71395","77","0","2020","A","N","Cass County, Indiana","Private","NAICS 71395 Bowling centers","County, NAICS 5-digit -- by ownership sector","All establishment sizes",1,0,0,0,0,0,0,"N",4.23,0,0,0,0,0,0,"N",0,0.0,0,0,0,0,0,0,0,0,0,0,0,0
"18017","5","713950","78","0","2020","A","N","Cass County, Indiana","Private","NAICS 713950 Bowling centers","County, NAICS 6-digit -- by ownership sector","All establishment sizes",1,0,0,0,0,0,0,"N",4.23,0,0,0,0,0,0,"N",0,0.0,0,0,0,0,0,0,0,0,0,0,0,0
"18017","5","72","74","0","2020","A","","Cass County, Indiana","Private","NAICS 72 Accommodation and food services","County, NAICS Sector -- by ownership sector","All establishment sizes",72,868,12236322,7904297,67659,271,14104,"",1.46,0.78,0.75,0.82,0.65,0.96,0.96,"",3,4.3,-101,-10.4,-676970,-5.2,-410236,-4.9,1747,2.7,15,5.9,774,5.8
"18017","5","721","75","0","2020","A","","Cass County, Indiana","Private","NAICS 721 Accommodation","County, NAICS 3-digit -- by ownership sector","All establishment sizes",6,35,480649,360221,2847,265,13766,"",1.21,0.25,0.15,0.23,0.14,0.60,0.60,"",0,0.0,-4,-10.3,-74077,-13.4,-48573,-11.9,-39,-1.4,-10,-3.6,-519,-3.6
"18017","5","7211","76","0","2020","A","","Cass County, Indiana","Private","NAICS 7211 Traveler accommodation","County, NAICS 4-digit -- by ownership sector","All establishment sizes",6,35,480649,360221,2847,265,13766,"",1.40,0.26,0.16,0.24,0.15,0.60,0.60,"",0,0.0,-4,-10.3,-74077,-13.4,-48573,-11.9,-39,-1.4,-10,-3.6,-519,-3.6
"18017","5","72111","77","0","2020","A","N","Cass County, Indiana","Private","NAICS 72111 Hotels and motels, except casino hotels","County, NAICS 5-digit -- by ownership sector","All establishment sizes",5,0,0,0,0,0,0,"N",1.27,0,0,0,0,0,0,"N",0,0.0,0,0,0,0,0,0,0,0,0,0,0,0
"18017","5","721110","78","0","2020","A","N","Cass County, Indiana","Private","NAICS 721110 Hotels and motels, except casino hotels","County, NAICS 6-digit -- by ownership sector","All establishment sizes",5,0,0,0,0,0,0,"N",1.27,0,0,0,0,0,0,"N",0,0.0,0,0,0,0,0,0,0,0,0,0,0,0
"18017","5","72119","77","0","2020","A","N","Cass County, Indiana","Private","NAICS 72119 Other traveler accommodation","County, NAICS 5-digit -- by ownership sector","All establishment sizes",1,0,0,0,0,0,0,"N",3.01,0,0,0,0,0,0,"N",0,0.0,0,0,0,0,0,0,0,0,0,0,0,0
"18017","5","721191","78","0","2020","A","N","Cass County, Indiana","Private","NAICS 721191 Bed-and-breakfast inns","County, NAICS 6-digit -- by ownership sector","All establishment sizes",1,0,0,0,0,0,0,"N",5.58,0,0,0,0,0,0,"N",0,0.0,0,0,0,0,0,0,0,0,0,0,0,0
"18017","5","722","75","0","2020","A","","Cass County, Indiana","Private","NAICS 722 Food services and drinking places","County, NAICS 3-digit -- by ownership sector","All establishment sizes",66,833,11755673,7544076,64812,272,14118,"",1.49,0.86,0.89,0.94,0.78,1.04,1.04,"",3,4.8,-97,-10.4,-602893,-4.9,-361663,-4.6,1786,2.8,16,6.2,828,6.2
"18017","5","7223","76","0","2020","A","","Cass County, Indiana","Private","NAICS 7223 Special food services","County, NAICS 4-digit -- by ownership sector","All establishment sizes",5,28,781260,332856,6951,535,27819,"",1.76,0.59,0.82,0.72,0.65,1.39,1.39,"",0,0.0,-3,-9.7,-5462,-0.7,27207,8.9,573,9.0,48,9.9,2509,9.9
"18017","5","72231","77","0","2020","A","N","Cass County, Indiana","Private","NAICS 72231 Food service contractors","County, NAICS 5-digit -- by ownership sector","All establishment sizes",3,0,0,0,0,0,0,"N",1.95,0,0,0,0,0,0,"N",0,0.0,0,0,0,0,0,0,0,0,0,0,0,0
"18017","5","722310","78","0","2020","A","N","Cass County, Indiana","Private","NAICS 722310 Food service contractors","County, NAICS 6-digit -- by ownership sector","All establishment sizes",3,0,0,0,0,0,0,"N",1.95,0,0,0,0,0,0,"N",0,0.0,0,0,0,0,0,0,0,0,0,0,0,0
"18017","5","72232","77","0","2020","A","N","Cass County, Indiana","Private","NAICS 72232 Caterers","County, NAICS 5-digit -- by ownership sector","All establishment sizes",2,0,0,0,0,0,0,"N",2.33,0,0,0,0,0,0,"N",0,0.0,0,0,0,0,0,0,0,0,0,0,0,0
"18017","5","722320","78","0","2020","A","N","Cass County, Indiana","Private","NAICS 722320 Caterers","County, NAICS 6-digit -- by ownership sector","All establishment sizes",2,0,0,0,0,0,0,"N",2.33,0,0,0,0,0,0,"N",0,0.0,0,0,0,0,0,0,0,0,0,0,0,0
"18017","5","7224","76","0","2020","A","","Cass County, Indiana","Private","NAICS 7224 Drinking places, alcoholic beverages","County, NAICS 4-digit -- by ownership sector","All establishment sizes",10,21,263592,185143,1954,245,12754,"",3.51,0.77,0.76,0.78,0.75,1.00,1.00,"",1,11.1,0,0.0,2193,0.8,6949,3.9,-153,-7.3,6,2.5,306,2.5
"18017","5","72241","77","0","2020","A","","Cass County, Indiana","Private","NAICS 72241 Drinking places, alcoholic beverages","County, NAICS 5-digit -- by ownership sector","All establishment sizes",10,21,263592,185143,1954,245,12754,"",3.51,0.77,0.76,0.78,0.75,1.00,1.00,"",1,11.1,0,0.0,2193,0.8,6949,3.9,-153,-7.3,6,2.5,306,2.5
"18017","5","722410","78","0","2020","A","","Cass County, Indiana","Private","NAICS 722410 Drinking places, alcoholic beverages","County, NAICS 6-digit -- by ownership sector","All establishment sizes",10,21,263592,185143,1954,245,12754,"",3.51,0.77,0.76,0.78,0.75,1.00,1.00,"",1,11.1,0,0.0,2193,0.8,6949,3.9,-153,-7.3,6,2.5,306,2.5
"18017","5","7225","76","0","2020","A","","Cass County, Indiana","Private","NAICS 7225 Restaurants and other eating places","County, NAICS 4-digit -- by ownership sector","All establishment sizes",51,784,10710821,7026077,55907,263,13663,"",1.32,0.87,0.90,0.96,0.80,1.03,1.03,"",2,4.1,-94,-10.7,-599624,-5.3,-395819,-5.3,1366,2.5,15,6.0,778,6.0
"18017","5","72251","77","0","2020","A","","Cass County, Indiana","Private","NAICS 72251 Restaurants and other eating places","County, NAICS 5-digit -- by ownership sector","All establishment sizes",51,784,10710821,7026077,55907,263,13663,"",1.32,0.87,0.90,0.96,0.80,1.03,1.03,"",2,4.1,-94,-10.7,-599624,-5.3,-395819,-5.3,1366,2.5,15,6.0,778,6.0
"18017","5","722511","78","0","2020","A","","Cass County, Indiana","Private","NAICS 722511 Full-service restaurants","County, NAICS 6-digit -- by ownership sector","All establishment sizes",22,285,4166903,2623832,30152,281,14612,"",1.31,0.70,0.70,0.73,0.82,0.99,0.99,"",3,15.8,-41,-12.6,-682878,-14.1,-322203,-10.9,7583,33.6,-5,-1.7,-257,-1.7
"18017","5","722513","78","0","2020","A","","Cass County, Indiana","Private","NAICS 722513 Limited-service restaurants","County, NAICS 6-digit -- by ownership sector","All establishment sizes",24,454,5741215,3923955,22023,243,12637,"",1.43,1.09,1.17,1.27,0.82,1.07,1.07,"",-2,-7.7,-48,-9.6,69779,1.2,-145769,-3.6,-6103,-21.7,26,12.0,1328,11.7
"18017","5","722514","78","0","2020","A","N","Cass County, Indiana","Private","NAICS 722514 Cafeterias, grill buffets, and buffets","County, NAICS 6-digit -- by ownership sector","All establishment sizes",2,0,0,0,0,0,0,"N",4.91,0,0,0,0,0,0,"N",0,0.0,0,0,0,0,0,0,0,0,0,0,0,0
"18017","5","722515","78","0","2020","A","N","Cass County, Indiana","Private","NAICS 722515 Snack and nonalcoholic beverage bars","County, NAICS 6-digit -- by ownership sector","All establishment sizes",3,0,0,0,0,0,0,"N",0.66,0,0,0,0,0,0,"N",1,50.0,0,0,0,0,0,0,0,0,0,0,0,0
"18017","5","81","74","0","2020","A","","Cass County, Indiana","Private","NAICS 81 Other services, except public administration","County, NAICS Sector -- by ownership sector","All establishment sizes",61,246,5966814,2082905,20587,467,24264,"",1.10,0.62,0.53,0.60,0.48,0.85,0.85,"",-4,-6.2,-29,-10.5,-259830,-4.2,-256097,-10.9,-1269,-5.8,32,7.4,1656,7.3
"18017","5","811","75","0","2020","A","","Cass County, Indiana","Private","NAICS 811 Repair and maintenance","County, NAICS 3-digit -- by ownership sector","All establishment sizes",28,82,2835175,905399,9794,662,34401,"",1.78,0.64,0.70,0.68,0.59,1.09,1.08,"",1,3.7,-6,-6.8,159523,6.0,22871,2.6,-230,-2.3,75,12.8,3851,12.6
"18017","5","8111","76","0","2020","A","","Cass County, Indiana","Private","NAICS 8111 Automotive repair and maintenance","County, NAICS 4-digit -- by ownership sector","All establishment sizes",20,56,2058381,617665,6664,712,37032,"",1.80,0.63,0.82,0.68,0.65,1.32,1.32,"",1,5.3,-4,-6.7,98355,5.0,26951,4.6,439,7.1,88,14.1,4590,14.1
"18017","5","81111","77","0","2020","A","","Cass County, Indiana","Private","NAICS 81111 Automotive mechanical and electrical repair","County, NAICS 5-digit -- by ownership sector","All establishment sizes",13,33,1162878,376604,5103,686,35689,"",2.07,0.84,1.00,0.91,1.13,1.20,1.20,"",1,8.3,0,0.0,63133,5.7,43804,13.2,900,21.4,52,8.2,2697,8.2
"18017","5","811111","78","0","2020","A","N","Cass County, Indiana","Private","NAICS 811111 General automotive repair","County, NAICS 6-digit -- by ownership sector","All establishment sizes",11,0,0,0,0,0,0,"N",1.99,0,0,0,0,0,0,"N",1,10.0,0,0,0,0,0,0,0,0,0,0,0,0
"18017","5","811113","78","0","2020","A","N","Cass County, Indiana","Private","NAICS 811113 Automotive transmission repair","County, NAICS 6-digit -- by ownership sector","All establishment sizes",2,0,0,0,0,0,0,"N",7.64,0,0,0,0,0,0,"N",0,0.0,0,0,0,0,0,0,0,0,0,0,0,0
"18017","5","81112","77","0","2020","A","N","Cass County, Indiana","Private","NAICS 81112 Automotive body, interior, and glass repair","County, NAICS 5-digit -- by ownership sector","All establishment sizes",5,0,0,0,0,0,0,"N",1.81,0,0,0,0,0,0,"N",0,0.0,0,0,0,0,0,0,0,0,0,0,0,0
"18017","5","811121","78","0","2020","A","N","Cass County, Indiana","Private","NAICS 811121 Automotive body and interior repair","County, NAICS 6-digit -- by ownership sector","All establishment sizes",5,0,0,0,0,0,0,"N",2.12,0,0,0,0,0,0,"N",0,0.0,0,0,0,0,0,0,0,0,0,0,0,0
"18017","5","81119","77","0","2020","A","N","Cass County, Indiana","Private","NAICS 81119 Other automotive repair and maintenance","County, NAICS 5-digit -- by ownership sector","All establishment sizes",2,0,0,0,0,0,0,"N",0.98,0,0,0,0,0,0,"N",-1,-33.3,0,0,0,0,0,0,0,0,0,0,0,0
"18017","5","811191","78","0","2020","A","N","Cass County, Indiana","Private","NAICS 811191 Automotive oil change and lubrication shops","County, NAICS 6-digit -- by ownership sector","All establishment sizes",1,0,0,0,0,0,0,"N",2.02,0,0,0,0,0,0,"N",0,0.0,0,0,0,0,0,0,0,0,0,0,0,0
"18017","5","811192","78","0","2020","A","N","Cass County, Indiana","Private","NAICS 811192 Car washes","County, NAICS 6-digit -- by ownership sector","All establishment sizes",1,0,0,0,0,0,0,"N",0.89,0,0,0,0,0,0,"N",-1,-50.0,0,0,0,0,0,0,0,0,0,0,0,0
"18017","5","8113","76","0","2020","A","N","Cass County, Indiana","Private","NAICS 8113 Commercial machinery repair and maintenance","County, NAICS 4-digit -- by ownership sector","All establishment sizes",6,0,0,0,0,0,0,"N",3.05,0,0,0,0,0,0,"N",0,0.0,0,0,0,0,0,0,0,0,0,0,0,0
"18017","5","81131","77","0","2020","A","N","Cass County, Indiana","Private","NAICS 81131 Commercial machinery repair and maintenance","County, NAICS 5-digit -- by ownership sector","All establishment sizes",6,0,0,0,0,0,0,"N",3.05,0,0,0,0,0,0,"N",0,0.0,0,0,0,0,0,0,0,0,0,0,0,0
"18017","5","811310","78","0","2020","A","N","Cass County, Indiana","Private","NAICS 811310 Commercial machinery repair and maintenance","County, NAICS 6-digit -- by ownership sector","All establishment sizes",6,0,0,0,0,0,0,"N",3.05,0,0,0,0,0,0,"N",0,0.0,0,0,0,0,0,0,0,0,0,0,0,0
"18017","5","8114","76","0","2020","A","N","Cass County, Indiana","Private","NAICS 8114 Household goods repair and maintenance","County, NAICS 4-digit -- by ownership sector","All establishment sizes",2,0,0,0,0,0,0,"N",1.31,0,0,0,0,0,0,"N",0,0.0,0,0,0,0,0,0,0,0,0,0,0,0
"18017","5","81141","77","0","2020","A","N","Cass County, Indiana","Private","NAICS 81141 Home and garden equip. and appliance repair","County, NAICS 5-digit -- by ownership sector","All establishment sizes",1,0,0,0,0,0,0,"N",2.09,0,0,0,0,0,0,"N",0,0.0,0,0,0,0,0,0,0,0,0,0,0,0
"18017","5","811411","78","0","2020","A","N","Cass County, Indiana","Private","NAICS 811411 Home and garden equipment repair","County, NAICS 6-digit -- by ownership sector","All establishment sizes",1,0,0,0,0,0,0,"N",8.10,0,0,0,0,0,0,"N",0,0.0,0,0,0,0,0,0,0,0,0,0,0,0
"18017","5","81142","77","0","2020","A","N","Cass County, Indiana","Private","NAICS 81142 Reupholstery and furniture repair","County, NAICS 5-digit -- by ownership sector","All establishment sizes",1,0,0,0,0,0,0,"N",4.00,0,0,0,0,0,0,"N",0,0.0,0,0,0,0,0,0,0,0,0,0,0,0
"18017","5","811420","78","0","2020","A","N","Cass County, Indiana","Private","NAICS 811420 Reupholstery and furniture repair","County, NAICS 6-digit -- by ownership sector","All establishment sizes",1,0,0,0,0,0,0,"N",4.00,0,0,0,0,0,0,"N",0,0.0,0,0,0,0,0,0,0,0,0,0,0,0
"18017","5","812","75","0","2020","A","","Cass County, Indiana","Private","NAICS 812 Personal and laundry services","County, NAICS 3-digit -- by ownership sector","All establishment sizes",14,68,2002723,629444,4912,568,29560,"",0.88,0.55,0.81,0.55,0.38,1.48,1.48,"",-2,-12.5,-7,-9.3,-223187,-10.0,-143210,-18.5,-860,-14.9,-2,-0.4,-86,-0.3
"18017","5","8121","76","0","2020","A","N","Cass County, Indiana","Private","NAICS 8121 Personal care services","County, NAICS 4-digit -- by ownership sector","All establishment sizes",6,0,0,0,0,0,0,"N",0.66,0,0,0,0,0,0,"N",-1,-14.3,0,0,0,0,0,0,0,0,0,0,0,0
"18017","5","81211","77","0","2020","A","","Cass County, Indiana","Private","NAICS 81211 Hair, nail, and skin care services","County, NAICS 5-digit -- by ownership sector","All establishment sizes",5,23,418883,209663,1048,358,18617,"",0.68,0.52,0.57,0.49,0.24,1.13,1.13,"",-1,-16.7,-7,-23.3,-322812,-43.5,-131801,-38.6,-776,-42.5,-117,-24.6,-6106,-24.7
"18017","5","812112","78","0","2020","A","","Cass County, Indiana","Private","NAICS 812112 Beauty salons","County, NAICS 6-digit -- by ownership sector","All establishment sizes",5,23,418883,209663,1048,358,18617,"",1.00,0.71,0.74,0.68,0.36,1.07,1.07,"",-1,-16.7,-7,-23.3,-322812,-43.5,-131801,-38.6,-776,-42.5,-117,-24.6,-6106,-24.7
"18017","5","81219","77","0","2020","A","N","Cass County, Indiana","Private","NAICS 81219 Other personal care services","County, NAICS 5-digit -- by ownership sector","All establishment sizes",1,0,0,0,0,0,0,"N",0.56,0,0,0,0,0,0,"N",0,0.0,0,0,0,0,0,0,0,0,0,0,0,0
"18017","5","812199","78","0","2020","A","N","Cass County, Indiana","Private","NAICS 812199 Other personal care services","County, NAICS 6-digit -- by ownership sector","All establishment sizes",1,0,0,0,0,0,0,"N",0.64,0,0,0,0,0,0,"N",0,0.0,0,0,0,0,0,0,0,0,0,0,0,0
"18017","5","8122","76","0","2020","A","","Cass County, Indiana","Private","NAICS 8122 Death care services","County, NAICS 4-digit -- by ownership sector","All establishment sizes",7,37,1509798,361230,2488,776,40351,"",5.69,2.83,4.07,3.33,2.09,1.42,1.42,"",-1,-12.5,0,0.0,120001,8.6,1826,0.5,-414,-14.3,45,6.2,2361,6.2
"18017","5","81221","77","0","2020","A","N","Cass County, Indiana","Private","NAICS 81221 Funeral homes and funeral services","County, NAICS 5-digit -- by ownership sector","All establishment sizes",5,0,0,0,0,0,0,"N",5.37,0,0,0,0,0,0,"N",-1,-16.7,0,0,0,0,0,0,0,0,0,0,0,0
"18017","5","812210","78","0","2020","A","N","Cass County, Indiana","Private","NAICS 812210 Funeral homes and funeral services","County, NAICS 6-digit -- by ownership sector","All establishment sizes",5,0,0,0,0,0,0,"N",5.37,0,0,0,0,0,0,"N",-1,-16.7,0,0,0,0,0,0,0,0,0,0,0,0
"18017","5","81222","77","0","2020","A","N","Cass County, Indiana","Private","NAICS 81222 Cemeteries and crematories","County, NAICS 5-digit -- by ownership sector","All establishment sizes",2,0,0,0,0,0,0,"N",6.70,0,0,0,0,0,0,"N",0,0.0,0,0,0,0,0,0,0,0,0,0,0,0
"18017","5","812220","78","0","2020","A","N","Cass County, Indiana","Private","NAICS 812220 Cemeteries and crematories","County, NAICS 6-digit -- by ownership sector","All establishment sizes",2,0,0,0,0,0,0,"N",6.70,0,0,0,0,0,0,"N",0,0.0,0,0,0,0,0,0,0,0,0,0,0,0
"18017","5","8129","76","0","2020","A","N","Cass County, Indiana","Private","NAICS 8129 Other personal services","County, NAICS 4-digit -- by ownership sector","All establishment sizes",1,0,0,0,0,0,0,"N",0.29,0,0,0,0,0,0,"N",0,0.0,0,0,0,0,0,0,0,0,0,0,0,0
"18017","5","81291","77","0","2020","A","N","Cass County, Indiana","Private","NAICS 81291 Pet care, except veterinary, services","County, NAICS 5-digit -- by ownership sector","All establishment sizes",1,0,0,0,0,0,0,"N",0.70,0,0,0,0,0,0,"N",0,0.0,0,0,0,0,0,0,0,0,0,0,0,0
"18017","5","812910","78","0","2020","A","N","Cass County, Indiana","Private","NAICS 812910 Pet care, except veterinary, services","County, NAICS 6-digit -- by ownership sector","All establishment sizes",1,0,0,0,0,0,0,"N",0.70,0,0,0,0,0,0,"N",0,0.0,0,0,0,0,0,0,0,0,0,0,0,0
"18017","5","813","75","0","2020","A","","Cass County, Indiana","Private","NAICS 813 Membership associations and organizations","County, NAICS 3-digit -- by ownership sector","All establishment sizes",14,89,1010736,476807,4493,218,11357,"",1.34,0.72,0.23,0.59,0.40,0.32,0.32,"",0,0.0,-15,-14.4,-114989,-10.2,-64961,-12.0,-92,-2.0,9,4.3,507,4.7
"18017","5","8132","76","0","2020","A","N","Cass County, Indiana","Private","NAICS 8132 Grantmaking and giving services","County, NAICS 4-digit -- by ownership sector","All establishment sizes",1,0,0,0,0,0,0,"N",0.80,0,0,0,0,0,0,"N",0,0.0,0,0,0,0,0,0,0,0,0,0,0,0
"18017","5","81321","77","0","2020","A","N","Cass County, Indiana","Private","NAICS 81321 Grantmaking and giving services","County, NAICS 5-digit -- by ownership sector","All establishment sizes",1,0,0,0,0,0,0,"N",0.80,0,0,0,0,0,0,"N",0,0.0,0,0,0,0,0,0,0,0,0,0,0,0
"18017","5","813219","78","0","2020","A","N","Cass County, Indiana","Private","NAICS 813219 Other grantmaking and giving services","County, NAICS 6-digit -- by ownership sector","All establishment sizes",1,0,0,0,0,0,0,"N",3.54,0,0,0,0,0,0,"N",0,0.0,0,0,0,0,0,0,0,0,0,0,0,0
"18017","5","8133","76","0","2020","A","N","Cass County, Indiana","Private","NAICS 8133 Social advocacy organizations","County, NAICS 4-digit -- by ownership sector","All establishment sizes",1,0,0,0,0,0,0,"N",0.58,0,0,0,0,0,0,"N",0,0.0,0,0,0,0,0,0,0,0,0,0,0,0
"18017","5","81331","77","0","2020","A","N","Cass County, Indiana","Private","NAICS 81331 Social advocacy organizations","County, NAICS 5-digit -- by ownership sector","All establishment sizes",1,0,0,0,0,0,0,"N",0.58,0,0,0,0,0,0,"N",0,0.0,0,0,0,0,0,0,0,0,0,0,0,0
"18017","5","813312","78","0","2020","A","N","Cass County, Indiana","Private","NAICS 813312 Environment and conservation organizations","County, NAICS 6-digit -- by ownership sector","All establishment sizes",1,0,0,0,0,0,0,"N",1.97,0,0,0,0,0,0,"N",0,0.0,0,0,0,0,0,0,0,0,0,0,0,0
"18017","5","8134","76","0","2020","A","","Cass County, Indiana","Private","NAICS 8134 Civic and social organizations","County, NAICS 4-digit -- by ownership sector","All establishment sizes",7,60,635585,356225,3891,205,10667,"",4.07,2.22,1.37,3.48,2.78,0.62,0.62,"",0,0.0,-11,-15.5,-100166,-13.6,-55857,-13.6,-46,-1.2,7,3.5,353,3.4
"18017","5","81341","77","0","2020","A","","Cass County, Indiana","Private","NAICS 81341 Civic and social organizations","County, NAICS 5-digit -- by ownership sector","All establishment sizes",7,60,635585,356225,3891,205,10667,"",4.07,2.22,1.37,3.48,2.78,0.62,0.62,"",0,0.0,-11,-15.5,-100166,-13.6,-55857,-13.6,-46,-1.2,7,3.5,353,3.4
"18017","5","813410","78","0","2020","A","","Cass County, Indiana","Private","NAICS 813410 Civic and social organizations","County, NAICS 6-digit -- by ownership sector","All establishment sizes",7,60,635585,356225,3891,205,10667,"",4.07,2.22,1.37,3.48,2.78,0.62,0.62,"",0,0.0,-11,-15.5,-100166,-13.6,-55857,-13.6,-46,-1.2,7,3.5,353,3.4
"18017","5","8139","76","0","2020","A","","Cass County, Indiana","Private","NAICS 8139 Professional and similar organizations","County, NAICS 4-digit -- by ownership sector","All establishment sizes",5,19,157943,57668,287,158,8241,"",1.23,0.45,0.08,0.16,0.06,0.18,0.18,"",0,0.0,-2,-9.5,-3021,-1.9,-3794,-6.2,-20,-6.5,11,7.5,576,7.5
"18017","5","81391","77","0","2020","A","N","Cass County, Indiana","Private","NAICS 81391 Business associations","County, NAICS 5-digit -- by ownership sector","All establishment sizes",3,0,0,0,0,0,0,"N",2.25,0,0,0,0,0,0,"N",0,0.0,0,0,0,0,0,0,0,0,0,0,0,0
"18017","5","813910","78","0","2020","A","N","Cass County, Indiana","Private","NAICS 813910 Business associations","County, NAICS 6-digit -- by ownership sector","All establishment sizes",3,0,0,0,0,0,0,"N",2.25,0,0,0,0,0,0,"N",0,0.0,0,0,0,0,0,0,0,0,0,0,0,0
"18017","5","81393","77","0","2020","A","N","Cass County, Indiana","Private","NAICS 81393 Labor unions and similar labor organizations","County, NAICS 5-digit -- by ownership sector","All establishment sizes",2,0,0,0,0,0,0,"N",2.26,0,0,0,0,0,0,"N",0,0.0,0,0,0,0,0,0,0,0,0,0,0,0
"18017","5","813930","78","0","2020","A","N","Cass County, Indiana","Private","NAICS 813930 Labor unions and similar labor organizations","County, NAICS 6-digit -- by ownership sector","All establishment sizes",2,0,0,0,0,0,0,"N",2.26,0,0,0,0,0,0,"N",0,0.0,0,0,0,0,0,0,0,0,0,0,0,0
"18017","5","814","75","0","2020","A","","Cass County, Indiana","Private","NAICS 814 Private households","County, NAICS 3-digit -- by ownership sector","All establishment sizes",6,7,118180,71255,1388,337,17508,"",0.44,0.32,0.25,0.37,0.52,0.81,0.81,"",-3,-33.3,-2,-22.2,-81177,-40.7,-70797,-49.8,-87,-5.9,-89,-20.9,-4643,-21.0
"18017","5","8141","76","0","2020","A","","Cass County, Indiana","Private","NAICS 8141 Private households","County, NAICS 4-digit -- by ownership sector","All establishment sizes",6,7,118180,71255,1388,337,17508,"",0.44,0.32,0.25,0.37,0.52,0.81,0.81,"",-3,-33.3,-2,-22.2,-81177,-40.7,-70797,-49.8,-87,-5.9,-89,-20.9,-4643,-21.0
"18017","5","81411","77","0","2020","A","","Cass County, Indiana","Private","NAICS 81411 Private households","County, NAICS 5-digit -- by ownership sector","All establishment sizes",6,7,118180,71255,1388,337,17508,"",0.44,0.32,0.25,0.37,0.52,0.81,0.81,"",-3,-33.3,-2,-22.2,-81177,-40.7,-70797,-49.8,-87,-5.9,-89,-20.9,-4643,-21.0
"18017","5","814110","78","0","2020","A","","Cass County, Indiana","Private","NAICS 814110 Private households","County, NAICS 6-digit -- by ownership sector","All establishment sizes",6,7,118180,71255,1388,337,17508,"",0.44,0.32,0.25,0.37,0.52,0.81,0.81,"",-3,-33.3,-2,-22.2,-81177,-40.7,-70797,-49.8,-87,-5.9,-89,-20.9,-4643,-21.0
