"area_fips","own_code","industry_code","agglvl_code","size_code","year","qtr","disclosure_code","area_title","own_title","industry_title","agglvl_title","size_title","annual_avg_estabs_count","annual_avg_emplvl","total_annual_wages","taxable_annual_wages","annual_contributions","annual_avg_wkly_wage","avg_annual_pay","lq_disclosure_code","lq_annual_avg_estabs_count","lq_annual_avg_emplvl","lq_total_annual_wages","lq_taxable_annual_wages","lq_annual_contributions","lq_annual_avg_wkly_wage","lq_avg_annual_pay","oty_disclosure_code","oty_annual_avg_estabs_count_chg","oty_annual_avg_estabs_count_pct_chg","oty_annual_avg_emplvl_chg","oty_annual_avg_emplvl_pct_chg","oty_total_annual_wages_chg","oty_total_annual_wages_pct_chg","oty_taxable_annual_wages_chg","oty_taxable_annual_wages_pct_chg","oty_annual_contributions_chg","oty_annual_contributions_pct_chg","oty_annual_avg_wkly_wage_chg","oty_annual_avg_wkly_wage_pct_chg","oty_avg_annual_pay_chg","oty_avg_annual_pay_pct_chg"
"C2094","0","10","40","0","2020","A","","El Centro, CA MSA","Total Covered","10 Total, all industries","MSA, Total Covered","All establishment sizes",8180,60515,2765256457,428472263,21362508,879,45696,"",1.00,1.00,1.00,1.00,1.00,1.00,1.00,"",252,3.2,-2923,-4.6,122749185,4.6,1131599,0.3,662291,3.2,78,9.7,4041,9.7
"C2094","1","10","41","0","2020","A","","El Centro, CA MSA","Federal Government","10 Total, all industries","MSA, Total -- by ownership sector","All establishment sizes",49,2310,221788204,0,0,1846,96016,"",1.02,1.81,2.85,0.00,0.00,1.57,1.57,"",-1,-2.0,184,8.7,9207751,4.3,0,0.0,0,0.0,-77,-4.0,-3983,-4.0
"C2094","2","10","41","0","2020","A","","El Centro, CA MSA","State Government","10 Total, all industries","MSA, Total -- by ownership sector","All establishment sizes",90,2959,185964091,0,0,1209,62850,"",1.65,1.48,1.98,0.00,0.00,1.34,1.34,"",-1,-1.1,-52,-1.7,24632757,15.3,0,0.0,0,0.0,178,17.3,9262,17.3
"C2094","3","10","41","0","2020","A","","El Centro, CA MSA","Local Government","10 Total, all industries","MSA, Total -- by ownership sector","All establishment sizes",158,12834,777628820,7331202,391865,1165,60590,"",1.18,2.16,3.23,1.22,3.17,1.49,1.49,"",2,1.3,-739,-5.4,15076649,2.0,-884493,-10.8,-65104,-14.2,85,7.9,4407,7.8
"C2094","5","10","41","0","2020","A","","El Centro, CA MSA","Private","10 Total, all industries","MSA, Total -- by ownership sector","All establishment sizes",7883,42412,1579875342,421141061,20970643,716,37251,"",0.99,0.83,0.67,1.00,0.99,0.81,0.81,"",251,3.3,-2317,-5.2,73832028,4.9,2016092,0.5,727395,3.6,68,10.5,3580,10.6
"C2094","5","101","42","0","2020","A","","El Centro, CA MSA","Private","101 Goods-producing","MSA, by Domain -- by ownership sector","All establishment sizes",524,14025,588239059,190006010,10302143,807,41944,"",0.50,1.53,1.28,2.12,1.76,0.84,0.84,"",-2,-0.4,-249,-1.7,35452288,6.4,2452543,1.3,-319735,-3.0,62,8.3,3218,8.3
"C2094","5","1011","43","0","2020","A","","El Centro, CA MSA","Private","1011 Natural resources and mining","MSA, by Supersector -- by ownership sector","All establishment sizes",290,10746,414053939,158222060,8717133,741,38531,"",2.64,13.87,12.24,19.46,15.61,0.88,0.88,"",-3,-1.0,-369,-3.3,22197582,5.7,879304,0.6,-315918,-3.5,63,9.3,3275,9.3
"C2094","5","1012","43","0","2020","A","","El Centro, CA MSA","Private","1012 Construction","MSA, by Supersector -- by ownership sector","All establishment sizes",176,1488,82014212,16133807,881307,1060,55123,"",0.27,0.47,0.54,0.49,0.31,1.15,1.15,"",2,1.1,-56,-3.6,-730027,-0.9,11964,0.1,-37230,-4.1,29,2.8,1518,2.8
"C2094","5","1013","43","0","2020","A","","El Centro, CA MSA","Private","1013 Manufacturing","MSA, by Supersector -- by ownership sector","All establishment sizes",58,1791,92170908,15650143,703703,990,51471,"",0.21,0.34,0.33,0.32,0.28,0.98,0.98,"",-1,-1.7,175,10.8,13984733,17.9,1561275,11.1,33413,5.0,59,6.3,3083,6.4
"C2094","5","102","42","0","2020","A","","El Centro, CA MSA","Private","102 Service-providing","MSA, by Domain -- by ownership sector","All establishment sizes",7359,28387,991636283,231135051,10668500,672,34933,"",1.07,0.67,0.52,0.70,0.69,0.78,0.78,"",253,3.6,-2068,-6.8,38379740,4.0,-436451,-0.2,1047130,10.9,70,11.6,3632,11.6
"C2094","5","1021","43","0","2020","A","","El Centro, CA MSA","Private","1021 Trade, transportation, and utilities","MSA, by Supersector -- by ownership sector","All establishment sizes",829,11014,457311221,92391445,5198931,798,41519,"",0.55,0.96,1.06,0.94,1.29,1.11,1.11,"",0,0.0,-1114,-9.2,15946110,3.6,-1491632,-1.6,1181023,29.4,98,14.0,5127,14.1
"C2094","5","1022","43","0","2020","A","","El Centro, CA MSA","Private","1022 Information","MSA, by Supersector -- by ownership sector","All establishment sizes",28,214,10579152,1486882,66340,950,49378,"",0.18,0.18,0.09,0.13,0.10,0.51,0.51,"",1,3.7,-55,-20.4,-1100565,-9.4,-284134,-16.0,-12273,-15.6,116,13.9,5986,13.8
"C2094","5","1023","43","0","2020","A","","El Centro, CA MSA","Private","1023 Financial activities","MSA, by Supersector -- by ownership sector","All establishment sizes",252,1156,57992651,8489843,392234,965,50167,"",0.34,0.32,0.21,0.26,0.26,0.66,0.66,"",0,0.0,-74,-6.0,2646931,4.8,-57181,-0.7,-16178,-4.0,100,11.6,5177,11.5
"C2094","5","1024","43","0","2020","A","","El Centro, CA MSA","Private","1024 Professional and business services","MSA, by Supersector -- by ownership sector","All establishment sizes",323,2742,119534766,27569778,1225865,838,43599,"",0.21,0.31,0.22,0.33,0.26,0.72,0.72,"",-7,-2.1,246,9.9,18850196,18.7,2245165,8.9,44659,3.8,62,8.0,3262,8.1
"C2094","5","1025","43","0","2020","A","","El Centro, CA MSA","Private","1025 Education and health services","MSA, by Supersector -- by ownership sector","All establishment sizes",5436,9044,248021492,62999161,2326959,527,27425,"",3.71,0.93,0.65,1.27,1.13,0.69,0.69,"",263,5.1,18,0.2,19430397,8.5,4402344,7.5,90350,4.0,40,8.2,2098,8.3
"C2094","5","1026","43","0","2020","A","","El Centro, CA MSA","Private","1026 Leisure and hospitality","MSA, by Supersector -- by ownership sector","All establishment sizes",287,3404,69695119,31090018,1125352,394,20473,"",0.41,0.61,0.68,0.76,0.67,1.11,1.11,"",-9,-3.0,-971,-22.2,-15558993,-18.3,-4641873,-13.0,-200180,-15.1,19,5.1,986,5.1
"C2094","5","1027","43","0","2020","A","","El Centro, CA MSA","Private","1027 Other services","MSA, by Supersector -- by ownership sector","All establishment sizes",205,813,28501882,7107924,332819,674,35068,"",0.32,0.47,0.53,0.55,0.57,1.11,1.11,"",6,3.0,-118,-12.7,-1834336,-6.0,-609140,-7.9,-40271,-10.8,47,7.5,2475,7.6
"C2094","5","11","44","0","2020","A","N","El Centro, CA MSA","Private","NAICS 11 Agriculture, forestry, fishing and hunting","MSA, NAICS Sector -- by ownership sector","All establishment sizes",286,0,0,0,0,0,0,"N",3.37,0,0,0,0,0,0,"N",-3,-1.0,0,0,0,0,0,0,0,0,0,0,0,0
"C2094","5","111","45","0","2020","A","","El Centro, CA MSA","Private","NAICS 111 Crop production","MSA, NAICS 3-digit -- by ownership sector","All establishment sizes",138,3713,154790420,56111300,3064368,802,41693,"",3.59,15.79,24.22,23.95,18.30,1.53,1.53,"",-2,-1.4,-426,-10.3,5418280,3.6,-3628099,-6.1,-285633,-8.5,108,15.6,5601,15.5
"C2094","5","1111","46","0","2020","A","N","El Centro, CA MSA","Private","NAICS 1111 Oilseed and grain farming","MSA, NAICS 4-digit -- by ownership sector","All establishment sizes",6,0,0,0,0,0,0,"N",0.59,0,0,0,0,0,0,"N",-1,-14.3,0,0,0,0,0,0,0,0,0,0,0,0
"C2094","5","11114","47","0","2020","A","","El Centro, CA MSA","Private","NAICS 11114 Wheat farming","MSA, NAICS 5-digit -- by ownership sector","All establishment sizes",4,48,3100919,429691,24232,1242,64602,"",2.55,18.73,43.96,11.41,21.25,2.34,2.35,"",-1,-20.0,-27,-36.0,-851464,-21.5,-430724,-50.1,-27382,-53.1,231,22.8,12020,22.9
"C2094","5","111140","48","0","2020","A","","El Centro, CA MSA","Private","NAICS 111140 Wheat farming","MSA, NAICS 6-digit -- by ownership sector","All establishment sizes",4,48,3100919,429691,24232,1242,64602,"",2.55,18.73,43.96,11.41,21.25,2.34,2.35,"",-1,-20.0,-27,-36.0,-851464,-21.5,-430724,-50.1,-27382,-53.1,231,22.8,12020,22.9
"C2094","5","11119","47","0","2020","A","N","El Centro, CA MSA","Private","NAICS 11119 Other grain farming","MSA, NAICS 5-digit -- by ownership sector","All establishment sizes",2,0,0,0,0,0,0,"N",0.47,0,0,0,0,0,0,"N",0,0.0,0,0,0,0,0,0,0,0,0,0,0,0
"C2094","5","111199","48","0","2020","A","N","El Centro, CA MSA","Private","NAICS 111199 All other grain farming","MSA, NAICS 6-digit -- by ownership sector","All establishment sizes",2,0,0,0,0,0,0,"N",2.08,0,0,0,0,0,0,"N",0,0.0,0,0,0,0,0,0,0,0,0,0,0,0
"C2094","5","1112","46","0","2020","A","","El Centro, CA MSA","Private","NAICS 1112 Vegetable and melon farming","MSA, NAICS 4-digit -- by ownership sector","All establishment sizes",38,2219,89528076,39278988,2068629,776,40345,"",9.61,58.32,81.82,107.23,64.12,1.40,1.40,"",-1,-2.6,-447,-16.8,3047942,3.5,-4513263,-10.3,-341028,-14.2,152,24.4,7904,24.4
"C2094","5","11121","47","0","2020","A","","El Centro, CA MSA","Private","NAICS 11121 Vegetable and melon farming","MSA, NAICS 5-digit -- by ownership sector","All establishment sizes",38,2219,89528076,39278988,2068629,776,40345,"",9.61,58.32,81.82,107.23,64.12,1.40,1.40,"",-1,-2.6,-447,-16.8,3047942,3.5,-4513263,-10.3,-341028,-14.2,152,24.4,7904,24.4
"C2094","5","111211","48","0","2020","A","N","El Centro, CA MSA","Private","NAICS 111211 Potato farming","MSA, NAICS 6-digit -- by ownership sector","All establishment sizes",1,0,0,0,0,0,0,"N",1.23,0,0,0,0,0,0,"N",0,0.0,0,0,0,0,0,0,0,0,0,0,0,0
"C2094","5","111219","48","0","2020","A","N","El Centro, CA MSA","Private","NAICS 111219 Other vegetable and melon farming","MSA, NAICS 6-digit -- by ownership sector","All establishment sizes",37,0,0,0,0,0,0,"N",11.78,0,0,0,0,0,0,"N",-1,-2.6,0,0,0,0,0,0,0,0,0,0,0,0
"C2094","5","1113","46","0","2020","A","","El Centro, CA MSA","Private","NAICS 1113 Fruit and tree nut farming","MSA, NAICS 4-digit -- by ownership sector","All establishment sizes",7,124,4465362,1314367,76917,693,36011,"",0.83,1.68,2.48,1.78,1.16,1.47,1.47,"",0,0.0,-36,-22.5,-227357,-4.8,-458370,-25.9,-27243,-26.2,127,22.4,6605,22.5
"C2094","5","11132","47","0","2020","A","N","El Centro, CA MSA","Private","NAICS 11132 Citrus, except orange, groves","MSA, NAICS 5-digit -- by ownership sector","All establishment sizes",2,0,0,0,0,0,0,"N",8.38,0,0,0,0,0,0,"N",0,0.0,0,0,0,0,0,0,0,0,0,0,0,0
"C2094","5","111320","48","0","2020","A","N","El Centro, CA MSA","Private","NAICS 111320 Citrus, except orange, groves","MSA, NAICS 6-digit -- by ownership sector","All establishment sizes",2,0,0,0,0,0,0,"N",8.38,0,0,0,0,0,0,"N",0,0.0,0,0,0,0,0,0,0,0,0,0,0,0
"C2094","5","11133","47","0","2020","A","N","El Centro, CA MSA","Private","NAICS 11133 Noncitrus fruit and tree nut farming","MSA, NAICS 5-digit -- by ownership sector","All establishment sizes",5,0,0,0,0,0,0,"N",0.64,0,0,0,0,0,0,"N",0,0.0,0,0,0,0,0,0,0,0,0,0,0,0
"C2094","5","111336","48","0","2020","A","N","El Centro, CA MSA","Private","NAICS 111336 Fruit and tree nut combination farming","MSA, NAICS 6-digit -- by ownership sector","All establishment sizes",1,0,0,0,0,0,0,"N",2.82,0,0,0,0,0,0,"N",0,0.0,0,0,0,0,0,0,0,0,0,0,0,0
"C2094","5","111339","48","0","2020","A","","El Centro, CA MSA","Private","NAICS 111339 Other noncitrus fruit farming","MSA, NAICS 6-digit -- by ownership sector","All establishment sizes",4,72,2040219,1028562,63771,549,28535,"",2.18,5.76,7.35,7.22,5.21,1.29,1.29,"N",0,0.0,0,0,0,0,0,0,0,0,0,0,0,0
"C2094","5","1114","46","0","2020","A","N","El Centro, CA MSA","Private","NAICS 1114 Greenhouse and nursery production","MSA, NAICS 4-digit -- by ownership sector","All establishment sizes",3,0,0,0,0,0,0,"N",0.41,0,0,0,0,0,0,"N",0,0.0,0,0,0,0,0,0,0,0,0,0,0,0
"C2094","5","11141","47","0","2020","A","N","El Centro, CA MSA","Private","NAICS 11141 Food crops grown under cover","MSA, NAICS 5-digit -- by ownership sector","All establishment sizes",1,0,0,0,0,0,0,"N",0.60,0,0,0,0,0,0,"N",0,0.0,0,0,0,0,0,0,0,0,0,0,0,0
"C2094","5","111419","48","0","2020","A","N","El Centro, CA MSA","Private","NAICS 111419 Other food crops grown under cover","MSA, NAICS 6-digit -- by ownership sector","All establishment sizes",1,0,0,0,0,0,0,"N",0.67,0,0,0,0,0,0,"N",0,0.0,0,0,0,0,0,0,0,0,0,0,0,0
"C2094","5","11142","47","0","2020","A","N","El Centro, CA MSA","Private","NAICS 11142 Nursery and floriculture production","MSA, NAICS 5-digit -- by ownership sector","All establishment sizes",2,0,0,0,0,0,0,"N",0.36,0,0,0,0,0,0,"N",0,0.0,0,0,0,0,0,0,0,0,0,0,0,0
"C2094","5","111421","48","0","2020","A","N","El Centro, CA MSA","Private","NAICS 111421 Nursery and tree production","MSA, NAICS 6-digit -- by ownership sector","All establishment sizes",2,0,0,0,0,0,0,"N",0.51,0,0,0,0,0,0,"N",0,0.0,0,0,0,0,0,0,0,0,0,0,0,0
"C2094","5","1119","46","0","2020","A","","El Centro, CA MSA","Private","NAICS 1119 Other crop farming","MSA, NAICS 4-digit -- by ownership sector","All establishment sizes",84,1303,57160649,14937119,885220,843,43854,"",9.84,44.94,67.10,44.58,45.29,1.49,1.49,"",0,0.0,86,7.1,3532053,6.6,1801655,13.7,111391,14.4,-4,-0.5,-215,-0.5
"C2094","5","11192","47","0","2020","A","N","El Centro, CA MSA","Private","NAICS 11192 Cotton farming","MSA, NAICS 5-digit -- by ownership sector","All establishment sizes",1,0,0,0,0,0,0,"N",0.45,0,0,0,0,0,0,"N",0,0.0,0,0,0,0,0,0,0,0,0,0,0,0
"C2094","5","111920","48","0","2020","A","N","El Centro, CA MSA","Private","NAICS 111920 Cotton farming","MSA, NAICS 6-digit -- by ownership sector","All establishment sizes",1,0,0,0,0,0,0,"N",0.45,0,0,0,0,0,0,"N",0,0.0,0,0,0,0,0,0,0,0,0,0,0,0
"C2094","5","11194","47","0","2020","A","N","El Centro, CA MSA","Private","NAICS 11194 Hay farming","MSA, NAICS 5-digit -- by ownership sector","All establishment sizes",58,0,0,0,0,0,0,"N",41.45,0,0,0,0,0,0,"N",2,3.6,0,0,0,0,0,0,0,0,0,0,0,0
"C2094","5","111940","48","0","2020","A","N","El Centro, CA MSA","Private","NAICS 111940 Hay farming","MSA, NAICS 6-digit -- by ownership sector","All establishment sizes",58,0,0,0,0,0,0,"N",41.45,0,0,0,0,0,0,"N",2,3.6,0,0,0,0,0,0,0,0,0,0,0,0
"C2094","5","11199","47","0","2020","A","N","El Centro, CA MSA","Private","NAICS 11199 All other crop farming","MSA, NAICS 5-digit -- by ownership sector","All establishment sizes",25,0,0,0,0,0,0,"N",5.72,0,0,0,0,0,0,"N",-2,-7.4,0,0,0,0,0,0,0,0,0,0,0,0
"C2094","5","111991","48","0","2020","A","N","El Centro, CA MSA","Private","NAICS 111991 Sugar beet farming","MSA, NAICS 6-digit -- by ownership sector","All establishment sizes",8,0,0,0,0,0,0,"N",29.14,0,0,0,0,0,0,"N",1,14.3,0,0,0,0,0,0,0,0,0,0,0,0
"C2094","5","111998","48","0","2020","A","","El Centro, CA MSA","Private","NAICS 111998 All other miscellaneous crop farming","MSA, NAICS 6-digit -- by ownership sector","All establishment sizes",18,448,16498812,6845622,415972,708,36841,"",4.58,27.59,35.55,31.42,31.67,1.29,1.29,"",-2,-10.0,122,37.4,2739603,19.9,2446228,55.6,150721,56.8,-105,-12.9,-5430,-12.8
"C2094","5","112","45","0","2020","A","N","El Centro, CA MSA","Private","NAICS 112 Animal production and aquaculture","MSA, NAICS 3-digit -- by ownership sector","All establishment sizes",32,0,0,0,0,0,0,"N",1.52,0,0,0,0,0,0,"N",0,0.0,0,0,0,0,0,0,0,0,0,0,0,0
"C2094","5","1121","46","0","2020","A","","El Centro, CA MSA","Private","NAICS 1121 Cattle ranching and farming","MSA, NAICS 4-digit -- by ownership sector","All establishment sizes",19,442,22804762,4044516,226045,993,51614,"",1.39,6.31,11.37,5.87,12.39,1.80,1.80,"",0,0.0,-9,-2.0,1272683,5.9,-1701,0.0,-6532,-2.8,75,8.2,3880,8.1
"C2094","5","11211","47","0","2020","A","N","El Centro, CA MSA","Private","NAICS 11211 Beef cattle ranching, farming, and feedlots","MSA, NAICS 5-digit -- by ownership sector","All establishment sizes",17,0,0,0,0,0,0,"N",2.08,0,0,0,0,0,0,"N",0,0.0,0,0,0,0,0,0,0,0,0,0,0,0
"C2094","5","112111","48","0","2020","A","N","El Centro, CA MSA","Private","NAICS 112111 Beef cattle ranching and farming","MSA, NAICS 6-digit -- by ownership sector","All establishment sizes",8,0,0,0,0,0,0,"N",1.10,0,0,0,0,0,0,"N",0,0.0,0,0,0,0,0,0,0,0,0,0,0,0
"C2094","5","112112","48","0","2020","A","","El Centro, CA MSA","Private","NAICS 112112 Cattle feedlots","MSA, NAICS 6-digit -- by ownership sector","All establishment sizes",9,296,17268170,2696290,149006,1122,58355,"",10.36,46.40,77.48,44.45,105.75,1.67,1.67,"",0,0.0,9,3.1,1913700,12.5,51373,1.9,234,0.2,91,8.8,4762,8.9
"C2094","5","11212","47","0","2020","A","N","El Centro, CA MSA","Private","NAICS 11212 Dairy cattle and milk production","MSA, NAICS 5-digit -- by ownership sector","All establishment sizes",2,0,0,0,0,0,0,"N",0.37,0,0,0,0,0,0,"N",0,0.0,0,0,0,0,0,0,0,0,0,0,0,0
"C2094","5","112120","48","0","2020","A","N","El Centro, CA MSA","Private","NAICS 112120 Dairy cattle and milk production","MSA, NAICS 6-digit -- by ownership sector","All establishment sizes",2,0,0,0,0,0,0,"N",0.37,0,0,0,0,0,0,"N",0,0.0,0,0,0,0,0,0,0,0,0,0,0,0
"C2094","5","1124","46","0","2020","A","","El Centro, CA MSA","Private","NAICS 1124 Sheep and goat farming","MSA, NAICS 4-digit -- by ownership sector","All establishment sizes",3,9,241929,154681,5278,503,26154,"",10.42,13.21,15.27,24.19,23.58,1.12,1.12,"N",0,0.0,0,0,0,0,0,0,0,0,0,0,0,0
"C2094","5","11241","47","0","2020","A","","El Centro, CA MSA","Private","NAICS 11241 Sheep farming","MSA, NAICS 5-digit -- by ownership sector","All establishment sizes",3,9,241929,154681,5278,503,26154,"",16.37,20.22,22.38,35.44,35.79,1.08,1.08,"N",0,0.0,0,0,0,0,0,0,0,0,0,0,0,0
"C2094","5","112410","48","0","2020","A","","El Centro, CA MSA","Private","NAICS 112410 Sheep farming","MSA, NAICS 6-digit -- by ownership sector","All establishment sizes",3,9,241929,154681,5278,503,26154,"",16.37,20.22,22.38,35.44,35.79,1.08,1.08,"N",0,0.0,0,0,0,0,0,0,0,0,0,0,0,0
"C2094","5","1125","46","0","2020","A","N","El Centro, CA MSA","Private","NAICS 1125 Aquaculture","MSA, NAICS 4-digit -- by ownership sector","All establishment sizes",2,0,0,0,0,0,0,"N",2.76,0,0,0,0,0,0,"N",0,0.0,0,0,0,0,0,0,0,0,0,0,0,0
"C2094","5","11251","47","0","2020","A","N","El Centro, CA MSA","Private","NAICS 11251 Aquaculture","MSA, NAICS 5-digit -- by ownership sector","All establishment sizes",2,0,0,0,0,0,0,"N",2.76,0,0,0,0,0,0,"N",0,0.0,0,0,0,0,0,0,0,0,0,0,0,0
"C2094","5","112511","48","0","2020","A","N","El Centro, CA MSA","Private","NAICS 112511 Finfish farming and fish hatcheries","MSA, NAICS 6-digit -- by ownership sector","All establishment sizes",2,0,0,0,0,0,0,"N",5.62,0,0,0,0,0,0,"N",0,0.0,0,0,0,0,0,0,0,0,0,0,0,0
"C2094","5","1129","46","0","2020","A","","El Centro, CA MSA","Private","NAICS 1129 Other animal production","MSA, NAICS 4-digit -- by ownership sector","All establishment sizes",8,73,2720682,624405,24292,722,37527,"",2.83,8.19,8.81,7.66,6.13,1.08,1.08,"",0,0.0,1,1.4,242418,9.8,3438,0.6,1269,5.5,62,9.4,3186,9.3
"C2094","5","11291","47","0","2020","A","","El Centro, CA MSA","Private","NAICS 11291 Apiculture","MSA, NAICS 5-digit -- by ownership sector","All establishment sizes",8,73,2720682,624405,24292,722,37527,"",14.19,46.78,58.60,39.59,31.94,1.26,1.26,"",0,0.0,1,1.4,242418,9.8,3438,0.6,1269,5.5,62,9.4,3186,9.3
"C2094","5","112910","48","0","2020","A","","El Centro, CA MSA","Private","NAICS 112910 Apiculture","MSA, NAICS 6-digit -- by ownership sector","All establishment sizes",8,73,2720682,624405,24292,722,37527,"",14.19,46.78,58.60,39.59,31.94,1.26,1.26,"",0,0.0,1,1.4,242418,9.8,3438,0.6,1269,5.5,62,9.4,3186,9.3
"C2094","5","115","45","0","2020","A","","El Centro, CA MSA","Private","NAICS 115 Agriculture and forestry support activities","MSA, NAICS 3-digit -- by ownership sector","All establishment sizes",116,6120,200652114,94031936,5206610,631,32787,"",7.16,37.62,45.06,56.92,28.75,1.20,1.20,"",-2,-1.7,68,1.1,13959582,7.5,4536074,5.1,-19370,-0.4,38,6.4,1939,6.3
"C2094","5","1151","46","0","2020","A","","El Centro, CA MSA","Private","NAICS 1151 Support activities for crop production","MSA, NAICS 4-digit -- by ownership sector","All establishment sizes",116,6120,200652114,94031936,5206610,631,32787,"",12.14,43.22,53.43,66.09,30.50,1.24,1.24,"",-2,-1.7,68,1.1,13959582,7.5,4536074,5.1,-19370,-0.4,38,6.4,1939,6.3
"C2094","5","11511","47","0","2020","A","","El Centro, CA MSA","Private","NAICS 11511 Support activities for crop production","MSA, NAICS 5-digit -- by ownership sector","All establishment sizes",116,6120,200652114,94031936,5206610,631,32787,"",12.14,43.22,53.43,66.09,30.50,1.24,1.24,"",-2,-1.7,68,1.1,13959582,7.5,4536074,5.1,-19370,-0.4,38,6.4,1939,6.3
"C2094","5","115112","48","0","2020","A","","El Centro, CA MSA","Private","NAICS 115112 Soil preparation, planting, and cultivating","MSA, NAICS 6-digit -- by ownership sector","All establishment sizes",31,413,21390089,4703459,259240,997,51834,"",10.27,33.02,52.08,42.46,26.22,1.58,1.58,"",1,3.3,-53,-11.4,-1248361,-5.5,-1023867,-17.9,-63219,-19.6,63,6.7,3245,6.7
"C2094","5","115113","48","0","2020","A","","El Centro, CA MSA","Private","NAICS 115113 Crop harvesting, primarily by machine","MSA, NAICS 6-digit -- by ownership sector","All establishment sizes",25,523,20102900,5519915,318162,740,38462,"",28.39,97.76,133.31,107.47,52.44,1.36,1.36,"",-3,-10.7,2,0.4,1352936,7.2,852459,18.3,44723,16.4,48,6.9,2502,7.0
"C2094","5","115114","48","0","2020","A","","El Centro, CA MSA","Private","NAICS 115114 Other postharvest crop activities","MSA, NAICS 6-digit -- by ownership sector","All establishment sizes",19,2427,86777708,37814612,1975895,688,35756,"",11.10,64.44,71.82,92.00,56.16,1.12,1.11,"",-2,-9.5,-291,-10.7,-5152016,-5.6,-7347712,-16.3,-732212,-27.0,38,5.8,1932,5.7
"C2094","5","115115","48","0","2020","A","","El Centro, CA MSA","Private","NAICS 115115 Farm labor contractors and crew leaders","MSA, NAICS 6-digit -- by ownership sector","All establishment sizes",34,2673,68210447,45140789,2607433,491,25517,"",15.14,35.74,42.48,60.69,23.55,1.19,1.19,"",1,3.0,398,17.5,17953427,35.7,11893398,35.8,718969,38.1,66,15.5,3425,15.5
"C2094","5","115116","48","0","2020","A","","El Centro, CA MSA","Private","NAICS 115116 Farm management services","MSA, NAICS 6-digit -- by ownership sector","All establishment sizes",8,84,4170970,853161,45880,950,49409,"",6.33,9.88,14.65,11.11,7.08,1.47,1.47,"",1,14.3,12,16.7,1053596,33.8,161796,23.4,12369,36.9,115,13.8,6012,13.9
"C2094","5","21","44","0","2020","A","N","El Centro, CA MSA","Private","NAICS 21 Mining, quarrying, and oil and gas extraction","MSA, NAICS Sector -- by ownership sector","All establishment sizes",5,0,0,0,0,0,0,"N",0.20,0,0,0,0,0,0,"N",1,25.0,0,0,0,0,0,0,0,0,0,0,0,0
"C2094","5","212","45","0","2020","A","N","El Centro, CA MSA","Private","NAICS 212 Mining, except oil and gas","MSA, NAICS 3-digit -- by ownership sector","All establishment sizes",5,0,0,0,0,0,0,"N",0.91,0,0,0,0,0,0,"N",1,25.0,0,0,0,0,0,0,0,0,0,0,0,0
"C2094","5","2122","46","0","2020","A","N","El Centro, CA MSA","Private","NAICS 2122 Metal ore mining","MSA, NAICS 4-digit -- by ownership sector","All establishment sizes",2,0,0,0,0,0,0,"N",6.66,0,0,0,0,0,0,"N",1,100.0,0,0,0,0,0,0,0,0,0,0,0,0
"C2094","5","21222","47","0","2020","A","N","El Centro, CA MSA","Private","NAICS 21222 Gold ore and silver ore mining","MSA, NAICS 5-digit -- by ownership sector","All establishment sizes",2,0,0,0,0,0,0,"N",12.76,0,0,0,0,0,0,"N",1,100.0,0,0,0,0,0,0,0,0,0,0,0,0
"C2094","5","212221","48","0","2020","A","N","El Centro, CA MSA","Private","NAICS 212221 Gold ore mining","MSA, NAICS 6-digit -- by ownership sector","All establishment sizes",2,0,0,0,0,0,0,"N",14.09,0,0,0,0,0,0,"N",1,100.0,0,0,0,0,0,0,0,0,0,0,0,0
"C2094","5","2123","46","0","2020","A","","El Centro, CA MSA","Private","NAICS 2123 Nonmetallic mineral mining and quarrying","MSA, NAICS 4-digit -- by ownership sector","All establishment sizes",3,64,3734501,614043,34687,1119,58200,"",0.66,1.55,1.79,1.43,0.88,1.15,1.15,"N",0,0.0,0,0,0,0,0,0,0,0,0,0,0,0
"C2094","5","21231","47","0","2020","A","N","El Centro, CA MSA","Private","NAICS 21231 Stone mining and quarrying","MSA, NAICS 5-digit -- by ownership sector","All establishment sizes",1,0,0,0,0,0,0,"N",0.51,0,0,0,0,0,0,"N",0,0.0,0,0,0,0,0,0,0,0,0,0,0,0
"C2094","5","212319","48","0","2020","A","N","El Centro, CA MSA","Private","NAICS 212319 Other crushed and broken stone mining","MSA, NAICS 6-digit -- by ownership sector","All establishment sizes",1,0,0,0,0,0,0,"N",2.55,0,0,0,0,0,0,"N",0,0.0,0,0,0,0,0,0,0,0,0,0,0,0
"C2094","5","21232","47","0","2020","A","N","El Centro, CA MSA","Private","NAICS 21232 Sand, gravel, clay, and refractory mining","MSA, NAICS 5-digit -- by ownership sector","All establishment sizes",2,0,0,0,0,0,0,"N",0.89,0,0,0,0,0,0,"N",0,0.0,0,0,0,0,0,0,0,0,0,0,0,0
"C2094","5","212321","48","0","2020","A","N","El Centro, CA MSA","Private","NAICS 212321 Construction sand and gravel mining","MSA, NAICS 6-digit -- by ownership sector","All establishment sizes",2,0,0,0,0,0,0,"N",1.04,0,0,0,0,0,0,"N",0,0.0,0,0,0,0,0,0,0,0,0,0,0,0
"C2094","5","22","44","0","2020","A","","El Centro, CA MSA","Private","NAICS 22 Utilities","MSA, NAICS Sector -- by ownership sector","All establishment sizes",13,467,47270256,3667672,191661,1948,101293,"",0.85,1.97,2.39,1.80,2.72,1.21,1.21,"",3,30.0,44,10.4,4224843,9.8,171818,4.9,-6451,-3.3,-11,-0.6,-570,-0.6
"C2094","5","221","45","0","2020","A","","El Centro, CA MSA","Private","NAICS 221 Utilities","MSA, NAICS 3-digit -- by ownership sector","All establishment sizes",13,467,47270256,3667672,191661,1948,101293,"",0.85,1.97,2.39,1.80,2.72,1.21,1.21,"",3,30.0,44,10.4,4224843,9.8,171818,4.9,-6451,-3.3,-11,-0.6,-570,-0.6
"C2094","5","2211","46","0","2020","A","","El Centro, CA MSA","Private","NAICS 2211 Power generation and supply","MSA, NAICS 4-digit -- by ownership sector","All establishment sizes",5,409,41754703,3208271,179596,1962,102048,"",0.62,2.46,2.86,2.19,3.90,1.16,1.16,"N",2,66.7,0,0,0,0,0,0,0,0,0,0,0,0
"C2094","5","22111","47","0","2020","A","","El Centro, CA MSA","Private","NAICS 22111 Electric power generation","MSA, NAICS 5-digit -- by ownership sector","All establishment sizes",5,409,41754703,3208271,179596,1962,102048,"",1.58,6.59,7.16,5.63,7.31,1.08,1.09,"N",2,66.7,0,0,0,0,0,0,0,0,0,0,0,0
"C2094","5","221115","48","0","2020","A","N","El Centro, CA MSA","Private","NAICS 221115 Wind electric power generation","MSA, NAICS 6-digit -- by ownership sector","All establishment sizes",1,0,0,0,0,0,0,"N",2.97,0,0,0,0,0,0,"N",1,100.0,0,0,0,0,0,0,0,0,0,0,0,0
"C2094","5","221116","48","0","2020","A","N","El Centro, CA MSA","Private","NAICS 221116 Geothermal electric power generation","MSA, NAICS 6-digit -- by ownership sector","All establishment sizes",4,0,0,0,0,0,0,"N",128.21,0,0,0,0,0,0,"N",1,33.3,0,0,0,0,0,0,0,0,0,0,0,0
"C2094","5","2212","46","0","2020","A","N","El Centro, CA MSA","Private","NAICS 2212 Natural gas distribution","MSA, NAICS 4-digit -- by ownership sector","All establishment sizes",3,0,0,0,0,0,0,"N",1.26,0,0,0,0,0,0,"N",0,0.0,0,0,0,0,0,0,0,0,0,0,0,0
"C2094","5","22121","47","0","2020","A","N","El Centro, CA MSA","Private","NAICS 22121 Natural gas distribution","MSA, NAICS 5-digit -- by ownership sector","All establishment sizes",3,0,0,0,0,0,0,"N",1.26,0,0,0,0,0,0,"N",0,0.0,0,0,0,0,0,0,0,0,0,0,0,0
"C2094","5","221210","48","0","2020","A","N","El Centro, CA MSA","Private","NAICS 221210 Natural gas distribution","MSA, NAICS 6-digit -- by ownership sector","All establishment sizes",3,0,0,0,0,0,0,"N",1.26,0,0,0,0,0,0,"N",0,0.0,0,0,0,0,0,0,0,0,0,0,0,0
"C2094","5","2213","46","0","2020","A","N","El Centro, CA MSA","Private","NAICS 2213 Water, sewage and other systems","MSA, NAICS 4-digit -- by ownership sector","All establishment sizes",5,0,0,0,0,0,0,"N",1.06,0,0,0,0,0,0,"N",1,25.0,0,0,0,0,0,0,0,0,0,0,0,0
"C2094","5","22131","47","0","2020","A","N","El Centro, CA MSA","Private","NAICS 22131 Water supply and irrigation systems","MSA, NAICS 5-digit -- by ownership sector","All establishment sizes",5,0,0,0,0,0,0,"N",1.23,0,0,0,0,0,0,"N",1,25.0,0,0,0,0,0,0,0,0,0,0,0,0
"C2094","5","221310","48","0","2020","A","N","El Centro, CA MSA","Private","NAICS 221310 Water supply and irrigation systems","MSA, NAICS 6-digit -- by ownership sector","All establishment sizes",5,0,0,0,0,0,0,"N",1.23,0,0,0,0,0,0,"N",1,25.0,0,0,0,0,0,0,0,0,0,0,0,0
"C2094","5","23","44","0","2020","A","","El Centro, CA MSA","Private","NAICS 23 Construction","MSA, NAICS Sector -- by ownership sector","All establishment sizes",176,1488,82014212,16133807,881307,1060,55123,"",0.27,0.47,0.54,0.49,0.31,1.15,1.15,"",2,1.1,-56,-3.6,-730027,-0.9,11964,0.1,-37230,-4.1,29,2.8,1518,2.8
"C2094","5","236","45","0","2020","A","","El Centro, CA MSA","Private","NAICS 236 Construction of buildings","MSA, NAICS 3-digit -- by ownership sector","All establishment sizes",49,346,16160547,3832479,191337,898,46718,"",0.24,0.50,0.44,0.52,0.34,0.89,0.89,"",6,14.0,34,10.9,4285074,36.1,477139,14.2,12173,6.8,165,22.5,8625,22.6
"C2094","5","2361","46","0","2020","A","","El Centro, CA MSA","Private","NAICS 2361 Residential building construction","MSA, NAICS 4-digit -- by ownership sector","All establishment sizes",37,192,7389724,2323184,108433,739,38405,"",0.23,0.55,0.47,0.65,0.50,0.86,0.86,"",3,8.8,18,10.3,1363682,22.6,265247,12.9,-1713,-1.6,74,11.1,3839,11.1
"C2094","5","23611","47","0","2020","A","","El Centro, CA MSA","Private","NAICS 23611 Residential building construction","MSA, NAICS 5-digit -- by ownership sector","All establishment sizes",37,192,7389724,2323184,108433,739,38405,"",0.23,0.55,0.47,0.65,0.50,0.86,0.86,"",3,8.8,18,10.3,1363682,22.6,265247,12.9,-1713,-1.6,74,11.1,3839,11.1
"C2094","5","236115","48","0","2020","A","N","El Centro, CA MSA","Private","NAICS 236115 New single-family general contractors","MSA, NAICS 6-digit -- by ownership sector","All establishment sizes",19,0,0,0,0,0,0,"N",0.28,0,0,0,0,0,0,"N",2,11.8,0,0,0,0,0,0,0,0,0,0,0,0
"C2094","5","236116","48","0","2020","A","N","El Centro, CA MSA","Private","NAICS 236116 New multifamily general contractors","MSA, NAICS 6-digit -- by ownership sector","All establishment sizes",1,0,0,0,0,0,0,"N",0.31,0,0,0,0,0,0,"N",0,0.0,0,0,0,0,0,0,0,0,0,0,0,0
"C2094","5","236118","48","0","2020","A","","El Centro, CA MSA","Private","NAICS 236118 Residential remodelers","MSA, NAICS 6-digit -- by ownership sector","All establishment sizes",17,90,3439906,1156421,65482,735,38221,"",0.20,0.56,0.58,0.72,0.63,1.04,1.04,"",1,6.2,10,12.5,685057,24.9,239742,26.2,16559,33.8,72,10.9,3749,10.9
"C2094","5","2362","46","0","2020","A","","El Centro, CA MSA","Private","NAICS 2362 Nonresidential building construction","MSA, NAICS 4-digit -- by ownership sector","All establishment sizes",11,154,8770823,1509295,82904,1099,57139,"",0.24,0.45,0.42,0.41,0.24,0.94,0.94,"",1,10.0,17,12.4,2921392,49.9,211892,16.3,13886,20.1,280,34.2,14572,34.2
"C2094","5","23621","47","0","2020","A","N","El Centro, CA MSA","Private","NAICS 23621 Industrial building construction","MSA, NAICS 5-digit -- by ownership sector","All establishment sizes",1,0,0,0,0,0,0,"N",0.21,0,0,0,0,0,0,"N",0,0.0,0,0,0,0,0,0,0,0,0,0,0,0
"C2094","5","236210","48","0","2020","A","N","El Centro, CA MSA","Private","NAICS 236210 Industrial building construction","MSA, NAICS 6-digit -- by ownership sector","All establishment sizes",1,0,0,0,0,0,0,"N",0.21,0,0,0,0,0,0,"N",0,0.0,0,0,0,0,0,0,0,0,0,0,0,0
"C2094","5","23622","47","0","2020","A","N","El Centro, CA MSA","Private","NAICS 23622 Commercial building construction","MSA, NAICS 5-digit -- by ownership sector","All establishment sizes",10,0,0,0,0,0,0,"N",0.25,0,0,0,0,0,0,"N",1,11.1,0,0,0,0,0,0,0,0,0,0,0,0
"C2094","5","236220","48","0","2020","A","N","El Centro, CA MSA","Private","NAICS 236220 Commercial building construction","MSA, NAICS 6-digit -- by ownership sector","All establishment sizes",10,0,0,0,0,0,0,"N",0.25,0,0,0,0,0,0,"N",1,11.1,0,0,0,0,0,0,0,0,0,0,0,0
"C2094","5","237","45","0","2020","A","","El Centro, CA MSA","Private","NAICS 237 Heavy and civil engineering construction","MSA, NAICS 3-digit -- by ownership sector","All establishment sizes",11,221,17982367,2330114,143305,1562,81215,"",0.27,0.49,0.70,0.47,0.26,1.41,1.42,"",0,0.0,-22,-9.1,-2349934,-11.6,-39791,-1.7,-2477,-1.7,-48,-3.0,-2486,-3.0
"C2094","5","2371","46","0","2020","A","N","El Centro, CA MSA","Private","NAICS 2371 Utility system construction","MSA, NAICS 4-digit -- by ownership sector","All establishment sizes",5,0,0,0,0,0,0,"N",0.24,0,0,0,0,0,0,"N",0,0.0,0,0,0,0,0,0,0,0,0,0,0,0
"C2094","5","23711","47","0","2020","A","N","El Centro, CA MSA","Private","NAICS 23711 Water and sewer system construction","MSA, NAICS 5-digit -- by ownership sector","All establishment sizes",1,0,0,0,0,0,0,"N",0.10,0,0,0,0,0,0,"N",0,0.0,0,0,0,0,0,0,0,0,0,0,0,0
"C2094","5","237110","48","0","2020","A","N","El Centro, CA MSA","Private","NAICS 237110 Water and sewer system construction","MSA, NAICS 6-digit -- by ownership sector","All establishment sizes",1,0,0,0,0,0,0,"N",0.10,0,0,0,0,0,0,"N",0,0.0,0,0,0,0,0,0,0,0,0,0,0,0
"C2094","5","23712","47","0","2020","A","N","El Centro, CA MSA","Private","NAICS 23712 Oil and gas pipeline construction","MSA, NAICS 5-digit -- by ownership sector","All establishment sizes",1,0,0,0,0,0,0,"N",0.31,0,0,0,0,0,0,"N",0,0.0,0,0,0,0,0,0,0,0,0,0,0,0
"C2094","5","237120","48","0","2020","A","N","El Centro, CA MSA","Private","NAICS 237120 Oil and gas pipeline construction","MSA, NAICS 6-digit -- by ownership sector","All establishment sizes",1,0,0,0,0,0,0,"N",0.31,0,0,0,0,0,0,"N",0,0.0,0,0,0,0,0,0,0,0,0,0,0,0
"C2094","5","23713","47","0","2020","A","","El Centro, CA MSA","Private","NAICS 23713 Power and communication system construction","MSA, NAICS 5-digit -- by ownership sector","All establishment sizes",3,20,2948858,221164,13054,2847,148060,"",0.37,0.22,0.51,0.21,0.14,2.39,2.39,"",0,0.0,-1,-4.8,255925,9.5,40222,22.2,2494,23.6,391,15.9,20332,15.9
"C2094","5","237130","48","0","2020","A","","El Centro, CA MSA","Private","NAICS 237130 Power and communication system construction","MSA, NAICS 6-digit -- by ownership sector","All establishment sizes",3,20,2948858,221164,13054,2847,148060,"",0.37,0.22,0.51,0.21,0.14,2.39,2.39,"",0,0.0,-1,-4.8,255925,9.5,40222,22.2,2494,23.6,391,15.9,20332,15.9
"C2094","5","2373","46","0","2020","A","","El Centro, CA MSA","Private","NAICS 2373 Highway, street, and bridge construction","MSA, NAICS 4-digit -- by ownership sector","All establishment sizes",4,138,10459429,1578365,97859,1461,75976,"",0.44,0.93,1.28,0.94,0.42,1.38,1.38,"",1,33.3,-32,-18.8,-3330805,-24.2,51507,3.4,3194,3.4,-101,-6.5,-5223,-6.4
"C2094","5","23731","47","0","2020","A","","El Centro, CA MSA","Private","NAICS 23731 Highway, street, and bridge construction","MSA, NAICS 5-digit -- by ownership sector","All establishment sizes",4,138,10459429,1578365,97859,1461,75976,"",0.44,0.93,1.28,0.94,0.42,1.38,1.38,"",1,33.3,-32,-18.8,-3330805,-24.2,51507,3.4,3194,3.4,-101,-6.5,-5223,-6.4
"C2094","5","237310","48","0","2020","A","","El Centro, CA MSA","Private","NAICS 237310 Highway, street, and bridge construction","MSA, NAICS 6-digit -- by ownership sector","All establishment sizes",4,138,10459429,1578365,97859,1461,75976,"",0.44,0.93,1.28,0.94,0.42,1.38,1.38,"",1,33.3,-32,-18.8,-3330805,-24.2,51507,3.4,3194,3.4,-101,-6.5,-5223,-6.4
"C2094","5","2379","46","0","2020","A","N","El Centro, CA MSA","Private","NAICS 2379 Other heavy construction","MSA, NAICS 4-digit -- by ownership sector","All establishment sizes",2,0,0,0,0,0,0,"N",0.31,0,0,0,0,0,0,"N",0,0.0,0,0,0,0,0,0,0,0,0,0,0,0
"C2094","5","23799","47","0","2020","A","N","El Centro, CA MSA","Private","NAICS 23799 Other heavy construction","MSA, NAICS 5-digit -- by ownership sector","All establishment sizes",2,0,0,0,0,0,0,"N",0.31,0,0,0,0,0,0,"N",0,0.0,0,0,0,0,0,0,0,0,0,0,0,0
"C2094","5","237990","48","0","2020","A","N","El Centro, CA MSA","Private","NAICS 237990 Other heavy construction","MSA, NAICS 6-digit -- by ownership sector","All establishment sizes",2,0,0,0,0,0,0,"N",0.31,0,0,0,0,0,0,"N",0,0.0,0,0,0,0,0,0,0,0,0,0,0,0
"C2094","5","238","45","0","2020","A","","El Centro, CA MSA","Private","NAICS 238 Specialty trade contractors","MSA, NAICS 3-digit -- by ownership sector","All establishment sizes",117,921,47871298,9971214,546665,1000,52006,"",0.28,0.46,0.54,0.48,0.32,1.17,1.17,"",-3,-2.5,-68,-6.9,-2665167,-5.3,-425384,-4.1,-46926,-7.9,17,1.7,903,1.8
"C2094","5","2381","46","0","2020","A","","El Centro, CA MSA","Private","NAICS 2381 Building foundation and exterior contractors","MSA, NAICS 4-digit -- by ownership sector","All establishment sizes",15,131,5572288,1463993,82295,816,42429,"",0.18,0.33,0.34,0.35,0.23,1.03,1.03,"",-1,-6.2,-31,-19.1,-2402512,-30.1,-217558,-12.9,-16160,-16.4,-129,-13.7,-6722,-13.7
"C2094","5","23811","47","0","2020","A","","El Centro, CA MSA","Private","NAICS 23811 Poured concrete structure contractors","MSA, NAICS 5-digit -- by ownership sector","All establishment sizes",3,69,3124961,746498,45938,866,45017,"",0.18,0.69,0.73,0.71,0.51,1.06,1.06,"",-1,-25.0,-36,-34.3,-2750198,-46.8,-303388,-28.9,-19155,-29.4,-213,-19.7,-11070,-19.7
"C2094","5","238111","48","0","2020","A","N","El Centro, CA MSA","Private","NAICS 238111 Residential poured foundation contractors","MSA, NAICS 6-digit -- by ownership sector","All establishment sizes",2,0,0,0,0,0,0,"N",0.17,0,0,0,0,0,0,"N",-1,-33.3,0,0,0,0,0,0,0,0,0,0,0,0
"C2094","5","238112","48","0","2020","A","N","El Centro, CA MSA","Private","NAICS 238112 Nonresidential poured foundation contractors","MSA, NAICS 6-digit -- by ownership sector","All establishment sizes",1,0,0,0,0,0,0,"N",0.21,0,0,0,0,0,0,"N",0,0.0,0,0,0,0,0,0,0,0,0,0,0,0
"C2094","5","23812","47","0","2020","A","N","El Centro, CA MSA","Private","NAICS 23812 Steel and precast concrete contractors","MSA, NAICS 5-digit -- by ownership sector","All establishment sizes",1,0,0,0,0,0,0,"N",0.24,0,0,0,0,0,0,"N",-1,-50.0,0,0,0,0,0,0,0,0,0,0,0,0
"C2094","5","238122","48","0","2020","A","N","El Centro, CA MSA","Private","NAICS 238122 Nonresidential structural steel contractors","MSA, NAICS 6-digit -- by ownership sector","All establishment sizes",1,0,0,0,0,0,0,"N",0.33,0,0,0,0,0,0,"N",-1,-50.0,0,0,0,0,0,0,0,0,0,0,0,0
"C2094","5","23813","47","0","2020","A","N","El Centro, CA MSA","Private","NAICS 23813 Framing contractors","MSA, NAICS 5-digit -- by ownership sector","All establishment sizes",1,0,0,0,0,0,0,"N",0.11,0,0,0,0,0,0,"N",0,0.0,0,0,0,0,0,0,0,0,0,0,0,0
"C2094","5","238131","48","0","2020","A","N","El Centro, CA MSA","Private","NAICS 238131 Residential framing contractors","MSA, NAICS 6-digit -- by ownership sector","All establishment sizes",1,0,0,0,0,0,0,"N",0.13,0,0,0,0,0,0,"N",0,0.0,0,0,0,0,0,0,0,0,0,0,0,0
"C2094","5","23814","47","0","2020","A","N","El Centro, CA MSA","Private","NAICS 23814 Masonry contractors","MSA, NAICS 5-digit -- by ownership sector","All establishment sizes",1,0,0,0,0,0,0,"N",0.06,0,0,0,0,0,0,"N",0,0.0,0,0,0,0,0,0,0,0,0,0,0,0
"C2094","5","238141","48","0","2020","A","N","El Centro, CA MSA","Private","NAICS 238141 Residential masonry contractors","MSA, NAICS 6-digit -- by ownership sector","All establishment sizes",1,0,0,0,0,0,0,"N",0.09,0,0,0,0,0,0,"N",0,0.0,0,0,0,0,0,0,0,0,0,0,0,0
"C2094","5","23815","47","0","2020","A","N","El Centro, CA MSA","Private","NAICS 23815 Glass and glazing contractors","MSA, NAICS 5-digit -- by ownership sector","All establishment sizes",1,0,0,0,0,0,0,"N",0.18,0,0,0,0,0,0,"N",0,0.0,0,0,0,0,0,0,0,0,0,0,0,0
"C2094","5","238152","48","0","2020","A","N","El Centro, CA MSA","Private","NAICS 238152 Nonresidential glass and glazing contractors","MSA, NAICS 6-digit -- by ownership sector","All establishment sizes",1,0,0,0,0,0,0,"N",0.41,0,0,0,0,0,0,"N",0,0.0,0,0,0,0,0,0,0,0,0,0,0,0
"C2094","5","23816","47","0","2020","A","","El Centro, CA MSA","Private","NAICS 23816 Roofing contractors","MSA, NAICS 5-digit -- by ownership sector","All establishment sizes",5,13,352503,146820,7743,535,27829,"",0.25,0.14,0.09,0.16,0.11,0.68,0.68,"",1,25.0,1,8.3,66653,23.3,42669,41.0,1667,27.4,64,13.6,3328,13.6
"C2094","5","238161","48","0","2020","A","","El Centro, CA MSA","Private","NAICS 238161 Residential roofing contractors","MSA, NAICS 6-digit -- by ownership sector","All establishment sizes",5,13,352503,146820,7743,535,27829,"",0.33,0.28,0.21,0.32,0.28,0.76,0.76,"",1,25.0,1,8.3,66653,23.3,42669,41.0,1667,27.4,64,13.6,3328,13.6
"C2094","5","23819","47","0","2020","A","","El Centro, CA MSA","Private","NAICS 23819 Other building exterior contractors","MSA, NAICS 5-digit -- by ownership sector","All establishment sizes",3,36,1636872,422114,21216,887,46109,"",0.54,1.81,1.93,2.00,1.28,1.08,1.08,"N",0,0.0,0,0,0,0,0,0,0,0,0,0,0,0
"C2094","5","238191","48","0","2020","A","N","El Centro, CA MSA","Private","NAICS 238191 Other residential exterior contractors","MSA, NAICS 6-digit -- by ownership sector","All establishment sizes",2,0,0,0,0,0,0,"N",0.66,0,0,0,0,0,0,"N",0,0.0,0,0,0,0,0,0,0,0,0,0,0,0
"C2094","5","238192","48","0","2020","A","N","El Centro, CA MSA","Private","NAICS 238192 Other nonresidential exterior contractors","MSA, NAICS 6-digit -- by ownership sector","All establishment sizes",1,0,0,0,0,0,0,"N",0.40,0,0,0,0,0,0,"N",0,0.0,0,0,0,0,0,0,0,0,0,0,0,0
"C2094","5","2382","46","0","2020","A","","El Centro, CA MSA","Private","NAICS 2382 Building equipment contractors","MSA, NAICS 4-digit -- by ownership sector","All establishment sizes",64,490,27979746,5353734,288976,1097,57063,"",0.39,0.51,0.61,0.55,0.39,1.19,1.19,"",0,0.0,-11,-2.2,917103,3.4,255680,5.0,-4286,-1.5,57,5.5,2992,5.5
"C2094","5","23821","47","0","2020","A","N","El Centro, CA MSA","Private","NAICS 23821 Electrical and wiring contractors","MSA, NAICS 5-digit -- by ownership sector","All establishment sizes",27,0,0,0,0,0,0,"N",0.39,0,0,0,0,0,0,"N",-1,-3.6,0,0,0,0,0,0,0,0,0,0,0,0
"C2094","5","238211","48","0","2020","A","","El Centro, CA MSA","Private","NAICS 238211 Residential electrical contractors","MSA, NAICS 6-digit -- by ownership sector","All establishment sizes",17,86,3983771,923650,50856,893,46458,"",0.41,0.65,0.77,0.70,0.68,1.19,1.19,"",-1,-5.6,-6,-6.5,-123708,-3.0,-41887,-4.3,-3846,-7.0,31,3.6,1608,3.6
"C2094","5","238212","48","0","2020","A","N","El Centro, CA MSA","Private","NAICS 238212 Nonresidential electrical contractors","MSA, NAICS 6-digit -- by ownership sector","All establishment sizes",10,0,0,0,0,0,0,"N",0.35,0,0,0,0,0,0,"N",0,0.0,0,0,0,0,0,0,0,0,0,0,0,0
"C2094","5","23822","47","0","2020","A","","El Centro, CA MSA","Private","NAICS 23822 Plumbing and hvac contractors","MSA, NAICS 5-digit -- by ownership sector","All establishment sizes",37,313,17544518,3636686,190185,1078,56038,"",0.43,0.65,0.78,0.75,0.54,1.21,1.21,"",2,5.7,-7,-2.2,153093,0.9,374820,11.5,3496,1.9,32,3.1,1633,3.0
"C2094","5","238221","48","0","2020","A","","El Centro, CA MSA","Private","NAICS 238221 Residential plumbing and hvac contractors","MSA, NAICS 6-digit -- by ownership sector","All establishment sizes",32,205,9476508,2102118,118191,888,46189,"",0.50,0.83,0.97,0.88,0.92,1.17,1.17,"",2,6.7,-1,-0.5,222715,2.4,32022,1.5,2967,2.6,24,2.8,1286,2.9
"C2094","5","238222","48","0","2020","A","","El Centro, CA MSA","Private","NAICS 238222 Nonresidential plumbing and hvac contractors","MSA, NAICS 6-digit -- by ownership sector","All establishment sizes",5,108,8068010,1534568,71994,1438,74761,"",0.22,0.45,0.63,0.62,0.33,1.40,1.40,"",0,0.0,-6,-5.3,-69622,-0.9,342798,28.8,529,0.7,60,4.4,3116,4.3
"C2094","5","23829","47","0","2020","A","N","El Centro, CA MSA","Private","NAICS 23829 Other building equipment contractors","MSA, NAICS 5-digit -- by ownership sector","All establishment sizes",1,0,0,0,0,0,0,"N",0.11,0,0,0,0,0,0,"N",0,0.0,0,0,0,0,0,0,0,0,0,0,0,0
"C2094","5","238292","48","0","2020","A","N","El Centro, CA MSA","Private","NAICS 238292 Other nonresidential equipment contractors","MSA, NAICS 6-digit -- by ownership sector","All establishment sizes",1,0,0,0,0,0,0,"N",0.15,0,0,0,0,0,0,"N",0,0.0,0,0,0,0,0,0,0,0,0,0,0,0
"C2094","5","2383","46","0","2020","A","","El Centro, CA MSA","Private","NAICS 2383 Building finishing contractors","MSA, NAICS 4-digit -- by ownership sector","All establishment sizes",11,84,2953291,1087203,67103,677,35193,"",0.11,0.24,0.22,0.30,0.23,0.90,0.90,"",0,0.0,7,9.1,505983,20.7,12299,1.1,1767,2.7,63,10.3,3272,10.3
"C2094","5","23831","47","0","2020","A","N","El Centro, CA MSA","Private","NAICS 23831 Drywall and insulation contractors","MSA, NAICS 5-digit -- by ownership sector","All establishment sizes",3,0,0,0,0,0,0,"N",0.18,0,0,0,0,0,0,"N",0,0.0,0,0,0,0,0,0,0,0,0,0,0,0
"C2094","5","238311","48","0","2020","A","N","El Centro, CA MSA","Private","NAICS 238311 Residential drywall contractors","MSA, NAICS 6-digit -- by ownership sector","All establishment sizes",3,0,0,0,0,0,0,"N",0.26,0,0,0,0,0,0,"N",0,0.0,0,0,0,0,0,0,0,0,0,0,0,0
"C2094","5","23832","47","0","2020","A","N","El Centro, CA MSA","Private","NAICS 23832 Painting and wall covering contractors","MSA, NAICS 5-digit -- by ownership sector","All establishment sizes",2,0,0,0,0,0,0,"N",0.06,0,0,0,0,0,0,"N",0,0.0,0,0,0,0,0,0,0,0,0,0,0,0
"C2094","5","238321","48","0","2020","A","N","El Centro, CA MSA","Private","NAICS 238321 Residential painting contractors","MSA, NAICS 6-digit -- by ownership sector","All establishment sizes",2,0,0,0,0,0,0,"N",0.08,0,0,0,0,0,0,"N",0,0.0,0,0,0,0,0,0,0,0,0,0,0,0
"C2094","5","23833","47","0","2020","A","","El Centro, CA MSA","Private","NAICS 23833 Flooring contractors","MSA, NAICS 5-digit -- by ownership sector","All establishment sizes",3,15,495166,189496,11750,621,32293,"",0.21,0.46,0.38,0.57,0.49,0.82,0.82,"",0,0.0,0,0.0,78972,19.0,14747,8.4,917,8.5,90,16.9,4700,17.0
"C2094","5","238331","48","0","2020","A","","El Centro, CA MSA","Private","NAICS 238331 Residential flooring contractors","MSA, NAICS 6-digit -- by ownership sector","All establishment sizes",3,15,495166,189496,11750,621,32293,"",0.26,0.71,0.68,0.90,1.01,0.93,0.93,"",0,0.0,0,0.0,78972,19.0,14747,8.4,917,8.5,90,16.9,4700,17.0
"C2094","5","23834","47","0","2020","A","N","El Centro, CA MSA","Private","NAICS 23834 Tile and terrazzo contractors","MSA, NAICS 5-digit -- by ownership sector","All establishment sizes",1,0,0,0,0,0,0,"N",0.12,0,0,0,0,0,0,"N",0,0.0,0,0,0,0,0,0,0,0,0,0,0,0
"C2094","5","238341","48","0","2020","A","N","El Centro, CA MSA","Private","NAICS 238341 Residential tile and terrazzo contractors","MSA, NAICS 6-digit -- by ownership sector","All establishment sizes",1,0,0,0,0,0,0,"N",0.14,0,0,0,0,0,0,"N",0,0.0,0,0,0,0,0,0,0,0,0,0,0,0
"C2094","5","23835","47","0","2020","A","N","El Centro, CA MSA","Private","NAICS 23835 Finish carpentry contractors","MSA, NAICS 5-digit -- by ownership sector","All establishment sizes",2,0,0,0,0,0,0,"N",0.08,0,0,0,0,0,0,"N",0,0.0,0,0,0,0,0,0,0,0,0,0,0,0
"C2094","5","238351","48","0","2020","A","N","El Centro, CA MSA","Private","NAICS 238351 Residential finish carpentry contractors","MSA, NAICS 6-digit -- by ownership sector","All establishment sizes",2,0,0,0,0,0,0,"N",0.09,0,0,0,0,0,0,"N",0,0.0,0,0,0,0,0,0,0,0,0,0,0,0
"C2094","5","2389","46","0","2020","A","","El Centro, CA MSA","Private","NAICS 2389 Other specialty trade contractors","MSA, NAICS 4-digit -- by ownership sector","All establishment sizes",26,215,11365973,2066284,108291,1017,52885,"",0.40,0.73,0.89,0.67,0.34,1.23,1.23,"",-4,-13.3,-35,-14.0,-1685741,-12.9,-475805,-18.7,-28247,-20.7,11,1.1,574,1.1
"C2094","5","23891","47","0","2020","A","","El Centro, CA MSA","Private","NAICS 23891 Site preparation contractors","MSA, NAICS 5-digit -- by ownership sector","All establishment sizes",16,145,8651246,1401509,77880,1145,59527,"",0.54,0.95,1.29,0.86,0.48,1.35,1.36,"",-4,-20.0,-32,-18.1,-1501764,-14.8,-358234,-20.4,-20665,-21.0,41,3.7,2138,3.7
"C2094","5","238911","48","0","2020","A","N","El Centro, CA MSA","Private","NAICS 238911 Residential site preparation contractors","MSA, NAICS 6-digit -- by ownership sector","All establishment sizes",7,0,0,0,0,0,0,"N",0.42,0,0,0,0,0,0,"N",-3,-30.0,0,0,0,0,0,0,0,0,0,0,0,0
"C2094","5","238912","48","0","2020","A","N","El Centro, CA MSA","Private","NAICS 238912 Nonresidential site preparation contractors","MSA, NAICS 6-digit -- by ownership sector","All establishment sizes",9,0,0,0,0,0,0,"N",0.70,0,0,0,0,0,0,"N",-1,-10.0,0,0,0,0,0,0,0,0,0,0,0,0
"C2094","5","23899","47","0","2020","A","","El Centro, CA MSA","Private","NAICS 23899 All other specialty trade contractors","MSA, NAICS 5-digit -- by ownership sector","All establishment sizes",10,70,2714727,664775,30411,750,39014,"",0.28,0.49,0.45,0.45,0.19,0.92,0.92,"",0,0.0,-3,-4.1,-183977,-6.3,-117571,-15.0,-7582,-20.0,-18,-2.3,-922,-2.3
"C2094","5","238991","48","0","2020","A","N","El Centro, CA MSA","Private","NAICS 238991 All other residential trade contractors","MSA, NAICS 6-digit -- by ownership sector","All establishment sizes",8,0,0,0,0,0,0,"N",0.34,0,0,0,0,0,0,"N",0,0.0,0,0,0,0,0,0,0,0,0,0,0,0
"C2094","5","238992","48","0","2020","A","N","El Centro, CA MSA","Private","NAICS 238992 All other nonresidential trade contractors","MSA, NAICS 6-digit -- by ownership sector","All establishment sizes",2,0,0,0,0,0,0,"N",0.16,0,0,0,0,0,0,"N",0,0.0,0,0,0,0,0,0,0,0,0,0,0,0
"C2094","5","31-33","44","0","2020","A","","El Centro, CA MSA","Private","NAICS 31-33 Manufacturing","MSA, NAICS Sector -- by ownership sector","All establishment sizes",58,1791,92170908,15650143,703703,990,51471,"",0.21,0.34,0.33,0.32,0.28,0.98,0.98,"",-1,-1.7,175,10.8,13984733,17.9,1561275,11.1,33413,5.0,59,6.3,3083,6.4
"C2094","5","311","45","0","2020","A","","El Centro, CA MSA","Private","NAICS 311 Food manufacturing","MSA, NAICS 3-digit -- by ownership sector","All establishment sizes",14,1139,51692189,10813777,472996,873,45400,"",0.51,1.64,1.95,1.60,1.59,1.20,1.20,"",0,0.0,148,14.9,9182444,21.6,1589497,17.2,43420,10.1,48,5.8,2486,5.8
"C2094","5","3111","46","0","2020","A","","El Centro, CA MSA","Private","NAICS 3111 Animal food manufacturing","MSA, NAICS 4-digit -- by ownership sector","All establishment sizes",6,127,6077213,1192732,63935,921,47883,"",3.16,4.51,4.44,4.39,6.40,0.99,0.99,"",1,20.0,-1,-0.8,211704,3.6,31365,2.7,-2076,-3.1,39,4.4,2029,4.4
"C2094","5","31111","47","0","2020","A","","El Centro, CA MSA","Private","NAICS 31111 Animal food manufacturing","MSA, NAICS 5-digit -- by ownership sector","All establishment sizes",6,127,6077213,1192732,63935,921,47883,"",3.16,4.51,4.44,4.39,6.40,0.99,0.99,"",1,20.0,-1,-0.8,211704,3.6,31365,2.7,-2076,-3.1,39,4.4,2029,4.4
"C2094","5","311111","48","0","2020","A","N","El Centro, CA MSA","Private","NAICS 311111 Dog and cat food manufacturing","MSA, NAICS 6-digit -- by ownership sector","All establishment sizes",1,0,0,0,0,0,0,"N",1.97,0,0,0,0,0,0,"N",1,100.0,0,0,0,0,0,0,0,0,0,0,0,0
"C2094","5","311119","48","0","2020","A","N","El Centro, CA MSA","Private","NAICS 311119 Other animal food manufacturing","MSA, NAICS 6-digit -- by ownership sector","All establishment sizes",5,0,0,0,0,0,0,"N",3.59,0,0,0,0,0,0,"N",0,0.0,0,0,0,0,0,0,0,0,0,0,0,0
"C2094","5","3113","46","0","2020","A","N","El Centro, CA MSA","Private","NAICS 3113 Sugar and confectionery product manufacturing","MSA, NAICS 4-digit -- by ownership sector","All establishment sizes",1,0,0,0,0,0,0,"N",0.59,0,0,0,0,0,0,"N",0,0.0,0,0,0,0,0,0,0,0,0,0,0,0
"C2094","5","31131","47","0","2020","A","N","El Centro, CA MSA","Private","NAICS 31131 Sugar manufacturing","MSA, NAICS 5-digit -- by ownership sector","All establishment sizes",1,0,0,0,0,0,0,"N",12.33,0,0,0,0,0,0,"N",0,0.0,0,0,0,0,0,0,0,0,0,0,0,0
"C2094","5","311313","48","0","2020","A","N","El Centro, CA MSA","Private","NAICS 311313 Beet sugar manufacturing","MSA, NAICS 6-digit -- by ownership sector","All establishment sizes",1,0,0,0,0,0,0,"N",42.74,0,0,0,0,0,0,"N",0,0.0,0,0,0,0,0,0,0,0,0,0,0,0
"C2094","5","3116","46","0","2020","A","N","El Centro, CA MSA","Private","NAICS 3116 Animal slaughtering and processing","MSA, NAICS 4-digit -- by ownership sector","All establishment sizes",2,0,0,0,0,0,0,"N",0.62,0,0,0,0,0,0,"N",0,0.0,0,0,0,0,0,0,0,0,0,0,0,0
"C2094","5","31161","47","0","2020","A","N","El Centro, CA MSA","Private","NAICS 31161 Animal slaughtering and processing","MSA, NAICS 5-digit -- by ownership sector","All establishment sizes",2,0,0,0,0,0,0,"N",0.62,0,0,0,0,0,0,"N",0,0.0,0,0,0,0,0,0,0,0,0,0,0,0
"C2094","5","311611","48","0","2020","A","N","El Centro, CA MSA","Private","NAICS 311611 Animal, except poultry, slaughtering","MSA, NAICS 6-digit -- by ownership sector","All establishment sizes",1,0,0,0,0,0,0,"N",0.88,0,0,0,0,0,0,"N",0,0.0,0,0,0,0,0,0,0,0,0,0,0,0
"C2094","5","311612","48","0","2020","A","N","El Centro, CA MSA","Private","NAICS 311612 Meat processed from carcasses","MSA, NAICS 6-digit -- by ownership sector","All establishment sizes",1,0,0,0,0,0,0,"N",0.76,0,0,0,0,0,0,"N",0,0.0,0,0,0,0,0,0,0,0,0,0,0,0
"C2094","5","3118","46","0","2020","A","","El Centro, CA MSA","Private","NAICS 3118 Bakeries and tortilla manufacturing","MSA, NAICS 4-digit -- by ownership sector","All establishment sizes",5,67,1485978,550413,25383,428,22262,"",0.47,0.53,0.38,0.50,0.50,0.71,0.71,"",0,0.0,-9,-11.8,-138055,-8.5,-79497,-12.6,-5007,-16.5,19,4.6,986,4.6
"C2094","5","31181","47","0","2020","A","N","El Centro, CA MSA","Private","NAICS 31181 Bread and bakery product manufacturing","MSA, NAICS 5-digit -- by ownership sector","All establishment sizes",4,0,0,0,0,0,0,"N",0.42,0,0,0,0,0,0,"N",0,0.0,0,0,0,0,0,0,0,0,0,0,0,0
"C2094","5","311811","48","0","2020","A","N","El Centro, CA MSA","Private","NAICS 311811 Retail bakeries","MSA, NAICS 6-digit -- by ownership sector","All establishment sizes",1,0,0,0,0,0,0,"N",0.16,0,0,0,0,0,0,"N",0,0.0,0,0,0,0,0,0,0,0,0,0,0,0
"C2094","5","311812","48","0","2020","A","","El Centro, CA MSA","Private","NAICS 311812 Commercial bakeries","MSA, NAICS 6-digit -- by ownership sector","All establishment sizes",3,23,276842,187384,8968,228,11865,"",0.99,0.41,0.14,0.37,0.39,0.34,0.34,"",0,0.0,-7,-23.3,-116760,-29.7,-52568,-21.9,-3053,-25.4,-24,-9.5,-1219,-9.3
"C2094","5","31183","47","0","2020","A","N","El Centro, CA MSA","Private","NAICS 31183 Tortilla manufacturing","MSA, NAICS 5-digit -- by ownership sector","All establishment sizes",1,0,0,0,0,0,0,"N",2.61,0,0,0,0,0,0,"N",0,0.0,0,0,0,0,0,0,0,0,0,0,0,0
"C2094","5","311830","48","0","2020","A","N","El Centro, CA MSA","Private","NAICS 311830 Tortilla manufacturing","MSA, NAICS 6-digit -- by ownership sector","All establishment sizes",1,0,0,0,0,0,0,"N",2.61,0,0,0,0,0,0,"N",0,0.0,0,0,0,0,0,0,0,0,0,0,0,0
"C2094","5","312","45","0","2020","A","","El Centro, CA MSA","Private","NAICS 312 Beverage and tobacco product manufacturing","MSA, NAICS 3-digit -- by ownership sector","All establishment sizes",3,42,1652602,351117,19973,757,39348,"",0.28,0.35,0.35,0.35,0.36,0.98,0.98,"",-1,-25.0,-5,-10.6,109594,7.1,7324,2.1,1275,6.8,129,20.5,6692,20.5
"C2094","5","3121","46","0","2020","A","","El Centro, CA MSA","Private","NAICS 3121 Beverage manufacturing","MSA, NAICS 4-digit -- by ownership sector","All establishment sizes",3,42,1652602,351117,19973,757,39348,"",0.29,0.37,0.37,0.37,0.37,1.00,1.00,"",-1,-25.0,-5,-10.6,109594,7.1,7324,2.1,1275,6.8,129,20.5,6692,20.5
"C2094","5","31211","47","0","2020","A","N","El Centro, CA MSA","Private","NAICS 31211 Soft drink and ice manufacturing","MSA, NAICS 5-digit -- by ownership sector","All establishment sizes",1,0,0,0,0,0,0,"N",0.61,0,0,0,0,0,0,"N",0,0.0,0,0,0,0,0,0,0,0,0,0,0,0
"C2094","5","312113","48","0","2020","A","N","El Centro, CA MSA","Private","NAICS 312113 Ice manufacturing","MSA, NAICS 6-digit -- by ownership sector","All establishment sizes",1,0,0,0,0,0,0,"N",2.48,0,0,0,0,0,0,"N",0,0.0,0,0,0,0,0,0,0,0,0,0,0,0
"C2094","5","31212","47","0","2020","A","N","El Centro, CA MSA","Private","NAICS 31212 Breweries","MSA, NAICS 5-digit -- by ownership sector","All establishment sizes",2,0,0,0,0,0,0,"N",0.50,0,0,0,0,0,0,"N",-1,-33.3,0,0,0,0,0,0,0,0,0,0,0,0
"C2094","5","312120","48","0","2020","A","N","El Centro, CA MSA","Private","NAICS 312120 Breweries","MSA, NAICS 6-digit -- by ownership sector","All establishment sizes",2,0,0,0,0,0,0,"N",0.50,0,0,0,0,0,0,"N",-1,-33.3,0,0,0,0,0,0,0,0,0,0,0,0
"C2094","5","315","45","0","2020","A","N","El Centro, CA MSA","Private","NAICS 315 Apparel manufacturing","MSA, NAICS 3-digit -- by ownership sector","All establishment sizes",2,0,0,0,0,0,0,"N",0.40,0,0,0,0,0,0,"N",0,0.0,0,0,0,0,0,0,0,0,0,0,0,0
"C2094","5","3152","46","0","2020","A","N","El Centro, CA MSA","Private","NAICS 3152 Cut and sew apparel manufacturing","MSA, NAICS 4-digit -- by ownership sector","All establishment sizes",2,0,0,0,0,0,0,"N",0.49,0,0,0,0,0,0,"N",0,0.0,0,0,0,0,0,0,0,0,0,0,0,0
"C2094","5","31521","47","0","2020","A","N","El Centro, CA MSA","Private","NAICS 31521 Cut and sew apparel contractors","MSA, NAICS 5-digit -- by ownership sector","All establishment sizes",2,0,0,0,0,0,0,"N",0.91,0,0,0,0,0,0,"N",0,0.0,0,0,0,0,0,0,0,0,0,0,0,0
"C2094","5","315210","48","0","2020","A","N","El Centro, CA MSA","Private","NAICS 315210 Cut and sew apparel contractors","MSA, NAICS 6-digit -- by ownership sector","All establishment sizes",2,0,0,0,0,0,0,"N",0.91,0,0,0,0,0,0,"N",0,0.0,0,0,0,0,0,0,0,0,0,0,0,0
"C2094","5","321","45","0","2020","A","","El Centro, CA MSA","Private","NAICS 321 Wood product manufacturing","MSA, NAICS 3-digit -- by ownership sector","All establishment sizes",5,23,614605,218212,12185,521,27115,"",0.43,0.13,0.10,0.13,0.16,0.76,0.76,"",0,0.0,-8,-25.8,-251289,-29.0,-77639,-26.2,-1062,-8.0,-16,-3.0,-817,-2.9
"C2094","5","3211","46","0","2020","A","N","El Centro, CA MSA","Private","NAICS 3211 Sawmills and wood preservation","MSA, NAICS 4-digit -- by ownership sector","All establishment sizes",1,0,0,0,0,0,0,"N",0.37,0,0,0,0,0,0,"N",0,0.0,0,0,0,0,0,0,0,0,0,0,0,0
"C2094","5","32111","47","0","2020","A","N","El Centro, CA MSA","Private","NAICS 32111 Sawmills and wood preservation","MSA, NAICS 5-digit -- by ownership sector","All establishment sizes",1,0,0,0,0,0,0,"N",0.37,0,0,0,0,0,0,"N",0,0.0,0,0,0,0,0,0,0,0,0,0,0,0
"C2094","5","321113","48","0","2020","A","N","El Centro, CA MSA","Private","NAICS 321113 Sawmills","MSA, NAICS 6-digit -- by ownership sector","All establishment sizes",1,0,0,0,0,0,0,"N",0.42,0,0,0,0,0,0,"N",0,0.0,0,0,0,0,0,0,0,0,0,0,0,0
"C2094","5","3212","46","0","2020","A","N","El Centro, CA MSA","Private","NAICS 3212 Plywood and engineered wood product mfg.","MSA, NAICS 4-digit -- by ownership sector","All establishment sizes",1,0,0,0,0,0,0,"N",0.77,0,0,0,0,0,0,"N",0,0.0,0,0,0,0,0,0,0,0,0,0,0,0
"C2094","5","32121","47","0","2020","A","N","El Centro, CA MSA","Private","NAICS 32121 Plywood and engineered wood product mfg.","MSA, NAICS 5-digit -- by ownership sector","All establishment sizes",1,0,0,0,0,0,0,"N",0.77,0,0,0,0,0,0,"N",0,0.0,0,0,0,0,0,0,0,0,0,0,0,0
"C2094","5","321214","48","0","2020","A","N","El Centro, CA MSA","Private","NAICS 321214 Truss manufacturing","MSA, NAICS 6-digit -- by ownership sector","All establishment sizes",1,0,0,0,0,0,0,"N",1.47,0,0,0,0,0,0,"N",0,0.0,0,0,0,0,0,0,0,0,0,0,0,0
"C2094","5","3219","46","0","2020","A","","El Centro, CA MSA","Private","NAICS 3219 Other wood product manufacturing","MSA, NAICS 4-digit -- by ownership sector","All establishment sizes",3,9,213968,85386,3950,437,22722,"",0.39,0.09,0.06,0.09,0.09,0.67,0.67,"",0,0.0,-4,-30.8,-65971,-23.6,-10291,-10.8,-129,-3.2,6,1.4,327,1.5
"C2094","5","32192","47","0","2020","A","","El Centro, CA MSA","Private","NAICS 32192 Wood container and pallet manufacturing","MSA, NAICS 5-digit -- by ownership sector","All establishment sizes",3,9,213968,85386,3950,437,22722,"",1.29,0.34,0.27,0.37,0.44,0.74,0.74,"",0,0.0,-4,-30.8,-65971,-23.6,-10291,-10.8,-129,-3.2,6,1.4,327,1.5
"C2094","5","321920","48","0","2020","A","","El Centro, CA MSA","Private","NAICS 321920 Wood container and pallet manufacturing","MSA, NAICS 6-digit -- by ownership sector","All establishment sizes",3,9,213968,85386,3950,437,22722,"",1.29,0.34,0.27,0.37,0.44,0.74,0.74,"",0,0.0,-4,-30.8,-65971,-23.6,-10291,-10.8,-129,-3.2,6,1.4,327,1.5
"C2094","5","323","45","0","2020","A","N","El Centro, CA MSA","Private","NAICS 323 Printing and related support activities","MSA, NAICS 3-digit -- by ownership sector","All establishment sizes",1,0,0,0,0,0,0,"N",0.05,0,0,0,0,0,0,"N",0,0.0,0,0,0,0,0,0,0,0,0,0,0,0
"C2094","5","3231","46","0","2020","A","N","El Centro, CA MSA","Private","NAICS 3231 Printing and related support activities","MSA, NAICS 4-digit -- by ownership sector","All establishment sizes",1,0,0,0,0,0,0,"N",0.05,0,0,0,0,0,0,"N",0,0.0,0,0,0,0,0,0,0,0,0,0,0,0
"C2094","5","32311","47","0","2020","A","N","El Centro, CA MSA","Private","NAICS 32311 Printing","MSA, NAICS 5-digit -- by ownership sector","All establishment sizes",1,0,0,0,0,0,0,"N",0.05,0,0,0,0,0,0,"N",0,0.0,0,0,0,0,0,0,0,0,0,0,0,0
"C2094","5","323111","48","0","2020","A","N","El Centro, CA MSA","Private","NAICS 323111 Commercial printing, except screen and books","MSA, NAICS 6-digit -- by ownership sector","All establishment sizes",1,0,0,0,0,0,0,"N",0.07,0,0,0,0,0,0,"N",0,0.0,0,0,0,0,0,0,0,0,0,0,0,0
"C2094","5","325","45","0","2020","A","","El Centro, CA MSA","Private","NAICS 325 Chemical manufacturing","MSA, NAICS 3-digit -- by ownership sector","All establishment sizes",7,85,5876809,383302,12119,1335,69411,"",0.44,0.23,0.22,0.12,0.08,0.94,0.94,"",2,40.0,62,269.6,4314846,276.2,211969,123.7,6067,100.2,0,0.0,-10,0.0
"C2094","5","3251","46","0","2020","A","N","El Centro, CA MSA","Private","NAICS 3251 Basic chemical manufacturing","MSA, NAICS 4-digit -- by ownership sector","All establishment sizes",2,0,0,0,0,0,0,"N",0.76,0,0,0,0,0,0,"N",0,0.0,0,0,0,0,0,0,0,0,0,0,0,0
"C2094","5","32518","47","0","2020","A","N","El Centro, CA MSA","Private","NAICS 32518 Other basic inorganic chemical manufacturing","MSA, NAICS 5-digit -- by ownership sector","All establishment sizes",1,0,0,0,0,0,0,"N",1.49,0,0,0,0,0,0,"N",0,0.0,0,0,0,0,0,0,0,0,0,0,0,0
"C2094","5","325180","48","0","2020","A","N","El Centro, CA MSA","Private","NAICS 325180 Other basic inorganic chemical manufacturing","MSA, NAICS 6-digit -- by ownership sector","All establishment sizes",1,0,0,0,0,0,0,"N",1.49,0,0,0,0,0,0,"N",0,0.0,0,0,0,0,0,0,0,0,0,0,0,0
"C2094","5","32519","47","0","2020","A","N","El Centro, CA MSA","Private","NAICS 32519 Other basic organic chemical manufacturing","MSA, NAICS 5-digit -- by ownership sector","All establishment sizes",1,0,0,0,0,0,0,"N",1.03,0,0,0,0,0,0,"N",0,0.0,0,0,0,0,0,0,0,0,0,0,0,0
"C2094","5","325193","48","0","2020","A","N","El Centro, CA MSA","Private","NAICS 325193 Ethyl alcohol manufacturing","MSA, NAICS 6-digit -- by ownership sector","All establishment sizes",1,0,0,0,0,0,0,"N",6.08,0,0,0,0,0,0,"N",0,0.0,0,0,0,0,0,0,0,0,0,0,0,0
"C2094","5","3252","46","0","2020","A","N","El Centro, CA MSA","Private","NAICS 3252 Resin, rubber, and artificial fibers mfg.","MSA, NAICS 4-digit -- by ownership sector","All establishment sizes",1,0,0,0,0,0,0,"N",0.75,0,0,0,0,0,0,"N",0,0.0,0,0,0,0,0,0,0,0,0,0,0,0
"C2094","5","32521","47","0","2020","A","N","El Centro, CA MSA","Private","NAICS 32521 Resin and synthetic rubber manufacturing","MSA, NAICS 5-digit -- by ownership sector","All establishment sizes",1,0,0,0,0,0,0,"N",0.87,0,0,0,0,0,0,"N",0,0.0,0,0,0,0,0,0,0,0,0,0,0,0
"C2094","5","325211","48","0","2020","A","N","El Centro, CA MSA","Private","NAICS 325211 Plastics material and resin manufacturing","MSA, NAICS 6-digit -- by ownership sector","All establishment sizes",1,0,0,0,0,0,0,"N",1.00,0,0,0,0,0,0,"N",0,0.0,0,0,0,0,0,0,0,0,0,0,0,0
"C2094","5","3253","46","0","2020","A","N","El Centro, CA MSA","Private","NAICS 3253 Agricultural chemical manufacturing","MSA, NAICS 4-digit -- by ownership sector","All establishment sizes",1,0,0,0,0,0,0,"N",0.92,0,0,0,0,0,0,"N",1,100.0,0,0,0,0,0,0,0,0,0,0,0,0
"C2094","5","32531","47","0","2020","A","N","El Centro, CA MSA","Private","NAICS 32531 Fertilizer manufacturing","MSA, NAICS 5-digit -- by ownership sector","All establishment sizes",1,0,0,0,0,0,0,"N",1.30,0,0,0,0,0,0,"N",1,100.0,0,0,0,0,0,0,0,0,0,0,0,0
"C2094","5","325314","48","0","2020","A","N","El Centro, CA MSA","Private","NAICS 325314 Fertilizer, mixing only, manufacturing","MSA, NAICS 6-digit -- by ownership sector","All establishment sizes",1,0,0,0,0,0,0,"N",2.11,0,0,0,0,0,0,"N",1,100.0,0,0,0,0,0,0,0,0,0,0,0,0
"C2094","5","3254","46","0","2020","A","N","El Centro, CA MSA","Private","NAICS 3254 Pharmaceutical and medicine manufacturing","MSA, NAICS 4-digit -- by ownership sector","All establishment sizes",1,0,0,0,0,0,0,"N",0.24,0,0,0,0,0,0,"N",1,100.0,0,0,0,0,0,0,0,0,0,0,0,0
"C2094","5","32541","47","0","2020","A","N","El Centro, CA MSA","Private","NAICS 32541 Pharmaceutical and medicine manufacturing","MSA, NAICS 5-digit -- by ownership sector","All establishment sizes",1,0,0,0,0,0,0,"N",0.24,0,0,0,0,0,0,"N",1,100.0,0,0,0,0,0,0,0,0,0,0,0,0
"C2094","5","325411","48","0","2020","A","N","El Centro, CA MSA","Private","NAICS 325411 Medicinal and botanical manufacturing","MSA, NAICS 6-digit -- by ownership sector","All establishment sizes",1,0,0,0,0,0,0,"N",1.23,0,0,0,0,0,0,"N",1,100.0,0,0,0,0,0,0,0,0,0,0,0,0
"C2094","5","3255","46","0","2020","A","N","El Centro, CA MSA","Private","NAICS 3255 Paint, coating, and adhesive manufacturing","MSA, NAICS 4-digit -- by ownership sector","All establishment sizes",1,0,0,0,0,0,0,"N",0.56,0,0,0,0,0,0,"N",0,0.0,0,0,0,0,0,0,0,0,0,0,0,0
"C2094","5","32551","47","0","2020","A","N","El Centro, CA MSA","Private","NAICS 32551 Paint and coating manufacturing","MSA, NAICS 5-digit -- by ownership sector","All establishment sizes",1,0,0,0,0,0,0,"N",0.81,0,0,0,0,0,0,"N",0,0.0,0,0,0,0,0,0,0,0,0,0,0,0
"C2094","5","325510","48","0","2020","A","N","El Centro, CA MSA","Private","NAICS 325510 Paint and coating manufacturing","MSA, NAICS 6-digit -- by ownership sector","All establishment sizes",1,0,0,0,0,0,0,"N",0.81,0,0,0,0,0,0,"N",0,0.0,0,0,0,0,0,0,0,0,0,0,0,0
"C2094","5","3256","46","0","2020","A","N","El Centro, CA MSA","Private","NAICS 3256 Soap, cleaning compound, and toiletry mfg.","MSA, NAICS 4-digit -- by ownership sector","All establishment sizes",1,0,0,0,0,0,0,"N",0.40,0,0,0,0,0,0,"N",0,0.0,0,0,0,0,0,0,0,0,0,0,0,0
"C2094","5","32561","47","0","2020","A","N","El Centro, CA MSA","Private","NAICS 32561 Soap and cleaning compound manufacturing","MSA, NAICS 5-digit -- by ownership sector","All establishment sizes",1,0,0,0,0,0,0,"N",0.73,0,0,0,0,0,0,"N",0,0.0,0,0,0,0,0,0,0,0,0,0,0,0
"C2094","5","325611","48","0","2020","A","N","El Centro, CA MSA","Private","NAICS 325611 Soap and other detergent manufacturing","MSA, NAICS 6-digit -- by ownership sector","All establishment sizes",1,0,0,0,0,0,0,"N",1.45,0,0,0,0,0,0,"N",0,0.0,0,0,0,0,0,0,0,0,0,0,0,0
"C2094","5","3259","46","0","2020","A","N","El Centro, CA MSA","Private","NAICS 3259 Other chemical product and preparation mfg.","MSA, NAICS 4-digit -- by ownership sector","All establishment sizes",1,0,0,0,0,0,0,"N",0.42,0,0,0,0,0,0,"N",1,100.0,0,0,0,0,0,0,0,0,0,0,0,0
"C2094","5","32599","47","0","2020","A","N","El Centro, CA MSA","Private","NAICS 32599 All other chemical preparation manufacturing","MSA, NAICS 5-digit -- by ownership sector","All establishment sizes",1,0,0,0,0,0,0,"N",0.52,0,0,0,0,0,0,"N",1,100.0,0,0,0,0,0,0,0,0,0,0,0,0
"C2094","5","325992","48","0","2020","A","N","El Centro, CA MSA","Private","NAICS 325992 Photographic film and chemical manufacturing","MSA, NAICS 6-digit -- by ownership sector","All establishment sizes",1,0,0,0,0,0,0,"N",5.30,0,0,0,0,0,0,"N",1,100.0,0,0,0,0,0,0,0,0,0,0,0,0
"C2094","5","327","45","0","2020","A","","El Centro, CA MSA","Private","NAICS 327 Nonmetallic mineral product manufacturing","MSA, NAICS 3-digit -- by ownership sector","All establishment sizes",5,345,23782939,2521603,125179,1327,69019,"",0.38,2.00,3.07,1.56,1.14,1.54,1.54,"",0,0.0,-1,-0.3,737222,3.2,1036,0.0,-8932,-6.7,45,3.5,2381,3.6
"C2094","5","3271","46","0","2020","A","N","El Centro, CA MSA","Private","NAICS 3271 Clay product and refractory manufacturing","MSA, NAICS 4-digit -- by ownership sector","All establishment sizes",1,0,0,0,0,0,0,"N",0.92,0,0,0,0,0,0,"N",0,0.0,0,0,0,0,0,0,0,0,0,0,0,0
"C2094","5","32711","47","0","2020","A","N","El Centro, CA MSA","Private","NAICS 32711 Pottery, ceramics, and plumbing fixture mfg","MSA, NAICS 5-digit -- by ownership sector","All establishment sizes",1,0,0,0,0,0,0,"N",1.72,0,0,0,0,0,0,"N",0,0.0,0,0,0,0,0,0,0,0,0,0,0,0
"C2094","5","327110","48","0","2020","A","N","El Centro, CA MSA","Private","NAICS 327110 Pottery, ceramics, and plumbing fixture mfg","MSA, NAICS 6-digit -- by ownership sector","All establishment sizes",1,0,0,0,0,0,0,"N",1.72,0,0,0,0,0,0,"N",0,0.0,0,0,0,0,0,0,0,0,0,0,0,0
"C2094","5","3273","46","0","2020","A","N","El Centro, CA MSA","Private","NAICS 3273 Cement and concrete product manufacturing","MSA, NAICS 4-digit -- by ownership sector","All establishment sizes",2,0,0,0,0,0,0,"N",0.28,0,0,0,0,0,0,"N",0,0.0,0,0,0,0,0,0,0,0,0,0,0,0
"C2094","5","32732","47","0","2020","A","N","El Centro, CA MSA","Private","NAICS 32732 Ready-mix concrete manufacturing","MSA, NAICS 5-digit -- by ownership sector","All establishment sizes",2,0,0,0,0,0,0,"N",0.47,0,0,0,0,0,0,"N",0,0.0,0,0,0,0,0,0,0,0,0,0,0,0
"C2094","5","327320","48","0","2020","A","N","El Centro, CA MSA","Private","NAICS 327320 Ready-mix concrete manufacturing","MSA, NAICS 6-digit -- by ownership sector","All establishment sizes",2,0,0,0,0,0,0,"N",0.47,0,0,0,0,0,0,"N",0,0.0,0,0,0,0,0,0,0,0,0,0,0,0
"C2094","5","3274","46","0","2020","A","N","El Centro, CA MSA","Private","NAICS 3274 Lime and gypsum product manufacturing","MSA, NAICS 4-digit -- by ownership sector","All establishment sizes",1,0,0,0,0,0,0,"N",3.49,0,0,0,0,0,0,"N",0,0.0,0,0,0,0,0,0,0,0,0,0,0,0
"C2094","5","32742","47","0","2020","A","N","El Centro, CA MSA","Private","NAICS 32742 Gypsum product manufacturing","MSA, NAICS 5-digit -- by ownership sector","All establishment sizes",1,0,0,0,0,0,0,"N",4.63,0,0,0,0,0,0,"N",0,0.0,0,0,0,0,0,0,0,0,0,0,0,0
"C2094","5","327420","48","0","2020","A","N","El Centro, CA MSA","Private","NAICS 327420 Gypsum product manufacturing","MSA, NAICS 6-digit -- by ownership sector","All establishment sizes",1,0,0,0,0,0,0,"N",4.63,0,0,0,0,0,0,"N",0,0.0,0,0,0,0,0,0,0,0,0,0,0,0
"C2094","5","3279","46","0","2020","A","N","El Centro, CA MSA","Private","NAICS 3279 Other nonmetallic mineral products","MSA, NAICS 4-digit -- by ownership sector","All establishment sizes",1,0,0,0,0,0,0,"N",0.32,0,0,0,0,0,0,"N",0,0.0,0,0,0,0,0,0,0,0,0,0,0,0
"C2094","5","32799","47","0","2020","A","N","El Centro, CA MSA","Private","NAICS 32799 All other nonmetallic mineral products mfg.","MSA, NAICS 5-digit -- by ownership sector","All establishment sizes",1,0,0,0,0,0,0,"N",0.35,0,0,0,0,0,0,"N",0,0.0,0,0,0,0,0,0,0,0,0,0,0,0
"C2094","5","327991","48","0","2020","A","N","El Centro, CA MSA","Private","NAICS 327991 Cut stone and stone product manufacturing","MSA, NAICS 6-digit -- by ownership sector","All establishment sizes",1,0,0,0,0,0,0,"N",0.48,0,0,0,0,0,0,"N",0,0.0,0,0,0,0,0,0,0,0,0,0,0,0
"C2094","5","332","45","0","2020","A","","El Centro, CA MSA","Private","NAICS 332 Fabricated metal product manufacturing","MSA, NAICS 3-digit -- by ownership sector","All establishment sizes",9,58,2901256,604385,23893,968,50311,"",0.20,0.10,0.11,0.11,0.08,1.16,1.16,"",0,0.0,-1,-1.7,147400,5.4,-42798,-6.6,-1536,-6.0,74,8.3,3832,8.2
"C2094","5","3323","46","0","2020","A","N","El Centro, CA MSA","Private","NAICS 3323 Architectural and structural metals mfg.","MSA, NAICS 4-digit -- by ownership sector","All establishment sizes",1,0,0,0,0,0,0,"N",0.08,0,0,0,0,0,0,"N",0,0.0,0,0,0,0,0,0,0,0,0,0,0,0
"C2094","5","33231","47","0","2020","A","N","El Centro, CA MSA","Private","NAICS 33231 Plate work and fabricated structural products","MSA, NAICS 5-digit -- by ownership sector","All establishment sizes",1,0,0,0,0,0,0,"N",0.20,0,0,0,0,0,0,"N",0,0.0,0,0,0,0,0,0,0,0,0,0,0,0
"C2094","5","332312","48","0","2020","A","N","El Centro, CA MSA","Private","NAICS 332312 Fabricated structural metal manufacturing","MSA, NAICS 6-digit -- by ownership sector","All establishment sizes",1,0,0,0,0,0,0,"N",0.37,0,0,0,0,0,0,"N",0,0.0,0,0,0,0,0,0,0,0,0,0,0,0
"C2094","5","3327","46","0","2020","A","N","El Centro, CA MSA","Private","NAICS 3327 Machine shops and threaded product mfg.","MSA, NAICS 4-digit -- by ownership sector","All establishment sizes",3,0,0,0,0,0,0,"N",0.18,0,0,0,0,0,0,"N",0,0.0,0,0,0,0,0,0,0,0,0,0,0,0
"C2094","5","33271","47","0","2020","A","N","El Centro, CA MSA","Private","NAICS 33271 Machine shops","MSA, NAICS 5-digit -- by ownership sector","All establishment sizes",3,0,0,0,0,0,0,"N",0.20,0,0,0,0,0,0,"N",0,0.0,0,0,0,0,0,0,0,0,0,0,0,0
"C2094","5","332710","48","0","2020","A","N","El Centro, CA MSA","Private","NAICS 332710 Machine shops","MSA, NAICS 6-digit -- by ownership sector","All establishment sizes",3,0,0,0,0,0,0,"N",0.20,0,0,0,0,0,0,"N",0,0.0,0,0,0,0,0,0,0,0,0,0,0,0
"C2094","5","3329","46","0","2020","A","","El Centro, CA MSA","Private","NAICS 3329 Other fabricated metal product manufacturing","MSA, NAICS 4-digit -- by ownership sector","All establishment sizes",5,26,1640638,213467,9529,1221,63509,"",0.84,0.23,0.31,0.22,0.19,1.33,1.33,"",0,0.0,2,8.3,207316,14.5,7515,3.6,1875,24.5,56,4.8,2946,4.9
"C2094","5","33291","47","0","2020","A","N","El Centro, CA MSA","Private","NAICS 33291 Metal valve manufacturing","MSA, NAICS 5-digit -- by ownership sector","All establishment sizes",2,0,0,0,0,0,0,"N",1.44,0,0,0,0,0,0,"N",0,0.0,0,0,0,0,0,0,0,0,0,0,0,0
"C2094","5","332911","48","0","2020","A","N","El Centro, CA MSA","Private","NAICS 332911 Industrial valve manufacturing","MSA, NAICS 6-digit -- by ownership sector","All establishment sizes",1,0,0,0,0,0,0,"N",1.94,0,0,0,0,0,0,"N",0,0.0,0,0,0,0,0,0,0,0,0,0,0,0
"C2094","5","332913","48","0","2020","A","N","El Centro, CA MSA","Private","NAICS 332913 Plumbing fixture fitting and trim mfg.","MSA, NAICS 6-digit -- by ownership sector","All establishment sizes",1,0,0,0,0,0,0,"N",5.91,0,0,0,0,0,0,"N",0,0.0,0,0,0,0,0,0,0,0,0,0,0,0
"C2094","5","33299","47","0","2020","A","N","El Centro, CA MSA","Private","NAICS 33299 All other fabricated metal product mfg.","MSA, NAICS 5-digit -- by ownership sector","All establishment sizes",3,0,0,0,0,0,0,"N",0.65,0,0,0,0,0,0,"N",0,0.0,0,0,0,0,0,0,0,0,0,0,0,0
"C2094","5","332999","48","0","2020","A","N","El Centro, CA MSA","Private","NAICS 332999 Miscellaneous fabricated metal product mfg.","MSA, NAICS 6-digit -- by ownership sector","All establishment sizes",3,0,0,0,0,0,0,"N",1.00,0,0,0,0,0,0,"N",0,0.0,0,0,0,0,0,0,0,0,0,0,0,0
"C2094","5","333","45","0","2020","A","","El Centro, CA MSA","Private","NAICS 333 Machinery manufacturing","MSA, NAICS 3-digit -- by ownership sector","All establishment sizes",5,36,2828431,260020,13734,1529,79488,"",0.20,0.08,0.12,0.06,0.06,1.50,1.50,"",0,0.0,-1,-2.7,392554,16.1,7377,2.9,485,3.7,249,19.5,12904,19.4
"C2094","5","3331","46","0","2020","A","N","El Centro, CA MSA","Private","NAICS 3331 Ag., construction, and mining machinery mfg.","MSA, NAICS 4-digit -- by ownership sector","All establishment sizes",1,0,0,0,0,0,0,"N",0.29,0,0,0,0,0,0,"N",0,0.0,0,0,0,0,0,0,0,0,0,0,0,0
"C2094","5","33311","47","0","2020","A","N","El Centro, CA MSA","Private","NAICS 33311 Agricultural implement manufacturing","MSA, NAICS 5-digit -- by ownership sector","All establishment sizes",1,0,0,0,0,0,0,"N",0.74,0,0,0,0,0,0,"N",0,0.0,0,0,0,0,0,0,0,0,0,0,0,0
"C2094","5","333111","48","0","2020","A","N","El Centro, CA MSA","Private","NAICS 333111 Farm machinery and equipment manufacturing","MSA, NAICS 6-digit -- by ownership sector","All establishment sizes",1,0,0,0,0,0,0,"N",0.87,0,0,0,0,0,0,"N",0,0.0,0,0,0,0,0,0,0,0,0,0,0,0
"C2094","5","3332","46","0","2020","A","N","El Centro, CA MSA","Private","NAICS 3332 Industrial machinery manufacturing","MSA, NAICS 4-digit -- by ownership sector","All establishment sizes",1,0,0,0,0,0,0,"N",0.28,0,0,0,0,0,0,"N",0,0.0,0,0,0,0,0,0,0,0,0,0,0,0
"C2094","5","33324","47","0","2020","A","N","El Centro, CA MSA","Private","NAICS 33324 Industrial machinery manufacturing","MSA, NAICS 5-digit -- by ownership sector","All establishment sizes",1,0,0,0,0,0,0,"N",0.28,0,0,0,0,0,0,"N",0,0.0,0,0,0,0,0,0,0,0,0,0,0,0
"C2094","5","333249","48","0","2020","A","N","El Centro, CA MSA","Private","NAICS 333249 Other industrial machinery manufacturing","MSA, NAICS 6-digit -- by ownership sector","All establishment sizes",1,0,0,0,0,0,0,"N",0.48,0,0,0,0,0,0,"N",0,0.0,0,0,0,0,0,0,0,0,0,0,0,0
"C2094","5","3335","46","0","2020","A","N","El Centro, CA MSA","Private","NAICS 3335 Metalworking machinery manufacturing","MSA, NAICS 4-digit -- by ownership sector","All establishment sizes",2,0,0,0,0,0,0,"N",0.32,0,0,0,0,0,0,"N",0,0.0,0,0,0,0,0,0,0,0,0,0,0,0
"C2094","5","33351","47","0","2020","A","N","El Centro, CA MSA","Private","NAICS 33351 Metalworking machinery manufacturing","MSA, NAICS 5-digit -- by ownership sector","All establishment sizes",2,0,0,0,0,0,0,"N",0.32,0,0,0,0,0,0,"N",0,0.0,0,0,0,0,0,0,0,0,0,0,0,0
"C2094","5","333517","48","0","2020","A","N","El Centro, CA MSA","Private","NAICS 333517 Machine tool manufacturing","MSA, NAICS 6-digit -- by ownership sector","All establishment sizes",2,0,0,0,0,0,0,"N",1.25,0,0,0,0,0,0,"N",0,0.0,0,0,0,0,0,0,0,0,0,0,0,0
"C2094","5","3339","46","0","2020","A","N","El Centro, CA MSA","Private","NAICS 3339 Other general purpose machinery manufacturing","MSA, NAICS 4-digit -- by ownership sector","All establishment sizes",1,0,0,0,0,0,0,"N",0.17,0,0,0,0,0,0,"N",0,0.0,0,0,0,0,0,0,0,0,0,0,0,0
"C2094","5","33391","47","0","2020","A","N","El Centro, CA MSA","Private","NAICS 33391 Pump and compressor manufacturing","MSA, NAICS 5-digit -- by ownership sector","All establishment sizes",1,0,0,0,0,0,0,"N",1.02,0,0,0,0,0,0,"N",1,100.0,0,0,0,0,0,0,0,0,0,0,0,0
"C2094","5","333914","48","0","2020","A","N","El Centro, CA MSA","Private","NAICS 333914 Measuring, dispensing, and other pumping equipment manufacturing","MSA, NAICS 6-digit -- by ownership sector","All establishment sizes",1,0,0,0,0,0,0,"N",1.53,0,0,0,0,0,0,"N",1,100.0,0,0,0,0,0,0,0,0,0,0,0,0
"C2094","5","334","45","0","2020","A","N","El Centro, CA MSA","Private","NAICS 334 Computer and electronic product manufacturing","MSA, NAICS 3-digit -- by ownership sector","All establishment sizes",2,0,0,0,0,0,0,"N",0.12,0,0,0,0,0,0,"N",-1,-33.3,0,0,0,0,0,0,0,0,0,0,0,0
"C2094","5","3344","46","0","2020","A","N","El Centro, CA MSA","Private","NAICS 3344 Semiconductor and electronic component mfg.","MSA, NAICS 4-digit -- by ownership sector","All establishment sizes",1,0,0,0,0,0,0,"N",0.21,0,0,0,0,0,0,"N",0,0.0,0,0,0,0,0,0,0,0,0,0,0,0
"C2094","5","33441","47","0","2020","A","N","El Centro, CA MSA","Private","NAICS 33441 Semiconductor and electronic component mfg.","MSA, NAICS 5-digit -- by ownership sector","All establishment sizes",1,0,0,0,0,0,0,"N",0.21,0,0,0,0,0,0,"N",0,0.0,0,0,0,0,0,0,0,0,0,0,0,0
"C2094","5","334419","48","0","2020","A","N","El Centro, CA MSA","Private","NAICS 334419 Other electronic component manufacturing","MSA, NAICS 6-digit -- by ownership sector","All establishment sizes",1,0,0,0,0,0,0,"N",0.81,0,0,0,0,0,0,"N",0,0.0,0,0,0,0,0,0,0,0,0,0,0,0
"C2094","5","3345","46","0","2020","A","N","El Centro, CA MSA","Private","NAICS 3345 Electronic instrument manufacturing","MSA, NAICS 4-digit -- by ownership sector","All establishment sizes",1,0,0,0,0,0,0,"N",0.14,0,0,0,0,0,0,"N",0,0.0,0,0,0,0,0,0,0,0,0,0,0,0
"C2094","5","33451","47","0","2020","A","N","El Centro, CA MSA","Private","NAICS 33451 Electronic instrument manufacturing","MSA, NAICS 5-digit -- by ownership sector","All establishment sizes",1,0,0,0,0,0,0,"N",0.14,0,0,0,0,0,0,"N",0,0.0,0,0,0,0,0,0,0,0,0,0,0,0
"C2094","5","334511","48","0","2020","A","N","El Centro, CA MSA","Private","NAICS 334511 Search, detection, and navigation instruments","MSA, NAICS 6-digit -- by ownership sector","All establishment sizes",1,0,0,0,0,0,0,"N",1.19,0,0,0,0,0,0,"N",0,0.0,0,0,0,0,0,0,0,0,0,0,0,0
"C2094","5","335","45","0","2020","A","N","El Centro, CA MSA","Private","NAICS 335 Electrical equipment and appliance mfg.","MSA, NAICS 3-digit -- by ownership sector","All establishment sizes",1,0,0,0,0,0,0,"N",0.15,0,0,0,0,0,0,"N",0,0.0,0,0,0,0,0,0,0,0,0,0,0,0
"C2094","5","3359","46","0","2020","A","N","El Centro, CA MSA","Private","NAICS 3359 Other electrical equipment and component mfg.","MSA, NAICS 4-digit -- by ownership sector","All establishment sizes",1,0,0,0,0,0,0,"N",0.39,0,0,0,0,0,0,"N",0,0.0,0,0,0,0,0,0,0,0,0,0,0,0
"C2094","5","33599","47","0","2020","A","N","El Centro, CA MSA","Private","NAICS 33599 Other electrical equipment and component mfg.","MSA, NAICS 5-digit -- by ownership sector","All establishment sizes",1,0,0,0,0,0,0,"N",0.76,0,0,0,0,0,0,"N",0,0.0,0,0,0,0,0,0,0,0,0,0,0,0
"C2094","5","335999","48","0","2020","A","N","El Centro, CA MSA","Private","NAICS 335999 Miscellaneous electrical equipment mfg.","MSA, NAICS 6-digit -- by ownership sector","All establishment sizes",1,0,0,0,0,0,0,"N",0.87,0,0,0,0,0,0,"N",0,0.0,0,0,0,0,0,0,0,0,0,0,0,0
"C2094","5","336","45","0","2020","A","N","El Centro, CA MSA","Private","NAICS 336 Transportation equipment manufacturing","MSA, NAICS 3-digit -- by ownership sector","All establishment sizes",1,0,0,0,0,0,0,"N",0.08,0,0,0,0,0,0,"N",0,0.0,0,0,0,0,0,0,0,0,0,0,0,0
"C2094","5","3364","46","0","2020","A","N","El Centro, CA MSA","Private","NAICS 3364 Aerospace product and parts manufacturing","MSA, NAICS 4-digit -- by ownership sector","All establishment sizes",1,0,0,0,0,0,0,"N",0.37,0,0,0,0,0,0,"N",0,0.0,0,0,0,0,0,0,0,0,0,0,0,0
"C2094","5","33641","47","0","2020","A","N","El Centro, CA MSA","Private","NAICS 33641 Aerospace product and parts manufacturing","MSA, NAICS 5-digit -- by ownership sector","All establishment sizes",1,0,0,0,0,0,0,"N",0.37,0,0,0,0,0,0,"N",0,0.0,0,0,0,0,0,0,0,0,0,0,0,0
"C2094","5","336412","48","0","2020","A","N","El Centro, CA MSA","Private","NAICS 336412 Aircraft engine and engine parts mfg.","MSA, NAICS 6-digit -- by ownership sector","All establishment sizes",1,0,0,0,0,0,0,"N",1.67,0,0,0,0,0,0,"N",0,0.0,0,0,0,0,0,0,0,0,0,0,0,0
"C2094","5","337","45","0","2020","A","N","El Centro, CA MSA","Private","NAICS 337 Furniture and related product manufacturing","MSA, NAICS 3-digit -- by ownership sector","All establishment sizes",1,0,0,0,0,0,0,"N",0.07,0,0,0,0,0,0,"N",0,0.0,0,0,0,0,0,0,0,0,0,0,0,0
"C2094","5","3372","46","0","2020","A","N","El Centro, CA MSA","Private","NAICS 3372 Office furniture and fixtures manufacturing","MSA, NAICS 4-digit -- by ownership sector","All establishment sizes",1,0,0,0,0,0,0,"N",0.32,0,0,0,0,0,0,"N",0,0.0,0,0,0,0,0,0,0,0,0,0,0,0
"C2094","5","33721","47","0","2020","A","N","El Centro, CA MSA","Private","NAICS 33721 Office furniture and fixtures manufacturing","MSA, NAICS 5-digit -- by ownership sector","All establishment sizes",1,0,0,0,0,0,0,"N",0.32,0,0,0,0,0,0,"N",0,0.0,0,0,0,0,0,0,0,0,0,0,0,0
"C2094","5","337211","48","0","2020","A","N","El Centro, CA MSA","Private","NAICS 337211 Wood office furniture manufacturing","MSA, NAICS 6-digit -- by ownership sector","All establishment sizes",1,0,0,0,0,0,0,"N",2.45,0,0,0,0,0,0,"N",0,0.0,0,0,0,0,0,0,0,0,0,0,0,0
"C2094","5","339","45","0","2020","A","N","El Centro, CA MSA","Private","NAICS 339 Miscellaneous manufacturing","MSA, NAICS 3-digit -- by ownership sector","All establishment sizes",2,0,0,0,0,0,0,"N",0.08,0,0,0,0,0,0,"N",-1,-33.3,0,0,0,0,0,0,0,0,0,0,0,0
"C2094","5","3391","46","0","2020","A","N","El Centro, CA MSA","Private","NAICS 3391 Medical equipment and supplies manufacturing","MSA, NAICS 4-digit -- by ownership sector","All establishment sizes",1,0,0,0,0,0,0,"N",0.10,0,0,0,0,0,0,"N",-1,-50.0,0,0,0,0,0,0,0,0,0,0,0,0
"C2094","5","33911","47","0","2020","A","N","El Centro, CA MSA","Private","NAICS 33911 Medical equipment and supplies manufacturing","MSA, NAICS 5-digit -- by ownership sector","All establishment sizes",1,0,0,0,0,0,0,"N",0.10,0,0,0,0,0,0,"N",-1,-50.0,0,0,0,0,0,0,0,0,0,0,0,0
"C2094","5","339112","48","0","2020","A","N","El Centro, CA MSA","Private","NAICS 339112 Surgical and medical instrument manufacturing","MSA, NAICS 6-digit -- by ownership sector","All establishment sizes",1,0,0,0,0,0,0,"N",0.48,0,0,0,0,0,0,"N",1,100.0,0,0,0,0,0,0,0,0,0,0,0,0
"C2094","5","3399","46","0","2020","A","N","El Centro, CA MSA","Private","NAICS 3399 Other miscellaneous manufacturing","MSA, NAICS 4-digit -- by ownership sector","All establishment sizes",1,0,0,0,0,0,0,"N",0.06,0,0,0,0,0,0,"N",0,0.0,0,0,0,0,0,0,0,0,0,0,0,0
"C2094","5","33995","47","0","2020","A","N","El Centro, CA MSA","Private","NAICS 33995 Sign manufacturing","MSA, NAICS 5-digit -- by ownership sector","All establishment sizes",1,0,0,0,0,0,0,"N",0.18,0,0,0,0,0,0,"N",0,0.0,0,0,0,0,0,0,0,0,0,0,0,0
"C2094","5","339950","48","0","2020","A","N","El Centro, CA MSA","Private","NAICS 339950 Sign manufacturing","MSA, NAICS 6-digit -- by ownership sector","All establishment sizes",1,0,0,0,0,0,0,"N",0.18,0,0,0,0,0,0,"N",0,0.0,0,0,0,0,0,0,0,0,0,0,0,0
"C2094","5","42","44","0","2020","A","","El Centro, CA MSA","Private","NAICS 42 Wholesale trade","MSA, NAICS Sector -- by ownership sector","All establishment sizes",188,1723,105154101,14345394,714274,1173,61018,"",0.39,0.70,0.72,0.62,0.66,1.01,1.02,"",-15,-7.4,-67,-3.7,5131003,5.1,-637329,-4.3,-25133,-3.4,98,9.1,5139,9.2
"C2094","5","423","45","0","2020","A","","El Centro, CA MSA","Private","NAICS 423 Merchant wholesalers, durable goods","MSA, NAICS 3-digit -- by ownership sector","All establishment sizes",85,572,32495222,4703859,226033,1092,56768,"",0.36,0.43,0.40,0.38,0.39,0.94,0.94,"",-9,-9.6,-74,-11.5,-1914098,-5.6,-720730,-13.3,-31018,-12.1,67,6.5,3489,6.5
"C2094","5","4231","46","0","2020","A","","El Centro, CA MSA","Private","NAICS 4231 Motor vehicle and parts merchant wholesalers","MSA, NAICS 4-digit -- by ownership sector","All establishment sizes",8,29,1068752,241833,8838,699,36332,"",0.40,0.20,0.16,0.18,0.16,0.79,0.79,"",-3,-27.3,-16,-35.6,-322255,-23.2,-121853,-33.5,-5155,-36.8,109,18.5,5648,18.4
"C2094","5","42311","47","0","2020","A","N","El Centro, CA MSA","Private","NAICS 42311 Motor vehicle merchant wholesalers","MSA, NAICS 5-digit -- by ownership sector","All establishment sizes",2,0,0,0,0,0,0,"N",0.38,0,0,0,0,0,0,"N",-1,-33.3,0,0,0,0,0,0,0,0,0,0,0,0
"C2094","5","423110","48","0","2020","A","N","El Centro, CA MSA","Private","NAICS 423110 Motor vehicle merchant wholesalers","MSA, NAICS 6-digit -- by ownership sector","All establishment sizes",2,0,0,0,0,0,0,"N",0.38,0,0,0,0,0,0,"N",-1,-33.3,0,0,0,0,0,0,0,0,0,0,0,0
"C2094","5","42312","47","0","2020","A","","El Centro, CA MSA","Private","NAICS 42312 New motor vehicle parts merchant wholesalers","MSA, NAICS 5-digit -- by ownership sector","All establishment sizes",5,16,477569,136076,4458,562,29239,"",0.45,0.22,0.15,0.22,0.15,0.66,0.66,"",-2,-28.6,-9,-36.0,-191350,-28.6,-51540,-27.5,-2340,-34.4,44,8.5,2303,8.5
"C2094","5","423120","48","0","2020","A","","El Centro, CA MSA","Private","NAICS 423120 New motor vehicle parts merchant wholesalers","MSA, NAICS 6-digit -- by ownership sector","All establishment sizes",5,16,477569,136076,4458,562,29239,"",0.45,0.22,0.15,0.22,0.15,0.66,0.66,"",-2,-28.6,-9,-36.0,-191350,-28.6,-51540,-27.5,-2340,-34.4,44,8.5,2303,8.5
"C2094","5","42313","47","0","2020","A","N","El Centro, CA MSA","Private","NAICS 42313 Tire and tube merchant wholesalers","MSA, NAICS 5-digit -- by ownership sector","All establishment sizes",1,0,0,0,0,0,0,"N",0.55,0,0,0,0,0,0,"N",0,0.0,0,0,0,0,0,0,0,0,0,0,0,0
"C2094","5","423130","48","0","2020","A","N","El Centro, CA MSA","Private","NAICS 423130 Tire and tube merchant wholesalers","MSA, NAICS 6-digit -- by ownership sector","All establishment sizes",1,0,0,0,0,0,0,"N",0.55,0,0,0,0,0,0,"N",0,0.0,0,0,0,0,0,0,0,0,0,0,0,0
"C2094","5","4232","46","0","2020","A","N","El Centro, CA MSA","Private","NAICS 4232 Furniture and furnishing merchant wholesalers","MSA, NAICS 4-digit -- by ownership sector","All establishment sizes",3,0,0,0,0,0,0,"N",0.32,0,0,0,0,0,0,"N",0,0.0,0,0,0,0,0,0,0,0,0,0,0,0
"C2094","5","42321","47","0","2020","A","N","El Centro, CA MSA","Private","NAICS 42321 Furniture merchant wholesalers","MSA, NAICS 5-digit -- by ownership sector","All establishment sizes",2,0,0,0,0,0,0,"N",0.46,0,0,0,0,0,0,"N",0,0.0,0,0,0,0,0,0,0,0,0,0,0,0
"C2094","5","423210","48","0","2020","A","N","El Centro, CA MSA","Private","NAICS 423210 Furniture merchant wholesalers","MSA, NAICS 6-digit -- by ownership sector","All establishment sizes",2,0,0,0,0,0,0,"N",0.46,0,0,0,0,0,0,"N",0,0.0,0,0,0,0,0,0,0,0,0,0,0,0
"C2094","5","42322","47","0","2020","A","N","El Centro, CA MSA","Private","NAICS 42322 Home furnishing merchant wholesalers","MSA, NAICS 5-digit -- by ownership sector","All establishment sizes",1,0,0,0,0,0,0,"N",0.19,0,0,0,0,0,0,"N",0,0.0,0,0,0,0,0,0,0,0,0,0,0,0
"C2094","5","423220","48","0","2020","A","N","El Centro, CA MSA","Private","NAICS 423220 Home furnishing merchant wholesalers","MSA, NAICS 6-digit -- by ownership sector","All establishment sizes",1,0,0,0,0,0,0,"N",0.19,0,0,0,0,0,0,"N",0,0.0,0,0,0,0,0,0,0,0,0,0,0,0
"C2094","5","4233","46","0","2020","A","","El Centro, CA MSA","Private","NAICS 4233 Lumber and const. supply merchant wholesalers","MSA, NAICS 4-digit -- by ownership sector","All establishment sizes",6,27,1251250,192686,8973,894,46486,"",0.33,0.26,0.24,0.19,0.17,0.93,0.93,"",0,0.0,2,8.0,76852,6.5,25340,15.1,337,3.9,-25,-2.7,-1286,-2.7
"C2094","5","42331","47","0","2020","A","N","El Centro, CA MSA","Private","NAICS 42331 Lumber and wood merchant wholesalers","MSA, NAICS 5-digit -- by ownership sector","All establishment sizes",2,0,0,0,0,0,0,"N",0.28,0,0,0,0,0,0,"N",0,0.0,0,0,0,0,0,0,0,0,0,0,0,0
"C2094","5","423310","48","0","2020","A","N","El Centro, CA MSA","Private","NAICS 423310 Lumber and wood merchant wholesalers","MSA, NAICS 6-digit -- by ownership sector","All establishment sizes",2,0,0,0,0,0,0,"N",0.28,0,0,0,0,0,0,"N",0,0.0,0,0,0,0,0,0,0,0,0,0,0,0
"C2094","5","42332","47","0","2020","A","","El Centro, CA MSA","Private","NAICS 42332 Masonry material merchant wholesalers","MSA, NAICS 5-digit -- by ownership sector","All establishment sizes",3,13,739977,97794,4932,1067,55498,"",0.62,0.48,0.57,0.40,0.32,1.17,1.17,"",0,0.0,0,0.0,6678,0.9,5327,5.8,133,2.8,3,0.3,155,0.3
"C2094","5","423320","48","0","2020","A","","El Centro, CA MSA","Private","NAICS 423320 Masonry material merchant wholesalers","MSA, NAICS 6-digit -- by ownership sector","All establishment sizes",3,13,739977,97794,4932,1067,55498,"",0.62,0.48,0.57,0.40,0.32,1.17,1.17,"",0,0.0,0,0.0,6678,0.9,5327,5.8,133,2.8,3,0.3,155,0.3
"C2094","5","42339","47","0","2020","A","N","El Centro, CA MSA","Private","NAICS 42339 Other const. material merchant wholesalers","MSA, NAICS 5-digit -- by ownership sector","All establishment sizes",1,0,0,0,0,0,0,"N",0.30,0,0,0,0,0,0,"N",0,0.0,0,0,0,0,0,0,0,0,0,0,0,0
"C2094","5","423390","48","0","2020","A","N","El Centro, CA MSA","Private","NAICS 423390 Other const. material merchant wholesalers","MSA, NAICS 6-digit -- by ownership sector","All establishment sizes",1,0,0,0,0,0,0,"N",0.30,0,0,0,0,0,0,"N",0,0.0,0,0,0,0,0,0,0,0,0,0,0,0
"C2094","5","4234","46","0","2020","A","","El Centro, CA MSA","Private","NAICS 4234 Commercial equip. merchant wholesalers","MSA, NAICS 4-digit -- by ownership sector","All establishment sizes",9,18,1200582,145974,4658,1265,65785,"",0.18,0.06,0.05,0.05,0.03,0.79,0.79,"",0,0.0,-5,-21.7,-212837,-15.1,-52266,-26.4,-2463,-34.6,61,5.1,3198,5.1
"C2094","5","42342","47","0","2020","A","N","El Centro, CA MSA","Private","NAICS 42342 Office equipment merchant wholesalers","MSA, NAICS 5-digit -- by ownership sector","All establishment sizes",1,0,0,0,0,0,0,"N",0.21,0,0,0,0,0,0,"N",0,0.0,0,0,0,0,0,0,0,0,0,0,0,0
"C2094","5","423420","48","0","2020","A","N","El Centro, CA MSA","Private","NAICS 423420 Office equipment merchant wholesalers","MSA, NAICS 6-digit -- by ownership sector","All establishment sizes",1,0,0,0,0,0,0,"N",0.21,0,0,0,0,0,0,"N",0,0.0,0,0,0,0,0,0,0,0,0,0,0,0
"C2094","5","42343","47","0","2020","A","N","El Centro, CA MSA","Private","NAICS 42343 Computer and software merchant wholesalers","MSA, NAICS 5-digit -- by ownership sector","All establishment sizes",2,0,0,0,0,0,0,"N",0.17,0,0,0,0,0,0,"N",0,0.0,0,0,0,0,0,0,0,0,0,0,0,0
"C2094","5","423430","48","0","2020","A","N","El Centro, CA MSA","Private","NAICS 423430 Computer and software merchant wholesalers","MSA, NAICS 6-digit -- by ownership sector","All establishment sizes",2,0,0,0,0,0,0,"N",0.17,0,0,0,0,0,0,"N",0,0.0,0,0,0,0,0,0,0,0,0,0,0,0
"C2094","5","42344","47","0","2020","A","","El Centro, CA MSA","Private","NAICS 42344 Other commercial equip. merchant wholesalers","MSA, NAICS 5-digit -- by ownership sector","All establishment sizes",3,4,267534,18066,1006,1436,74661,"",0.60,0.18,0.24,0.09,0.10,1.50,1.50,"",0,0.0,1,33.3,50868,23.5,-18800,-51.0,-1109,-52.4,186,14.9,9661,14.9
"C2094","5","423440","48","0","2020","A","","El Centro, CA MSA","Private","NAICS 423440 Other commercial equip. merchant wholesalers","MSA, NAICS 6-digit -- by ownership sector","All establishment sizes",3,4,267534,18066,1006,1436,74661,"",0.60,0.18,0.24,0.09,0.10,1.50,1.50,"",0,0.0,1,33.3,50868,23.5,-18800,-51.0,-1109,-52.4,186,14.9,9661,14.9
"C2094","5","42345","47","0","2020","A","N","El Centro, CA MSA","Private","NAICS 42345 Medical equipment merchant wholesalers","MSA, NAICS 5-digit -- by ownership sector","All establishment sizes",2,0,0,0,0,0,0,"N",0.09,0,0,0,0,0,0,"N",-1,-33.3,0,0,0,0,0,0,0,0,0,0,0,0
"C2094","5","423450","48","0","2020","A","N","El Centro, CA MSA","Private","NAICS 423450 Medical equipment merchant wholesalers","MSA, NAICS 6-digit -- by ownership sector","All establishment sizes",2,0,0,0,0,0,0,"N",0.09,0,0,0,0,0,0,"N",-1,-33.3,0,0,0,0,0,0,0,0,0,0,0,0
"C2094","5","42349","47","0","2020","A","N","El Centro, CA MSA","Private","NAICS 42349 Other professional equip. merchant wholesaler","MSA, NAICS 5-digit -- by ownership sector","All establishment sizes",1,0,0,0,0,0,0,"N",0.31,0,0,0,0,0,0,"N",0,0.0,0,0,0,0,0,0,0,0,0,0,0,0
"C2094","5","423490","48","0","2020","A","N","El Centro, CA MSA","Private","NAICS 423490 Other professional equip. merchant wholesaler","MSA, NAICS 6-digit -- by ownership sector","All establishment sizes",1,0,0,0,0,0,0,"N",0.31,0,0,0,0,0,0,"N",0,0.0,0,0,0,0,0,0,0,0,0,0,0,0
"C2094","5","4235","46","0","2020","A","","El Centro, CA MSA","Private","NAICS 4235 Metal and mineral merchant wholesalers","MSA, NAICS 4-digit -- by ownership sector","All establishment sizes",6,24,1029324,200361,7283,816,42446,"",0.68,0.44,0.35,0.41,0.32,0.79,0.79,"",0,0.0,0,0.0,77211,8.1,28903,16.9,538,8.0,48,6.2,2497,6.3
"C2094","5","42351","47","0","2020","A","","El Centro, CA MSA","Private","NAICS 42351 Metal merchant wholesalers","MSA, NAICS 5-digit -- by ownership sector","All establishment sizes",6,24,1029324,200361,7283,816,42446,"",0.72,0.45,0.36,0.42,0.33,0.80,0.80,"",0,0.0,0,0.0,77211,8.1,28903,16.9,538,8.0,48,6.2,2497,6.3
"C2094","5","423510","48","0","2020","A","","El Centro, CA MSA","Private","NAICS 423510 Metal merchant wholesalers","MSA, NAICS 6-digit -- by ownership sector","All establishment sizes",6,24,1029324,200361,7283,816,42446,"",0.72,0.45,0.36,0.42,0.33,0.80,0.80,"",0,0.0,0,0.0,77211,8.1,28903,16.9,538,8.0,48,6.2,2497,6.3
"C2094","5","4236","46","0","2020","A","","El Centro, CA MSA","Private","NAICS 4236 Appliance and electric goods merchant whls.","MSA, NAICS 4-digit -- by ownership sector","All establishment sizes",10,49,2845927,490209,18042,1121,58278,"",0.36,0.33,0.28,0.36,0.26,0.86,0.86,"",-2,-16.7,-24,-32.9,-1067635,-27.3,-321466,-39.6,-11540,-39.0,90,8.7,4668,8.7
"C2094","5","42361","47","0","2020","A","N","El Centro, CA MSA","Private","NAICS 42361 Elec. equip. and wiring merchant wholesalers","MSA, NAICS 5-digit -- by ownership sector","All establishment sizes",5,0,0,0,0,0,0,"N",0.37,0,0,0,0,0,0,"N",1,25.0,0,0,0,0,0,0,0,0,0,0,0,0
"C2094","5","423610","48","0","2020","A","N","El Centro, CA MSA","Private","NAICS 423610 Elec. equip. and wiring merchant wholesalers","MSA, NAICS 6-digit -- by ownership sector","All establishment sizes",5,0,0,0,0,0,0,"N",0.37,0,0,0,0,0,0,"N",1,25.0,0,0,0,0,0,0,0,0,0,0,0,0
"C2094","5","42362","47","0","2020","A","N","El Centro, CA MSA","Private","NAICS 42362 Appliance and electronics merchant whls.","MSA, NAICS 5-digit -- by ownership sector","All establishment sizes",1,0,0,0,0,0,0,"N",0.31,0,0,0,0,0,0,"N",0,0.0,0,0,0,0,0,0,0,0,0,0,0,0
"C2094","5","423620","48","0","2020","A","N","El Centro, CA MSA","Private","NAICS 423620 Appliance and electronics merchant whls.","MSA, NAICS 6-digit -- by ownership sector","All establishment sizes",1,0,0,0,0,0,0,"N",0.31,0,0,0,0,0,0,"N",0,0.0,0,0,0,0,0,0,0,0,0,0,0,0
"C2094","5","42369","47","0","2020","A","","El Centro, CA MSA","Private","NAICS 42369 Other electronic parts merchant wholesalers","MSA, NAICS 5-digit -- by ownership sector","All establishment sizes",4,32,1704986,272586,10491,1041,54127,"",0.36,0.54,0.38,0.50,0.36,0.71,0.71,"",-3,-42.9,-26,-44.8,-1279093,-42.9,-437489,-61.6,-14786,-58.5,47,4.7,2455,4.8
"C2094","5","423690","48","0","2020","A","","El Centro, CA MSA","Private","NAICS 423690 Other electronic parts merchant wholesalers","MSA, NAICS 6-digit -- by ownership sector","All establishment sizes",4,32,1704986,272586,10491,1041,54127,"",0.36,0.54,0.38,0.50,0.36,0.71,0.71,"",-3,-42.9,-26,-44.8,-1279093,-42.9,-437489,-61.6,-14786,-58.5,47,4.7,2455,4.8
"C2094","5","4237","46","0","2020","A","","El Centro, CA MSA","Private","NAICS 4237 Hardware and plumbing merchant wholesalers","MSA, NAICS 4-digit -- by ownership sector","All establishment sizes",7,26,1548925,161172,6931,1168,60742,"",0.36,0.22,0.24,0.14,0.15,1.13,1.13,"",-1,-12.5,-1,-3.7,-48784,-3.1,-36942,-18.6,-1888,-21.4,23,2.0,1200,2.0
"C2094","5","42372","47","0","2020","A","","El Centro, CA MSA","Private","NAICS 42372 Plumbing equip. merchant wholesalers","MSA, NAICS 5-digit -- by ownership sector","All establishment sizes",3,10,569728,58594,2193,1060,55135,"",0.40,0.22,0.23,0.13,0.12,1.03,1.04,"",-1,-25.0,-1,-9.1,-33920,-5.6,-27739,-32.1,-1004,-31.4,13,1.2,671,1.2
"C2094","5","423720","48","0","2020","A","","El Centro, CA MSA","Private","NAICS 423720 Plumbing equip. merchant wholesalers","MSA, NAICS 6-digit -- by ownership sector","All establishment sizes",3,10,569728,58594,2193,1060,55135,"",0.40,0.22,0.23,0.13,0.12,1.03,1.04,"",-1,-25.0,-1,-9.1,-33920,-5.6,-27739,-32.1,-1004,-31.4,13,1.2,671,1.2
"C2094","5","42373","47","0","2020","A","","El Centro, CA MSA","Private","NAICS 42373 Hvac equip. merchant wholesalers","MSA, NAICS 5-digit -- by ownership sector","All establishment sizes",4,15,979197,102578,4738,1242,64562,"",0.83,0.49,0.52,0.38,0.42,1.05,1.05,"",0,0.0,-1,-6.2,-14864,-1.5,-9203,-8.2,-884,-15.7,28,2.3,1447,2.3
"C2094","5","423730","48","0","2020","A","","El Centro, CA MSA","Private","NAICS 423730 Hvac equip. merchant wholesalers","MSA, NAICS 6-digit -- by ownership sector","All establishment sizes",4,15,979197,102578,4738,1242,64562,"",0.83,0.49,0.52,0.38,0.42,1.05,1.05,"",0,0.0,-1,-6.2,-14864,-1.5,-9203,-8.2,-884,-15.7,28,2.3,1447,2.3
"C2094","5","4238","46","0","2020","A","","El Centro, CA MSA","Private","NAICS 4238 Machinery and supply merchant wholesalers","MSA, NAICS 4-digit -- by ownership sector","All establishment sizes",35,300,19167862,2494118,127745,1228,63840,"",0.63,1.00,1.16,0.88,1.10,1.15,1.15,"",-1,-2.8,-16,-5.1,-279429,-1.4,-140342,-5.3,-5130,-3.9,45,3.8,2347,3.8
"C2094","5","42381","47","0","2020","A","N","El Centro, CA MSA","Private","NAICS 42381 Construction equipment merchant wholesalers","MSA, NAICS 5-digit -- by ownership sector","All establishment sizes",1,0,0,0,0,0,0,"N",0.23,0,0,0,0,0,0,"N",0,0.0,0,0,0,0,0,0,0,0,0,0,0,0
"C2094","5","423810","48","0","2020","A","N","El Centro, CA MSA","Private","NAICS 423810 Construction equipment merchant wholesalers","MSA, NAICS 6-digit -- by ownership sector","All establishment sizes",1,0,0,0,0,0,0,"N",0.23,0,0,0,0,0,0,"N",0,0.0,0,0,0,0,0,0,0,0,0,0,0,0
"C2094","5","42382","47","0","2020","A","","El Centro, CA MSA","Private","NAICS 42382 Farm and garden equip. merchant wholesalers","MSA, NAICS 5-digit -- by ownership sector","All establishment sizes",14,195,13529511,1575888,81322,1338,69560,"",2.02,4.37,6.55,3.48,5.88,1.50,1.50,"",0,0.0,-10,-4.9,-158529,-1.2,-177622,-10.1,-7322,-8.3,54,4.2,2789,4.2
"C2094","5","423820","48","0","2020","A","","El Centro, CA MSA","Private","NAICS 423820 Farm and garden equip. merchant wholesalers","MSA, NAICS 6-digit -- by ownership sector","All establishment sizes",14,195,13529511,1575888,81322,1338,69560,"",2.02,4.37,6.55,3.48,5.88,1.50,1.50,"",0,0.0,-10,-4.9,-158529,-1.2,-177622,-10.1,-7322,-8.3,54,4.2,2789,4.2
"C2094","5","42383","47","0","2020","A","","El Centro, CA MSA","Private","NAICS 42383 Industrial machinery merchant wholesalers","MSA, NAICS 5-digit -- by ownership sector","All establishment sizes",11,69,3692633,589407,31191,1024,53259,"",0.41,0.51,0.46,0.47,0.55,0.91,0.91,"",-1,-8.3,-8,-10.4,-188000,-4.8,-2883,-0.5,1260,4.2,57,5.9,2970,5.9
"C2094","5","423830","48","0","2020","A","","El Centro, CA MSA","Private","NAICS 423830 Industrial machinery merchant wholesalers","MSA, NAICS 6-digit -- by ownership sector","All establishment sizes",11,69,3692633,589407,31191,1024,53259,"",0.41,0.51,0.46,0.47,0.55,0.91,0.91,"",-1,-8.3,-8,-10.4,-188000,-4.8,-2883,-0.5,1260,4.2,57,5.9,2970,5.9
"C2094","5","42384","47","0","2020","A","","El Centro, CA MSA","Private","NAICS 42384 Industrial supplies merchant wholesalers","MSA, NAICS 5-digit -- by ownership sector","All establishment sizes",7,26,1455732,252035,11871,1070,55633,"",0.74,0.63,0.64,0.65,0.71,1.02,1.02,"",-1,-12.5,-5,-16.1,-221343,-13.2,-9660,-3.7,-1017,-7.9,27,2.6,1388,2.6
"C2094","5","423840","48","0","2020","A","","El Centro, CA MSA","Private","NAICS 423840 Industrial supplies merchant wholesalers","MSA, NAICS 6-digit -- by ownership sector","All establishment sizes",7,26,1455732,252035,11871,1070,55633,"",0.74,0.63,0.64,0.65,0.71,1.02,1.02,"",-1,-12.5,-5,-16.1,-221343,-13.2,-9660,-3.7,-1017,-7.9,27,2.6,1388,2.6
"C2094","5","42385","47","0","2020","A","N","El Centro, CA MSA","Private","NAICS 42385 Service estab. equip. merchant wholesalers","MSA, NAICS 5-digit -- by ownership sector","All establishment sizes",1,0,0,0,0,0,0,"N",0.21,0,0,0,0,0,0,"N",0,0.0,0,0,0,0,0,0,0,0,0,0,0,0
"C2094","5","423850","48","0","2020","A","N","El Centro, CA MSA","Private","NAICS 423850 Service estab. equip. merchant wholesalers","MSA, NAICS 6-digit -- by ownership sector","All establishment sizes",1,0,0,0,0,0,0,"N",0.21,0,0,0,0,0,0,"N",0,0.0,0,0,0,0,0,0,0,0,0,0,0,0
"C2094","5","42386","47","0","2020","A","N","El Centro, CA MSA","Private","NAICS 42386 Transport. goods merchant wholesalers","MSA, NAICS 5-digit -- by ownership sector","All establishment sizes",1,0,0,0,0,0,0,"N",0.32,0,0,0,0,0,0,"N",1,100.0,0,0,0,0,0,0,0,0,0,0,0,0
"C2094","5","423860","48","0","2020","A","N","El Centro, CA MSA","Private","NAICS 423860 Transport. goods merchant wholesalers","MSA, NAICS 6-digit -- by ownership sector","All establishment sizes",1,0,0,0,0,0,0,"N",0.32,0,0,0,0,0,0,"N",1,100.0,0,0,0,0,0,0,0,0,0,0,0,0
"C2094","5","4239","46","0","2020","A","N","El Centro, CA MSA","Private","NAICS 4239 Misc. durable goods merchant wholesalers","MSA, NAICS 4-digit -- by ownership sector","All establishment sizes",1,0,0,0,0,0,0,"N",0.03,0,0,0,0,0,0,"N",-3,-75.0,0,0,0,0,0,0,0,0,0,0,0,0
"C2094","5","42393","47","0","2020","A","N","El Centro, CA MSA","Private","NAICS 42393 Recyclable material merchant wholesalers","MSA, NAICS 5-digit -- by ownership sector","All establishment sizes",1,0,0,0,0,0,0,"N",0.16,0,0,0,0,0,0,"N",-3,-75.0,0,0,0,0,0,0,0,0,0,0,0,0
"C2094","5","423930","48","0","2020","A","N","El Centro, CA MSA","Private","NAICS 423930 Recyclable material merchant wholesalers","MSA, NAICS 6-digit -- by ownership sector","All establishment sizes",1,0,0,0,0,0,0,"N",0.16,0,0,0,0,0,0,"N",-3,-75.0,0,0,0,0,0,0,0,0,0,0,0,0
"C2094","5","424","45","0","2020","A","","El Centro, CA MSA","Private","NAICS 424 Merchant wholesalers, nondurable goods","MSA, NAICS 3-digit -- by ownership sector","All establishment sizes",94,1102,68728217,9252207,468548,1199,62353,"",0.71,1.24,1.38,1.09,1.19,1.12,1.12,"",-7,-6.9,40,3.8,7855774,12.9,661768,7.7,25986,5.9,96,8.7,5012,8.7
"C2094","5","4241","46","0","2020","A","","El Centro, CA MSA","Private","NAICS 4241 Paper and paper product merchant wholesalers","MSA, NAICS 4-digit -- by ownership sector","All establishment sizes",8,14,894553,100843,4145,1251,65058,"",0.99,0.27,0.33,0.21,0.18,1.26,1.26,"",0,0.0,-3,-17.6,-245613,-21.5,-23004,-18.6,-1634,-28.3,-20,-1.6,-1039,-1.6
"C2094","5","42411","47","0","2020","A","N","El Centro, CA MSA","Private","NAICS 42411 Printing and writing paper merch. whls.","MSA, NAICS 5-digit -- by ownership sector","All establishment sizes",1,0,0,0,0,0,0,"N",0.83,0,0,0,0,0,0,"N",0,0.0,0,0,0,0,0,0,0,0,0,0,0,0
"C2094","5","424110","48","0","2020","A","N","El Centro, CA MSA","Private","NAICS 424110 Printing and writing paper merch. whls.","MSA, NAICS 6-digit -- by ownership sector","All establishment sizes",1,0,0,0,0,0,0,"N",0.83,0,0,0,0,0,0,"N",0,0.0,0,0,0,0,0,0,0,0,0,0,0,0
"C2094","5","42412","47","0","2020","A","","El Centro, CA MSA","Private","NAICS 42412 Office supplies merchant wholesalers","MSA, NAICS 5-digit -- by ownership sector","All establishment sizes",4,5,375740,40240,1086,1355,70451,"",1.39,0.26,0.51,0.26,0.14,1.83,1.83,"N",0,0.0,0,0,0,0,0,0,0,0,0,0,0,0
"C2094","5","424120","48","0","2020","A","","El Centro, CA MSA","Private","NAICS 424120 Office supplies merchant wholesalers","MSA, NAICS 6-digit -- by ownership sector","All establishment sizes",4,5,375740,40240,1086,1355,70451,"",1.39,0.26,0.51,0.26,0.14,1.83,1.83,"N",0,0.0,0,0,0,0,0,0,0,0,0,0,0,0
"C2094","5","42413","47","0","2020","A","N","El Centro, CA MSA","Private","NAICS 42413 Industrial paper merchant wholesalers","MSA, NAICS 5-digit -- by ownership sector","All establishment sizes",3,0,0,0,0,0,0,"N",0.75,0,0,0,0,0,0,"N",0,0.0,0,0,0,0,0,0,0,0,0,0,0,0
"C2094","5","424130","48","0","2020","A","N","El Centro, CA MSA","Private","NAICS 424130 Industrial paper merchant wholesalers","MSA, NAICS 6-digit -- by ownership sector","All establishment sizes",3,0,0,0,0,0,0,"N",0.75,0,0,0,0,0,0,"N",0,0.0,0,0,0,0,0,0,0,0,0,0,0,0
"C2094","5","4242","46","0","2020","A","","El Centro, CA MSA","Private","NAICS 4242 Druggists' goods merchant wholesalers","MSA, NAICS 4-digit -- by ownership sector","All establishment sizes",3,10,290410,71908,2943,563,29285,"",0.18,0.10,0.03,0.07,0.06,0.30,0.30,"",0,0.0,0,0.0,-9653,-3.2,2302,3.3,-74,-2.5,0,0.0,11,0.0
"C2094","5","42421","47","0","2020","A","","El Centro, CA MSA","Private","NAICS 42421 Druggists' goods merchant wholesalers","MSA, NAICS 5-digit -- by ownership sector","All establishment sizes",3,10,290410,71908,2943,563,29285,"",0.18,0.10,0.03,0.07,0.06,0.30,0.30,"",0,0.0,0,0.0,-9653,-3.2,2302,3.3,-74,-2.5,0,0.0,11,0.0
"C2094","5","424210","48","0","2020","A","","El Centro, CA MSA","Private","NAICS 424210 Druggists' goods merchant wholesalers","MSA, NAICS 6-digit -- by ownership sector","All establishment sizes",3,10,290410,71908,2943,563,29285,"",0.18,0.10,0.03,0.07,0.06,0.30,0.30,"",0,0.0,0,0.0,-9653,-3.2,2302,3.3,-74,-2.5,0,0.0,11,0.0
"C2094","5","4243","46","0","2020","A","","El Centro, CA MSA","Private","NAICS 4243 Apparel and piece goods merchant wholesalers","MSA, NAICS 4-digit -- by ownership sector","All establishment sizes",5,21,380023,196897,5867,348,18096,"",0.41,0.37,0.13,0.37,0.18,0.34,0.34,"",-2,-28.6,-15,-41.7,-231970,-37.9,-22746,-10.4,-1097,-15.8,16,4.8,857,5.0
"C2094","5","42432","47","0","2020","A","","El Centro, CA MSA","Private","NAICS 42432 Men's and boys' clothing merchant wholesalers","MSA, NAICS 5-digit -- by ownership sector","All establishment sizes",3,17,234695,123376,3683,260,13540,"",1.38,1.56,0.43,1.14,0.62,0.27,0.27,"",0,0.0,-5,-22.7,-50759,-17.8,-25428,-17.1,-1043,-22.1,14,5.7,758,5.9
"C2094","5","424320","48","0","2020","A","","El Centro, CA MSA","Private","NAICS 424320 Men's and boys' clothing merchant wholesalers","MSA, NAICS 6-digit -- by ownership sector","All establishment sizes",3,17,234695,123376,3683,260,13540,"",1.38,1.56,0.43,1.14,0.62,0.27,0.27,"",0,0.0,-5,-22.7,-50759,-17.8,-25428,-17.1,-1043,-22.1,14,5.7,758,5.9
"C2094","5","42433","47","0","2020","A","N","El Centro, CA MSA","Private","NAICS 42433 Women's and children's clothing merch. whls.","MSA, NAICS 5-digit -- by ownership sector","All establishment sizes",1,0,0,0,0,0,0,"N",0.17,0,0,0,0,0,0,"N",0,0.0,0,0,0,0,0,0,0,0,0,0,0,0
"C2094","5","424330","48","0","2020","A","N","El Centro, CA MSA","Private","NAICS 424330 Women's and children's clothing merch. whls.","MSA, NAICS 6-digit -- by ownership sector","All establishment sizes",1,0,0,0,0,0,0,"N",0.17,0,0,0,0,0,0,"N",0,0.0,0,0,0,0,0,0,0,0,0,0,0,0
"C2094","5","42434","47","0","2020","A","N","El Centro, CA MSA","Private","NAICS 42434 Footwear merchant wholesalers","MSA, NAICS 5-digit -- by ownership sector","All establishment sizes",1,0,0,0,0,0,0,"N",0.71,0,0,0,0,0,0,"N",-1,-50.0,0,0,0,0,0,0,0,0,0,0,0,0
"C2094","5","424340","48","0","2020","A","N","El Centro, CA MSA","Private","NAICS 424340 Footwear merchant wholesalers","MSA, NAICS 6-digit -- by ownership sector","All establishment sizes",1,0,0,0,0,0,0,"N",0.71,0,0,0,0,0,0,"N",-1,-50.0,0,0,0,0,0,0,0,0,0,0,0,0
"C2094","5","4244","46","0","2020","A","","El Centro, CA MSA","Private","NAICS 4244 Grocery and related product wholesalers","MSA, NAICS 4-digit -- by ownership sector","All establishment sizes",23,267,18579379,2193104,104344,1337,69499,"",0.65,0.82,1.24,0.70,0.75,1.50,1.50,"",-2,-8.0,19,7.7,2472344,15.3,221569,11.2,1407,1.4,86,6.9,4442,6.8
"C2094","5","42441","47","0","2020","A","N","El Centro, CA MSA","Private","NAICS 42441 General line grocery merchant wholesalers","MSA, NAICS 5-digit -- by ownership sector","All establishment sizes",1,0,0,0,0,0,0,"N",0.18,0,0,0,0,0,0,"N",0,0.0,0,0,0,0,0,0,0,0,0,0,0,0
"C2094","5","424410","48","0","2020","A","N","El Centro, CA MSA","Private","NAICS 424410 General line grocery merchant wholesalers","MSA, NAICS 6-digit -- by ownership sector","All establishment sizes",1,0,0,0,0,0,0,"N",0.18,0,0,0,0,0,0,"N",0,0.0,0,0,0,0,0,0,0,0,0,0,0,0
"C2094","5","42442","47","0","2020","A","N","El Centro, CA MSA","Private","NAICS 42442 Packaged frozen food merchant wholesalers","MSA, NAICS 5-digit -- by ownership sector","All establishment sizes",1,0,0,0,0,0,0,"N",0.51,0,0,0,0,0,0,"N",1,100.0,0,0,0,0,0,0,0,0,0,0,0,0
"C2094","5","424420","48","0","2020","A","N","El Centro, CA MSA","Private","NAICS 424420 Packaged frozen food merchant wholesalers","MSA, NAICS 6-digit -- by ownership sector","All establishment sizes",1,0,0,0,0,0,0,"N",0.51,0,0,0,0,0,0,"N",1,100.0,0,0,0,0,0,0,0,0,0,0,0,0
"C2094","5","42445","47","0","2020","A","N","El Centro, CA MSA","Private","NAICS 42445 Confectionery merchant wholesalers","MSA, NAICS 5-digit -- by ownership sector","All establishment sizes",1,0,0,0,0,0,0,"N",0.34,0,0,0,0,0,0,"N",0,0.0,0,0,0,0,0,0,0,0,0,0,0,0
"C2094","5","424450","48","0","2020","A","N","El Centro, CA MSA","Private","NAICS 424450 Confectionery merchant wholesalers","MSA, NAICS 6-digit -- by ownership sector","All establishment sizes",1,0,0,0,0,0,0,"N",0.34,0,0,0,0,0,0,"N",0,0.0,0,0,0,0,0,0,0,0,0,0,0,0
"C2094","5","42447","47","0","2020","A","N","El Centro, CA MSA","Private","NAICS 42447 Meat and meat product merchant wholesalers","MSA, NAICS 5-digit -- by ownership sector","All establishment sizes",2,0,0,0,0,0,0,"N",0.86,0,0,0,0,0,0,"N",0,0.0,0,0,0,0,0,0,0,0,0,0,0,0
"C2094","5","424470","48","0","2020","A","N","El Centro, CA MSA","Private","NAICS 424470 Meat and meat product merchant wholesalers","MSA, NAICS 6-digit -- by ownership sector","All establishment sizes",2,0,0,0,0,0,0,"N",0.86,0,0,0,0,0,0,"N",0,0.0,0,0,0,0,0,0,0,0,0,0,0,0
"C2094","5","42448","47","0","2020","A","","El Centro, CA MSA","Private","NAICS 42448 Fruit and vegetable merchant wholesalers","MSA, NAICS 5-digit -- by ownership sector","All establishment sizes",12,114,10745704,1144859,59005,1817,94468,"",3.16,2.86,6.48,3.06,3.08,2.27,2.27,"",-1,-7.7,2,1.8,972707,10.0,54799,5.0,248,0.4,133,7.9,6883,7.9
"C2094","5","424480","48","0","2020","A","","El Centro, CA MSA","Private","NAICS 424480 Fruit and vegetable merchant wholesalers","MSA, NAICS 6-digit -- by ownership sector","All establishment sizes",12,114,10745704,1144859,59005,1817,94468,"",3.16,2.86,6.48,3.06,3.08,2.27,2.27,"",-1,-7.7,2,1.8,972707,10.0,54799,5.0,248,0.4,133,7.9,6883,7.9
"C2094","5","42449","47","0","2020","A","","El Centro, CA MSA","Private","NAICS 42449 Other grocery product merchant wholesalers","MSA, NAICS 5-digit -- by ownership sector","All establishment sizes",7,74,3836459,507236,22987,1000,52020,"",0.50,0.77,0.83,0.55,0.56,1.08,1.08,"",0,0.0,4,5.7,563963,17.2,14142,2.9,-4508,-16.4,102,11.4,5326,11.4
"C2094","5","424490","48","0","2020","A","","El Centro, CA MSA","Private","NAICS 424490 Other grocery product merchant wholesalers","MSA, NAICS 6-digit -- by ownership sector","All establishment sizes",7,74,3836459,507236,22987,1000,52020,"",0.50,0.77,0.83,0.55,0.56,1.08,1.08,"",0,0.0,4,5.7,563963,17.2,14142,2.9,-4508,-16.4,102,11.4,5326,11.4
"C2094","5","4245","46","0","2020","A","N","El Centro, CA MSA","Private","NAICS 4245 Farm product raw material merch. whls.","MSA, NAICS 4-digit -- by ownership sector","All establishment sizes",1,0,0,0,0,0,0,"N",0.19,0,0,0,0,0,0,"N",1,100.0,0,0,0,0,0,0,0,0,0,0,0,0
"C2094","5","42459","47","0","2020","A","N","El Centro, CA MSA","Private","NAICS 42459 Other farm product raw material merch. whls.","MSA, NAICS 5-digit -- by ownership sector","All establishment sizes",1,0,0,0,0,0,0,"N",0.94,0,0,0,0,0,0,"N",1,100.0,0,0,0,0,0,0,0,0,0,0,0,0
"C2094","5","424590","48","0","2020","A","N","El Centro, CA MSA","Private","NAICS 424590 Other farm product raw material merch. whls.","MSA, NAICS 6-digit -- by ownership sector","All establishment sizes",1,0,0,0,0,0,0,"N",0.94,0,0,0,0,0,0,"N",1,100.0,0,0,0,0,0,0,0,0,0,0,0,0
"C2094","5","4246","46","0","2020","A","","El Centro, CA MSA","Private","NAICS 4246 Chemical merchant wholesalers","MSA, NAICS 4-digit -- by ownership sector","All establishment sizes",5,16,695801,134067,6824,841,43715,"",0.35,0.26,0.17,0.24,0.26,0.65,0.65,"",-1,-16.7,-2,-11.1,-33475,-4.6,-15970,-10.6,-199,-2.8,43,5.4,2240,5.4
"C2094","5","42461","47","0","2020","A","N","El Centro, CA MSA","Private","NAICS 42461 Plastics materials merchant wholesalers","MSA, NAICS 5-digit -- by ownership sector","All establishment sizes",1,0,0,0,0,0,0,"N",0.28,0,0,0,0,0,0,"N",0,0.0,0,0,0,0,0,0,0,0,0,0,0,0
"C2094","5","424610","48","0","2020","A","N","El Centro, CA MSA","Private","NAICS 424610 Plastics materials merchant wholesalers","MSA, NAICS 6-digit -- by ownership sector","All establishment sizes",1,0,0,0,0,0,0,"N",0.28,0,0,0,0,0,0,"N",0,0.0,0,0,0,0,0,0,0,0,0,0,0,0
"C2094","5","42469","47","0","2020","A","N","El Centro, CA MSA","Private","NAICS 42469 Other chemicals merchant wholesalers","MSA, NAICS 5-digit -- by ownership sector","All establishment sizes",4,0,0,0,0,0,0,"N",0.38,0,0,0,0,0,0,"N",-1,-20.0,0,0,0,0,0,0,0,0,0,0,0,0
"C2094","5","424690","48","0","2020","A","N","El Centro, CA MSA","Private","NAICS 424690 Other chemicals merchant wholesalers","MSA, NAICS 6-digit -- by ownership sector","All establishment sizes",4,0,0,0,0,0,0,"N",0.38,0,0,0,0,0,0,"N",-1,-20.0,0,0,0,0,0,0,0,0,0,0,0,0
"C2094","5","4247","46","0","2020","A","","El Centro, CA MSA","Private","NAICS 4247 Petroleum merchant wholesalers","MSA, NAICS 4-digit -- by ownership sector","All establishment sizes",8,93,5089911,783060,38697,1053,54779,"",1.23,2.16,1.79,1.88,2.22,0.83,0.83,"",0,0.0,-2,-2.1,111504,2.2,-66465,-7.8,-2919,-7.0,49,4.9,2558,4.9
"C2094","5","42471","47","0","2020","A","","El Centro, CA MSA","Private","NAICS 42471 Petroleum bulk stations and terminals","MSA, NAICS 5-digit -- by ownership sector","All establishment sizes",3,39,2103485,307830,15983,1051,54636,"",1.40,2.68,2.33,2.09,2.92,0.88,0.88,"",0,0.0,-3,-7.1,-211233,-9.1,-41676,-11.9,-1475,-8.4,-9,-0.8,-476,-0.9
"C2094","5","424710","48","0","2020","A","","El Centro, CA MSA","Private","NAICS 424710 Petroleum bulk stations and terminals","MSA, NAICS 6-digit -- by ownership sector","All establishment sizes",3,39,2103485,307830,15983,1051,54636,"",1.40,2.68,2.33,2.09,2.92,0.88,0.88,"",0,0.0,-3,-7.1,-211233,-9.1,-41676,-11.9,-1475,-8.4,-9,-0.8,-476,-0.9
"C2094","5","42472","47","0","2020","A","","El Centro, CA MSA","Private","NAICS 42472 Other petroleum merchant wholesalers","MSA, NAICS 5-digit -- by ownership sector","All establishment sizes",5,54,2986426,475230,22714,1055,54881,"",1.15,1.90,1.53,1.77,1.89,0.80,0.80,"",0,0.0,1,1.9,322737,12.1,-24789,-5.0,-1444,-6.0,95,9.9,4937,9.9
"C2094","5","424720","48","0","2020","A","","El Centro, CA MSA","Private","NAICS 424720 Other petroleum merchant wholesalers","MSA, NAICS 6-digit -- by ownership sector","All establishment sizes",5,54,2986426,475230,22714,1055,54881,"",1.15,1.90,1.53,1.77,1.89,0.80,0.80,"",0,0.0,1,1.9,322737,12.1,-24789,-5.0,-1444,-6.0,95,9.9,4937,9.9
"C2094","5","4248","46","0","2020","A","N","El Centro, CA MSA","Private","NAICS 4248 Alcoholic beverage merchant wholesalers","MSA, NAICS 4-digit -- by ownership sector","All establishment sizes",1,0,0,0,0,0,0,"N",0.15,0,0,0,0,0,0,"N",-1,-50.0,0,0,0,0,0,0,0,0,0,0,0,0
"C2094","5","42481","47","0","2020","A","N","El Centro, CA MSA","Private","NAICS 42481 Beer and ale merchant wholesalers","MSA, NAICS 5-digit -- by ownership sector","All establishment sizes",1,0,0,0,0,0,0,"N",0.43,0,0,0,0,0,0,"N",0,0.0,0,0,0,0,0,0,0,0,0,0,0,0
"C2094","5","424810","48","0","2020","A","N","El Centro, CA MSA","Private","NAICS 424810 Beer and ale merchant wholesalers","MSA, NAICS 6-digit -- by ownership sector","All establishment sizes",1,0,0,0,0,0,0,"N",0.43,0,0,0,0,0,0,"N",0,0.0,0,0,0,0,0,0,0,0,0,0,0,0
"C2094","5","4249","46","0","2020","A","","El Centro, CA MSA","Private","NAICS 4249 Misc. nondurable goods merchant wholesalers","MSA, NAICS 4-digit -- by ownership sector","All establishment sizes",41,638,40349183,5330418,289254,1217,63276,"",1.44,4.70,6.75,4.16,4.73,1.44,1.44,"",-1,-2.4,44,7.4,5442583,15.6,446661,9.1,26822,10.2,87,7.7,4535,7.7
"C2094","5","42491","47","0","2020","A","","El Centro, CA MSA","Private","NAICS 42491 Farm supplies merchant wholesalers","MSA, NAICS 5-digit -- by ownership sector","All establishment sizes",35,609,38953219,5017905,270803,1231,64015,"",3.60,12.01,15.74,9.31,11.51,1.31,1.31,"",-1,-2.8,49,8.8,5569638,16.7,476689,10.5,28293,11.7,84,7.3,4393,7.4
"C2094","5","424910","48","0","2020","A","","El Centro, CA MSA","Private","NAICS 424910 Farm supplies merchant wholesalers","MSA, NAICS 6-digit -- by ownership sector","All establishment sizes",35,609,38953219,5017905,270803,1231,64015,"",3.60,12.01,15.74,9.31,11.51,1.31,1.31,"",-1,-2.8,49,8.8,5569638,16.7,476689,10.5,28293,11.7,84,7.3,4393,7.4
"C2094","5","42499","47","0","2020","A","","El Centro, CA MSA","Private","NAICS 42499 Other nondurable goods merchant wholesalers","MSA, NAICS 5-digit -- by ownership sector","All establishment sizes",6,29,1395964,312513,18451,920,47862,"",0.56,0.87,0.93,1.08,1.15,1.06,1.06,"",0,0.0,-5,-14.7,-127055,-8.3,-30028,-8.8,-1471,-7.4,67,7.9,3502,7.9
"C2094","5","424990","48","0","2020","A","","El Centro, CA MSA","Private","NAICS 424990 Other nondurable goods merchant wholesalers","MSA, NAICS 6-digit -- by ownership sector","All establishment sizes",6,29,1395964,312513,18451,920,47862,"",0.56,0.87,0.93,1.08,1.15,1.06,1.06,"",0,0.0,-5,-14.7,-127055,-8.3,-30028,-8.8,-1471,-7.4,67,7.9,3502,7.9
"C2094","5","425","45","0","2020","A","","El Centro, CA MSA","Private","NAICS 425 Electronic markets and agents and brokers","MSA, NAICS 3-digit -- by ownership sector","All establishment sizes",9,49,3930662,389328,19693,1553,80767,"",0.08,0.23,0.24,0.19,0.20,1.05,1.05,"",0,0.0,-34,-41.0,-810673,-17.1,-578367,-59.8,-20101,-50.5,449,40.7,23354,40.7
"C2094","5","4251","46","0","2020","A","","El Centro, CA MSA","Private","NAICS 4251 Electronic markets and agents and brokers","MSA, NAICS 4-digit -- by ownership sector","All establishment sizes",9,49,3930662,389328,19693,1553,80767,"",0.08,0.23,0.24,0.19,0.20,1.05,1.05,"",0,0.0,-34,-41.0,-810673,-17.1,-578367,-59.8,-20101,-50.5,449,40.7,23354,40.7
"C2094","5","42512","47","0","2020","A","","El Centro, CA MSA","Private","NAICS 42512 Wholesale trade agents and brokers","MSA, NAICS 5-digit -- by ownership sector","All establishment sizes",9,49,3930662,389328,19693,1553,80767,"",0.09,0.24,0.25,0.20,0.21,1.04,1.04,"",0,0.0,-34,-41.0,-810673,-17.1,-578367,-59.8,-20101,-50.5,449,40.7,23354,40.7
"C2094","5","425120","48","0","2020","A","","El Centro, CA MSA","Private","NAICS 425120 Wholesale trade agents and brokers","MSA, NAICS 6-digit -- by ownership sector","All establishment sizes",9,49,3930662,389328,19693,1553,80767,"",0.09,0.24,0.25,0.20,0.21,1.04,1.04,"",0,0.0,-34,-41.0,-810673,-17.1,-578367,-59.8,-20101,-50.5,449,40.7,23354,40.7
"C2094","5","44-45","44","0","2020","A","","El Centro, CA MSA","Private","NAICS 44-45 Retail trade","MSA, NAICS Sector -- by ownership sector","All establishment sizes",426,7161,225058928,58818163,3545034,604,31430,"",0.52,1.12,1.34,1.17,1.95,1.20,1.20,"",0,0.0,-755,-9.5,5123727,2.3,930878,1.6,1381878,63.9,70,13.1,3647,13.1
"C2094","5","441","45","0","2020","A","","El Centro, CA MSA","Private","NAICS 441 Motor vehicle and parts dealers","MSA, NAICS 3-digit -- by ownership sector","All establishment sizes",56,941,44788610,9296243,454163,915,47605,"",0.61,1.15,1.35,1.25,1.46,1.18,1.18,"",-3,-5.1,-70,-6.9,1814217,4.2,667399,7.7,50626,12.5,97,11.9,5091,12.0
"C2094","5","4411","46","0","2020","A","","El Centro, CA MSA","Private","NAICS 4411 Automobile dealers","MSA, NAICS 4-digit -- by ownership sector","All establishment sizes",14,531,28516007,6042758,344407,1033,53694,"",0.39,1.02,1.18,1.24,1.58,1.15,1.15,"",1,7.7,-38,-6.7,359843,1.3,796554,15.2,70186,25.6,81,8.5,4203,8.5
"C2094","5","44111","47","0","2020","A","","El Centro, CA MSA","Private","NAICS 44111 New car dealers","MSA, NAICS 5-digit -- by ownership sector","All establishment sizes",9,504,27283713,5744904,326611,1041,54108,"",0.57,1.11,1.26,1.35,1.72,1.13,1.13,"",1,12.5,-28,-5.3,441608,1.6,833006,17.0,71706,28.1,71,7.3,3661,7.3
"C2094","5","441110","48","0","2020","A","","El Centro, CA MSA","Private","NAICS 441110 New car dealers","MSA, NAICS 6-digit -- by ownership sector","All establishment sizes",9,504,27283713,5744904,326611,1041,54108,"",0.57,1.11,1.26,1.35,1.72,1.13,1.13,"",1,12.5,-28,-5.3,441608,1.6,833006,17.0,71706,28.1,71,7.3,3661,7.3
"C2094","5","44112","47","0","2020","A","","El Centro, CA MSA","Private","NAICS 44112 Used car dealers","MSA, NAICS 5-digit -- by ownership sector","All establishment sizes",4,27,1232294,297854,17796,883,45924,"",0.20,0.40,0.49,0.48,0.63,1.24,1.24,"",-1,-20.0,-10,-27.0,-81765,-6.2,-36452,-10.9,-1520,-7.9,197,28.7,10248,28.7
"C2094","5","441120","48","0","2020","A","","El Centro, CA MSA","Private","NAICS 441120 Used car dealers","MSA, NAICS 6-digit -- by ownership sector","All establishment sizes",4,27,1232294,297854,17796,883,45924,"",0.20,0.40,0.49,0.48,0.63,1.24,1.24,"",-1,-20.0,-10,-27.0,-81765,-6.2,-36452,-10.9,-1520,-7.9,197,28.7,10248,28.7
"C2094","5","4412","46","0","2020","A","N","El Centro, CA MSA","Private","NAICS 4412 Other motor vehicle dealers","MSA, NAICS 4-digit -- by ownership sector","All establishment sizes",3,0,0,0,0,0,0,"N",0.27,0,0,0,0,0,0,"N",-1,-25.0,0,0,0,0,0,0,0,0,0,0,0,0
"C2094","5","44121","47","0","2020","A","N","El Centro, CA MSA","Private","NAICS 44121 Recreational vehicle dealers","MSA, NAICS 5-digit -- by ownership sector","All establishment sizes",1,0,0,0,0,0,0,"N",0.47,0,0,0,0,0,0,"N",0,0.0,0,0,0,0,0,0,0,0,0,0,0,0
"C2094","5","441210","48","0","2020","A","N","El Centro, CA MSA","Private","NAICS 441210 Recreational vehicle dealers","MSA, NAICS 6-digit -- by ownership sector","All establishment sizes",1,0,0,0,0,0,0,"N",0.47,0,0,0,0,0,0,"N",0,0.0,0,0,0,0,0,0,0,0,0,0,0,0
"C2094","5","44122","47","0","2020","A","N","El Centro, CA MSA","Private","NAICS 44122 Motorcycle, boat, and other vehicle dealers","MSA, NAICS 5-digit -- by ownership sector","All establishment sizes",2,0,0,0,0,0,0,"N",0.23,0,0,0,0,0,0,"N",-1,-33.3,0,0,0,0,0,0,0,0,0,0,0,0
"C2094","5","441228","48","0","2020","A","N","El Centro, CA MSA","Private","NAICS 441228 Motorcycle, atv, and other vehicle dealers","MSA, NAICS 6-digit -- by ownership sector","All establishment sizes",2,0,0,0,0,0,0,"N",0.37,0,0,0,0,0,0,"N",-1,-33.3,0,0,0,0,0,0,0,0,0,0,0,0
"C2094","5","4413","46","0","2020","A","N","El Centro, CA MSA","Private","NAICS 4413 Auto parts, accessories, and tire stores","MSA, NAICS 4-digit -- by ownership sector","All establishment sizes",40,0,0,0,0,0,0,"N",0.89,0,0,0,0,0,0,"N",-1,-2.4,0,0,0,0,0,0,0,0,0,0,0,0
"C2094","5","44131","47","0","2020","A","","El Centro, CA MSA","Private","NAICS 44131 Automotive parts and accessories stores","MSA, NAICS 5-digit -- by ownership sector","All establishment sizes",23,242,7945921,1906877,57897,632,32868,"",0.79,1.54,2.08,1.59,1.60,1.36,1.36,"",0,0.0,-27,-10.0,611731,8.3,-125431,-6.2,-10522,-15.4,108,20.6,5612,20.6
"C2094","5","441310","48","0","2020","A","","El Centro, CA MSA","Private","NAICS 441310 Automotive parts and accessories stores","MSA, NAICS 6-digit -- by ownership sector","All establishment sizes",23,242,7945921,1906877,57897,632,32868,"",0.79,1.54,2.08,1.59,1.60,1.36,1.36,"",0,0.0,-27,-10.0,611731,8.3,-125431,-6.2,-10522,-15.4,108,20.6,5612,20.6
"C2094","5","44132","47","0","2020","A","N","El Centro, CA MSA","Private","NAICS 44132 Tire dealers","MSA, NAICS 5-digit -- by ownership sector","All establishment sizes",17,0,0,0,0,0,0,"N",1.07,0,0,0,0,0,0,"N",-1,-5.6,0,0,0,0,0,0,0,0,0,0,0,0
"C2094","5","441320","48","0","2020","A","N","El Centro, CA MSA","Private","NAICS 441320 Tire dealers","MSA, NAICS 6-digit -- by ownership sector","All establishment sizes",17,0,0,0,0,0,0,"N",1.07,0,0,0,0,0,0,"N",-1,-5.6,0,0,0,0,0,0,0,0,0,0,0,0
"C2094","5","442","45","0","2020","A","","El Centro, CA MSA","Private","NAICS 442 Furniture and home furnishings stores","MSA, NAICS 3-digit -- by ownership sector","All establishment sizes",13,92,2332655,933719,47444,487,25332,"",0.36,0.52,0.43,0.62,0.74,0.82,0.82,"",1,8.3,-19,-17.1,-437930,-15.8,40869,4.6,1356,2.9,9,1.9,465,1.9
"C2094","5","4421","46","0","2020","A","","El Centro, CA MSA","Private","NAICS 4421 Furniture stores","MSA, NAICS 4-digit -- by ownership sector","All establishment sizes",6,18,464193,224346,11565,505,26275,"",0.35,0.21,0.16,0.28,0.34,0.75,0.75,"",0,0.0,-3,-14.3,-20189,-4.2,29630,15.2,2089,22.0,65,14.8,3391,14.8
"C2094","5","44211","47","0","2020","A","","El Centro, CA MSA","Private","NAICS 44211 Furniture stores","MSA, NAICS 5-digit -- by ownership sector","All establishment sizes",6,18,464193,224346,11565,505,26275,"",0.35,0.21,0.16,0.28,0.34,0.75,0.75,"",0,0.0,-3,-14.3,-20189,-4.2,29630,15.2,2089,22.0,65,14.8,3391,14.8
"C2094","5","442110","48","0","2020","A","","El Centro, CA MSA","Private","NAICS 442110 Furniture stores","MSA, NAICS 6-digit -- by ownership sector","All establishment sizes",6,18,464193,224346,11565,505,26275,"",0.35,0.21,0.16,0.28,0.34,0.75,0.75,"",0,0.0,-3,-14.3,-20189,-4.2,29630,15.2,2089,22.0,65,14.8,3391,14.8
"C2094","5","4422","46","0","2020","A","","El Centro, CA MSA","Private","NAICS 4422 Home furnishings stores","MSA, NAICS 4-digit -- by ownership sector","All establishment sizes",7,74,1868462,709373,35879,483,25108,"",0.37,0.81,0.76,0.99,1.22,0.93,0.93,"",1,16.7,-16,-17.8,-417741,-18.3,11239,1.6,-733,-2.0,-4,-0.8,-224,-0.9
"C2094","5","44221","47","0","2020","A","N","El Centro, CA MSA","Private","NAICS 44221 Floor covering stores","MSA, NAICS 5-digit -- by ownership sector","All establishment sizes",2,0,0,0,0,0,0,"N",0.27,0,0,0,0,0,0,"N",0,0.0,0,0,0,0,0,0,0,0,0,0,0,0
"C2094","5","442210","48","0","2020","A","N","El Centro, CA MSA","Private","NAICS 442210 Floor covering stores","MSA, NAICS 6-digit -- by ownership sector","All establishment sizes",2,0,0,0,0,0,0,"N",0.27,0,0,0,0,0,0,"N",0,0.0,0,0,0,0,0,0,0,0,0,0,0,0
"C2094","5","44229","47","0","2020","A","N","El Centro, CA MSA","Private","NAICS 44229 Other home furnishings stores","MSA, NAICS 5-digit -- by ownership sector","All establishment sizes",5,0,0,0,0,0,0,"N",0.44,0,0,0,0,0,0,"N",1,25.0,0,0,0,0,0,0,0,0,0,0,0,0
"C2094","5","442291","48","0","2020","A","N","El Centro, CA MSA","Private","NAICS 442291 Window treatment stores","MSA, NAICS 6-digit -- by ownership sector","All establishment sizes",1,0,0,0,0,0,0,"N",0.56,0,0,0,0,0,0,"N",0,0.0,0,0,0,0,0,0,0,0,0,0,0,0
"C2094","5","442299","48","0","2020","A","","El Centro, CA MSA","Private","NAICS 442299 All other home furnishings stores","MSA, NAICS 6-digit -- by ownership sector","All establishment sizes",4,28,498932,208748,6141,342,17766,"",0.42,0.48,0.45,0.52,0.40,0.94,0.94,"",1,33.3,-5,-15.2,-66679,-11.8,-18189,-8.0,-1453,-19.1,12,3.6,583,3.4
"C2094","5","443","45","0","2020","A","","El Centro, CA MSA","Private","NAICS 443 Electronics and appliance stores","MSA, NAICS 3-digit -- by ownership sector","All establishment sizes",14,157,5351645,1242733,40691,654,34033,"",0.41,0.83,0.74,0.82,0.61,0.89,0.89,"",3,27.3,20,14.6,1244408,30.3,240013,23.9,-2488,-5.8,79,13.7,4144,13.9
"C2094","5","4431","46","0","2020","A","","El Centro, CA MSA","Private","NAICS 4431 Electronics and appliance stores","MSA, NAICS 4-digit -- by ownership sector","All establishment sizes",14,157,5351645,1242733,40691,654,34033,"",0.41,0.83,0.74,0.82,0.61,0.89,0.89,"",3,27.3,20,14.6,1244408,30.3,240013,23.9,-2488,-5.8,79,13.7,4144,13.9
"C2094","5","44314","47","0","2020","A","","El Centro, CA MSA","Private","NAICS 44314 Electronics and appliance stores","MSA, NAICS 5-digit -- by ownership sector","All establishment sizes",14,157,5351645,1242733,40691,654,34033,"",0.41,0.83,0.74,0.82,0.61,0.89,0.89,"",3,27.3,20,14.6,1244408,30.3,240013,23.9,-2488,-5.8,79,13.7,4144,13.9
"C2094","5","443142","48","0","2020","A","","El Centro, CA MSA","Private","NAICS 443142 Electronics stores","MSA, NAICS 6-digit -- by ownership sector","All establishment sizes",14,157,5351645,1242733,40691,654,34033,"",0.47,0.92,0.82,0.93,0.68,0.88,0.88,"",3,27.3,20,14.6,1244408,30.3,240013,23.9,-2488,-5.8,79,13.7,4144,13.9
"C2094","5","444","45","0","2020","A","","El Centro, CA MSA","Private","NAICS 444 Building material and garden supply stores","MSA, NAICS 3-digit -- by ownership sector","All establishment sizes",25,498,17914024,4335176,154022,692,36008,"",0.47,0.84,1.13,0.91,0.85,1.34,1.34,"",0,0.0,55,12.4,3267407,22.3,954461,28.2,25455,19.8,56,8.8,2958,9.0
"C2094","5","4441","46","0","2020","A","","El Centro, CA MSA","Private","NAICS 4441 Building material and supplies dealers","MSA, NAICS 4-digit -- by ownership sector","All establishment sizes",20,454,16310807,3976718,139325,691,35907,"",0.49,0.87,1.16,0.94,0.92,1.33,1.32,"",1,5.3,49,12.1,3120994,23.7,914289,29.9,22837,19.6,65,10.4,3333,10.2
"C2094","5","44411","47","0","2020","A","","El Centro, CA MSA","Private","NAICS 44411 Home centers","MSA, NAICS 5-digit -- by ownership sector","All establishment sizes",6,346,10902507,3193318,109461,606,31525,"",0.83,1.03,1.41,1.21,1.23,1.36,1.36,"",1,20.0,49,16.5,2560485,30.7,873703,37.7,24903,29.5,65,12.0,3398,12.1
"C2094","5","444110","48","0","2020","A","","El Centro, CA MSA","Private","NAICS 444110 Home centers","MSA, NAICS 6-digit -- by ownership sector","All establishment sizes",6,346,10902507,3193318,109461,606,31525,"",0.83,1.03,1.41,1.21,1.23,1.36,1.36,"",1,20.0,49,16.5,2560485,30.7,873703,37.7,24903,29.5,65,12.0,3398,12.1
"C2094","5","44412","47","0","2020","A","N","El Centro, CA MSA","Private","NAICS 44412 Paint and wallpaper stores","MSA, NAICS 5-digit -- by ownership sector","All establishment sizes",4,0,0,0,0,0,0,"N",0.77,0,0,0,0,0,0,"N",0,0.0,0,0,0,0,0,0,0,0,0,0,0,0
"C2094","5","444120","48","0","2020","A","N","El Centro, CA MSA","Private","NAICS 444120 Paint and wallpaper stores","MSA, NAICS 6-digit -- by ownership sector","All establishment sizes",4,0,0,0,0,0,0,"N",0.77,0,0,0,0,0,0,"N",0,0.0,0,0,0,0,0,0,0,0,0,0,0,0
"C2094","5","44413","47","0","2020","A","","El Centro, CA MSA","Private","NAICS 44413 Hardware stores","MSA, NAICS 5-digit -- by ownership sector","All establishment sizes",7,70,3531563,475266,20750,969,50391,"",0.62,1.03,2.22,0.91,1.26,2.15,2.15,"",0,0.0,0,0.0,388179,12.3,-17051,-3.5,-2628,-11.2,104,12.0,5432,12.1
"C2094","5","444130","48","0","2020","A","","El Centro, CA MSA","Private","NAICS 444130 Hardware stores","MSA, NAICS 6-digit -- by ownership sector","All establishment sizes",7,70,3531563,475266,20750,969,50391,"",0.62,1.03,2.22,0.91,1.26,2.15,2.15,"",0,0.0,0,0.0,388179,12.3,-17051,-3.5,-2628,-11.2,104,12.0,5432,12.1
"C2094","5","44419","47","0","2020","A","N","El Centro, CA MSA","Private","NAICS 44419 Other building material dealers","MSA, NAICS 5-digit -- by ownership sector","All establishment sizes",3,0,0,0,0,0,0,"N",0.17,0,0,0,0,0,0,"N",0,0.0,0,0,0,0,0,0,0,0,0,0,0,0
"C2094","5","444190","48","0","2020","A","N","El Centro, CA MSA","Private","NAICS 444190 Other building material dealers","MSA, NAICS 6-digit -- by ownership sector","All establishment sizes",3,0,0,0,0,0,0,"N",0.17,0,0,0,0,0,0,"N",0,0.0,0,0,0,0,0,0,0,0,0,0,0,0
"C2094","5","4442","46","0","2020","A","","El Centro, CA MSA","Private","NAICS 4442 Lawn and garden equipment and supplies stores","MSA, NAICS 4-digit -- by ownership sector","All establishment sizes",5,43,1603217,358458,14697,713,37069,"",0.40,0.61,0.91,0.64,0.49,1.48,1.48,"",-1,-16.7,5,13.2,146413,10.1,40172,12.6,2618,21.7,-19,-2.6,-1017,-2.7
"C2094","5","44421","47","0","2020","A","N","El Centro, CA MSA","Private","NAICS 44421 Outdoor power equipment stores","MSA, NAICS 5-digit -- by ownership sector","All establishment sizes",1,0,0,0,0,0,0,"N",0.32,0,0,0,0,0,0,"N",0,0.0,0,0,0,0,0,0,0,0,0,0,0,0
"C2094","5","444210","48","0","2020","A","N","El Centro, CA MSA","Private","NAICS 444210 Outdoor power equipment stores","MSA, NAICS 6-digit -- by ownership sector","All establishment sizes",1,0,0,0,0,0,0,"N",0.32,0,0,0,0,0,0,"N",0,0.0,0,0,0,0,0,0,0,0,0,0,0,0
"C2094","5","44422","47","0","2020","A","N","El Centro, CA MSA","Private","NAICS 44422 Nursery, garden, and farm supply stores","MSA, NAICS 5-digit -- by ownership sector","All establishment sizes",4,0,0,0,0,0,0,"N",0.42,0,0,0,0,0,0,"N",-1,-20.0,0,0,0,0,0,0,0,0,0,0,0,0
"C2094","5","444220","48","0","2020","A","N","El Centro, CA MSA","Private","NAICS 444220 Nursery, garden, and farm supply stores","MSA, NAICS 6-digit -- by ownership sector","All establishment sizes",4,0,0,0,0,0,0,"N",0.42,0,0,0,0,0,0,"N",-1,-20.0,0,0,0,0,0,0,0,0,0,0,0,0
"C2094","5","445","45","0","2020","A","","El Centro, CA MSA","Private","NAICS 445 Food and beverage stores","MSA, NAICS 3-digit -- by ownership sector","All establishment sizes",62,1040,32998858,8945363,287144,610,31737,"",0.54,0.77,1.21,0.92,1.04,1.56,1.56,"",-2,-3.1,-101,-8.9,443479,1.4,-352622,-3.8,-44686,-13.5,61,11.1,3209,11.2
"C2094","5","4451","46","0","2020","A","","El Centro, CA MSA","Private","NAICS 4451 Grocery stores","MSA, NAICS 4-digit -- by ownership sector","All establishment sizes",44,954,30264962,7934394,244314,610,31710,"",0.63,0.80,1.25,0.93,1.07,1.56,1.56,"",-1,-2.2,-26,-2.7,2686304,9.7,236514,3.1,-7953,-3.2,69,12.8,3578,12.7
"C2094","5","44511","47","0","2020","A","","El Centro, CA MSA","Private","NAICS 44511 Supermarkets and other grocery stores","MSA, NAICS 5-digit -- by ownership sector","All establishment sizes",31,872,28173138,7162883,210369,621,32306,"",0.69,0.78,1.23,0.89,1.01,1.57,1.57,"",-1,-3.1,-15,-1.7,2622863,10.3,324622,4.7,-6882,-3.2,67,12.1,3487,12.1
"C2094","5","445110","48","0","2020","A","","El Centro, CA MSA","Private","NAICS 445110 Supermarkets and other grocery stores","MSA, NAICS 6-digit -- by ownership sector","All establishment sizes",31,872,28173138,7162883,210369,621,32306,"",0.69,0.78,1.23,0.89,1.01,1.57,1.57,"",-1,-3.1,-15,-1.7,2622863,10.3,324622,4.7,-6882,-3.2,67,12.1,3487,12.1
"C2094","5","44512","47","0","2020","A","","El Centro, CA MSA","Private","NAICS 44512 Convenience stores","MSA, NAICS 5-digit -- by ownership sector","All establishment sizes",13,82,2091824,771511,33945,489,25407,"",0.52,1.22,1.85,1.54,1.68,1.52,1.51,"",0,0.0,-12,-12.8,63441,3.1,-88108,-10.2,-1071,-3.1,73,17.5,3771,17.4
"C2094","5","445120","48","0","2020","A","","El Centro, CA MSA","Private","NAICS 445120 Convenience stores","MSA, NAICS 6-digit -- by ownership sector","All establishment sizes",13,82,2091824,771511,33945,489,25407,"",0.52,1.22,1.85,1.54,1.68,1.52,1.51,"",0,0.0,-12,-12.8,63441,3.1,-88108,-10.2,-1071,-3.1,73,17.5,3771,17.4
"C2094","5","4452","46","0","2020","A","","El Centro, CA MSA","Private","NAICS 4452 Specialty food stores","MSA, NAICS 4-digit -- by ownership sector","All establishment sizes",9,45,1309305,494439,23280,561,29150,"",0.45,0.51,0.70,0.73,0.80,1.37,1.37,"",0,0.0,-34,-43.0,-1099175,-45.6,-505730,-50.6,-32660,-58.4,-29,-4.9,-1531,-5.0
"C2094","5","44521","47","0","2020","A","N","El Centro, CA MSA","Private","NAICS 44521 Meat markets","MSA, NAICS 5-digit -- by ownership sector","All establishment sizes",2,0,0,0,0,0,0,"N",0.42,0,0,0,0,0,0,"N",0,0.0,0,0,0,0,0,0,0,0,0,0,0,0
"C2094","5","445210","48","0","2020","A","N","El Centro, CA MSA","Private","NAICS 445210 Meat markets","MSA, NAICS 6-digit -- by ownership sector","All establishment sizes",2,0,0,0,0,0,0,"N",0.42,0,0,0,0,0,0,"N",0,0.0,0,0,0,0,0,0,0,0,0,0,0,0
"C2094","5","44523","47","0","2020","A","N","El Centro, CA MSA","Private","NAICS 44523 Fruit and vegetable markets","MSA, NAICS 5-digit -- by ownership sector","All establishment sizes",3,0,0,0,0,0,0,"N",1.17,0,0,0,0,0,0,"N",0,0.0,0,0,0,0,0,0,0,0,0,0,0,0
"C2094","5","445230","48","0","2020","A","N","El Centro, CA MSA","Private","NAICS 445230 Fruit and vegetable markets","MSA, NAICS 6-digit -- by ownership sector","All establishment sizes",3,0,0,0,0,0,0,"N",1.17,0,0,0,0,0,0,"N",0,0.0,0,0,0,0,0,0,0,0,0,0,0,0
"C2094","5","44529","47","0","2020","A","","El Centro, CA MSA","Private","NAICS 44529 Other specialty food stores","MSA, NAICS 5-digit -- by ownership sector","All establishment sizes",4,23,365931,226275,8550,308,16026,"",0.37,0.54,0.43,0.71,0.60,0.80,0.81,"",0,0.0,2,9.5,98028,36.6,73722,48.3,3769,78.8,62,25.2,3218,25.1
"C2094","5","445291","48","0","2020","A","N","El Centro, CA MSA","Private","NAICS 445291 Baked goods stores","MSA, NAICS 6-digit -- by ownership sector","All establishment sizes",1,0,0,0,0,0,0,"N",0.51,0,0,0,0,0,0,"N",0,0.0,0,0,0,0,0,0,0,0,0,0,0,0
"C2094","5","445292","48","0","2020","A","N","El Centro, CA MSA","Private","NAICS 445292 Confectionery and nut stores","MSA, NAICS 6-digit -- by ownership sector","All establishment sizes",2,0,0,0,0,0,0,"N",0.85,0,0,0,0,0,0,"N",0,0.0,0,0,0,0,0,0,0,0,0,0,0,0
"C2094","5","445299","48","0","2020","A","N","El Centro, CA MSA","Private","NAICS 445299 All other specialty food stores","MSA, NAICS 6-digit -- by ownership sector","All establishment sizes",1,0,0,0,0,0,0,"N",0.15,0,0,0,0,0,0,"N",0,0.0,0,0,0,0,0,0,0,0,0,0,0,0
"C2094","5","4453","46","0","2020","A","","El Centro, CA MSA","Private","NAICS 4453 Beer, wine, and liquor stores","MSA, NAICS 4-digit -- by ownership sector","All establishment sizes",9,40,1424591,516530,19550,678,35248,"",0.37,0.58,1.07,1.01,1.02,1.83,1.83,"",-1,-10.0,-42,-51.2,-1143650,-44.5,-83406,-13.9,-4073,-17.2,78,13.0,4055,13.0
"C2094","5","44531","47","0","2020","A","","El Centro, CA MSA","Private","NAICS 44531 Beer, wine, and liquor stores","MSA, NAICS 5-digit -- by ownership sector","All establishment sizes",9,40,1424591,516530,19550,678,35248,"",0.37,0.58,1.07,1.01,1.02,1.83,1.83,"",-1,-10.0,-42,-51.2,-1143650,-44.5,-83406,-13.9,-4073,-17.2,78,13.0,4055,13.0
"C2094","5","445310","48","0","2020","A","","El Centro, CA MSA","Private","NAICS 445310 Beer, wine, and liquor stores","MSA, NAICS 6-digit -- by ownership sector","All establishment sizes",9,40,1424591,516530,19550,678,35248,"",0.37,0.58,1.07,1.01,1.02,1.83,1.83,"",-1,-10.0,-42,-51.2,-1143650,-44.5,-83406,-13.9,-4073,-17.2,78,13.0,4055,13.0
"C2094","5","446","45","0","2020","A","","El Centro, CA MSA","Private","NAICS 446 Health and personal care stores","MSA, NAICS 3-digit -- by ownership sector","All establishment sizes",36,346,13599072,2797464,84095,755,39285,"",0.41,0.82,1.03,0.86,0.75,1.26,1.26,"",1,2.9,-40,-10.4,-452806,-3.2,-81203,-2.8,-13780,-14.1,54,7.7,2858,7.8
"C2094","5","4461","46","0","2020","A","","El Centro, CA MSA","Private","NAICS 4461 Health and personal care stores","MSA, NAICS 4-digit -- by ownership sector","All establishment sizes",36,346,13599072,2797464,84095,755,39285,"",0.41,0.82,1.03,0.86,0.75,1.26,1.26,"",1,2.9,-40,-10.4,-452806,-3.2,-81203,-2.8,-13780,-14.1,54,7.7,2858,7.8
"C2094","5","44611","47","0","2020","A","","El Centro, CA MSA","Private","NAICS 44611 Pharmacies and drug stores","MSA, NAICS 5-digit -- by ownership sector","All establishment sizes",20,256,11725561,2090195,63724,882,45878,"",0.40,0.88,1.21,0.92,0.90,1.38,1.38,"",0,0.0,-1,-0.4,-7673,-0.1,28714,1.4,-6710,-9.5,4,0.5,223,0.5
"C2094","5","446110","48","0","2020","A","","El Centro, CA MSA","Private","NAICS 446110 Pharmacies and drug stores","MSA, NAICS 6-digit -- by ownership sector","All establishment sizes",20,256,11725561,2090195,63724,882,45878,"",0.40,0.88,1.21,0.92,0.90,1.38,1.38,"",0,0.0,-1,-0.4,-7673,-0.1,28714,1.4,-6710,-9.5,4,0.5,223,0.5
"C2094","5","44612","47","0","2020","A","","El Centro, CA MSA","Private","NAICS 44612 Cosmetic and beauty supply stores","MSA, NAICS 5-digit -- by ownership sector","All establishment sizes",6,61,1216634,482088,13938,384,19945,"",0.46,0.98,0.92,1.19,0.82,0.94,0.94,"",0,0.0,-24,-28.2,-302132,-19.9,-63758,-11.7,-4340,-23.7,40,11.6,2077,11.6
"C2094","5","446120","48","0","2020","A","","El Centro, CA MSA","Private","NAICS 446120 Cosmetic and beauty supply stores","MSA, NAICS 6-digit -- by ownership sector","All establishment sizes",6,61,1216634,482088,13938,384,19945,"",0.46,0.98,0.92,1.19,0.82,0.94,0.94,"",0,0.0,-24,-28.2,-302132,-19.9,-63758,-11.7,-4340,-23.7,40,11.6,2077,11.6
"C2094","5","44613","47","0","2020","A","N","El Centro, CA MSA","Private","NAICS 44613 Optical goods stores","MSA, NAICS 5-digit -- by ownership sector","All establishment sizes",4,0,0,0,0,0,0,"N",0.47,0,0,0,0,0,0,"N",0,0.0,0,0,0,0,0,0,0,0,0,0,0,0
"C2094","5","446130","48","0","2020","A","N","El Centro, CA MSA","Private","NAICS 446130 Optical goods stores","MSA, NAICS 6-digit -- by ownership sector","All establishment sizes",4,0,0,0,0,0,0,"N",0.47,0,0,0,0,0,0,"N",0,0.0,0,0,0,0,0,0,0,0,0,0,0,0
"C2094","5","44619","47","0","2020","A","N","El Centro, CA MSA","Private","NAICS 44619 Other health and personal care stores","MSA, NAICS 5-digit -- by ownership sector","All establishment sizes",6,0,0,0,0,0,0,"N",0.38,0,0,0,0,0,0,"N",1,20.0,0,0,0,0,0,0,0,0,0,0,0,0
"C2094","5","446191","48","0","2020","A","N","El Centro, CA MSA","Private","NAICS 446191 Food, health, supplement stores","MSA, NAICS 6-digit -- by ownership sector","All establishment sizes",5,0,0,0,0,0,0,"N",0.61,0,0,0,0,0,0,"N",1,25.0,0,0,0,0,0,0,0,0,0,0,0,0
"C2094","5","446199","48","0","2020","A","N","El Centro, CA MSA","Private","NAICS 446199 All other health and personal care stores","MSA, NAICS 6-digit -- by ownership sector","All establishment sizes",1,0,0,0,0,0,0,"N",0.13,0,0,0,0,0,0,"N",0,0.0,0,0,0,0,0,0,0,0,0,0,0,0
"C2094","5","447","45","0","2020","A","","El Centro, CA MSA","Private","NAICS 447 Gasoline stations","MSA, NAICS 3-digit -- by ownership sector","All establishment sizes",56,594,14733431,5537675,240958,477,24786,"",0.67,1.48,2.04,1.87,2.61,1.38,1.38,"",3,5.7,32,5.7,2430448,19.8,940011,20.4,47194,24.4,56,13.3,2888,13.2
"C2094","5","4471","46","0","2020","A","","El Centro, CA MSA","Private","NAICS 4471 Gasoline stations","MSA, NAICS 4-digit -- by ownership sector","All establishment sizes",56,594,14733431,5537675,240958,477,24786,"",0.67,1.48,2.04,1.87,2.61,1.38,1.38,"",3,5.7,32,5.7,2430448,19.8,940011,20.4,47194,24.4,56,13.3,2888,13.2
"C2094","5","44711","47","0","2020","A","","El Centro, CA MSA","Private","NAICS 44711 Gasoline stations with convenience stores","MSA, NAICS 5-digit -- by ownership sector","All establishment sizes",52,529,12795033,4926888,218427,465,24187,"",0.69,1.47,2.03,1.87,2.69,1.38,1.38,"",3,6.1,16,3.1,1749252,15.8,666570,15.6,36683,20.2,51,12.3,2669,12.4
"C2094","5","447110","48","0","2020","A","","El Centro, CA MSA","Private","NAICS 447110 Gasoline stations with convenience stores","MSA, NAICS 6-digit -- by ownership sector","All establishment sizes",52,529,12795033,4926888,218427,465,24187,"",0.69,1.47,2.03,1.87,2.69,1.38,1.38,"",3,6.1,16,3.1,1749252,15.8,666570,15.6,36683,20.2,51,12.3,2669,12.4
"C2094","5","44719","47","0","2020","A","","El Centro, CA MSA","Private","NAICS 44719 Other gasoline stations","MSA, NAICS 5-digit -- by ownership sector","All establishment sizes",4,65,1938398,610787,22531,570,29632,"",0.52,1.60,2.14,1.87,2.02,1.32,1.32,"",0,0.0,16,32.7,681196,54.2,273441,81.1,10511,87.4,72,14.5,3710,14.3
"C2094","5","447190","48","0","2020","A","","El Centro, CA MSA","Private","NAICS 447190 Other gasoline stations","MSA, NAICS 6-digit -- by ownership sector","All establishment sizes",4,65,1938398,610787,22531,570,29632,"",0.52,1.60,2.14,1.87,2.02,1.32,1.32,"",0,0.0,16,32.7,681196,54.2,273441,81.1,10511,87.4,72,14.5,3710,14.3
"C2094","5","448","45","0","2020","A","","El Centro, CA MSA","Private","NAICS 448 Clothing and clothing accessories stores","MSA, NAICS 3-digit -- by ownership sector","All establishment sizes",81,899,16496570,6427179,206818,353,18348,"",0.89,2.14,2.06,2.29,1.82,0.96,0.96,"",-6,-6.9,-483,-34.9,-5728554,-25.8,-1846328,-22.3,-72939,-26.1,44,14.2,2265,14.1
"C2094","5","4481","46","0","2020","A","","El Centro, CA MSA","Private","NAICS 4481 Clothing stores","MSA, NAICS 4-digit -- by ownership sector","All establishment sizes",57,754,12723244,5155126,164300,324,16867,"",0.91,2.43,2.34,2.55,1.99,0.96,0.96,"",-3,-5.0,-399,-34.6,-4381227,-25.6,-1431018,-21.7,-53608,-24.6,39,13.7,2037,13.7
"C2094","5","44811","47","0","2020","A","N","El Centro, CA MSA","Private","NAICS 44811 Men's clothing stores","MSA, NAICS 5-digit -- by ownership sector","All establishment sizes",1,0,0,0,0,0,0,"N",0.22,0,0,0,0,0,0,"N",0,0.0,0,0,0,0,0,0,0,0,0,0,0,0
"C2094","5","448110","48","0","2020","A","N","El Centro, CA MSA","Private","NAICS 448110 Men's clothing stores","MSA, NAICS 6-digit -- by ownership sector","All establishment sizes",1,0,0,0,0,0,0,"N",0.22,0,0,0,0,0,0,"N",0,0.0,0,0,0,0,0,0,0,0,0,0,0,0
"C2094","5","44812","47","0","2020","A","","El Centro, CA MSA","Private","NAICS 44812 Women's clothing stores","MSA, NAICS 5-digit -- by ownership sector","All establishment sizes",14,99,1751864,852910,33496,339,17651,"",0.69,1.36,1.38,1.80,1.61,1.01,1.01,"",-2,-12.5,-103,-51.0,-1230100,-41.3,-428117,-33.4,-14592,-30.3,54,18.9,2852,19.3
"C2094","5","448120","48","0","2020","A","","El Centro, CA MSA","Private","NAICS 448120 Women's clothing stores","MSA, NAICS 6-digit -- by ownership sector","All establishment sizes",14,99,1751864,852910,33496,339,17651,"",0.69,1.36,1.38,1.80,1.61,1.01,1.01,"",-2,-12.5,-103,-51.0,-1230100,-41.3,-428117,-33.4,-14592,-30.3,54,18.9,2852,19.3
"C2094","5","44813","47","0","2020","A","N","El Centro, CA MSA","Private","NAICS 44813 Children's and infants' clothing stores","MSA, NAICS 5-digit -- by ownership sector","All establishment sizes",3,0,0,0,0,0,0,"N",0.86,0,0,0,0,0,0,"N",-1,-25.0,0,0,0,0,0,0,0,0,0,0,0,0
"C2094","5","448130","48","0","2020","A","N","El Centro, CA MSA","Private","NAICS 448130 Children's and infants' clothing stores","MSA, NAICS 6-digit -- by ownership sector","All establishment sizes",3,0,0,0,0,0,0,"N",0.86,0,0,0,0,0,0,"N",-1,-25.0,0,0,0,0,0,0,0,0,0,0,0,0
"C2094","5","44814","47","0","2020","A","","El Centro, CA MSA","Private","NAICS 44814 Family clothing stores","MSA, NAICS 5-digit -- by ownership sector","All establishment sizes",27,521,8623514,3358555,105060,318,16539,"",1.48,3.40,3.48,3.55,2.93,1.02,1.02,"",0,0.0,-227,-30.3,-2266685,-20.8,-732117,-17.9,-26773,-20.3,38,13.6,1988,13.7
"C2094","5","448140","48","0","2020","A","","El Centro, CA MSA","Private","NAICS 448140 Family clothing stores","MSA, NAICS 6-digit -- by ownership sector","All establishment sizes",27,521,8623514,3358555,105060,318,16539,"",1.48,3.40,3.48,3.55,2.93,1.02,1.02,"",0,0.0,-227,-30.3,-2266685,-20.8,-732117,-17.9,-26773,-20.3,38,13.6,1988,13.7
"C2094","5","44815","47","0","2020","A","","El Centro, CA MSA","Private","NAICS 44815 Clothing accessories stores","MSA, NAICS 5-digit -- by ownership sector","All establishment sizes",7,23,375987,193309,5242,310,16114,"",1.10,1.37,0.95,1.60,0.99,0.68,0.68,"N",1,16.7,0,0,0,0,0,0,0,0,0,0,0,0
"C2094","5","448150","48","0","2020","A","","El Centro, CA MSA","Private","NAICS 448150 Clothing accessories stores","MSA, NAICS 6-digit -- by ownership sector","All establishment sizes",7,23,375987,193309,5242,310,16114,"",1.10,1.37,0.95,1.60,0.99,0.68,0.68,"N",1,16.7,0,0,0,0,0,0,0,0,0,0,0,0
"C2094","5","44819","47","0","2020","A","","El Centro, CA MSA","Private","NAICS 44819 Other clothing stores","MSA, NAICS 5-digit -- by ownership sector","All establishment sizes",6,72,1449681,498058,12709,385,20019,"",0.65,1.87,2.04,1.83,1.09,1.08,1.08,"",0,0.0,-31,-30.1,-396551,-21.5,-121480,-19.6,-5528,-30.3,40,11.6,2065,11.5
"C2094","5","448190","48","0","2020","A","","El Centro, CA MSA","Private","NAICS 448190 Other clothing stores","MSA, NAICS 6-digit -- by ownership sector","All establishment sizes",6,72,1449681,498058,12709,385,20019,"",0.65,1.87,2.04,1.83,1.09,1.08,1.08,"",0,0.0,-31,-30.1,-396551,-21.5,-121480,-19.6,-5528,-30.3,40,11.6,2065,11.5
"C2094","5","4482","46","0","2020","A","","El Centro, CA MSA","Private","NAICS 4482 Shoe stores","MSA, NAICS 4-digit -- by ownership sector","All establishment sizes",13,77,1712697,696383,19001,426,22147,"",1.04,1.16,1.46,1.69,1.21,1.26,1.26,"",-4,-23.5,-68,-46.9,-1034478,-37.7,-362254,-34.2,-14662,-43.6,60,16.4,3135,16.5
"C2094","5","44821","47","0","2020","A","","El Centro, CA MSA","Private","NAICS 44821 Shoe stores","MSA, NAICS 5-digit -- by ownership sector","All establishment sizes",13,77,1712697,696383,19001,426,22147,"",1.04,1.16,1.46,1.69,1.21,1.26,1.26,"",-4,-23.5,-68,-46.9,-1034478,-37.7,-362254,-34.2,-14662,-43.6,60,16.4,3135,16.5
"C2094","5","448210","48","0","2020","A","","El Centro, CA MSA","Private","NAICS 448210 Shoe stores","MSA, NAICS 6-digit -- by ownership sector","All establishment sizes",13,77,1712697,696383,19001,426,22147,"",1.04,1.16,1.46,1.69,1.21,1.26,1.26,"",-4,-23.5,-68,-46.9,-1034478,-37.7,-362254,-34.2,-14662,-43.6,60,16.4,3135,16.5
"C2094","5","4483","46","0","2020","A","","El Centro, CA MSA","Private","NAICS 4483 Jewelry, luggage, and leather goods stores","MSA, NAICS 4-digit -- by ownership sector","All establishment sizes",11,67,2060629,575670,23517,588,30566,"",0.68,1.54,1.45,1.57,1.53,0.94,0.94,"",0,0.0,-17,-20.2,-312849,-13.2,-53056,-8.4,-4669,-16.6,45,8.3,2338,8.3
"C2094","5","44831","47","0","2020","A","N","El Centro, CA MSA","Private","NAICS 44831 Jewelry stores","MSA, NAICS 5-digit -- by ownership sector","All establishment sizes",9,0,0,0,0,0,0,"N",0.60,0,0,0,0,0,0,"N",-1,-10.0,0,0,0,0,0,0,0,0,0,0,0,0
"C2094","5","448310","48","0","2020","A","N","El Centro, CA MSA","Private","NAICS 448310 Jewelry stores","MSA, NAICS 6-digit -- by ownership sector","All establishment sizes",9,0,0,0,0,0,0,"N",0.60,0,0,0,0,0,0,"N",-1,-10.0,0,0,0,0,0,0,0,0,0,0,0,0
"C2094","5","44832","47","0","2020","A","N","El Centro, CA MSA","Private","NAICS 44832 Luggage and leather goods stores","MSA, NAICS 5-digit -- by ownership sector","All establishment sizes",2,0,0,0,0,0,0,"N",2.01,0,0,0,0,0,0,"N",0,0.0,0,0,0,0,0,0,0,0,0,0,0,0
"C2094","5","448320","48","0","2020","A","N","El Centro, CA MSA","Private","NAICS 448320 Luggage and leather goods stores","MSA, NAICS 6-digit -- by ownership sector","All establishment sizes",2,0,0,0,0,0,0,"N",2.01,0,0,0,0,0,0,"N",0,0.0,0,0,0,0,0,0,0,0,0,0,0,0
"C2094","5","451","45","0","2020","A","","El Centro, CA MSA","Private","NAICS 451 Sports, hobby, music instrument, book stores","MSA, NAICS 3-digit -- by ownership sector","All establishment sizes",11,227,4137407,1817403,54435,350,18200,"",0.29,1.11,1.08,1.25,1.15,0.98,0.98,"",-3,-21.4,-28,-11.0,-416423,-9.1,-98343,-5.1,-9583,-15.0,6,1.7,307,1.7
"C2094","5","4511","46","0","2020","A","N","El Centro, CA MSA","Private","NAICS 4511 Sporting goods and musical instrument stores","MSA, NAICS 4-digit -- by ownership sector","All establishment sizes",9,0,0,0,0,0,0,"N",0.28,0,0,0,0,0,0,"N",-3,-25.0,0,0,0,0,0,0,0,0,0,0,0,0
"C2094","5","45111","47","0","2020","A","","El Centro, CA MSA","Private","NAICS 45111 Sporting goods stores","MSA, NAICS 5-digit -- by ownership sector","All establishment sizes",4,182,3258415,1459801,45598,345,17928,"",0.23,1.67,1.49,1.80,1.68,0.89,0.89,"",0,0.0,-4,-2.2,13906,0.4,75690,5.5,-3351,-6.8,10,3.0,500,2.9
"C2094","5","451110","48","0","2020","A","","El Centro, CA MSA","Private","NAICS 451110 Sporting goods stores","MSA, NAICS 6-digit -- by ownership sector","All establishment sizes",4,182,3258415,1459801,45598,345,17928,"",0.23,1.67,1.49,1.80,1.68,0.89,0.89,"",0,0.0,-4,-2.2,13906,0.4,75690,5.5,-3351,-6.8,10,3.0,500,2.9
"C2094","5","45112","47","0","2020","A","N","El Centro, CA MSA","Private","NAICS 45112 Hobby, toy, and game stores","MSA, NAICS 5-digit -- by ownership sector","All establishment sizes",4,0,0,0,0,0,0,"N",0.48,0,0,0,0,0,0,"N",-2,-33.3,0,0,0,0,0,0,0,0,0,0,0,0
"C2094","5","451120","48","0","2020","A","N","El Centro, CA MSA","Private","NAICS 451120 Hobby, toy, and game stores","MSA, NAICS 6-digit -- by ownership sector","All establishment sizes",4,0,0,0,0,0,0,"N",0.48,0,0,0,0,0,0,"N",-2,-33.3,0,0,0,0,0,0,0,0,0,0,0,0
"C2094","5","45114","47","0","2020","A","N","El Centro, CA MSA","Private","NAICS 45114 Musical instrument and supplies stores","MSA, NAICS 5-digit -- by ownership sector","All establishment sizes",1,0,0,0,0,0,0,"N",0.35,0,0,0,0,0,0,"N",0,0.0,0,0,0,0,0,0,0,0,0,0,0,0
"C2094","5","451140","48","0","2020","A","N","El Centro, CA MSA","Private","NAICS 451140 Musical instrument and supplies stores","MSA, NAICS 6-digit -- by ownership sector","All establishment sizes",1,0,0,0,0,0,0,"N",0.35,0,0,0,0,0,0,"N",0,0.0,0,0,0,0,0,0,0,0,0,0,0,0
"C2094","5","4512","46","0","2020","A","N","El Centro, CA MSA","Private","NAICS 4512 Book stores and news dealers","MSA, NAICS 4-digit -- by ownership sector","All establishment sizes",2,0,0,0,0,0,0,"N",0.36,0,0,0,0,0,0,"N",0,0.0,0,0,0,0,0,0,0,0,0,0,0,0
"C2094","5","45121","47","0","2020","A","N","El Centro, CA MSA","Private","NAICS 45121 Book stores and news dealers","MSA, NAICS 5-digit -- by ownership sector","All establishment sizes",2,0,0,0,0,0,0,"N",0.36,0,0,0,0,0,0,"N",0,0.0,0,0,0,0,0,0,0,0,0,0,0,0
"C2094","5","451211","48","0","2020","A","N","El Centro, CA MSA","Private","NAICS 451211 Book stores","MSA, NAICS 6-digit -- by ownership sector","All establishment sizes",2,0,0,0,0,0,0,"N",0.41,0,0,0,0,0,0,"N",0,0.0,0,0,0,0,0,0,0,0,0,0,0,0
"C2094","5","452","45","0","2020","A","","El Centro, CA MSA","Private","NAICS 452 General merchandise stores","MSA, NAICS 3-digit -- by ownership sector","All establishment sizes",40,2192,67844850,16053867,1924530,595,30949,"",0.79,1.72,2.71,1.71,5.91,1.58,1.58,"",3,8.1,-114,-4.9,2206496,3.4,433229,2.8,1401601,268.0,48,8.8,2481,8.7
"C2094","5","4522","46","0","2020","A","","El Centro, CA MSA","Private","NAICS 4522 Department stores","MSA, NAICS 4-digit -- by ownership sector","All establishment sizes",7,238,5321704,1873910,57478,430,22337,"",0.78,0.62,0.78,0.69,0.53,1.24,1.24,"",0,0.0,-182,-43.3,-2500663,-32.0,-687885,-26.9,-28481,-33.1,72,20.1,3705,19.9
"C2094","5","45221","47","0","2020","A","","El Centro, CA MSA","Private","NAICS 45221 Department stores","MSA, NAICS 5-digit -- by ownership sector","All establishment sizes",7,238,5321704,1873910,57478,430,22337,"",0.78,0.62,0.78,0.69,0.53,1.24,1.24,"",0,0.0,-182,-43.3,-2500663,-32.0,-687885,-26.9,-28481,-33.1,72,20.1,3705,19.9
"C2094","5","452210","48","0","2020","A","","El Centro, CA MSA","Private","NAICS 452210 Department stores","MSA, NAICS 6-digit -- by ownership sector","All establishment sizes",7,238,5321704,1873910,57478,430,22337,"",0.78,0.62,0.78,0.69,0.53,1.24,1.24,"",0,0.0,-182,-43.3,-2500663,-32.0,-687885,-26.9,-28481,-33.1,72,20.1,3705,19.9
"C2094","5","4523","46","0","2020","A","","El Centro, CA MSA","Private","NAICS 4523 General merchandise stores, including warehouse clubs and supercenters","MSA, NAICS 4-digit -- by ownership sector","All establishment sizes",33,1954,62523146,14179957,1867052,615,31999,"",0.79,2.18,3.43,2.12,8.59,1.57,1.57,"",3,10.0,68,3.6,4707159,8.1,1121114,8.6,1430082,327.3,25,4.2,1341,4.4
"C2094","5","45231","47","0","2020","A","","El Centro, CA MSA","Private","NAICS 45231 General merchandise stores, including warehouse clubs and supercenters","MSA, NAICS 5-digit -- by ownership sector","All establishment sizes",33,1954,62523146,14179957,1867052,615,31999,"",0.79,2.18,3.43,2.12,8.59,1.57,1.57,"",3,10.0,68,3.6,4707159,8.1,1121114,8.6,1430082,327.3,25,4.2,1341,4.4
"C2094","5","452311","48","0","2020","A","N","El Centro, CA MSA","Private","NAICS 452311 Warehouse clubs and supercenters","MSA, NAICS 6-digit -- by ownership sector","All establishment sizes",5,0,0,0,0,0,0,"N",1.03,0,0,0,0,0,0,"N",0,0.0,0,0,0,0,0,0,0,0,0,0,0,0
"C2094","5","452319","48","0","2020","A","N","El Centro, CA MSA","Private","NAICS 452319 All other general merchandise stores","MSA, NAICS 6-digit -- by ownership sector","All establishment sizes",28,0,0,0,0,0,0,"N",0.76,0,0,0,0,0,0,"N",3,12.0,0,0,0,0,0,0,0,0,0,0,0,0
"C2094","5","453","45","0","2020","A","","El Centro, CA MSA","Private","NAICS 453 Miscellaneous store retailers","MSA, NAICS 3-digit -- by ownership sector","All establishment sizes",26,157,4332638,1294625,46278,531,27596,"",0.30,0.49,0.61,0.57,0.46,1.25,1.25,"",1,4.0,-6,-3.7,865747,25.0,53523,4.3,83,0.2,122,29.8,6348,29.9
"C2094","5","4531","46","0","2020","A","N","El Centro, CA MSA","Private","NAICS 4531 Florists","MSA, NAICS 4-digit -- by ownership sector","All establishment sizes",4,0,0,0,0,0,0,"N",0.42,0,0,0,0,0,0,"N",0,0.0,0,0,0,0,0,0,0,0,0,0,0,0
"C2094","5","45311","47","0","2020","A","N","El Centro, CA MSA","Private","NAICS 45311 Florists","MSA, NAICS 5-digit -- by ownership sector","All establishment sizes",4,0,0,0,0,0,0,"N",0.42,0,0,0,0,0,0,"N",0,0.0,0,0,0,0,0,0,0,0,0,0,0,0
"C2094","5","453110","48","0","2020","A","N","El Centro, CA MSA","Private","NAICS 453110 Florists","MSA, NAICS 6-digit -- by ownership sector","All establishment sizes",4,0,0,0,0,0,0,"N",0.42,0,0,0,0,0,0,"N",0,0.0,0,0,0,0,0,0,0,0,0,0,0,0
"C2094","5","4532","46","0","2020","A","","El Centro, CA MSA","Private","NAICS 4532 Office supplies, stationery, and gift stores","MSA, NAICS 4-digit -- by ownership sector","All establishment sizes",9,73,1670225,671234,23911,439,22854,"",0.45,0.88,0.97,1.15,0.99,1.10,1.10,"",-2,-18.2,-28,-27.7,-329865,-16.5,-66690,-9.0,-3096,-11.5,57,14.9,2986,15.0
"C2094","5","45321","47","0","2020","A","","El Centro, CA MSA","Private","NAICS 45321 Office supplies and stationery stores","MSA, NAICS 5-digit -- by ownership sector","All establishment sizes",3,30,725142,237787,6814,473,24581,"",0.55,0.83,0.72,0.87,0.60,0.88,0.88,"",0,0.0,-8,-21.1,-144394,-16.6,-31488,-11.7,-1501,-18.1,29,6.5,1496,6.5
"C2094","5","453210","48","0","2020","A","","El Centro, CA MSA","Private","NAICS 453210 Office supplies and stationery stores","MSA, NAICS 6-digit -- by ownership sector","All establishment sizes",3,30,725142,237787,6814,473,24581,"",0.55,0.83,0.72,0.87,0.60,0.88,0.88,"",0,0.0,-8,-21.1,-144394,-16.6,-31488,-11.7,-1501,-18.1,29,6.5,1496,6.5
"C2094","5","45322","47","0","2020","A","","El Centro, CA MSA","Private","NAICS 45322 Gift, novelty, and souvenir stores","MSA, NAICS 5-digit -- by ownership sector","All establishment sizes",6,44,945083,433447,17097,417,21685,"",0.41,0.94,1.30,1.39,1.34,1.40,1.40,"",-2,-25.0,-19,-30.2,-185471,-16.4,-35202,-7.5,-1595,-8.5,72,20.9,3740,20.8
"C2094","5","453220","48","0","2020","A","","El Centro, CA MSA","Private","NAICS 453220 Gift, novelty, and souvenir stores","MSA, NAICS 6-digit -- by ownership sector","All establishment sizes",6,44,945083,433447,17097,417,21685,"",0.41,0.94,1.30,1.39,1.34,1.40,1.40,"",-2,-25.0,-19,-30.2,-185471,-16.4,-35202,-7.5,-1595,-8.5,72,20.9,3740,20.8
"C2094","5","4533","46","0","2020","A","N","El Centro, CA MSA","Private","NAICS 4533 Used merchandise stores","MSA, NAICS 4-digit -- by ownership sector","All establishment sizes",1,0,0,0,0,0,0,"N",0.07,0,0,0,0,0,0,"N",0,0.0,0,0,0,0,0,0,0,0,0,0,0,0
"C2094","5","45331","47","0","2020","A","N","El Centro, CA MSA","Private","NAICS 45331 Used merchandise stores","MSA, NAICS 5-digit -- by ownership sector","All establishment sizes",1,0,0,0,0,0,0,"N",0.07,0,0,0,0,0,0,"N",0,0.0,0,0,0,0,0,0,0,0,0,0,0,0
"C2094","5","453310","48","0","2020","A","N","El Centro, CA MSA","Private","NAICS 453310 Used merchandise stores","MSA, NAICS 6-digit -- by ownership sector","All establishment sizes",1,0,0,0,0,0,0,"N",0.07,0,0,0,0,0,0,"N",0,0.0,0,0,0,0,0,0,0,0,0,0,0,0
"C2094","5","4539","46","0","2020","A","","El Centro, CA MSA","Private","NAICS 4539 Other miscellaneous store retailers","MSA, NAICS 4-digit -- by ownership sector","All establishment sizes",12,73,2456106,512382,16542,648,33684,"",0.27,0.49,0.64,0.42,0.29,1.31,1.31,"",2,20.0,24,49.0,1258739,105.1,142318,38.5,4413,36.4,181,38.8,9413,38.8
"C2094","5","45391","47","0","2020","A","N","El Centro, CA MSA","Private","NAICS 45391 Pet and pet supplies stores","MSA, NAICS 5-digit -- by ownership sector","All establishment sizes",3,0,0,0,0,0,0,"N",0.38,0,0,0,0,0,0,"N",1,50.0,0,0,0,0,0,0,0,0,0,0,0,0
"C2094","5","453910","48","0","2020","A","N","El Centro, CA MSA","Private","NAICS 453910 Pet and pet supplies stores","MSA, NAICS 6-digit -- by ownership sector","All establishment sizes",3,0,0,0,0,0,0,"N",0.38,0,0,0,0,0,0,"N",1,50.0,0,0,0,0,0,0,0,0,0,0,0,0
"C2094","5","45393","47","0","2020","A","N","El Centro, CA MSA","Private","NAICS 45393 Manufactured, mobile, home dealers","MSA, NAICS 5-digit -- by ownership sector","All establishment sizes",2,0,0,0,0,0,0,"N",1.22,0,0,0,0,0,0,"N",0,0.0,0,0,0,0,0,0,0,0,0,0,0,0
"C2094","5","453930","48","0","2020","A","N","El Centro, CA MSA","Private","NAICS 453930 Manufactured, mobile, home dealers","MSA, NAICS 6-digit -- by ownership sector","All establishment sizes",2,0,0,0,0,0,0,"N",1.22,0,0,0,0,0,0,"N",0,0.0,0,0,0,0,0,0,0,0,0,0,0,0
"C2094","5","45399","47","0","2020","A","","El Centro, CA MSA","Private","NAICS 45399 All other miscellaneous store retailers","MSA, NAICS 5-digit -- by ownership sector","All establishment sizes",7,36,1536949,297444,10524,812,42205,"",0.22,0.41,0.67,0.39,0.27,1.64,1.64,"",1,16.7,24,200.0,1190764,344.0,140939,90.1,5324,102.4,261,47.4,13555,47.3
"C2094","5","453991","48","0","2020","A","N","El Centro, CA MSA","Private","NAICS 453991 Tobacco stores","MSA, NAICS 6-digit -- by ownership sector","All establishment sizes",1,0,0,0,0,0,0,"N",0.11,0,0,0,0,0,0,"N",0,0.0,0,0,0,0,0,0,0,0,0,0,0,0
"C2094","5","453998","48","0","2020","A","N","El Centro, CA MSA","Private","NAICS 453998 Store retailers not specified elsewhere","MSA, NAICS 6-digit -- by ownership sector","All establishment sizes",6,0,0,0,0,0,0,"N",0.27,0,0,0,0,0,0,"N",2,50.0,0,0,0,0,0,0,0,0,0,0,0,0
"C2094","5","454","45","0","2020","A","","El Centro, CA MSA","Private","NAICS 454 Nonstore retailers","MSA, NAICS 3-digit -- by ownership sector","All establishment sizes",6,17,529168,136716,4456,599,31128,"",0.13,0.07,0.04,0.04,0.03,0.52,0.52,"",0,0.0,-2,-10.5,-112762,-17.6,-20131,-12.8,-961,-17.7,-37,-5.8,-1933,-5.8
"C2094","5","4542","46","0","2020","A","N","El Centro, CA MSA","Private","NAICS 4542 Vending machine operators","MSA, NAICS 4-digit -- by ownership sector","All establishment sizes",2,0,0,0,0,0,0,"N",0.73,0,0,0,0,0,0,"N",0,0.0,0,0,0,0,0,0,0,0,0,0,0,0
"C2094","5","45421","47","0","2020","A","N","El Centro, CA MSA","Private","NAICS 45421 Vending machine operators","MSA, NAICS 5-digit -- by ownership sector","All establishment sizes",2,0,0,0,0,0,0,"N",0.73,0,0,0,0,0,0,"N",0,0.0,0,0,0,0,0,0,0,0,0,0,0,0
"C2094","5","454210","48","0","2020","A","N","El Centro, CA MSA","Private","NAICS 454210 Vending machine operators","MSA, NAICS 6-digit -- by ownership sector","All establishment sizes",2,0,0,0,0,0,0,"N",0.73,0,0,0,0,0,0,"N",0,0.0,0,0,0,0,0,0,0,0,0,0,0,0
"C2094","5","4543","46","0","2020","A","N","El Centro, CA MSA","Private","NAICS 4543 Direct selling establishments","MSA, NAICS 4-digit -- by ownership sector","All establishment sizes",4,0,0,0,0,0,0,"N",0.26,0,0,0,0,0,0,"N",0,0.0,0,0,0,0,0,0,0,0,0,0,0,0
"C2094","5","45439","47","0","2020","A","N","El Centro, CA MSA","Private","NAICS 45439 Other direct selling establishments","MSA, NAICS 5-digit -- by ownership sector","All establishment sizes",4,0,0,0,0,0,0,"N",0.41,0,0,0,0,0,0,"N",0,0.0,0,0,0,0,0,0,0,0,0,0,0,0
"C2094","5","454390","48","0","2020","A","N","El Centro, CA MSA","Private","NAICS 454390 Other direct selling establishments","MSA, NAICS 6-digit -- by ownership sector","All establishment sizes",4,0,0,0,0,0,0,"N",0.41,0,0,0,0,0,0,"N",0,0.0,0,0,0,0,0,0,0,0,0,0,0,0
"C2094","5","48-49","44","0","2020","A","","El Centro, CA MSA","Private","NAICS 48-49 Transportation and warehousing","MSA, NAICS Sector -- by ownership sector","All establishment sizes",203,1664,79827936,15560216,747962,923,47978,"",0.96,0.69,0.84,0.69,0.70,1.21,1.21,"",14,7.4,-335,-16.8,1466537,1.9,-1956999,-11.2,-169271,-18.5,169,22.4,8783,22.4
"C2094","5","481","45","0","2020","A","N","El Centro, CA MSA","Private","NAICS 481 Air transportation","MSA, NAICS 3-digit -- by ownership sector","All establishment sizes",2,0,0,0,0,0,0,"N",0.42,0,0,0,0,0,0,"N",0,0.0,0,0,0,0,0,0,0,0,0,0,0,0
"C2094","5","4811","46","0","2020","A","N","El Centro, CA MSA","Private","NAICS 4811 Scheduled air transportation","MSA, NAICS 4-digit -- by ownership sector","All establishment sizes",2,0,0,0,0,0,0,"N",1.04,0,0,0,0,0,0,"N",0,0.0,0,0,0,0,0,0,0,0,0,0,0,0
"C2094","5","48111","47","0","2020","A","N","El Centro, CA MSA","Private","NAICS 48111 Scheduled air transportation","MSA, NAICS 5-digit -- by ownership sector","All establishment sizes",2,0,0,0,0,0,0,"N",1.04,0,0,0,0,0,0,"N",0,0.0,0,0,0,0,0,0,0,0,0,0,0,0
"C2094","5","481111","48","0","2020","A","N","El Centro, CA MSA","Private","NAICS 481111 Scheduled passenger air transportation","MSA, NAICS 6-digit -- by ownership sector","All establishment sizes",1,0,0,0,0,0,0,"N",0.70,0,0,0,0,0,0,"N",0,0.0,0,0,0,0,0,0,0,0,0,0,0,0
"C2094","5","481112","48","0","2020","A","N","El Centro, CA MSA","Private","NAICS 481112 Scheduled freight air transportation","MSA, NAICS 6-digit -- by ownership sector","All establishment sizes",1,0,0,0,0,0,0,"N",2.08,0,0,0,0,0,0,"N",1,100.0,0,0,0,0,0,0,0,0,0,0,0,0
"C2094","5","483","45","0","2020","A","N","El Centro, CA MSA","Private","NAICS 483 Water transportation","MSA, NAICS 3-digit -- by ownership sector","All establishment sizes",1,0,0,0,0,0,0,"N",0.60,0,0,0,0,0,0,"N",1,100.0,0,0,0,0,0,0,0,0,0,0,0,0
"C2094","5","4831","46","0","2020","A","N","El Centro, CA MSA","Private","NAICS 4831 Sea, coastal, and great lakes transportation","MSA, NAICS 4-digit -- by ownership sector","All establishment sizes",1,0,0,0,0,0,0,"N",0.96,0,0,0,0,0,0,"N",1,100.0,0,0,0,0,0,0,0,0,0,0,0,0
"C2094","5","48311","47","0","2020","A","N","El Centro, CA MSA","Private","NAICS 48311 Sea, coastal, and great lakes transportation","MSA, NAICS 5-digit -- by ownership sector","All establishment sizes",1,0,0,0,0,0,0,"N",0.96,0,0,0,0,0,0,"N",1,100.0,0,0,0,0,0,0,0,0,0,0,0,0
"C2094","5","483113","48","0","2020","A","N","El Centro, CA MSA","Private","NAICS 483113 Coastal and great lakes freight transport.","MSA, NAICS 6-digit -- by ownership sector","All establishment sizes",1,0,0,0,0,0,0,"N",2.82,0,0,0,0,0,0,"N",1,100.0,0,0,0,0,0,0,0,0,0,0,0,0
"C2094","5","484","45","0","2020","A","","El Centro, CA MSA","Private","NAICS 484 Truck transportation","MSA, NAICS 3-digit -- by ownership sector","All establishment sizes",118,818,42162301,7714251,407230,991,51548,"",1.03,1.28,1.65,1.23,1.43,1.29,1.29,"",9,8.3,-319,-28.1,-579930,-1.4,-2313547,-23.1,-161191,-28.4,268,37.1,13970,37.2
"C2094","5","4841","46","0","2020","A","","El Centro, CA MSA","Private","NAICS 4841 General freight trucking","MSA, NAICS 4-digit -- by ownership sector","All establishment sizes",86,519,25893437,5075487,265532,960,49907,"",1.15,1.16,1.45,1.17,1.48,1.24,1.24,"",9,11.7,-321,-38.2,-2536029,-8.9,-2187872,-30.1,-142103,-34.9,309,47.5,16066,47.5
"C2094","5","48411","47","0","2020","A","","El Centro, CA MSA","Private","NAICS 48411 General freight trucking, local","MSA, NAICS 5-digit -- by ownership sector","All establishment sizes",47,298,14033568,2868948,159059,905,47053,"",1.56,2.56,3.21,2.47,2.41,1.25,1.25,"",13,38.2,-9,-2.9,1024806,7.9,62297,2.2,311,0.2,90,11.0,4679,11.0
"C2094","5","484110","48","0","2020","A","","El Centro, CA MSA","Private","NAICS 484110 General freight trucking, local","MSA, NAICS 6-digit -- by ownership sector","All establishment sizes",47,298,14033568,2868948,159059,905,47053,"",1.56,2.56,3.21,2.47,2.41,1.25,1.25,"",13,38.2,-9,-2.9,1024806,7.9,62297,2.2,311,0.2,90,11.0,4679,11.0
"C2094","5","48412","47","0","2020","A","","El Centro, CA MSA","Private","NAICS 48412 General freight trucking, long-distance","MSA, NAICS 5-digit -- by ownership sector","All establishment sizes",39,221,11859869,2206539,106473,1034,53766,"",0.87,0.67,0.88,0.70,0.94,1.31,1.31,"",-4,-9.3,-312,-58.5,-3560835,-23.1,-2250169,-50.5,-142414,-57.2,478,86.0,24839,85.9
"C2094","5","484121","48","0","2020","A","","El Centro, CA MSA","Private","NAICS 484121 General freight trucking, long-distance tl","MSA, NAICS 6-digit -- by ownership sector","All establishment sizes",31,128,6360061,1259434,66148,952,49527,"",0.84,0.58,0.74,0.57,0.86,1.27,1.27,"",-4,-11.4,-285,-69.0,-1932273,-23.3,-2076334,-62.2,-129747,-66.2,566,146.6,29457,146.8
"C2094","5","484122","48","0","2020","A","","El Centro, CA MSA","Private","NAICS 484122 General freight trucking, long-distance ltl","MSA, NAICS 6-digit -- by ownership sector","All establishment sizes",8,92,5499808,947105,40325,1148,59672,"",1.04,0.85,1.12,0.97,1.09,1.32,1.32,"",0,0.0,-28,-23.3,-1628562,-22.8,-173835,-15.5,-12667,-23.9,5,0.4,228,0.4
"C2094","5","4842","46","0","2020","A","","El Centro, CA MSA","Private","NAICS 4842 Specialized freight trucking","MSA, NAICS 4-digit -- by ownership sector","All establishment sizes",32,299,16268864,2638764,141698,1046,54396,"",0.80,1.54,2.12,1.35,1.35,1.38,1.38,"",0,0.0,2,0.7,1956099,13.7,-125675,-4.5,-19088,-11.9,120,13.0,6259,13.0
"C2094","5","48421","47","0","2020","A","N","El Centro, CA MSA","Private","NAICS 48421 Used household and office goods moving","MSA, NAICS 5-digit -- by ownership sector","All establishment sizes",1,0,0,0,0,0,0,"N",0.14,0,0,0,0,0,0,"N",0,0.0,0,0,0,0,0,0,0,0,0,0,0,0
"C2094","5","484210","48","0","2020","A","N","El Centro, CA MSA","Private","NAICS 484210 Used household and office goods moving","MSA, NAICS 6-digit -- by ownership sector","All establishment sizes",1,0,0,0,0,0,0,"N",0.14,0,0,0,0,0,0,"N",0,0.0,0,0,0,0,0,0,0,0,0,0,0,0
"C2094","5","48422","47","0","2020","A","","El Centro, CA MSA","Private","NAICS 48422 Other specialized trucking, local","MSA, NAICS 5-digit -- by ownership sector","All establishment sizes",24,266,14712581,2325715,124793,1065,55362,"",1.02,2.78,3.87,2.33,1.94,1.39,1.39,"",0,0.0,-11,-4.0,1464313,11.1,-200189,-7.9,-23232,-15.7,144,15.6,7462,15.6
"C2094","5","484220","48","0","2020","A","","El Centro, CA MSA","Private","NAICS 484220 Other specialized trucking, local","MSA, NAICS 6-digit -- by ownership sector","All establishment sizes",24,266,14712581,2325715,124793,1065,55362,"",1.02,2.78,3.87,2.33,1.94,1.39,1.39,"",0,0.0,-11,-4.0,1464313,11.1,-200189,-7.9,-23232,-15.7,144,15.6,7462,15.6
"C2094","5","48423","47","0","2020","A","N","El Centro, CA MSA","Private","NAICS 48423 Other specialized trucking, long-distance","MSA, NAICS 5-digit -- by ownership sector","All establishment sizes",7,0,0,0,0,0,0,"N",0.74,0,0,0,0,0,0,"N",0,0.0,0,0,0,0,0,0,0,0,0,0,0,0
"C2094","5","484230","48","0","2020","A","N","El Centro, CA MSA","Private","NAICS 484230 Other specialized trucking, long-distance","MSA, NAICS 6-digit -- by ownership sector","All establishment sizes",7,0,0,0,0,0,0,"N",0.74,0,0,0,0,0,0,"N",0,0.0,0,0,0,0,0,0,0,0,0,0,0,0
"C2094","5","485","45","0","2020","A","","El Centro, CA MSA","Private","NAICS 485 Transit and ground passenger transportation","MSA, NAICS 3-digit -- by ownership sector","All establishment sizes",7,74,2913074,770618,39869,753,39145,"",0.44,0.48,0.63,0.56,0.28,1.29,1.29,"",-1,-12.5,-46,-38.3,-1682773,-36.6,-292874,-27.5,-19233,-32.5,15,2.0,766,2.0
"C2094","5","4851","46","0","2020","A","N","El Centro, CA MSA","Private","NAICS 4851 Urban transit systems","MSA, NAICS 4-digit -- by ownership sector","All establishment sizes",2,0,0,0,0,0,0,"N",3.29,0,0,0,0,0,0,"N",-1,-33.3,0,0,0,0,0,0,0,0,0,0,0,0
"C2094","5","48511","47","0","2020","A","N","El Centro, CA MSA","Private","NAICS 48511 Urban transit systems","MSA, NAICS 5-digit -- by ownership sector","All establishment sizes",2,0,0,0,0,0,0,"N",3.29,0,0,0,0,0,0,"N",-1,-33.3,0,0,0,0,0,0,0,0,0,0,0,0
"C2094","5","485111","48","0","2020","A","N","El Centro, CA MSA","Private","NAICS 485111 Mixed mode transit systems","MSA, NAICS 6-digit -- by ownership sector","All establishment sizes",1,0,0,0,0,0,0,"N",11.98,0,0,0,0,0,0,"N",0,0.0,0,0,0,0,0,0,0,0,0,0,0,0
"C2094","5","485113","48","0","2020","A","N","El Centro, CA MSA","Private","NAICS 485113 Bus and other motor vehicle transit systems","MSA, NAICS 6-digit -- by ownership sector","All establishment sizes",1,0,0,0,0,0,0,"N",2.10,0,0,0,0,0,0,"N",-1,-50.0,0,0,0,0,0,0,0,0,0,0,0,0
"C2094","5","4852","46","0","2020","A","N","El Centro, CA MSA","Private","NAICS 4852 Interurban and rural bus transportation","MSA, NAICS 4-digit -- by ownership sector","All establishment sizes",2,0,0,0,0,0,0,"N",5.08,0,0,0,0,0,0,"N",0,0.0,0,0,0,0,0,0,0,0,0,0,0,0
"C2094","5","48521","47","0","2020","A","N","El Centro, CA MSA","Private","NAICS 48521 Interurban and rural bus transportation","MSA, NAICS 5-digit -- by ownership sector","All establishment sizes",2,0,0,0,0,0,0,"N",5.08,0,0,0,0,0,0,"N",0,0.0,0,0,0,0,0,0,0,0,0,0,0,0
"C2094","5","485210","48","0","2020","A","N","El Centro, CA MSA","Private","NAICS 485210 Interurban and rural bus transportation","MSA, NAICS 6-digit -- by ownership sector","All establishment sizes",2,0,0,0,0,0,0,"N",5.08,0,0,0,0,0,0,"N",0,0.0,0,0,0,0,0,0,0,0,0,0,0,0
"C2094","5","4853","46","0","2020","A","N","El Centro, CA MSA","Private","NAICS 4853 Taxi and limousine service","MSA, NAICS 4-digit -- by ownership sector","All establishment sizes",1,0,0,0,0,0,0,"N",0.17,0,0,0,0,0,0,"N",0,0.0,0,0,0,0,0,0,0,0,0,0,0,0
"C2094","5","48531","47","0","2020","A","N","El Centro, CA MSA","Private","NAICS 48531 Taxi service","MSA, NAICS 5-digit -- by ownership sector","All establishment sizes",1,0,0,0,0,0,0,"N",0.44,0,0,0,0,0,0,"N",0,0.0,0,0,0,0,0,0,0,0,0,0,0,0
"C2094","5","485310","48","0","2020","A","N","El Centro, CA MSA","Private","NAICS 485310 Taxi service","MSA, NAICS 6-digit -- by ownership sector","All establishment sizes",1,0,0,0,0,0,0,"N",0.44,0,0,0,0,0,0,"N",0,0.0,0,0,0,0,0,0,0,0,0,0,0,0
"C2094","5","4859","46","0","2020","A","N","El Centro, CA MSA","Private","NAICS 4859 Other ground passenger transportation","MSA, NAICS 4-digit -- by ownership sector","All establishment sizes",2,0,0,0,0,0,0,"N",0.40,0,0,0,0,0,0,"N",0,0.0,0,0,0,0,0,0,0,0,0,0,0,0
"C2094","5","48599","47","0","2020","A","N","El Centro, CA MSA","Private","NAICS 48599 Other ground passenger transportation","MSA, NAICS 5-digit -- by ownership sector","All establishment sizes",2,0,0,0,0,0,0,"N",0.40,0,0,0,0,0,0,"N",0,0.0,0,0,0,0,0,0,0,0,0,0,0,0
"C2094","5","485991","48","0","2020","A","N","El Centro, CA MSA","Private","NAICS 485991 Special needs transportation","MSA, NAICS 6-digit -- by ownership sector","All establishment sizes",1,0,0,0,0,0,0,"N",0.35,0,0,0,0,0,0,"N",0,0.0,0,0,0,0,0,0,0,0,0,0,0,0
"C2094","5","485999","48","0","2020","A","N","El Centro, CA MSA","Private","NAICS 485999 All other ground passenger transportation","MSA, NAICS 6-digit -- by ownership sector","All establishment sizes",1,0,0,0,0,0,0,"N",0.48,0,0,0,0,0,0,"N",0,0.0,0,0,0,0,0,0,0,0,0,0,0,0
"C2094","5","486","45","0","2020","A","N","El Centro, CA MSA","Private","NAICS 486 Pipeline transportation","MSA, NAICS 3-digit -- by ownership sector","All establishment sizes",1,0,0,0,0,0,0,"N",0.40,0,0,0,0,0,0,"N",0,0.0,0,0,0,0,0,0,0,0,0,0,0,0
"C2094","5","4869","46","0","2020","A","N","El Centro, CA MSA","Private","NAICS 4869 Other pipeline transportation","MSA, NAICS 4-digit -- by ownership sector","All establishment sizes",1,0,0,0,0,0,0,"N",1.98,0,0,0,0,0,0,"N",0,0.0,0,0,0,0,0,0,0,0,0,0,0,0
"C2094","5","48691","47","0","2020","A","N","El Centro, CA MSA","Private","NAICS 48691 Refined petroleum product pipeline transport.","MSA, NAICS 5-digit -- by ownership sector","All establishment sizes",1,0,0,0,0,0,0,"N",2.18,0,0,0,0,0,0,"N",0,0.0,0,0,0,0,0,0,0,0,0,0,0,0
"C2094","5","486910","48","0","2020","A","N","El Centro, CA MSA","Private","NAICS 486910 Refined petroleum product pipeline transport.","MSA, NAICS 6-digit -- by ownership sector","All establishment sizes",1,0,0,0,0,0,0,"N",2.18,0,0,0,0,0,0,"N",0,0.0,0,0,0,0,0,0,0,0,0,0,0,0
"C2094","5","488","45","0","2020","A","","El Centro, CA MSA","Private","NAICS 488 Support activities for transportation","MSA, NAICS 3-digit -- by ownership sector","All establishment sizes",43,260,10265893,2235997,106097,760,39535,"",1.11,0.87,0.78,0.82,0.78,0.89,0.89,"",4,10.3,-6,-2.3,576327,5.9,72836,3.4,3113,3.0,59,8.4,3074,8.4
"C2094","5","4881","46","0","2020","A","N","El Centro, CA MSA","Private","NAICS 4881 Support activities for air transportation","MSA, NAICS 4-digit -- by ownership sector","All establishment sizes",2,0,0,0,0,0,0,"N",0.31,0,0,0,0,0,0,"N",0,0.0,0,0,0,0,0,0,0,0,0,0,0,0
"C2094","5","48819","47","0","2020","A","N","El Centro, CA MSA","Private","NAICS 48819 Other support activities for air transport.","MSA, NAICS 5-digit -- by ownership sector","All establishment sizes",2,0,0,0,0,0,0,"N",0.43,0,0,0,0,0,0,"N",0,0.0,0,0,0,0,0,0,0,0,0,0,0,0
"C2094","5","488190","48","0","2020","A","N","El Centro, CA MSA","Private","NAICS 488190 Other support activities for air transport.","MSA, NAICS 6-digit -- by ownership sector","All establishment sizes",2,0,0,0,0,0,0,"N",0.43,0,0,0,0,0,0,"N",0,0.0,0,0,0,0,0,0,0,0,0,0,0,0
"C2094","5","4882","46","0","2020","A","N","El Centro, CA MSA","Private","NAICS 4882 Support activities for rail transportation","MSA, NAICS 4-digit -- by ownership sector","All establishment sizes",2,0,0,0,0,0,0,"N",1.45,0,0,0,0,0,0,"N",0,0.0,0,0,0,0,0,0,0,0,0,0,0,0
"C2094","5","48821","47","0","2020","A","N","El Centro, CA MSA","Private","NAICS 48821 Support activities for rail transportation","MSA, NAICS 5-digit -- by ownership sector","All establishment sizes",2,0,0,0,0,0,0,"N",1.45,0,0,0,0,0,0,"N",0,0.0,0,0,0,0,0,0,0,0,0,0,0,0
"C2094","5","488210","48","0","2020","A","N","El Centro, CA MSA","Private","NAICS 488210 Support activities for rail transportation","MSA, NAICS 6-digit -- by ownership sector","All establishment sizes",2,0,0,0,0,0,0,"N",1.45,0,0,0,0,0,0,"N",0,0.0,0,0,0,0,0,0,0,0,0,0,0,0
"C2094","5","4883","46","0","2020","A","N","El Centro, CA MSA","Private","NAICS 4883 Support activities for water transportation","MSA, NAICS 4-digit -- by ownership sector","All establishment sizes",1,0,0,0,0,0,0,"N",0.46,0,0,0,0,0,0,"N",0,0.0,0,0,0,0,0,0,0,0,0,0,0,0
"C2094","5","48832","47","0","2020","A","N","El Centro, CA MSA","Private","NAICS 48832 Marine cargo handling","MSA, NAICS 5-digit -- by ownership sector","All establishment sizes",1,0,0,0,0,0,0,"N",1.64,0,0,0,0,0,0,"N",0,0.0,0,0,0,0,0,0,0,0,0,0,0,0
"C2094","5","488320","48","0","2020","A","N","El Centro, CA MSA","Private","NAICS 488320 Marine cargo handling","MSA, NAICS 6-digit -- by ownership sector","All establishment sizes",1,0,0,0,0,0,0,"N",1.64,0,0,0,0,0,0,"N",0,0.0,0,0,0,0,0,0,0,0,0,0,0,0
"C2094","5","4884","46","0","2020","A","","El Centro, CA MSA","Private","NAICS 4884 Support activities for road transportation","MSA, NAICS 4-digit -- by ownership sector","All establishment sizes",19,71,2345568,711561,36764,632,32882,"",1.76,1.59,1.62,1.68,1.78,1.02,1.02,"",4,26.7,-4,-5.3,22703,1.0,80478,12.8,6439,21.2,34,5.7,1807,5.8
"C2094","5","48841","47","0","2020","A","","El Centro, CA MSA","Private","NAICS 48841 Motor vehicle towing","MSA, NAICS 5-digit -- by ownership sector","All establishment sizes",13,65,2180666,640379,33996,647,33635,"",1.71,2.32,2.51,2.51,3.01,1.09,1.09,"",1,8.3,-6,-8.5,-32971,-1.5,39690,6.6,4802,16.4,43,7.1,2236,7.1
"C2094","5","488410","48","0","2020","A","","El Centro, CA MSA","Private","NAICS 488410 Motor vehicle towing","MSA, NAICS 6-digit -- by ownership sector","All establishment sizes",13,65,2180666,640379,33996,647,33635,"",1.71,2.32,2.51,2.51,3.01,1.09,1.09,"",1,8.3,-6,-8.5,-32971,-1.5,39690,6.6,4802,16.4,43,7.1,2236,7.1
"C2094","5","48849","47","0","2020","A","","El Centro, CA MSA","Private","NAICS 48849 Other support activities for road transport.","MSA, NAICS 5-digit -- by ownership sector","All establishment sizes",6,7,164902,71182,2768,488,25370,"",1.90,0.42,0.29,0.42,0.30,0.74,0.74,"",3,100.0,3,75.0,55674,51.0,40788,134.2,1637,144.7,-6,-1.2,-331,-1.3
"C2094","5","488490","48","0","2020","A","","El Centro, CA MSA","Private","NAICS 488490 Other support activities for road transport.","MSA, NAICS 6-digit -- by ownership sector","All establishment sizes",6,7,164902,71182,2768,488,25370,"",1.90,0.42,0.29,0.42,0.30,0.74,0.74,"",3,100.0,3,75.0,55674,51.0,40788,134.2,1637,144.7,-6,-1.2,-331,-1.3
"C2094","5","4885","46","0","2020","A","","El Centro, CA MSA","Private","NAICS 4885 Freight transportation arrangement","MSA, NAICS 4-digit -- by ownership sector","All establishment sizes",15,171,7154546,1368822,63397,805,41880,"",0.95,1.69,1.46,1.48,1.38,0.87,0.87,"",-2,-11.8,-4,-2.3,462979,6.9,-15484,-1.1,-2707,-4.1,70,9.5,3642,9.5
"C2094","5","48851","47","0","2020","A","","El Centro, CA MSA","Private","NAICS 48851 Freight transportation arrangement","MSA, NAICS 5-digit -- by ownership sector","All establishment sizes",15,171,7154546,1368822,63397,805,41880,"",0.95,1.69,1.46,1.48,1.38,0.87,0.87,"",-2,-11.8,-4,-2.3,462979,6.9,-15484,-1.1,-2707,-4.1,70,9.5,3642,9.5
"C2094","5","488510","48","0","2020","A","","El Centro, CA MSA","Private","NAICS 488510 Freight transportation arrangement","MSA, NAICS 6-digit -- by ownership sector","All establishment sizes",15,171,7154546,1368822,63397,805,41880,"",0.95,1.69,1.46,1.48,1.38,0.87,0.87,"",-2,-11.8,-4,-2.3,462979,6.9,-15484,-1.1,-2707,-4.1,70,9.5,3642,9.5
"C2094","5","4889","46","0","2020","A","","El Centro, CA MSA","Private","NAICS 4889 Other support activities for transportation","MSA, NAICS 4-digit -- by ownership sector","All establishment sizes",4,10,287105,76462,2971,581,30222,"",1.86,0.70,0.52,0.64,0.40,0.77,0.77,"N",2,100.0,0,0,0,0,0,0,0,0,0,0,0,0
"C2094","5","48899","47","0","2020","A","","El Centro, CA MSA","Private","NAICS 48899 Other support activities for transportation","MSA, NAICS 5-digit -- by ownership sector","All establishment sizes",4,10,287105,76462,2971,581,30222,"",1.86,0.70,0.52,0.64,0.40,0.77,0.77,"N",2,100.0,0,0,0,0,0,0,0,0,0,0,0,0
"C2094","5","488991","48","0","2020","A","N","El Centro, CA MSA","Private","NAICS 488991 Packing and crating","MSA, NAICS 6-digit -- by ownership sector","All establishment sizes",2,0,0,0,0,0,0,"N",1.98,0,0,0,0,0,0,"N",1,100.0,0,0,0,0,0,0,0,0,0,0,0,0
"C2094","5","488999","48","0","2020","A","N","El Centro, CA MSA","Private","NAICS 488999 All other support activities for transport.","MSA, NAICS 6-digit -- by ownership sector","All establishment sizes",2,0,0,0,0,0,0,"N",1.76,0,0,0,0,0,0,"N",1,100.0,0,0,0,0,0,0,0,0,0,0,0,0
"C2094","5","492","45","0","2020","A","N","El Centro, CA MSA","Private","NAICS 492 Couriers and messengers","MSA, NAICS 3-digit -- by ownership sector","All establishment sizes",3,0,0,0,0,0,0,"N",0.20,0,0,0,0,0,0,"N",1,50.0,0,0,0,0,0,0,0,0,0,0,0,0
"C2094","5","4921","46","0","2020","A","N","El Centro, CA MSA","Private","NAICS 4921 Couriers and express delivery services","MSA, NAICS 4-digit -- by ownership sector","All establishment sizes",3,0,0,0,0,0,0,"N",0.33,0,0,0,0,0,0,"N",1,50.0,0,0,0,0,0,0,0,0,0,0,0,0
"C2094","5","49211","47","0","2020","A","N","El Centro, CA MSA","Private","NAICS 49211 Couriers and express delivery services","MSA, NAICS 5-digit -- by ownership sector","All establishment sizes",3,0,0,0,0,0,0,"N",0.33,0,0,0,0,0,0,"N",1,50.0,0,0,0,0,0,0,0,0,0,0,0,0
"C2094","5","492110","48","0","2020","A","N","El Centro, CA MSA","Private","NAICS 492110 Couriers and express delivery services","MSA, NAICS 6-digit -- by ownership sector","All establishment sizes",3,0,0,0,0,0,0,"N",0.33,0,0,0,0,0,0,"N",1,50.0,0,0,0,0,0,0,0,0,0,0,0,0
"C2094","5","493","45","0","2020","A","","El Centro, CA MSA","Private","NAICS 493 Warehousing and storage","MSA, NAICS 3-digit -- by ownership sector","All establishment sizes",29,299,13125258,2982112,145506,844,43885,"",1.94,0.47,0.64,0.50,0.51,1.37,1.37,"",1,3.6,1,0.3,1495725,12.9,338628,12.8,8973,6.6,94,12.5,4903,12.6
"C2094","5","4931","46","0","2020","A","","El Centro, CA MSA","Private","NAICS 4931 Warehousing and storage","MSA, NAICS 4-digit -- by ownership sector","All establishment sizes",29,299,13125258,2982112,145506,844,43885,"",1.94,0.47,0.64,0.50,0.51,1.37,1.37,"",1,3.6,1,0.3,1495725,12.9,338628,12.8,8973,6.6,94,12.5,4903,12.6
"C2094","5","49311","47","0","2020","A","","El Centro, CA MSA","Private","NAICS 49311 General warehousing and storage","MSA, NAICS 5-digit -- by ownership sector","All establishment sizes",20,163,7108616,1400700,64420,841,43745,"",1.80,0.28,0.39,0.26,0.25,1.40,1.40,"",2,11.1,8,5.2,802647,12.7,199245,16.6,4217,7.0,59,7.5,3083,7.6
"C2094","5","493110","48","0","2020","A","","El Centro, CA MSA","Private","NAICS 493110 General warehousing and storage","MSA, NAICS 6-digit -- by ownership sector","All establishment sizes",20,163,7108616,1400700,64420,841,43745,"",1.80,0.28,0.39,0.26,0.25,1.40,1.40,"",2,11.1,8,5.2,802647,12.7,199245,16.6,4217,7.0,59,7.5,3083,7.6
"C2094","5","49312","47","0","2020","A","","El Centro, CA MSA","Private","NAICS 49312 Refrigerated warehousing and storage","MSA, NAICS 5-digit -- by ownership sector","All establishment sizes",7,120,5257333,1444002,77513,845,43964,"",6.15,4.14,4.57,4.84,4.72,1.11,1.11,"",0,0.0,-7,-5.5,625451,13.5,148970,11.5,6683,9.4,144,20.5,7492,20.5
"C2094","5","493120","48","0","2020","A","","El Centro, CA MSA","Private","NAICS 493120 Refrigerated warehousing and storage","MSA, NAICS 6-digit -- by ownership sector","All establishment sizes",7,120,5257333,1444002,77513,845,43964,"",6.15,4.14,4.57,4.84,4.72,1.11,1.11,"",0,0.0,-7,-5.5,625451,13.5,148970,11.5,6683,9.4,144,20.5,7492,20.5
"C2094","5","49313","47","0","2020","A","N","El Centro, CA MSA","Private","NAICS 49313 Farm product warehousing and storage","MSA, NAICS 5-digit -- by ownership sector","All establishment sizes",1,0,0,0,0,0,0,"N",1.34,0,0,0,0,0,0,"N",0,0.0,0,0,0,0,0,0,0,0,0,0,0,0
"C2094","5","493130","48","0","2020","A","N","El Centro, CA MSA","Private","NAICS 493130 Farm product warehousing and storage","MSA, NAICS 6-digit -- by ownership sector","All establishment sizes",1,0,0,0,0,0,0,"N",1.34,0,0,0,0,0,0,"N",0,0.0,0,0,0,0,0,0,0,0,0,0,0,0
"C2094","5","49319","47","0","2020","A","N","El Centro, CA MSA","Private","NAICS 49319 Other warehousing and storage","MSA, NAICS 5-digit -- by ownership sector","All establishment sizes",1,0,0,0,0,0,0,"N",0.51,0,0,0,0,0,0,"N",-1,-50.0,0,0,0,0,0,0,0,0,0,0,0,0
"C2094","5","493190","48","0","2020","A","N","El Centro, CA MSA","Private","NAICS 493190 Other warehousing and storage","MSA, NAICS 6-digit -- by ownership sector","All establishment sizes",1,0,0,0,0,0,0,"N",0.51,0,0,0,0,0,0,"N",-1,-50.0,0,0,0,0,0,0,0,0,0,0,0,0
"C2094","5","51","44","0","2020","A","","El Centro, CA MSA","Private","NAICS 51 Information","MSA, NAICS Sector -- by ownership sector","All establishment sizes",28,214,10579152,1486882,66340,950,49378,"",0.18,0.18,0.09,0.13,0.10,0.51,0.51,"",1,3.7,-55,-20.4,-1100565,-9.4,-284134,-16.0,-12273,-15.6,116,13.9,5986,13.8
"C2094","5","511","45","0","2020","A","N","El Centro, CA MSA","Private","NAICS 511 Publishing industries, except internet","MSA, NAICS 3-digit -- by ownership sector","All establishment sizes",3,0,0,0,0,0,0,"N",0.06,0,0,0,0,0,0,"N",0,0.0,0,0,0,0,0,0,0,0,0,0,0,0
"C2094","5","5111","46","0","2020","A","N","El Centro, CA MSA","Private","NAICS 5111 Newspaper, book, and directory publishers","MSA, NAICS 4-digit -- by ownership sector","All establishment sizes",3,0,0,0,0,0,0,"N",0.20,0,0,0,0,0,0,"N",0,0.0,0,0,0,0,0,0,0,0,0,0,0,0
"C2094","5","51111","47","0","2020","A","N","El Centro, CA MSA","Private","NAICS 51111 Newspaper publishers","MSA, NAICS 5-digit -- by ownership sector","All establishment sizes",3,0,0,0,0,0,0,"N",0.56,0,0,0,0,0,0,"N",0,0.0,0,0,0,0,0,0,0,0,0,0,0,0
"C2094","5","511110","48","0","2020","A","N","El Centro, CA MSA","Private","NAICS 511110 Newspaper publishers","MSA, NAICS 6-digit -- by ownership sector","All establishment sizes",3,0,0,0,0,0,0,"N",0.56,0,0,0,0,0,0,"N",0,0.0,0,0,0,0,0,0,0,0,0,0,0,0
"C2094","5","512","45","0","2020","A","N","El Centro, CA MSA","Private","NAICS 512 Motion picture and sound recording industries","MSA, NAICS 3-digit -- by ownership sector","All establishment sizes",2,0,0,0,0,0,0,"N",0.07,0,0,0,0,0,0,"N",-1,-33.3,0,0,0,0,0,0,0,0,0,0,0,0
"C2094","5","5121","46","0","2020","A","N","El Centro, CA MSA","Private","NAICS 5121 Motion picture and video industries","MSA, NAICS 4-digit -- by ownership sector","All establishment sizes",2,0,0,0,0,0,0,"N",0.08,0,0,0,0,0,0,"N",-1,-33.3,0,0,0,0,0,0,0,0,0,0,0,0
"C2094","5","51213","47","0","2020","A","N","El Centro, CA MSA","Private","NAICS 51213 Motion picture and video exhibition","MSA, NAICS 5-digit -- by ownership sector","All establishment sizes",2,0,0,0,0,0,0,"N",0.56,0,0,0,0,0,0,"N",-1,-33.3,0,0,0,0,0,0,0,0,0,0,0,0
"C2094","5","512131","48","0","2020","A","N","El Centro, CA MSA","Private","NAICS 512131 Motion picture theaters, except drive-ins","MSA, NAICS 6-digit -- by ownership sector","All establishment sizes",2,0,0,0,0,0,0,"N",0.59,0,0,0,0,0,0,"N",-1,-33.3,0,0,0,0,0,0,0,0,0,0,0,0
"C2094","5","515","45","0","2020","A","","El Centro, CA MSA","Private","NAICS 515 Broadcasting, except internet","MSA, NAICS 3-digit -- by ownership sector","All establishment sizes",6,46,1695582,282838,10139,702,36530,"",0.83,0.43,0.22,0.35,0.22,0.50,0.50,"N",0,0.0,0,0,0,0,0,0,0,0,0,0,0,0
"C2094","5","5151","46","0","2020","A","","El Centro, CA MSA","Private","NAICS 5151 Radio and television broadcasting","MSA, NAICS 4-digit -- by ownership sector","All establishment sizes",6,46,1695582,282838,10139,702,36530,"",0.95,0.54,0.29,0.43,0.29,0.54,0.54,"N",0,0.0,0,0,0,0,0,0,0,0,0,0,0,0
"C2094","5","51511","47","0","2020","A","N","El Centro, CA MSA","Private","NAICS 51511 Radio broadcasting","MSA, NAICS 5-digit -- by ownership sector","All establishment sizes",4,0,0,0,0,0,0,"N",0.99,0,0,0,0,0,0,"N",0,0.0,0,0,0,0,0,0,0,0,0,0,0,0
"C2094","5","515111","48","0","2020","A","N","El Centro, CA MSA","Private","NAICS 515111 Radio networks","MSA, NAICS 6-digit -- by ownership sector","All establishment sizes",1,0,0,0,0,0,0,"N",1.06,0,0,0,0,0,0,"N",0,0.0,0,0,0,0,0,0,0,0,0,0,0,0
"C2094","5","515112","48","0","2020","A","","El Centro, CA MSA","Private","NAICS 515112 Radio stations","MSA, NAICS 6-digit -- by ownership sector","All establishment sizes",3,18,598093,114191,2342,633,32923,"",0.97,0.75,0.55,0.60,0.25,0.73,0.73,"N",0,0.0,0,0,0,0,0,0,0,0,0,0,0,0
"C2094","5","51512","47","0","2020","A","N","El Centro, CA MSA","Private","NAICS 51512 Television broadcasting","MSA, NAICS 5-digit -- by ownership sector","All establishment sizes",2,0,0,0,0,0,0,"N",0.87,0,0,0,0,0,0,"N",0,0.0,0,0,0,0,0,0,0,0,0,0,0,0
"C2094","5","515120","48","0","2020","A","N","El Centro, CA MSA","Private","NAICS 515120 Television broadcasting","MSA, NAICS 6-digit -- by ownership sector","All establishment sizes",2,0,0,0,0,0,0,"N",0.87,0,0,0,0,0,0,"N",0,0.0,0,0,0,0,0,0,0,0,0,0,0,0
"C2094","5","517","45","0","2020","A","","El Centro, CA MSA","Private","NAICS 517 Telecommunications","MSA, NAICS 3-digit -- by ownership sector","All establishment sizes",16,118,7766964,756588,43469,1262,65636,"",0.57,0.39,0.36,0.27,0.27,0.91,0.91,"",1,6.7,-8,-6.3,-201728,-2.5,-67501,-8.2,-5577,-11.4,42,3.4,2183,3.4
"C2094","5","5173","46","0","2020","A","N","El Centro, CA MSA","Private","NAICS 5173 Wired and wireless telecommunications carriers","MSA, NAICS 4-digit -- by ownership sector","All establishment sizes",16,0,0,0,0,0,0,"N",0.76,0,0,0,0,0,0,"N",1,6.7,0,0,0,0,0,0,0,0,0,0,0,0
"C2094","5","51731","47","0","2020","A","N","El Centro, CA MSA","Private","NAICS 51731 Wired and wireless telecommunications carriers","MSA, NAICS 5-digit -- by ownership sector","All establishment sizes",16,0,0,0,0,0,0,"N",0.76,0,0,0,0,0,0,"N",1,6.7,0,0,0,0,0,0,0,0,0,0,0,0
"C2094","5","517311","48","0","2020","A","","El Centro, CA MSA","Private","NAICS 517311 Wired telecommunications carriers","MSA, NAICS 6-digit -- by ownership sector","All establishment sizes",8,95,6560476,598533,34401,1323,68816,"",0.53,0.44,0.43,0.30,0.30,0.98,0.98,"N",0,0.0,0,0,0,0,0,0,0,0,0,0,0,0
"C2094","5","517312","48","0","2020","A","N","El Centro, CA MSA","Private","NAICS 517312 Wireless telecommunications carriers (except satellite)","MSA, NAICS 6-digit -- by ownership sector","All establishment sizes",8,0,0,0,0,0,0,"N",1.35,0,0,0,0,0,0,"N",1,14.3,0,0,0,0,0,0,0,0,0,0,0,0
"C2094","5","5179","46","0","2020","A","N","El Centro, CA MSA","Private","NAICS 5179 Other telecommunications","MSA, NAICS 4-digit -- by ownership sector","All establishment sizes",1,0,0,0,0,0,0,"N",0.16,0,0,0,0,0,0,"N",1,100.0,0,0,0,0,0,0,0,0,0,0,0,0
"C2094","5","51791","47","0","2020","A","N","El Centro, CA MSA","Private","NAICS 51791 Other telecommunications","MSA, NAICS 5-digit -- by ownership sector","All establishment sizes",1,0,0,0,0,0,0,"N",0.16,0,0,0,0,0,0,"N",1,100.0,0,0,0,0,0,0,0,0,0,0,0,0
"C2094","5","517919","48","0","2020","A","N","El Centro, CA MSA","Private","NAICS 517919 All other telecommunications","MSA, NAICS 6-digit -- by ownership sector","All establishment sizes",1,0,0,0,0,0,0,"N",0.35,0,0,0,0,0,0,"N",1,100.0,0,0,0,0,0,0,0,0,0,0,0,0
"C2094","5","52","44","0","2020","A","","El Centro, CA MSA","Private","NAICS 52 Finance and insurance","MSA, NAICS Sector -- by ownership sector","All establishment sizes",117,719,39954045,4882534,225245,1069,55562,"",0.29,0.27,0.18,0.20,0.21,0.64,0.64,"",0,0.0,-49,-6.4,2836114,7.6,-8761,-0.2,-8084,-3.5,139,14.9,7210,14.9
"C2094","5","522","45","0","2020","A","","El Centro, CA MSA","Private","NAICS 522 Credit intermediation and related activities","MSA, NAICS 3-digit -- by ownership sector","All establishment sizes",55,498,26873133,3081480,160732,1037,53917,"",0.38,0.43,0.32,0.29,0.34,0.75,0.75,"",-2,-3.5,-51,-9.3,-73608,-0.3,-99832,-3.1,-11085,-6.5,93,9.9,4849,9.9
"C2094","5","5221","46","0","2020","A","","El Centro, CA MSA","Private","NAICS 5221 Depository credit intermediation","MSA, NAICS 4-digit -- by ownership sector","All establishment sizes",25,332,16646690,1636294,92912,964,50128,"",0.30,0.43,0.33,0.23,0.35,0.77,0.77,"",-1,-3.8,-24,-6.7,-803024,-4.6,-29666,-1.8,-6100,-6.2,22,2.3,1146,2.3
"C2094","5","52211","47","0","2020","A","","El Centro, CA MSA","Private","NAICS 52211 Commercial banking","MSA, NAICS 5-digit -- by ownership sector","All establishment sizes",15,206,10837641,700632,40622,1011,52567,"",0.24,0.34,0.26,0.13,0.19,0.75,0.75,"",0,0.0,-6,-2.8,-177983,-1.6,78764,12.7,6345,18.5,11,1.1,566,1.1
"C2094","5","522110","48","0","2020","A","","El Centro, CA MSA","Private","NAICS 522110 Commercial banking","MSA, NAICS 6-digit -- by ownership sector","All establishment sizes",15,206,10837641,700632,40622,1011,52567,"",0.24,0.34,0.26,0.13,0.19,0.75,0.75,"",0,0.0,-6,-2.8,-177983,-1.6,78764,12.7,6345,18.5,11,1.1,566,1.1
"C2094","5","52212","47","0","2020","A","N","El Centro, CA MSA","Private","NAICS 52212 Savings institutions","MSA, NAICS 5-digit -- by ownership sector","All establishment sizes",1,0,0,0,0,0,0,"N",0.19,0,0,0,0,0,0,"N",-1,-50.0,0,0,0,0,0,0,0,0,0,0,0,0
"C2094","5","522120","48","0","2020","A","N","El Centro, CA MSA","Private","NAICS 522120 Savings institutions","MSA, NAICS 6-digit -- by ownership sector","All establishment sizes",1,0,0,0,0,0,0,"N",0.19,0,0,0,0,0,0,"N",-1,-50.0,0,0,0,0,0,0,0,0,0,0,0,0
"C2094","5","52213","47","0","2020","A","N","El Centro, CA MSA","Private","NAICS 52213 Credit unions","MSA, NAICS 5-digit -- by ownership sector","All establishment sizes",9,0,0,0,0,0,0,"N",0.66,0,0,0,0,0,0,"N",0,0.0,0,0,0,0,0,0,0,0,0,0,0,0
"C2094","5","522130","48","0","2020","A","N","El Centro, CA MSA","Private","NAICS 522130 Credit unions","MSA, NAICS 6-digit -- by ownership sector","All establishment sizes",9,0,0,0,0,0,0,"N",0.66,0,0,0,0,0,0,"N",0,0.0,0,0,0,0,0,0,0,0,0,0,0,0
"C2094","5","5222","46","0","2020","A","","El Centro, CA MSA","Private","NAICS 5222 Nondepository credit intermediation","MSA, NAICS 4-digit -- by ownership sector","All establishment sizes",17,79,7464347,661033,34275,1807,93990,"",0.45,0.31,0.35,0.28,0.26,1.11,1.11,"",2,13.3,-12,-13.2,704873,10.4,-58317,-8.1,-3467,-9.2,382,26.8,19914,26.9
"C2094","5","52229","47","0","2020","A","","El Centro, CA MSA","Private","NAICS 52229 Other nondepository credit intermediation","MSA, NAICS 5-digit -- by ownership sector","All establishment sizes",17,79,7464347,661033,34275,1807,93990,"",0.52,0.43,0.46,0.37,0.34,1.07,1.07,"",2,13.3,-12,-13.2,704873,10.4,-58317,-8.1,-3467,-9.2,382,26.8,19914,26.9
"C2094","5","522291","48","0","2020","A","","El Centro, CA MSA","Private","NAICS 522291 Consumer lending","MSA, NAICS 6-digit -- by ownership sector","All establishment sizes",4,11,326823,70549,3560,555,28837,"",0.32,0.26,0.14,0.18,0.19,0.52,0.52,"",0,0.0,-3,-21.4,-19878,-5.7,-7581,-9.7,-385,-9.8,73,15.1,3774,15.1
"C2094","5","522292","48","0","2020","A","","El Centro, CA MSA","Private","NAICS 522292 Real estate credit","MSA, NAICS 6-digit -- by ownership sector","All establishment sizes",6,38,5599826,350254,21554,2803,145766,"",0.48,0.37,0.51,0.33,0.31,1.36,1.36,"",1,20.0,-9,-19.1,654147,13.2,-74596,-17.6,-3828,-15.1,769,37.8,39976,37.8
"C2094","5","522293","48","0","2020","A","N","El Centro, CA MSA","Private","NAICS 522293 International trade financing","MSA, NAICS 6-digit -- by ownership sector","All establishment sizes",1,0,0,0,0,0,0,"N",1.72,0,0,0,0,0,0,"N",1,100.0,0,0,0,0,0,0,0,0,0,0,0,0
"C2094","5","522294","48","0","2020","A","N","El Centro, CA MSA","Private","NAICS 522294 Secondary market financing","MSA, NAICS 6-digit -- by ownership sector","All establishment sizes",1,0,0,0,0,0,0,"N",2.53,0,0,0,0,0,0,"N",0,0.0,0,0,0,0,0,0,0,0,0,0,0,0
"C2094","5","522298","48","0","2020","A","","El Centro, CA MSA","Private","NAICS 522298 All other nondepository credit intermediation","MSA, NAICS 6-digit -- by ownership sector","All establishment sizes",5,28,1470419,226366,8727,1025,53308,"",0.71,0.94,0.85,0.85,0.86,0.92,0.92,"",0,0.0,-2,-6.7,44224,3.1,18820,9.1,628,7.8,95,10.2,4962,10.3
"C2094","5","5223","46","0","2020","A","","El Centro, CA MSA","Private","NAICS 5223 Activities related to credit intermediation","MSA, NAICS 4-digit -- by ownership sector","All establishment sizes",13,87,2762096,784153,33545,611,31779,"",0.60,0.65,0.23,0.66,0.48,0.35,0.35,"",-3,-18.8,-15,-14.7,24543,0.9,-11849,-1.5,-1518,-4.3,93,18.0,4852,18.0
"C2094","5","52231","47","0","2020","A","N","El Centro, CA MSA","Private","NAICS 52231 Mortgage and nonmortgage loan brokers","MSA, NAICS 5-digit -- by ownership sector","All establishment sizes",1,0,0,0,0,0,0,"N",0.10,0,0,0,0,0,0,"N",0,0.0,0,0,0,0,0,0,0,0,0,0,0,0
"C2094","5","522310","48","0","2020","A","N","El Centro, CA MSA","Private","NAICS 522310 Mortgage and nonmortgage loan brokers","MSA, NAICS 6-digit -- by ownership sector","All establishment sizes",1,0,0,0,0,0,0,"N",0.10,0,0,0,0,0,0,"N",0,0.0,0,0,0,0,0,0,0,0,0,0,0,0
"C2094","5","52239","47","0","2020","A","N","El Centro, CA MSA","Private","NAICS 52239 Other credit intermediation activities","MSA, NAICS 5-digit -- by ownership sector","All establishment sizes",12,0,0,0,0,0,0,"N",1.85,0,0,0,0,0,0,"N",-3,-20.0,0,0,0,0,0,0,0,0,0,0,0,0
"C2094","5","522390","48","0","2020","A","N","El Centro, CA MSA","Private","NAICS 522390 Other credit intermediation activities","MSA, NAICS 6-digit -- by ownership sector","All establishment sizes",12,0,0,0,0,0,0,"N",1.85,0,0,0,0,0,0,"N",-3,-20.0,0,0,0,0,0,0,0,0,0,0,0,0
"C2094","5","523","45","0","2020","A","","El Centro, CA MSA","Private","NAICS 523 Securities, commodity contracts, investments","MSA, NAICS 3-digit -- by ownership sector","All establishment sizes",3,14,787897,157228,6157,1063,55291,"",0.03,0.03,0.01,0.04,0.03,0.31,0.31,"N",0,0.0,0,0,0,0,0,0,0,0,0,0,0,0
"C2094","5","5231","46","0","2020","A","N","El Centro, CA MSA","Private","NAICS 5231 Securities and commodity contracts brokerage","MSA, NAICS 4-digit -- by ownership sector","All establishment sizes",1,0,0,0,0,0,0,"N",0.03,0,0,0,0,0,0,"N",0,0.0,0,0,0,0,0,0,0,0,0,0,0,0
"C2094","5","52313","47","0","2020","A","N","El Centro, CA MSA","Private","NAICS 52313 Commodity contracts dealing","MSA, NAICS 5-digit -- by ownership sector","All establishment sizes",1,0,0,0,0,0,0,"N",0.77,0,0,0,0,0,0,"N",0,0.0,0,0,0,0,0,0,0,0,0,0,0,0
"C2094","5","523130","48","0","2020","A","N","El Centro, CA MSA","Private","NAICS 523130 Commodity contracts dealing","MSA, NAICS 6-digit -- by ownership sector","All establishment sizes",1,0,0,0,0,0,0,"N",0.77,0,0,0,0,0,0,"N",0,0.0,0,0,0,0,0,0,0,0,0,0,0,0
"C2094","5","5239","46","0","2020","A","N","El Centro, CA MSA","Private","NAICS 5239 Other financial investment activities","MSA, NAICS 4-digit -- by ownership sector","All establishment sizes",2,0,0,0,0,0,0,"N",0.03,0,0,0,0,0,0,"N",0,0.0,0,0,0,0,0,0,0,0,0,0,0,0
"C2094","5","52392","47","0","2020","A","N","El Centro, CA MSA","Private","NAICS 52392 Portfolio management","MSA, NAICS 5-digit -- by ownership sector","All establishment sizes",1,0,0,0,0,0,0,"N",0.05,0,0,0,0,0,0,"N",0,0.0,0,0,0,0,0,0,0,0,0,0,0,0
"C2094","5","523920","48","0","2020","A","N","El Centro, CA MSA","Private","NAICS 523920 Portfolio management","MSA, NAICS 6-digit -- by ownership sector","All establishment sizes",1,0,0,0,0,0,0,"N",0.05,0,0,0,0,0,0,"N",0,0.0,0,0,0,0,0,0,0,0,0,0,0,0
"C2094","5","52393","47","0","2020","A","N","El Centro, CA MSA","Private","NAICS 52393 Investment advice","MSA, NAICS 5-digit -- by ownership sector","All establishment sizes",1,0,0,0,0,0,0,"N",0.03,0,0,0,0,0,0,"N",0,0.0,0,0,0,0,0,0,0,0,0,0,0,0
"C2094","5","523930","48","0","2020","A","N","El Centro, CA MSA","Private","NAICS 523930 Investment advice","MSA, NAICS 6-digit -- by ownership sector","All establishment sizes",1,0,0,0,0,0,0,"N",0.03,0,0,0,0,0,0,"N",0,0.0,0,0,0,0,0,0,0,0,0,0,0,0
"C2094","5","524","45","0","2020","A","","El Centro, CA MSA","Private","NAICS 524 Insurance carriers and related activities","MSA, NAICS 3-digit -- by ownership sector","All establishment sizes",59,206,12293015,1643826,58356,1145,59554,"",0.38,0.20,0.18,0.18,0.14,0.89,0.89,"N",2,3.5,0,0,0,0,0,0,0,0,0,0,0,0
"C2094","5","5241","46","0","2020","A","","El Centro, CA MSA","Private","NAICS 5241 Insurance carriers","MSA, NAICS 4-digit -- by ownership sector","All establishment sizes",9,38,3280613,245117,11486,1671,86904,"",0.38,0.07,0.09,0.05,0.06,1.19,1.19,"N",3,50.0,0,0,0,0,0,0,0,0,0,0,0,0
"C2094","5","52411","47","0","2020","A","N","El Centro, CA MSA","Private","NAICS 52411 Direct life and health insurance carriers","MSA, NAICS 5-digit -- by ownership sector","All establishment sizes",4,0,0,0,0,0,0,"N",0.48,0,0,0,0,0,0,"N",3,300.0,0,0,0,0,0,0,0,0,0,0,0,0
"C2094","5","524113","48","0","2020","A","N","El Centro, CA MSA","Private","NAICS 524113 Direct life insurance carriers","MSA, NAICS 6-digit -- by ownership sector","All establishment sizes",2,0,0,0,0,0,0,"N",0.46,0,0,0,0,0,0,"N",2,100.0,0,0,0,0,0,0,0,0,0,0,0,0
"C2094","5","524114","48","0","2020","A","N","El Centro, CA MSA","Private","NAICS 524114 Direct health and medical insurance carriers","MSA, NAICS 6-digit -- by ownership sector","All establishment sizes",2,0,0,0,0,0,0,"N",0.51,0,0,0,0,0,0,"N",1,100.0,0,0,0,0,0,0,0,0,0,0,0,0
"C2094","5","52412","47","0","2020","A","N","El Centro, CA MSA","Private","NAICS 52412 Direct insurers, except life and health","MSA, NAICS 5-digit -- by ownership sector","All establishment sizes",5,0,0,0,0,0,0,"N",0.35,0,0,0,0,0,0,"N",0,0.0,0,0,0,0,0,0,0,0,0,0,0,0
"C2094","5","524126","48","0","2020","A","N","El Centro, CA MSA","Private","NAICS 524126 Direct property and casualty insurers","MSA, NAICS 6-digit -- by ownership sector","All establishment sizes",2,0,0,0,0,0,0,"N",0.22,0,0,0,0,0,0,"N",0,0.0,0,0,0,0,0,0,0,0,0,0,0,0
"C2094","5","524127","48","0","2020","A","N","El Centro, CA MSA","Private","NAICS 524127 Direct title insurance carriers","MSA, NAICS 6-digit -- by ownership sector","All establishment sizes",3,0,0,0,0,0,0,"N",0.70,0,0,0,0,0,0,"N",0,0.0,0,0,0,0,0,0,0,0,0,0,0,0
"C2094","5","5242","46","0","2020","A","","El Centro, CA MSA","Private","NAICS 5242 Insurance agencies and brokerages","MSA, NAICS 4-digit -- by ownership sector","All establishment sizes",51,169,9012402,1398709,46870,1028,53433,"",0.38,0.32,0.28,0.30,0.23,0.88,0.88,"",0,0.0,-7,-4.0,1372025,18.0,19920,1.4,1413,3.1,193,23.1,10001,23.0
"C2094","5","52421","47","0","2020","A","","El Centro, CA MSA","Private","NAICS 52421 Insurance agencies and brokerages","MSA, NAICS 5-digit -- by ownership sector","All establishment sizes",51,169,9012402,1398709,46870,1028,53433,"",0.45,0.46,0.40,0.43,0.35,0.87,0.87,"",0,0.0,-7,-4.0,1372025,18.0,19920,1.4,1413,3.1,193,23.1,10001,23.0
"C2094","5","524210","48","0","2020","A","","El Centro, CA MSA","Private","NAICS 524210 Insurance agencies and brokerages","MSA, NAICS 6-digit -- by ownership sector","All establishment sizes",51,169,9012402,1398709,46870,1028,53433,"",0.45,0.46,0.40,0.43,0.35,0.87,0.87,"",0,0.0,-7,-4.0,1372025,18.0,19920,1.4,1413,3.1,193,23.1,10001,23.0
"C2094","5","53","44","0","2020","A","","El Centro, CA MSA","Private","NAICS 53 Real estate and rental and leasing","MSA, NAICS Sector -- by ownership sector","All establishment sizes",134,437,18038606,3607309,166989,794,41286,"",0.40,0.46,0.41,0.44,0.40,0.89,0.89,"",-1,-0.7,-26,-5.6,-189183,-1.0,-48420,-1.3,-8094,-4.6,36,4.7,1875,4.8
"C2094","5","531","45","0","2020","A","","El Centro, CA MSA","Private","NAICS 531 Real estate","MSA, NAICS 3-digit -- by ownership sector","All establishment sizes",112,284,9371475,2274168,95742,634,32979,"",0.39,0.39,0.27,0.36,0.30,0.70,0.70,"",2,1.8,-7,-2.4,-28951,-0.3,-26960,-1.2,-4920,-4.9,13,2.1,666,2.1
"C2094","5","5311","46","0","2020","A","","El Centro, CA MSA","Private","NAICS 5311 Lessors of real estate","MSA, NAICS 4-digit -- by ownership sector","All establishment sizes",36,128,3742240,1114557,50393,564,29313,"",0.40,0.50,0.33,0.53,0.48,0.67,0.67,"",-2,-5.3,-22,-14.7,-452938,-10.8,-105506,-8.6,-8876,-15.0,26,4.8,1330,4.8
"C2094","5","53111","47","0","2020","A","","El Centro, CA MSA","Private","NAICS 53111 Lessors of residential buildings","MSA, NAICS 5-digit -- by ownership sector","All establishment sizes",11,46,1497479,350231,15756,631,32792,"",0.22,0.30,0.26,0.27,0.25,0.89,0.89,"",-3,-21.4,-6,-11.5,-156250,-9.4,-30488,-8.0,-1669,-9.6,17,2.8,887,2.8
"C2094","5","531110","48","0","2020","A","","El Centro, CA MSA","Private","NAICS 531110 Lessors of residential buildings","MSA, NAICS 6-digit -- by ownership sector","All establishment sizes",11,46,1497479,350231,15756,631,32792,"",0.22,0.30,0.26,0.27,0.25,0.89,0.89,"",-3,-21.4,-6,-11.5,-156250,-9.4,-30488,-8.0,-1669,-9.6,17,2.8,887,2.8
"C2094","5","53112","47","0","2020","A","","El Centro, CA MSA","Private","NAICS 53112 Lessors of nonresidential buildings","MSA, NAICS 5-digit -- by ownership sector","All establishment sizes",6,26,814239,244906,13899,600,31217,"",0.30,0.43,0.20,0.48,0.54,0.47,0.47,"",-1,-14.3,-18,-40.9,-313004,-27.8,-114996,-32.0,-7458,-34.9,104,21.0,5402,20.9
"C2094","5","531120","48","0","2020","A","","El Centro, CA MSA","Private","NAICS 531120 Lessors of nonresidential buildings","MSA, NAICS 6-digit -- by ownership sector","All establishment sizes",6,26,814239,244906,13899,600,31217,"",0.30,0.43,0.20,0.48,0.54,0.47,0.47,"",-1,-14.3,-18,-40.9,-313004,-27.8,-114996,-32.0,-7458,-34.9,104,21.0,5402,20.9
"C2094","5","53113","47","0","2020","A","","El Centro, CA MSA","Private","NAICS 53113 Miniwarehouse and self-storage unit operators","MSA, NAICS 5-digit -- by ownership sector","All establishment sizes",5,11,239393,101241,4734,409,21279,"",0.39,0.45,0.32,0.55,0.53,0.70,0.70,"",1,25.0,3,37.5,47926,25.0,25049,32.9,668,16.4,-28,-6.4,-1470,-6.5
"C2094","5","531130","48","0","2020","A","","El Centro, CA MSA","Private","NAICS 531130 Miniwarehouse and self-storage unit operators","MSA, NAICS 6-digit -- by ownership sector","All establishment sizes",5,11,239393,101241,4734,409,21279,"",0.39,0.45,0.32,0.55,0.53,0.70,0.70,"",1,25.0,3,37.5,47926,25.0,25049,32.9,668,16.4,-28,-6.4,-1470,-6.5
"C2094","5","53119","47","0","2020","A","","El Centro, CA MSA","Private","NAICS 53119 Lessors of other real estate property","MSA, NAICS 5-digit -- by ownership sector","All establishment sizes",14,45,1191129,418179,16004,513,26667,"",1.77,2.55,1.64,3.08,2.23,0.65,0.65,"",1,7.7,-1,-2.2,-31610,-2.6,14929,3.7,-417,-2.5,2,0.4,86,0.3
"C2094","5","531190","48","0","2020","A","","El Centro, CA MSA","Private","NAICS 531190 Lessors of other real estate property","MSA, NAICS 6-digit -- by ownership sector","All establishment sizes",14,45,1191129,418179,16004,513,26667,"",1.77,2.55,1.64,3.08,2.23,0.65,0.65,"",1,7.7,-1,-2.2,-31610,-2.6,14929,3.7,-417,-2.5,2,0.4,86,0.3
"C2094","5","5312","46","0","2020","A","","El Centro, CA MSA","Private","NAICS 5312 Offices of real estate agents and brokers","MSA, NAICS 4-digit -- by ownership sector","All establishment sizes",24,47,1853227,473756,16221,765,39783,"",0.23,0.33,0.23,0.36,0.26,0.72,0.72,"",2,9.1,11,30.6,239601,14.8,122127,34.7,4632,40.0,-105,-12.1,-5459,-12.1
"C2094","5","53121","47","0","2020","A","","El Centro, CA MSA","Private","NAICS 53121 Offices of real estate agents and brokers","MSA, NAICS 5-digit -- by ownership sector","All establishment sizes",24,47,1853227,473756,16221,765,39783,"",0.23,0.33,0.23,0.36,0.26,0.72,0.72,"",2,9.1,11,30.6,239601,14.8,122127,34.7,4632,40.0,-105,-12.1,-5459,-12.1
"C2094","5","531210","48","0","2020","A","","El Centro, CA MSA","Private","NAICS 531210 Offices of real estate agents and brokers","MSA, NAICS 6-digit -- by ownership sector","All establishment sizes",24,47,1853227,473756,16221,765,39783,"",0.23,0.33,0.23,0.36,0.26,0.72,0.72,"",2,9.1,11,30.6,239601,14.8,122127,34.7,4632,40.0,-105,-12.1,-5459,-12.1
"C2094","5","5313","46","0","2020","A","","El Centro, CA MSA","Private","NAICS 5313 Activities related to real estate","MSA, NAICS 4-digit -- by ownership sector","All establishment sizes",52,110,3776008,685855,29128,661,34353,"",0.55,0.34,0.25,0.24,0.19,0.73,0.73,"",1,2.0,5,4.8,184386,5.1,-43581,-6.0,-676,-2.3,5,0.8,255,0.7
"C2094","5","53131","47","0","2020","A","N","El Centro, CA MSA","Private","NAICS 53131 Real estate property managers","MSA, NAICS 5-digit -- by ownership sector","All establishment sizes",50,0,0,0,0,0,0,"N",0.73,0,0,0,0,0,0,"N",2,4.2,0,0,0,0,0,0,0,0,0,0,0,0
"C2094","5","531311","48","0","2020","A","","El Centro, CA MSA","Private","NAICS 531311 Residential property managers","MSA, NAICS 6-digit -- by ownership sector","All establishment sizes",47,98,3516376,595702,25335,688,35760,"",0.92,0.48,0.46,0.33,0.26,0.96,0.96,"",2,4.4,5,5.4,230421,7.0,-10750,-1.8,-442,-1.7,5,0.7,236,0.7
"C2094","5","531312","48","0","2020","A","N","El Centro, CA MSA","Private","NAICS 531312 Nonresidential property managers","MSA, NAICS 6-digit -- by ownership sector","All establishment sizes",3,0,0,0,0,0,0,"N",0.18,0,0,0,0,0,0,"N",0,0.0,0,0,0,0,0,0,0,0,0,0,0,0
"C2094","5","53139","47","0","2020","A","N","El Centro, CA MSA","Private","NAICS 53139 Other activities related to real estate","MSA, NAICS 5-digit -- by ownership sector","All establishment sizes",2,0,0,0,0,0,0,"N",0.12,0,0,0,0,0,0,"N",-1,-33.3,0,0,0,0,0,0,0,0,0,0,0,0
"C2094","5","531390","48","0","2020","A","N","El Centro, CA MSA","Private","NAICS 531390 Other activities related to real estate","MSA, NAICS 6-digit -- by ownership sector","All establishment sizes",2,0,0,0,0,0,0,"N",0.12,0,0,0,0,0,0,"N",-1,-33.3,0,0,0,0,0,0,0,0,0,0,0,0
"C2094","5","532","45","0","2020","A","","El Centro, CA MSA","Private","NAICS 532 Rental and leasing services","MSA, NAICS 3-digit -- by ownership sector","All establishment sizes",22,153,8667131,1333141,71247,1091,56741,"",0.51,0.73,0.99,0.71,0.74,1.36,1.36,"",-2,-8.3,-19,-11.0,-160232,-1.8,-21460,-1.6,-3174,-4.3,102,10.3,5294,10.3
"C2094","5","5321","46","0","2020","A","N","El Centro, CA MSA","Private","NAICS 5321 Automotive equipment rental and leasing","MSA, NAICS 4-digit -- by ownership sector","All establishment sizes",7,0,0,0,0,0,0,"N",0.53,0,0,0,0,0,0,"N",0,0.0,0,0,0,0,0,0,0,0,0,0,0,0
"C2094","5","53211","47","0","2020","A","N","El Centro, CA MSA","Private","NAICS 53211 Passenger car rental and leasing","MSA, NAICS 5-digit -- by ownership sector","All establishment sizes",3,0,0,0,0,0,0,"N",0.36,0,0,0,0,0,0,"N",1,50.0,0,0,0,0,0,0,0,0,0,0,0,0
"C2094","5","532111","48","0","2020","A","N","El Centro, CA MSA","Private","NAICS 532111 Passenger car rental","MSA, NAICS 6-digit -- by ownership sector","All establishment sizes",3,0,0,0,0,0,0,"N",0.39,0,0,0,0,0,0,"N",1,50.0,0,0,0,0,0,0,0,0,0,0,0,0
"C2094","5","53212","47","0","2020","A","","El Centro, CA MSA","Private","NAICS 53212 Truck, trailer, and rv rental and leasing","MSA, NAICS 5-digit -- by ownership sector","All establishment sizes",4,11,441852,95137,4580,784,40786,"",0.79,0.30,0.30,0.31,0.34,1.04,1.04,"",-1,-20.0,-12,-52.2,-604012,-57.8,-96288,-50.3,-6259,-57.7,-78,-9.0,-4037,-9.0
"C2094","5","532120","48","0","2020","A","","El Centro, CA MSA","Private","NAICS 532120 Truck, trailer, and rv rental and leasing","MSA, NAICS 6-digit -- by ownership sector","All establishment sizes",4,11,441852,95137,4580,784,40786,"",0.79,0.30,0.30,0.31,0.34,1.04,1.04,"",-1,-20.0,-12,-52.2,-604012,-57.8,-96288,-50.3,-6259,-57.7,-78,-9.0,-4037,-9.0
"C2094","5","5322","46","0","2020","A","","El Centro, CA MSA","Private","NAICS 5322 Consumer goods rental","MSA, NAICS 4-digit -- by ownership sector","All establishment sizes",6,19,748116,224807,12902,754,39203,"",0.42,0.37,0.44,0.50,0.49,1.19,1.19,"",-1,-14.3,-11,-36.7,-262455,-26.0,-35396,-13.6,-2358,-15.5,113,17.6,5887,17.7
"C2094","5","53228","47","0","2020","A","","El Centro, CA MSA","Private","NAICS 53228 Other consumer goods rental","MSA, NAICS 5-digit -- by ownership sector","All establishment sizes",6,19,748116,224807,12902,754,39203,"",0.46,0.40,0.48,0.54,0.53,1.19,1.20,"",-1,-14.3,-11,-36.7,-262455,-26.0,-35396,-13.6,-2358,-15.5,113,17.6,5887,17.7
"C2094","5","532281","48","0","2020","A","N","El Centro, CA MSA","Private","NAICS 532281 Formal wear and costume rental","MSA, NAICS 6-digit -- by ownership sector","All establishment sizes",1,0,0,0,0,0,0,"N",1.48,0,0,0,0,0,0,"N",0,0.0,0,0,0,0,0,0,0,0,0,0,0,0
"C2094","5","532282","48","0","2020","A","N","El Centro, CA MSA","Private","NAICS 532282 Video tape and disc rental","MSA, NAICS 6-digit -- by ownership sector","All establishment sizes",1,0,0,0,0,0,0,"N",1.07,0,0,0,0,0,0,"N",0,0.0,0,0,0,0,0,0,0,0,0,0,0,0
"C2094","5","532283","48","0","2020","A","N","El Centro, CA MSA","Private","NAICS 532283 Home health equipment rental","MSA, NAICS 6-digit -- by ownership sector","All establishment sizes",0,0,0,0,0,0,0,"N",0.00,0,0,0,0,0,0,"N",-1,-100.0,0,0,0,0,0,0,0,0,0,0,0,0
"C2094","5","532289","48","0","2020","A","N","El Centro, CA MSA","Private","NAICS 532289 All other consumer goods rental","MSA, NAICS 6-digit -- by ownership sector","All establishment sizes",4,0,0,0,0,0,0,"N",0.57,0,0,0,0,0,0,"N",0,0.0,0,0,0,0,0,0,0,0,0,0,0,0
"C2094","5","5323","46","0","2020","A","N","El Centro, CA MSA","Private","NAICS 5323 General rental centers","MSA, NAICS 4-digit -- by ownership sector","All establishment sizes",1,0,0,0,0,0,0,"N",0.36,0,0,0,0,0,0,"N",0,0.0,0,0,0,0,0,0,0,0,0,0,0,0
"C2094","5","53231","47","0","2020","A","N","El Centro, CA MSA","Private","NAICS 53231 General rental centers","MSA, NAICS 5-digit -- by ownership sector","All establishment sizes",1,0,0,0,0,0,0,"N",0.36,0,0,0,0,0,0,"N",0,0.0,0,0,0,0,0,0,0,0,0,0,0,0
"C2094","5","532310","48","0","2020","A","N","El Centro, CA MSA","Private","NAICS 532310 General rental centers","MSA, NAICS 6-digit -- by ownership sector","All establishment sizes",1,0,0,0,0,0,0,"N",0.36,0,0,0,0,0,0,"N",0,0.0,0,0,0,0,0,0,0,0,0,0,0,0
"C2094","5","5324","46","0","2020","A","","El Centro, CA MSA","Private","NAICS 5324 Machinery and equipment rental and leasing","MSA, NAICS 4-digit -- by ownership sector","All establishment sizes",9,107,6729162,875217,46034,1208,62840,"",0.70,1.65,1.86,1.41,1.27,1.13,1.13,"",0,0.0,6,5.9,745663,12.5,82734,10.4,4268,10.2,72,6.3,3792,6.4
"C2094","5","53241","47","0","2020","A","N","El Centro, CA MSA","Private","NAICS 53241 Heavy machinery rental and leasing","MSA, NAICS 5-digit -- by ownership sector","All establishment sizes",2,0,0,0,0,0,0,"N",0.36,0,0,0,0,0,0,"N",0,0.0,0,0,0,0,0,0,0,0,0,0,0,0
"C2094","5","532412","48","0","2020","A","N","El Centro, CA MSA","Private","NAICS 532412 Other heavy machinery rental and leasing","MSA, NAICS 6-digit -- by ownership sector","All establishment sizes",2,0,0,0,0,0,0,"N",0.40,0,0,0,0,0,0,"N",0,0.0,0,0,0,0,0,0,0,0,0,0,0,0
"C2094","5","53242","47","0","2020","A","N","El Centro, CA MSA","Private","NAICS 53242 Office equipment rental and leasing","MSA, NAICS 5-digit -- by ownership sector","All establishment sizes",2,0,0,0,0,0,0,"N",2.54,0,0,0,0,0,0,"N",0,0.0,0,0,0,0,0,0,0,0,0,0,0,0
"C2094","5","532420","48","0","2020","A","N","El Centro, CA MSA","Private","NAICS 532420 Office equipment rental and leasing","MSA, NAICS 6-digit -- by ownership sector","All establishment sizes",2,0,0,0,0,0,0,"N",2.54,0,0,0,0,0,0,"N",0,0.0,0,0,0,0,0,0,0,0,0,0,0,0
"C2094","5","53249","47","0","2020","A","","El Centro, CA MSA","Private","NAICS 53249 Other machinery rental and leasing","MSA, NAICS 5-digit -- by ownership sector","All establishment sizes",5,47,2514288,460093,22809,1023,53212,"",0.77,1.82,1.91,1.79,1.41,1.04,1.04,"",0,0.0,3,6.8,340630,15.7,55501,13.7,2070,10.0,80,8.5,4182,8.5
"C2094","5","532490","48","0","2020","A","","El Centro, CA MSA","Private","NAICS 532490 Other machinery rental and leasing","MSA, NAICS 6-digit -- by ownership sector","All establishment sizes",5,47,2514288,460093,22809,1023,53212,"",0.77,1.82,1.91,1.79,1.41,1.04,1.04,"",0,0.0,3,6.8,340630,15.7,55501,13.7,2070,10.0,80,8.5,4182,8.5
"C2094","5","54","44","0","2020","A","","El Centro, CA MSA","Private","NAICS 54 Professional and technical services","MSA, NAICS Sector -- by ownership sector","All establishment sizes",179,877,42605240,7982339,343672,934,48558,"",0.17,0.21,0.14,0.21,0.17,0.63,0.63,"",-6,-3.2,3,0.3,1948061,4.8,75941,1.0,-2921,-0.8,39,4.4,2031,4.4
"C2094","5","541","45","0","2020","A","","El Centro, CA MSA","Private","NAICS 541 Professional and technical services","MSA, NAICS 3-digit -- by ownership sector","All establishment sizes",179,877,42605240,7982339,343672,934,48558,"",0.17,0.21,0.14,0.21,0.17,0.63,0.63,"",-6,-3.2,3,0.3,1948061,4.8,75941,1.0,-2921,-0.8,39,4.4,2031,4.4
"C2094","5","5411","46","0","2020","A","","El Centro, CA MSA","Private","NAICS 5411 Legal services","MSA, NAICS 4-digit -- by ownership sector","All establishment sizes",34,124,5604270,972993,40184,867,45075,"",0.23,0.25,0.15,0.23,0.22,0.58,0.58,"",-4,-10.5,-16,-11.4,-572600,-9.3,-136458,-12.3,-5073,-11.2,17,2.0,849,1.9
"C2094","5","54111","47","0","2020","A","N","El Centro, CA MSA","Private","NAICS 54111 Offices of lawyers","MSA, NAICS 5-digit -- by ownership sector","All establishment sizes",32,0,0,0,0,0,0,"N",0.23,0,0,0,0,0,0,"N",-4,-11.1,0,0,0,0,0,0,0,0,0,0,0,0
"C2094","5","541110","48","0","2020","A","N","El Centro, CA MSA","Private","NAICS 541110 Offices of lawyers","MSA, NAICS 6-digit -- by ownership sector","All establishment sizes",32,0,0,0,0,0,0,"N",0.23,0,0,0,0,0,0,"N",-4,-11.1,0,0,0,0,0,0,0,0,0,0,0,0
"C2094","5","54119","47","0","2020","A","N","El Centro, CA MSA","Private","NAICS 54119 Other legal services","MSA, NAICS 5-digit -- by ownership sector","All establishment sizes",2,0,0,0,0,0,0,"N",0.16,0,0,0,0,0,0,"N",0,0.0,0,0,0,0,0,0,0,0,0,0,0,0
"C2094","5","541199","48","0","2020","A","N","El Centro, CA MSA","Private","NAICS 541199 All other legal services","MSA, NAICS 6-digit -- by ownership sector","All establishment sizes",2,0,0,0,0,0,0,"N",0.38,0,0,0,0,0,0,"N",0,0.0,0,0,0,0,0,0,0,0,0,0,0,0
"C2094","5","5412","46","0","2020","A","","El Centro, CA MSA","Private","NAICS 5412 Accounting and bookkeeping services","MSA, NAICS 4-digit -- by ownership sector","All establishment sizes",45,233,7379213,2277882,110254,608,31636,"",0.38,0.53,0.29,0.57,0.54,0.55,0.55,"",1,2.3,45,23.9,946726,14.7,538060,30.9,28147,34.3,-50,-7.6,-2595,-7.6
"C2094","5","54121","47","0","2020","A","","El Centro, CA MSA","Private","NAICS 54121 Accounting and bookkeeping services","MSA, NAICS 5-digit -- by ownership sector","All establishment sizes",45,233,7379213,2277882,110254,608,31636,"",0.38,0.53,0.29,0.57,0.54,0.55,0.55,"",1,2.3,45,23.9,946726,14.7,538060,30.9,28147,34.3,-50,-7.6,-2595,-7.6
"C2094","5","541211","48","0","2020","A","","El Centro, CA MSA","Private","NAICS 541211 Offices of certified public accountants","MSA, NAICS 6-digit -- by ownership sector","All establishment sizes",11,53,2921108,370592,13378,1063,55289,"",0.25,0.25,0.20,0.19,0.18,0.82,0.82,"",0,0.0,-1,-1.9,-110591,-3.6,-50055,-11.9,-3357,-20.1,-12,-1.1,-595,-1.1
"C2094","5","541213","48","0","2020","A","","El Centro, CA MSA","Private","NAICS 541213 Tax preparation services","MSA, NAICS 6-digit -- by ownership sector","All establishment sizes",19,53,1220643,598486,35541,439,22851,"",0.72,1.25,1.03,1.77,0.93,0.82,0.82,"",2,11.8,-2,-3.6,72094,6.3,35340,6.3,807,2.3,39,9.8,2063,9.9
"C2094","5","541214","48","0","2020","A","N","El Centro, CA MSA","Private","NAICS 541214 Payroll services","MSA, NAICS 6-digit -- by ownership sector","All establishment sizes",1,0,0,0,0,0,0,"N",0.13,0,0,0,0,0,0,"N",0,0.0,0,0,0,0,0,0,0,0,0,0,0,0
"C2094","5","541219","48","0","2020","A","N","El Centro, CA MSA","Private","NAICS 541219 Other accounting services","MSA, NAICS 6-digit -- by ownership sector","All establishment sizes",14,0,0,0,0,0,0,"N",0.33,0,0,0,0,0,0,"N",-2,-12.5,0,0,0,0,0,0,0,0,0,0,0,0
"C2094","5","5413","46","0","2020","A","","El Centro, CA MSA","Private","NAICS 5413 Architectural and engineering services","MSA, NAICS 4-digit -- by ownership sector","All establishment sizes",20,130,8778109,1301319,51707,1303,67741,"",0.18,0.20,0.19,0.21,0.16,0.97,0.97,"",-2,-9.1,8,6.6,1085611,14.1,95751,7.9,-1304,-2.5,90,7.4,4645,7.4
"C2094","5","54131","47","0","2020","A","N","El Centro, CA MSA","Private","NAICS 54131 Architectural services","MSA, NAICS 5-digit -- by ownership sector","All establishment sizes",3,0,0,0,0,0,0,"N",0.15,0,0,0,0,0,0,"N",0,0.0,0,0,0,0,0,0,0,0,0,0,0,0
"C2094","5","541310","48","0","2020","A","N","El Centro, CA MSA","Private","NAICS 541310 Architectural services","MSA, NAICS 6-digit -- by ownership sector","All establishment sizes",3,0,0,0,0,0,0,"N",0.15,0,0,0,0,0,0,"N",0,0.0,0,0,0,0,0,0,0,0,0,0,0,0
"C2094","5","54133","47","0","2020","A","","El Centro, CA MSA","Private","NAICS 54133 Engineering services","MSA, NAICS 5-digit -- by ownership sector","All establishment sizes",13,92,6280693,988381,37835,1313,68268,"",0.21,0.21,0.19,0.24,0.17,0.91,0.91,"",-2,-13.3,14,17.9,1321083,26.6,211720,27.3,4572,13.7,86,7.0,4479,7.0
"C2094","5","541330","48","0","2020","A","","El Centro, CA MSA","Private","NAICS 541330 Engineering services","MSA, NAICS 6-digit -- by ownership sector","All establishment sizes",13,92,6280693,988381,37835,1313,68268,"",0.21,0.21,0.19,0.24,0.17,0.91,0.91,"",-2,-13.3,14,17.9,1321083,26.6,211720,27.3,4572,13.7,86,7.0,4479,7.0
"C2094","5","54135","47","0","2020","A","N","El Centro, CA MSA","Private","NAICS 54135 Building inspection services","MSA, NAICS 5-digit -- by ownership sector","All establishment sizes",1,0,0,0,0,0,0,"N",0.17,0,0,0,0,0,0,"N",0,0.0,0,0,0,0,0,0,0,0,0,0,0,0
"C2094","5","541350","48","0","2020","A","N","El Centro, CA MSA","Private","NAICS 541350 Building inspection services","MSA, NAICS 6-digit -- by ownership sector","All establishment sizes",1,0,0,0,0,0,0,"N",0.17,0,0,0,0,0,0,"N",0,0.0,0,0,0,0,0,0,0,0,0,0,0,0
"C2094","5","54137","47","0","2020","A","N","El Centro, CA MSA","Private","NAICS 54137 Other surveying and mapping services","MSA, NAICS 5-digit -- by ownership sector","All establishment sizes",1,0,0,0,0,0,0,"N",0.16,0,0,0,0,0,0,"N",0,0.0,0,0,0,0,0,0,0,0,0,0,0,0
"C2094","5","541370","48","0","2020","A","N","El Centro, CA MSA","Private","NAICS 541370 Other surveying and mapping services","MSA, NAICS 6-digit -- by ownership sector","All establishment sizes",1,0,0,0,0,0,0,"N",0.16,0,0,0,0,0,0,"N",0,0.0,0,0,0,0,0,0,0,0,0,0,0,0
"C2094","5","54138","47","0","2020","A","N","El Centro, CA MSA","Private","NAICS 54138 Testing laboratories","MSA, NAICS 5-digit -- by ownership sector","All establishment sizes",2,0,0,0,0,0,0,"N",0.25,0,0,0,0,0,0,"N",0,0.0,0,0,0,0,0,0,0,0,0,0,0,0
"C2094","5","541380","48","0","2020","A","N","El Centro, CA MSA","Private","NAICS 541380 Testing laboratories","MSA, NAICS 6-digit -- by ownership sector","All establishment sizes",2,0,0,0,0,0,0,"N",0.25,0,0,0,0,0,0,"N",0,0.0,0,0,0,0,0,0,0,0,0,0,0,0
"C2094","5","5414","46","0","2020","A","","El Centro, CA MSA","Private","NAICS 5414 Specialized design services","MSA, NAICS 4-digit -- by ownership sector","All establishment sizes",6,30,912628,329457,14596,583,30337,"",0.20,0.52,0.30,0.64,0.51,0.57,0.57,"",0,0.0,-13,-30.2,-258101,-22.0,-29073,-8.1,-2421,-14.2,60,11.5,3163,11.6
"C2094","5","54143","47","0","2020","A","","El Centro, CA MSA","Private","NAICS 54143 Graphic design services","MSA, NAICS 5-digit -- by ownership sector","All establishment sizes",6,30,912628,329457,14596,583,30337,"",0.44,1.25,0.75,1.48,1.21,0.60,0.60,"",0,0.0,-13,-30.2,-258101,-22.0,-29073,-8.1,-2421,-14.2,60,11.5,3163,11.6
"C2094","5","541430","48","0","2020","A","","El Centro, CA MSA","Private","NAICS 541430 Graphic design services","MSA, NAICS 6-digit -- by ownership sector","All establishment sizes",6,30,912628,329457,14596,583,30337,"",0.44,1.25,0.75,1.48,1.21,0.60,0.60,"",0,0.0,-13,-30.2,-258101,-22.0,-29073,-8.1,-2421,-14.2,60,11.5,3163,11.6
"C2094","5","5415","46","0","2020","A","","El Centro, CA MSA","Private","NAICS 5415 Computer systems design and related services","MSA, NAICS 4-digit -- by ownership sector","All establishment sizes",8,72,5209927,626300,26257,1393,72444,"",0.03,0.08,0.06,0.07,0.05,0.77,0.78,"",-2,-20.0,-4,-5.3,8223,0.2,-221583,-26.1,-16163,-38.1,83,6.3,4299,6.3
"C2094","5","54151","47","0","2020","A","","El Centro, CA MSA","Private","NAICS 54151 Computer systems design and related services","MSA, NAICS 5-digit -- by ownership sector","All establishment sizes",8,72,5209927,626300,26257,1393,72444,"",0.03,0.08,0.06,0.07,0.05,0.77,0.78,"",-2,-20.0,-4,-5.3,8223,0.2,-221583,-26.1,-16163,-38.1,83,6.3,4299,6.3
"C2094","5","541511","48","0","2020","A","N","El Centro, CA MSA","Private","NAICS 541511 Custom computer programming services","MSA, NAICS 6-digit -- by ownership sector","All establishment sizes",1,0,0,0,0,0,0,"N",0.01,0,0,0,0,0,0,"N",0,0.0,0,0,0,0,0,0,0,0,0,0,0,0
"C2094","5","541512","48","0","2020","A","","El Centro, CA MSA","Private","NAICS 541512 Computer systems design services","MSA, NAICS 6-digit -- by ownership sector","All establishment sizes",5,44,3005360,430272,19648,1314,68304,"",0.05,0.10,0.08,0.10,0.08,0.78,0.78,"",-1,-16.7,-5,-10.2,-226960,-7.0,-43932,-9.3,-4858,-19.8,52,4.1,2673,4.1
"C2094","5","541513","48","0","2020","A","N","El Centro, CA MSA","Private","NAICS 541513 Computer facilities management services","MSA, NAICS 6-digit -- by ownership sector","All establishment sizes",2,0,0,0,0,0,0,"N",0.52,0,0,0,0,0,0,"N",0,0.0,0,0,0,0,0,0,0,0,0,0,0,0
"C2094","5","5416","46","0","2020","A","","El Centro, CA MSA","Private","NAICS 5416 Management and technical consulting services","MSA, NAICS 4-digit -- by ownership sector","All establishment sizes",51,230,13273374,1983822,84942,1109,57669,"",0.22,0.34,0.27,0.31,0.24,0.78,0.78,"",0,0.0,0,0.0,1154092,9.5,-42841,-2.1,-2227,-2.6,97,9.6,5053,9.6
"C2094","5","54161","47","0","2020","A","","El Centro, CA MSA","Private","NAICS 54161 Management consulting services","MSA, NAICS 5-digit -- by ownership sector","All establishment sizes",34,174,10840481,1537788,70423,1196,62182,"",0.19,0.32,0.26,0.30,0.25,0.83,0.83,"",-1,-2.9,-2,-1.1,925466,9.3,-59780,-3.7,-1883,-2.6,113,10.4,5873,10.4
"C2094","5","541611","48","0","2020","A","","El Centro, CA MSA","Private","NAICS 541611 Administrative management consulting services","MSA, NAICS 6-digit -- by ownership sector","All establishment sizes",17,101,6158235,924718,48155,1169,60772,"",0.18,0.34,0.25,0.33,0.33,0.72,0.72,"",2,13.3,11,12.2,1450456,30.8,101257,12.3,2573,5.6,163,16.2,8463,16.2
"C2094","5","541612","48","0","2020","A","N","El Centro, CA MSA","Private","NAICS 541612 Human resources consulting services","MSA, NAICS 6-digit -- by ownership sector","All establishment sizes",1,0,0,0,0,0,0,"N",0.11,0,0,0,0,0,0,"N",0,0.0,0,0,0,0,0,0,0,0,0,0,0,0
"C2094","5","541613","48","0","2020","A","","El Centro, CA MSA","Private","NAICS 541613 Marketing consulting services","MSA, NAICS 6-digit -- by ownership sector","All establishment sizes",7,19,1793341,169855,7209,1864,96937,"",0.15,0.17,0.25,0.15,0.11,1.53,1.54,"",-3,-30.0,-11,-36.7,-464633,-20.6,-173925,-50.6,-2851,-28.3,396,27.0,20611,27.0
"C2094","5","541614","48","0","2020","A","","El Centro, CA MSA","Private","NAICS 541614 Process and logistics consulting services","MSA, NAICS 6-digit -- by ownership sector","All establishment sizes",8,46,2515503,384637,12065,1046,54389,"",0.65,0.79,0.76,0.73,0.42,0.95,0.95,"",0,0.0,-6,-11.5,-264799,-9.5,-16010,-4.0,-3166,-20.8,13,1.3,663,1.2
"C2094","5","541618","48","0","2020","A","N","El Centro, CA MSA","Private","NAICS 541618 Other management consulting services","MSA, NAICS 6-digit -- by ownership sector","All establishment sizes",2,0,0,0,0,0,0,"N",0.10,0,0,0,0,0,0,"N",1,100.0,0,0,0,0,0,0,0,0,0,0,0,0
"C2094","5","54169","47","0","2020","A","","El Centro, CA MSA","Private","NAICS 54169 Other technical consulting services","MSA, NAICS 5-digit -- by ownership sector","All establishment sizes",17,56,2432893,446034,14519,838,43574,"",0.46,0.67,0.40,0.56,0.30,0.60,0.60,"N",1,6.2,0,0,0,0,0,0,0,0,0,0,0,0
"C2094","5","541690","48","0","2020","A","","El Centro, CA MSA","Private","NAICS 541690 Other technical consulting services","MSA, NAICS 6-digit -- by ownership sector","All establishment sizes",17,56,2432893,446034,14519,838,43574,"",0.46,0.67,0.40,0.56,0.30,0.60,0.60,"N",1,6.2,0,0,0,0,0,0,0,0,0,0,0,0
"C2094","5","5417","46","0","2020","A","","El Centro, CA MSA","Private","NAICS 5417 Scientific research and development services","MSA, NAICS 4-digit -- by ownership sector","All establishment sizes",4,12,366133,86309,2629,608,31609,"",0.14,0.04,0.01,0.03,0.02,0.28,0.28,"N",0,0.0,0,0,0,0,0,0,0,0,0,0,0,0
"C2094","5","54171","47","0","2020","A","","El Centro, CA MSA","Private","NAICS 54171 Research and development in the physical, engineering, and life sciences","MSA, NAICS 5-digit -- by ownership sector","All establishment sizes",4,12,366133,86309,2629,608,31609,"",0.16,0.04,0.01,0.03,0.02,0.27,0.27,"N",0,0.0,0,0,0,0,0,0,0,0,0,0,0,0
"C2094","5","541714","48","0","2020","A","N","El Centro, CA MSA","Private","NAICS 541714 Research and development in biotechnology (except nanobiotechnology)","MSA, NAICS 6-digit -- by ownership sector","All establishment sizes",1,0,0,0,0,0,0,"N",0.11,0,0,0,0,0,0,"N",0,0.0,0,0,0,0,0,0,0,0,0,0,0,0
"C2094","5","541715","48","0","2020","A","N","El Centro, CA MSA","Private","NAICS 541715 Research and development in the physical, engineering, and life sciences (except nanotechnology and biotechnology)","MSA, NAICS 6-digit -- by ownership sector","All establishment sizes",3,0,0,0,0,0,0,"N",0.21,0,0,0,0,0,0,"N",0,0.0,0,0,0,0,0,0,0,0,0,0,0,0
"C2094","5","5418","46","0","2020","A","","El Centro, CA MSA","Private","NAICS 5418 Advertising, pr, and related services","MSA, NAICS 4-digit -- by ownership sector","All establishment sizes",3,12,371591,99291,4222,579,30129,"",0.07,0.06,0.03,0.06,0.04,0.46,0.46,"N",1,50.0,0,0,0,0,0,0,0,0,0,0,0,0
"C2094","5","54181","47","0","2020","A","N","El Centro, CA MSA","Private","NAICS 54181 Advertising agencies","MSA, NAICS 5-digit -- by ownership sector","All establishment sizes",1,0,0,0,0,0,0,"N",0.05,0,0,0,0,0,0,"N",0,0.0,0,0,0,0,0,0,0,0,0,0,0,0
"C2094","5","541810","48","0","2020","A","N","El Centro, CA MSA","Private","NAICS 541810 Advertising agencies","MSA, NAICS 6-digit -- by ownership sector","All establishment sizes",1,0,0,0,0,0,0,"N",0.05,0,0,0,0,0,0,"N",0,0.0,0,0,0,0,0,0,0,0,0,0,0,0
"C2094","5","54182","47","0","2020","A","N","El Centro, CA MSA","Private","NAICS 54182 Public relations agencies","MSA, NAICS 5-digit -- by ownership sector","All establishment sizes",1,0,0,0,0,0,0,"N",0.11,0,0,0,0,0,0,"N",0,0.0,0,0,0,0,0,0,0,0,0,0,0,0
"C2094","5","541820","48","0","2020","A","N","El Centro, CA MSA","Private","NAICS 541820 Public relations agencies","MSA, NAICS 6-digit -- by ownership sector","All establishment sizes",1,0,0,0,0,0,0,"N",0.11,0,0,0,0,0,0,"N",0,0.0,0,0,0,0,0,0,0,0,0,0,0,0
"C2094","5","54187","47","0","2020","A","N","El Centro, CA MSA","Private","NAICS 54187 Advertising material distribution services","MSA, NAICS 5-digit -- by ownership sector","All establishment sizes",1,0,0,0,0,0,0,"N",0.49,0,0,0,0,0,0,"N",1,100.0,0,0,0,0,0,0,0,0,0,0,0,0
"C2094","5","541870","48","0","2020","A","N","El Centro, CA MSA","Private","NAICS 541870 Advertising material distribution services","MSA, NAICS 6-digit -- by ownership sector","All establishment sizes",1,0,0,0,0,0,0,"N",0.49,0,0,0,0,0,0,"N",1,100.0,0,0,0,0,0,0,0,0,0,0,0,0
"C2094","5","5419","46","0","2020","A","","El Centro, CA MSA","Private","NAICS 5419 Other professional and technical services","MSA, NAICS 4-digit -- by ownership sector","All establishment sizes",8,34,709995,304966,8881,400,20780,"",0.10,0.11,0.05,0.11,0.07,0.47,0.47,"",0,0.0,-17,-33.3,-288663,-28.9,-131209,-30.1,-3704,-29.4,26,7.0,1326,6.8
"C2094","5","54192","47","0","2020","A","N","El Centro, CA MSA","Private","NAICS 54192 Photographic services","MSA, NAICS 5-digit -- by ownership sector","All establishment sizes",2,0,0,0,0,0,0,"N",0.18,0,0,0,0,0,0,"N",0,0.0,0,0,0,0,0,0,0,0,0,0,0,0
"C2094","5","541921","48","0","2020","A","N","El Centro, CA MSA","Private","NAICS 541921 Photography studios, portrait","MSA, NAICS 6-digit -- by ownership sector","All establishment sizes",2,0,0,0,0,0,0,"N",0.25,0,0,0,0,0,0,"N",0,0.0,0,0,0,0,0,0,0,0,0,0,0,0
"C2094","5","54194","47","0","2020","A","","El Centro, CA MSA","Private","NAICS 54194 Veterinary services","MSA, NAICS 5-digit -- by ownership sector","All establishment sizes",3,29,608210,247892,7094,399,20734,"",0.12,0.16,0.11,0.17,0.16,0.64,0.64,"",0,0.0,-8,-21.6,-147672,-19.5,-56967,-18.7,-1486,-17.3,4,1.0,212,1.0
"C2094","5","541940","48","0","2020","A","","El Centro, CA MSA","Private","NAICS 541940 Veterinary services","MSA, NAICS 6-digit -- by ownership sector","All establishment sizes",3,29,608210,247892,7094,399,20734,"",0.12,0.16,0.11,0.17,0.16,0.64,0.64,"",0,0.0,-8,-21.6,-147672,-19.5,-56967,-18.7,-1486,-17.3,4,1.0,212,1.0
"C2094","5","54199","47","0","2020","A","N","El Centro, CA MSA","Private","NAICS 54199 All other professional and technical services","MSA, NAICS 5-digit -- by ownership sector","All establishment sizes",3,0,0,0,0,0,0,"N",0.09,0,0,0,0,0,0,"N",0,0.0,0,0,0,0,0,0,0,0,0,0,0,0
"C2094","5","541990","48","0","2020","A","N","El Centro, CA MSA","Private","NAICS 541990 All other professional and technical services","MSA, NAICS 6-digit -- by ownership sector","All establishment sizes",3,0,0,0,0,0,0,"N",0.09,0,0,0,0,0,0,"N",0,0.0,0,0,0,0,0,0,0,0,0,0,0,0
"C2094","5","55","44","0","2020","A","","El Centro, CA MSA","Private","NAICS 55 Management of companies and enterprises","MSA, NAICS Sector -- by ownership sector","All establishment sizes",8,138,7901150,1937161,86305,1103,57359,"",0.14,0.14,0.08,0.17,0.16,0.61,0.61,"",-1,-11.1,-27,-16.4,-1038841,-11.6,-225479,-10.4,-13700,-13.7,61,5.9,3177,5.9
"C2094","5","551","45","0","2020","A","","El Centro, CA MSA","Private","NAICS 551 Management of companies and enterprises","MSA, NAICS 3-digit -- by ownership sector","All establishment sizes",8,138,7901150,1937161,86305,1103,57359,"",0.14,0.14,0.08,0.17,0.16,0.61,0.61,"",-1,-11.1,-27,-16.4,-1038841,-11.6,-225479,-10.4,-13700,-13.7,61,5.9,3177,5.9
"C2094","5","5511","46","0","2020","A","","El Centro, CA MSA","Private","NAICS 5511 Management of companies and enterprises","MSA, NAICS 4-digit -- by ownership sector","All establishment sizes",8,138,7901150,1937161,86305,1103,57359,"",0.14,0.14,0.08,0.17,0.16,0.61,0.61,"",-1,-11.1,-27,-16.4,-1038841,-11.6,-225479,-10.4,-13700,-13.7,61,5.9,3177,5.9
"C2094","5","55111","47","0","2020","A","","El Centro, CA MSA","Private","NAICS 55111 Management of companies and enterprises","MSA, NAICS 5-digit -- by ownership sector","All establishment sizes",8,138,7901150,1937161,86305,1103,57359,"",0.14,0.14,0.08,0.17,0.16,0.61,0.61,"",-1,-11.1,-27,-16.4,-1038841,-11.6,-225479,-10.4,-13700,-13.7,61,5.9,3177,5.9
"C2094","5","551114","48","0","2020","A","","El Centro, CA MSA","Private","NAICS 551114 Managing offices","MSA, NAICS 6-digit -- by ownership sector","All establishment sizes",8,138,7901150,1937161,86305,1103,57359,"",0.17,0.14,0.09,0.17,0.16,0.61,0.61,"",-1,-11.1,-27,-16.4,-1038841,-11.6,-225479,-10.4,-13700,-13.7,61,5.9,3177,5.9
"C2094","5","56","44","0","2020","A","","El Centro, CA MSA","Private","NAICS 56 Administrative and waste services","MSA, NAICS Sector -- by ownership sector","All establishment sizes",137,1727,69028376,17650278,795888,769,39982,"",0.30,0.46,0.56,0.50,0.37,1.20,1.21,"",0,0.0,270,18.5,17940976,35.1,2394703,15.7,61280,8.3,95,14.1,4925,14.0
"C2094","5","561","45","0","2020","A","","El Centro, CA MSA","Private","NAICS 561 Administrative and support services","MSA, NAICS 3-digit -- by ownership sector","All establishment sizes",119,1466,55158636,15339431,670466,724,37634,"",0.28,0.42,0.48,0.46,0.33,1.16,1.16,"",0,0.0,284,24.0,16990535,44.5,2405210,18.6,59941,9.8,103,16.6,5331,16.5
"C2094","5","5611","46","0","2020","A","","El Centro, CA MSA","Private","NAICS 5611 Office administrative services","MSA, NAICS 4-digit -- by ownership sector","All establishment sizes",7,43,2094477,439158,14121,946,49185,"",0.16,0.19,0.13,0.24,0.14,0.71,0.72,"",0,0.0,2,4.9,52177,2.6,117145,36.4,3869,37.7,-22,-2.3,-1139,-2.3
"C2094","5","56111","47","0","2020","A","","El Centro, CA MSA","Private","NAICS 56111 Office administrative services","MSA, NAICS 5-digit -- by ownership sector","All establishment sizes",7,43,2094477,439158,14121,946,49185,"",0.16,0.19,0.13,0.24,0.14,0.71,0.72,"",0,0.0,2,4.9,52177,2.6,117145,36.4,3869,37.7,-22,-2.3,-1139,-2.3
"C2094","5","561110","48","0","2020","A","","El Centro, CA MSA","Private","NAICS 561110 Office administrative services","MSA, NAICS 6-digit -- by ownership sector","All establishment sizes",7,43,2094477,439158,14121,946,49185,"",0.16,0.19,0.13,0.24,0.14,0.71,0.72,"",0,0.0,2,4.9,52177,2.6,117145,36.4,3869,37.7,-22,-2.3,-1139,-2.3
"C2094","5","5612","46","0","2020","A","","El Centro, CA MSA","Private","NAICS 5612 Facilities support services","MSA, NAICS 4-digit -- by ownership sector","All establishment sizes",7,325,21217505,3135358,95719,1255,65251,"",1.43,4.83,8.20,5.58,3.03,1.70,1.70,"",2,40.0,237,269.3,16194031,322.4,1987549,173.2,41177,75.5,152,13.8,7894,13.8
"C2094","5","56121","47","0","2020","A","","El Centro, CA MSA","Private","NAICS 56121 Facilities support services","MSA, NAICS 5-digit -- by ownership sector","All establishment sizes",7,325,21217505,3135358,95719,1255,65251,"",1.43,4.83,8.20,5.58,3.03,1.70,1.70,"",2,40.0,237,269.3,16194031,322.4,1987549,173.2,41177,75.5,152,13.8,7894,13.8
"C2094","5","561210","48","0","2020","A","","El Centro, CA MSA","Private","NAICS 561210 Facilities support services","MSA, NAICS 6-digit -- by ownership sector","All establishment sizes",7,325,21217505,3135358,95719,1255,65251,"",1.43,4.83,8.20,5.58,3.03,1.70,1.70,"",2,40.0,237,269.3,16194031,322.4,1987549,173.2,41177,75.5,152,13.8,7894,13.8
"C2094","5","5613","46","0","2020","A","N","El Centro, CA MSA","Private","NAICS 5613 Employment services","MSA, NAICS 4-digit -- by ownership sector","All establishment sizes",34,0,0,0,0,0,0,"N",0.35,0,0,0,0,0,0,"N",-2,-5.6,0,0,0,0,0,0,0,0,0,0,0,0
"C2094","5","56131","47","0","2020","A","N","El Centro, CA MSA","Private","NAICS 56131 Employment placement and executive search","MSA, NAICS 5-digit -- by ownership sector","All establishment sizes",1,0,0,0,0,0,0,"N",0.05,0,0,0,0,0,0,"N",1,100.0,0,0,0,0,0,0,0,0,0,0,0,0
"C2094","5","561311","48","0","2020","A","N","El Centro, CA MSA","Private","NAICS 561311 Employment placement agencies","MSA, NAICS 6-digit -- by ownership sector","All establishment sizes",1,0,0,0,0,0,0,"N",0.07,0,0,0,0,0,0,"N",1,100.0,0,0,0,0,0,0,0,0,0,0,0,0
"C2094","5","56132","47","0","2020","A","","El Centro, CA MSA","Private","NAICS 56132 Temporary help services","MSA, NAICS 5-digit -- by ownership sector","All establishment sizes",33,170,6281279,3146202,193526,709,36876,"",0.50,0.15,0.20,0.25,0.23,1.31,1.31,"N",-2,-5.7,0,0,0,0,0,0,0,0,0,0,0,0
"C2094","5","561320","48","0","2020","A","","El Centro, CA MSA","Private","NAICS 561320 Temporary help services","MSA, NAICS 6-digit -- by ownership sector","All establishment sizes",33,170,6281279,3146202,193526,709,36876,"",0.50,0.15,0.20,0.25,0.23,1.31,1.31,"N",-2,-5.7,0,0,0,0,0,0,0,0,0,0,0,0
"C2094","5","5614","46","0","2020","A","N","El Centro, CA MSA","Private","NAICS 5614 Business support services","MSA, NAICS 4-digit -- by ownership sector","All establishment sizes",9,0,0,0,0,0,0,"N",0.23,0,0,0,0,0,0,"N",-1,-10.0,0,0,0,0,0,0,0,0,0,0,0,0
"C2094","5","56142","47","0","2020","A","N","El Centro, CA MSA","Private","NAICS 56142 Telephone call centers","MSA, NAICS 5-digit -- by ownership sector","All establishment sizes",2,0,0,0,0,0,0,"N",0.23,0,0,0,0,0,0,"N",0,0.0,0,0,0,0,0,0,0,0,0,0,0,0
"C2094","5","561421","48","0","2020","A","N","El Centro, CA MSA","Private","NAICS 561421 Telephone answering services","MSA, NAICS 6-digit -- by ownership sector","All establishment sizes",1,0,0,0,0,0,0,"N",0.55,0,0,0,0,0,0,"N",0,0.0,0,0,0,0,0,0,0,0,0,0,0,0
"C2094","5","561422","48","0","2020","A","N","El Centro, CA MSA","Private","NAICS 561422 Telemarketing and other contact centers","MSA, NAICS 6-digit -- by ownership sector","All establishment sizes",1,0,0,0,0,0,0,"N",0.15,0,0,0,0,0,0,"N",0,0.0,0,0,0,0,0,0,0,0,0,0,0,0
"C2094","5","56143","47","0","2020","A","","El Centro, CA MSA","Private","NAICS 56143 Business service centers","MSA, NAICS 5-digit -- by ownership sector","All establishment sizes",5,18,416513,170367,6420,456,23688,"",0.58,0.53,0.44,0.64,0.49,0.85,0.85,"",-1,-16.7,2,12.5,-18364,-4.2,25299,17.4,1329,26.1,-67,-12.8,-3492,-12.8
"C2094","5","561431","48","0","2020","A","N","El Centro, CA MSA","Private","NAICS 561431 Private mail centers","MSA, NAICS 6-digit -- by ownership sector","All establishment sizes",4,0,0,0,0,0,0,"N",0.95,0,0,0,0,0,0,"N",-1,-20.0,0,0,0,0,0,0,0,0,0,0,0,0
"C2094","5","561439","48","0","2020","A","N","El Centro, CA MSA","Private","NAICS 561439 Other business service centers","MSA, NAICS 6-digit -- by ownership sector","All establishment sizes",1,0,0,0,0,0,0,"N",0.23,0,0,0,0,0,0,"N",0,0.0,0,0,0,0,0,0,0,0,0,0,0,0
"C2094","5","56145","47","0","2020","A","N","El Centro, CA MSA","Private","NAICS 56145 Credit bureaus","MSA, NAICS 5-digit -- by ownership sector","All establishment sizes",1,0,0,0,0,0,0,"N",1.15,0,0,0,0,0,0,"N",0,0.0,0,0,0,0,0,0,0,0,0,0,0,0
"C2094","5","561450","48","0","2020","A","N","El Centro, CA MSA","Private","NAICS 561450 Credit bureaus","MSA, NAICS 6-digit -- by ownership sector","All establishment sizes",1,0,0,0,0,0,0,"N",1.15,0,0,0,0,0,0,"N",0,0.0,0,0,0,0,0,0,0,0,0,0,0,0
"C2094","5","56149","47","0","2020","A","N","El Centro, CA MSA","Private","NAICS 56149 Other business support services","MSA, NAICS 5-digit -- by ownership sector","All establishment sizes",1,0,0,0,0,0,0,"N",0.08,0,0,0,0,0,0,"N",0,0.0,0,0,0,0,0,0,0,0,0,0,0,0
"C2094","5","561491","48","0","2020","A","N","El Centro, CA MSA","Private","NAICS 561491 Repossession services","MSA, NAICS 6-digit -- by ownership sector","All establishment sizes",1,0,0,0,0,0,0,"N",1.52,0,0,0,0,0,0,"N",0,0.0,0,0,0,0,0,0,0,0,0,0,0,0
"C2094","5","5615","46","0","2020","A","N","El Centro, CA MSA","Private","NAICS 5615 Travel arrangement and reservation services","MSA, NAICS 4-digit -- by ownership sector","All establishment sizes",1,0,0,0,0,0,0,"N",0.06,0,0,0,0,0,0,"N",-2,-66.7,0,0,0,0,0,0,0,0,0,0,0,0
"C2094","5","56152","47","0","2020","A","N","El Centro, CA MSA","Private","NAICS 56152 Tour operators","MSA, NAICS 5-digit -- by ownership sector","All establishment sizes",0,0,0,0,0,0,0,"N",0.00,0,0,0,0,0,0,"N",-1,-100.0,0,0,0,0,0,0,0,0,0,0,0,0
"C2094","5","561520","48","0","2020","A","N","El Centro, CA MSA","Private","NAICS 561520 Tour operators","MSA, NAICS 6-digit -- by ownership sector","All establishment sizes",0,0,0,0,0,0,0,"N",0.00,0,0,0,0,0,0,"N",-1,-100.0,0,0,0,0,0,0,0,0,0,0,0,0
"C2094","5","56159","47","0","2020","A","N","El Centro, CA MSA","Private","NAICS 56159 Other travel arrangement services","MSA, NAICS 5-digit -- by ownership sector","All establishment sizes",1,0,0,0,0,0,0,"N",0.24,0,0,0,0,0,0,"N",-1,-50.0,0,0,0,0,0,0,0,0,0,0,0,0
"C2094","5","561599","48","0","2020","A","N","El Centro, CA MSA","Private","NAICS 561599 All other travel arrangement services","MSA, NAICS 6-digit -- by ownership sector","All establishment sizes",1,0,0,0,0,0,0,"N",0.30,0,0,0,0,0,0,"N",-1,-50.0,0,0,0,0,0,0,0,0,0,0,0,0
"C2094","5","5616","46","0","2020","A","","El Centro, CA MSA","Private","NAICS 5616 Investigation and security services","MSA, NAICS 4-digit -- by ownership sector","All establishment sizes",13,466,11406133,4349298,185197,471,24485,"",0.47,1.18,1.03,1.31,1.09,0.88,0.88,"",0,0.0,10,2.2,-1350535,-10.6,48329,1.1,15260,9.0,-67,-12.5,-3505,-12.5
"C2094","5","56161","47","0","2020","A","","El Centro, CA MSA","Private","NAICS 56161 Security and armored car services","MSA, NAICS 5-digit -- by ownership sector","All establishment sizes",10,460,11242924,4307298,183538,470,24428,"",0.60,1.39,1.41,1.57,1.30,1.01,1.01,"N",-1,-9.1,0,0,0,0,0,0,0,0,0,0,0,0
"C2094","5","561611","48","0","2020","A","N","El Centro, CA MSA","Private","NAICS 561611 Investigation services","MSA, NAICS 6-digit -- by ownership sector","All establishment sizes",1,0,0,0,0,0,0,"N",0.24,0,0,0,0,0,0,"N",0,0.0,0,0,0,0,0,0,0,0,0,0,0,0
"C2094","5","561612","48","0","2020","A","N","El Centro, CA MSA","Private","NAICS 561612 Security guards and patrol services","MSA, NAICS 6-digit -- by ownership sector","All establishment sizes",9,0,0,0,0,0,0,"N",0.76,0,0,0,0,0,0,"N",-1,-10.0,0,0,0,0,0,0,0,0,0,0,0,0
"C2094","5","56162","47","0","2020","A","","El Centro, CA MSA","Private","NAICS 56162 Security systems services","MSA, NAICS 5-digit -- by ownership sector","All establishment sizes",3,6,163209,42000,1659,562,29231,"",0.28,0.09,0.05,0.07,0.06,0.61,0.61,"N",1,50.0,0,0,0,0,0,0,0,0,0,0,0,0
"C2094","5","561622","48","0","2020","A","","El Centro, CA MSA","Private","NAICS 561622 Locksmiths","MSA, NAICS 6-digit -- by ownership sector","All establishment sizes",3,6,163209,42000,1659,562,29231,"",0.94,0.84,0.67,0.69,0.71,0.85,0.85,"N",1,50.0,0,0,0,0,0,0,0,0,0,0,0,0
"C2094","5","5617","46","0","2020","A","","El Centro, CA MSA","Private","NAICS 5617 Services to buildings and dwellings","MSA, NAICS 4-digit -- by ownership sector","All establishment sizes",44,401,12420455,3713788,156177,596,30967,"",0.25,0.44,0.55,0.49,0.33,1.25,1.25,"",3,7.3,56,16.2,2959047,31.3,707346,23.5,28169,22.0,68,12.9,3503,12.8
"C2094","5","56171","47","0","2020","A","","El Centro, CA MSA","Private","NAICS 56171 Exterminating and pest control services","MSA, NAICS 5-digit -- by ownership sector","All establishment sizes",8,43,2028802,405127,16851,899,46729,"",0.65,0.76,1.05,0.86,0.75,1.37,1.37,"",2,33.3,-1,-2.3,258581,14.6,25750,6.8,2882,20.6,119,15.3,6190,15.3
"C2094","5","561710","48","0","2020","A","","El Centro, CA MSA","Private","NAICS 561710 Exterminating and pest control services","MSA, NAICS 6-digit -- by ownership sector","All establishment sizes",8,43,2028802,405127,16851,899,46729,"",0.65,0.76,1.05,0.86,0.75,1.37,1.37,"",2,33.3,-1,-2.3,258581,14.6,25750,6.8,2882,20.6,119,15.3,6190,15.3
"C2094","5","56172","47","0","2020","A","","El Centro, CA MSA","Private","NAICS 56172 Janitorial services","MSA, NAICS 5-digit -- by ownership sector","All establishment sizes",16,266,7511981,2530959,96080,543,28249,"",0.27,0.60,0.88,0.76,0.66,1.47,1.47,"",3,23.1,67,33.7,2554569,51.5,806885,46.8,28317,41.8,63,13.1,3285,13.2
"C2094","5","561720","48","0","2020","A","","El Centro, CA MSA","Private","NAICS 561720 Janitorial services","MSA, NAICS 6-digit -- by ownership sector","All establishment sizes",16,266,7511981,2530959,96080,543,28249,"",0.27,0.60,0.88,0.76,0.66,1.47,1.47,"",3,23.1,67,33.7,2554569,51.5,806885,46.8,28317,41.8,63,13.1,3285,13.2
"C2094","5","56173","47","0","2020","A","","El Centro, CA MSA","Private","NAICS 56173 Landscaping services","MSA, NAICS 5-digit -- by ownership sector","All establishment sizes",14,81,2531235,686701,38868,603,31379,"",0.16,0.23,0.25,0.21,0.14,1.07,1.07,"",1,7.7,4,5.2,333706,15.2,4911,0.7,1293,3.4,51,9.2,2653,9.2
"C2094","5","561730","48","0","2020","A","","El Centro, CA MSA","Private","NAICS 561730 Landscaping services","MSA, NAICS 6-digit -- by ownership sector","All establishment sizes",14,81,2531235,686701,38868,603,31379,"",0.16,0.23,0.25,0.21,0.14,1.07,1.07,"",1,7.7,4,5.2,333706,15.2,4911,0.7,1293,3.4,51,9.2,2653,9.2
"C2094","5","56174","47","0","2020","A","N","El Centro, CA MSA","Private","NAICS 56174 Carpet and upholstery cleaning services","MSA, NAICS 5-digit -- by ownership sector","All establishment sizes",1,0,0,0,0,0,0,"N",0.17,0,0,0,0,0,0,"N",-2,-66.7,0,0,0,0,0,0,0,0,0,0,0,0
"C2094","5","561740","48","0","2020","A","N","El Centro, CA MSA","Private","NAICS 561740 Carpet and upholstery cleaning services","MSA, NAICS 6-digit -- by ownership sector","All establishment sizes",1,0,0,0,0,0,0,"N",0.17,0,0,0,0,0,0,"N",-2,-66.7,0,0,0,0,0,0,0,0,0,0,0,0
"C2094","5","56179","47","0","2020","A","N","El Centro, CA MSA","Private","NAICS 56179 Other services to buildings and dwellings","MSA, NAICS 5-digit -- by ownership sector","All establishment sizes",5,0,0,0,0,0,0,"N",0.37,0,0,0,0,0,0,"N",-1,-16.7,0,0,0,0,0,0,0,0,0,0,0,0
"C2094","5","561790","48","0","2020","A","N","El Centro, CA MSA","Private","NAICS 561790 Other services to buildings and dwellings","MSA, NAICS 6-digit -- by ownership sector","All establishment sizes",5,0,0,0,0,0,0,"N",0.37,0,0,0,0,0,0,"N",-1,-16.7,0,0,0,0,0,0,0,0,0,0,0,0
"C2094","5","5619","46","0","2020","A","","El Centro, CA MSA","Private","NAICS 5619 Other support services","MSA, NAICS 4-digit -- by ownership sector","All establishment sizes",5,33,1105475,258597,13524,646,33584,"",0.22,0.26,0.24,0.22,0.18,0.91,0.91,"N",0,0.0,0,0,0,0,0,0,0,0,0,0,0,0
"C2094","5","56199","47","0","2020","A","","El Centro, CA MSA","Private","NAICS 56199 All other support services","MSA, NAICS 5-digit -- by ownership sector","All establishment sizes",5,33,1105475,258597,13524,646,33584,"",0.32,0.39,0.37,0.34,0.29,0.95,0.95,"N",0,0.0,0,0,0,0,0,0,0,0,0,0,0,0
"C2094","5","561990","48","0","2020","A","","El Centro, CA MSA","Private","NAICS 561990 All other support services","MSA, NAICS 6-digit -- by ownership sector","All establishment sizes",5,33,1105475,258597,13524,646,33584,"",0.32,0.39,0.37,0.34,0.29,0.95,0.95,"N",0,0.0,0,0,0,0,0,0,0,0,0,0,0,0
"C2094","5","562","45","0","2020","A","","El Centro, CA MSA","Private","NAICS 562 Waste management and remediation services","MSA, NAICS 3-digit -- by ownership sector","All establishment sizes",17,261,13869740,2310847,125422,1023,53175,"",0.72,1.35,1.57,1.20,1.14,1.16,1.16,"",-1,-5.6,-15,-5.4,950441,7.4,-10507,-0.5,1339,1.1,122,13.5,6309,13.5
"C2094","5","5621","46","0","2020","A","","El Centro, CA MSA","Private","NAICS 5621 Waste collection","MSA, NAICS 4-digit -- by ownership sector","All establishment sizes",7,152,8314272,1284418,68526,1050,54579,"",0.76,1.85,2.45,1.66,1.83,1.32,1.32,"",-1,-12.5,-13,-7.9,498502,6.4,-65055,-4.8,65,0.1,137,15.0,7115,15.0
"C2094","5","56211","47","0","2020","A","","El Centro, CA MSA","Private","NAICS 56211 Waste collection","MSA, NAICS 5-digit -- by ownership sector","All establishment sizes",7,152,8314272,1284418,68526,1050,54579,"",0.76,1.85,2.45,1.66,1.83,1.32,1.32,"",-1,-12.5,-13,-7.9,498502,6.4,-65055,-4.8,65,0.1,137,15.0,7115,15.0
"C2094","5","562111","48","0","2020","A","N","El Centro, CA MSA","Private","NAICS 562111 Solid waste collection","MSA, NAICS 6-digit -- by ownership sector","All establishment sizes",6,0,0,0,0,0,0,"N",0.82,0,0,0,0,0,0,"N",-1,-14.3,0,0,0,0,0,0,0,0,0,0,0,0
"C2094","5","562119","48","0","2020","A","N","El Centro, CA MSA","Private","NAICS 562119 Other waste collection","MSA, NAICS 6-digit -- by ownership sector","All establishment sizes",1,0,0,0,0,0,0,"N",0.73,0,0,0,0,0,0,"N",0,0.0,0,0,0,0,0,0,0,0,0,0,0,0
"C2094","5","5622","46","0","2020","A","N","El Centro, CA MSA","Private","NAICS 5622 Waste treatment and disposal","MSA, NAICS 4-digit -- by ownership sector","All establishment sizes",1,0,0,0,0,0,0,"N",0.32,0,0,0,0,0,0,"N",0,0.0,0,0,0,0,0,0,0,0,0,0,0,0
"C2094","5","56221","47","0","2020","A","N","El Centro, CA MSA","Private","NAICS 56221 Waste treatment and disposal","MSA, NAICS 5-digit -- by ownership sector","All establishment sizes",1,0,0,0,0,0,0,"N",0.32,0,0,0,0,0,0,"N",0,0.0,0,0,0,0,0,0,0,0,0,0,0,0
"C2094","5","562212","48","0","2020","A","N","El Centro, CA MSA","Private","NAICS 562212 Solid waste landfill","MSA, NAICS 6-digit -- by ownership sector","All establishment sizes",1,0,0,0,0,0,0,"N",0.82,0,0,0,0,0,0,"N",0,0.0,0,0,0,0,0,0,0,0,0,0,0,0
"C2094","5","5629","46","0","2020","A","N","El Centro, CA MSA","Private","NAICS 5629 Remediation and other waste services","MSA, NAICS 4-digit -- by ownership sector","All establishment sizes",9,0,0,0,0,0,0,"N",0.79,0,0,0,0,0,0,"N",0,0.0,0,0,0,0,0,0,0,0,0,0,0,0
"C2094","5","56292","47","0","2020","A","N","El Centro, CA MSA","Private","NAICS 56292 Materials recovery facilities","MSA, NAICS 5-digit -- by ownership sector","All establishment sizes",1,0,0,0,0,0,0,"N",0.95,0,0,0,0,0,0,"N",-1,-50.0,0,0,0,0,0,0,0,0,0,0,0,0
"C2094","5","562920","48","0","2020","A","N","El Centro, CA MSA","Private","NAICS 562920 Materials recovery facilities","MSA, NAICS 6-digit -- by ownership sector","All establishment sizes",1,0,0,0,0,0,0,"N",0.95,0,0,0,0,0,0,"N",-1,-50.0,0,0,0,0,0,0,0,0,0,0,0,0
"C2094","5","56299","47","0","2020","A","","El Centro, CA MSA","Private","NAICS 56299 All other waste management services","MSA, NAICS 5-digit -- by ownership sector","All establishment sizes",8,92,4887829,896218,53653,1017,52889,"",1.71,4.31,5.81,4.31,4.19,1.34,1.34,"",1,14.3,-5,-5.2,454068,10.2,35713,4.2,1302,2.5,135,15.3,7023,15.3
"C2094","5","562991","48","0","2020","A","N","El Centro, CA MSA","Private","NAICS 562991 Septic tank and related services","MSA, NAICS 6-digit -- by ownership sector","All establishment sizes",5,0,0,0,0,0,0,"N",1.63,0,0,0,0,0,0,"N",1,25.0,0,0,0,0,0,0,0,0,0,0,0,0
"C2094","5","562998","48","0","2020","A","N","El Centro, CA MSA","Private","NAICS 562998 Miscellaneous waste management services","MSA, NAICS 6-digit -- by ownership sector","All establishment sizes",3,0,0,0,0,0,0,"N",1.88,0,0,0,0,0,0,"N",0,0.0,0,0,0,0,0,0,0,0,0,0,0,0
"C2094","5","61","44","0","2020","A","","El Centro, CA MSA","Private","NAICS 61 Educational services","MSA, NAICS Sector -- by ownership sector","All establishment sizes",16,145,4402783,255819,8656,583,30329,"",0.15,0.12,0.09,0.06,0.04,0.74,0.74,"",-1,-5.9,-24,-14.2,-358895,-7.5,-143622,-36.0,-5486,-38.8,42,7.8,2195,7.8
"C2094","5","611","45","0","2020","A","","El Centro, CA MSA","Private","NAICS 611 Educational services","MSA, NAICS 3-digit -- by ownership sector","All establishment sizes",16,145,4402783,255819,8656,583,30329,"",0.15,0.12,0.09,0.06,0.04,0.74,0.74,"",-1,-5.9,-24,-14.2,-358895,-7.5,-143622,-36.0,-5486,-38.8,42,7.8,2195,7.8
"C2094","5","6111","46","0","2020","A","","El Centro, CA MSA","Private","NAICS 6111 Elementary and secondary schools","MSA, NAICS 4-digit -- by ownership sector","All establishment sizes",5,93,3103476,110705,3653,639,33222,"",0.33,0.26,0.26,0.08,0.06,0.99,0.99,"",0,0.0,-11,-10.6,-149058,-4.6,-50932,-31.5,-2489,-40.5,35,5.8,1797,5.7
"C2094","5","61111","47","0","2020","A","","El Centro, CA MSA","Private","NAICS 61111 Elementary and secondary schools","MSA, NAICS 5-digit -- by ownership sector","All establishment sizes",5,93,3103476,110705,3653,639,33222,"",0.33,0.26,0.26,0.08,0.06,0.99,0.99,"",0,0.0,-11,-10.6,-149058,-4.6,-50932,-31.5,-2489,-40.5,35,5.8,1797,5.7
"C2094","5","611110","48","0","2020","A","","El Centro, CA MSA","Private","NAICS 611110 Elementary and secondary schools","MSA, NAICS 6-digit -- by ownership sector","All establishment sizes",5,93,3103476,110705,3653,639,33222,"",0.33,0.26,0.26,0.08,0.06,0.99,0.99,"",0,0.0,-11,-10.6,-149058,-4.6,-50932,-31.5,-2489,-40.5,35,5.8,1797,5.7
"C2094","5","6113","46","0","2020","A","N","El Centro, CA MSA","Private","NAICS 6113 Colleges and universities","MSA, NAICS 4-digit -- by ownership sector","All establishment sizes",1,0,0,0,0,0,0,"N",0.12,0,0,0,0,0,0,"N",0,0.0,0,0,0,0,0,0,0,0,0,0,0,0
"C2094","5","61131","47","0","2020","A","N","El Centro, CA MSA","Private","NAICS 61131 Colleges and universities","MSA, NAICS 5-digit -- by ownership sector","All establishment sizes",1,0,0,0,0,0,0,"N",0.12,0,0,0,0,0,0,"N",0,0.0,0,0,0,0,0,0,0,0,0,0,0,0
"C2094","5","611310","48","0","2020","A","N","El Centro, CA MSA","Private","NAICS 611310 Colleges and universities","MSA, NAICS 6-digit -- by ownership sector","All establishment sizes",1,0,0,0,0,0,0,"N",0.12,0,0,0,0,0,0,"N",0,0.0,0,0,0,0,0,0,0,0,0,0,0,0
"C2094","5","6114","46","0","2020","A","N","El Centro, CA MSA","Private","NAICS 6114 Business, computer and management training","MSA, NAICS 4-digit -- by ownership sector","All establishment sizes",1,0,0,0,0,0,0,"N",0.10,0,0,0,0,0,0,"N",0,0.0,0,0,0,0,0,0,0,0,0,0,0,0
"C2094","5","61143","47","0","2020","A","N","El Centro, CA MSA","Private","NAICS 61143 Management training","MSA, NAICS 5-digit -- by ownership sector","All establishment sizes",1,0,0,0,0,0,0,"N",0.14,0,0,0,0,0,0,"N",0,0.0,0,0,0,0,0,0,0,0,0,0,0,0
"C2094","5","611430","48","0","2020","A","N","El Centro, CA MSA","Private","NAICS 611430 Management training","MSA, NAICS 6-digit -- by ownership sector","All establishment sizes",1,0,0,0,0,0,0,"N",0.14,0,0,0,0,0,0,"N",0,0.0,0,0,0,0,0,0,0,0,0,0,0,0
"C2094","5","6115","46","0","2020","A","N","El Centro, CA MSA","Private","NAICS 6115 Technical and trade schools","MSA, NAICS 4-digit -- by ownership sector","All establishment sizes",3,0,0,0,0,0,0,"N",0.37,0,0,0,0,0,0,"N",0,0.0,0,0,0,0,0,0,0,0,0,0,0,0
"C2094","5","61151","47","0","2020","A","N","El Centro, CA MSA","Private","NAICS 61151 Technical and trade schools","MSA, NAICS 5-digit -- by ownership sector","All establishment sizes",3,0,0,0,0,0,0,"N",0.37,0,0,0,0,0,0,"N",0,0.0,0,0,0,0,0,0,0,0,0,0,0,0
"C2094","5","611511","48","0","2020","A","N","El Centro, CA MSA","Private","NAICS 611511 Cosmetology and barber schools","MSA, NAICS 6-digit -- by ownership sector","All establishment sizes",1,0,0,0,0,0,0,"N",0.73,0,0,0,0,0,0,"N",0,0.0,0,0,0,0,0,0,0,0,0,0,0,0
"C2094","5","611519","48","0","2020","A","N","El Centro, CA MSA","Private","NAICS 611519 Other technical and trade schools","MSA, NAICS 6-digit -- by ownership sector","All establishment sizes",2,0,0,0,0,0,0,"N",0.44,0,0,0,0,0,0,"N",0,0.0,0,0,0,0,0,0,0,0,0,0,0,0
"C2094","5","6116","46","0","2020","A","","El Centro, CA MSA","Private","NAICS 6116 Other schools and instruction","MSA, NAICS 4-digit -- by ownership sector","All establishment sizes",6,9,54241,54241,1358,119,6199,"",0.13,0.06,0.02,0.06,0.03,0.35,0.35,"",0,0.0,-8,-47.1,-75509,-58.2,-49140,-47.5,-1266,-48.2,-26,-17.9,-1323,-17.6
"C2094","5","61161","47","0","2020","A","N","El Centro, CA MSA","Private","NAICS 61161 Fine arts schools","MSA, NAICS 5-digit -- by ownership sector","All establishment sizes",3,0,0,0,0,0,0,"N",0.26,0,0,0,0,0,0,"N",0,0.0,0,0,0,0,0,0,0,0,0,0,0,0
"C2094","5","611610","48","0","2020","A","N","El Centro, CA MSA","Private","NAICS 611610 Fine arts schools","MSA, NAICS 6-digit -- by ownership sector","All establishment sizes",3,0,0,0,0,0,0,"N",0.26,0,0,0,0,0,0,"N",0,0.0,0,0,0,0,0,0,0,0,0,0,0,0
"C2094","5","61162","47","0","2020","A","N","El Centro, CA MSA","Private","NAICS 61162 Sports and recreation instruction","MSA, NAICS 5-digit -- by ownership sector","All establishment sizes",2,0,0,0,0,0,0,"N",0.14,0,0,0,0,0,0,"N",1,100.0,0,0,0,0,0,0,0,0,0,0,0,0
"C2094","5","611620","48","0","2020","A","N","El Centro, CA MSA","Private","NAICS 611620 Sports and recreation instruction","MSA, NAICS 6-digit -- by ownership sector","All establishment sizes",2,0,0,0,0,0,0,"N",0.14,0,0,0,0,0,0,"N",1,100.0,0,0,0,0,0,0,0,0,0,0,0,0
"C2094","5","61169","47","0","2020","A","N","El Centro, CA MSA","Private","NAICS 61169 All other schools and instruction","MSA, NAICS 5-digit -- by ownership sector","All establishment sizes",1,0,0,0,0,0,0,"N",0.06,0,0,0,0,0,0,"N",-1,-50.0,0,0,0,0,0,0,0,0,0,0,0,0
"C2094","5","611692","48","0","2020","A","N","El Centro, CA MSA","Private","NAICS 611692 Automobile driving schools","MSA, NAICS 6-digit -- by ownership sector","All establishment sizes",1,0,0,0,0,0,0,"N",0.51,0,0,0,0,0,0,"N",0,0.0,0,0,0,0,0,0,0,0,0,0,0,0
"C2094","5","6117","46","0","2020","A","N","El Centro, CA MSA","Private","NAICS 6117 Educational support services","MSA, NAICS 4-digit -- by ownership sector","All establishment sizes",1,0,0,0,0,0,0,"N",0.06,0,0,0,0,0,0,"N",0,0.0,0,0,0,0,0,0,0,0,0,0,0,0
"C2094","5","61171","47","0","2020","A","N","El Centro, CA MSA","Private","NAICS 61171 Educational support services","MSA, NAICS 5-digit -- by ownership sector","All establishment sizes",1,0,0,0,0,0,0,"N",0.06,0,0,0,0,0,0,"N",0,0.0,0,0,0,0,0,0,0,0,0,0,0,0
"C2094","5","611710","48","0","2020","A","N","El Centro, CA MSA","Private","NAICS 611710 Educational support services","MSA, NAICS 6-digit -- by ownership sector","All establishment sizes",1,0,0,0,0,0,0,"N",0.06,0,0,0,0,0,0,"N",0,0.0,0,0,0,0,0,0,0,0,0,0,0,0
"C2094","5","62","44","0","2020","A","","El Centro, CA MSA","Private","NAICS 62 Health care and social assistance","MSA, NAICS Sector -- by ownership sector","All establishment sizes",5420,8899,243618709,62743342,2318303,526,27378,"",3.98,1.05,0.73,1.38,1.24,0.70,0.70,"",264,5.1,43,0.5,19789292,8.8,4545966,7.8,95836,4.3,40,8.2,2104,8.3
"C2094","5","621","45","0","2020","A","","El Centro, CA MSA","Private","NAICS 621 Ambulatory health care services","MSA, NAICS 3-digit -- by ownership sector","All establishment sizes",176,2178,133067584,16015294,566486,1175,61089,"",0.36,0.67,0.85,0.68,0.62,1.27,1.27,"",-2,-1.1,-64,-2.9,4629230,3.6,-283861,-1.7,-56046,-9.0,73,6.6,3791,6.6
"C2094","5","6211","46","0","2020","A","","El Centro, CA MSA","Private","NAICS 6211 Offices of physicians","MSA, NAICS 4-digit -- by ownership sector","All establishment sizes",77,950,69993374,5722686,211622,1417,73664,"",0.45,0.83,0.88,0.73,0.76,1.06,1.06,"",-5,-6.1,-32,-3.3,376481,0.5,-703667,-10.9,-47735,-18.4,53,3.9,2741,3.9
"C2094","5","62111","47","0","2020","A","","El Centro, CA MSA","Private","NAICS 62111 Offices of physicians","MSA, NAICS 5-digit -- by ownership sector","All establishment sizes",77,950,69993374,5722686,211622,1417,73664,"",0.45,0.83,0.88,0.73,0.76,1.06,1.06,"",-5,-6.1,-32,-3.3,376481,0.5,-703667,-10.9,-47735,-18.4,53,3.9,2741,3.9
"C2094","5","621111","48","0","2020","A","N","El Centro, CA MSA","Private","NAICS 621111 Offices of physicians, except mental health","MSA, NAICS 6-digit -- by ownership sector","All establishment sizes",74,0,0,0,0,0,0,"N",0.46,0,0,0,0,0,0,"N",-6,-7.5,0,0,0,0,0,0,0,0,0,0,0,0
"C2094","5","621112","48","0","2020","A","N","El Centro, CA MSA","Private","NAICS 621112 Offices of mental health physicians","MSA, NAICS 6-digit -- by ownership sector","All establishment sizes",3,0,0,0,0,0,0,"N",0.33,0,0,0,0,0,0,"N",1,50.0,0,0,0,0,0,0,0,0,0,0,0,0
"C2094","5","6212","46","0","2020","A","","El Centro, CA MSA","Private","NAICS 6212 Offices of dentists","MSA, NAICS 4-digit -- by ownership sector","All establishment sizes",28,213,7905000,2178749,80058,713,37069,"",0.27,0.55,0.53,0.60,0.63,0.95,0.95,"",2,7.7,-42,-16.5,-910307,-10.3,-8636,-0.4,8510,11.9,49,7.4,2556,7.4
"C2094","5","62121","47","0","2020","A","","El Centro, CA MSA","Private","NAICS 62121 Offices of dentists","MSA, NAICS 5-digit -- by ownership sector","All establishment sizes",28,213,7905000,2178749,80058,713,37069,"",0.27,0.55,0.53,0.60,0.63,0.95,0.95,"",2,7.7,-42,-16.5,-910307,-10.3,-8636,-0.4,8510,11.9,49,7.4,2556,7.4
"C2094","5","621210","48","0","2020","A","","El Centro, CA MSA","Private","NAICS 621210 Offices of dentists","MSA, NAICS 6-digit -- by ownership sector","All establishment sizes",28,213,7905000,2178749,80058,713,37069,"",0.27,0.55,0.53,0.60,0.63,0.95,0.95,"",2,7.7,-42,-16.5,-910307,-10.3,-8636,-0.4,8510,11.9,49,7.4,2556,7.4
"C2094","5","6213","46","0","2020","A","","El Centro, CA MSA","Private","NAICS 6213 Offices of other health practitioners","MSA, NAICS 4-digit -- by ownership sector","All establishment sizes",32,204,8629181,1717535,54292,813,42283,"",0.26,0.51,0.66,0.51,0.43,1.30,1.30,"",-1,-3.0,-9,-4.2,-658873,-7.1,83907,5.1,-3767,-6.5,-24,-2.9,-1238,-2.8
"C2094","5","62131","47","0","2020","A","N","El Centro, CA MSA","Private","NAICS 62131 Offices of chiropractors","MSA, NAICS 5-digit -- by ownership sector","All establishment sizes",4,0,0,0,0,0,0,"N",0.13,0,0,0,0,0,0,"N",0,0.0,0,0,0,0,0,0,0,0,0,0,0,0
"C2094","5","621310","48","0","2020","A","N","El Centro, CA MSA","Private","NAICS 621310 Offices of chiropractors","MSA, NAICS 6-digit -- by ownership sector","All establishment sizes",4,0,0,0,0,0,0,"N",0.13,0,0,0,0,0,0,"N",0,0.0,0,0,0,0,0,0,0,0,0,0,0,0
"C2094","5","62132","47","0","2020","A","","El Centro, CA MSA","Private","NAICS 62132 Offices of optometrists","MSA, NAICS 5-digit -- by ownership sector","All establishment sizes",5,60,2196598,589282,18025,703,36559,"",0.31,1.04,1.17,1.15,1.06,1.12,1.12,"",-1,-16.7,-15,-20.0,-1083214,-33.0,-22969,-3.8,-2612,-12.7,-136,-16.2,-7075,-16.2
"C2094","5","621320","48","0","2020","A","","El Centro, CA MSA","Private","NAICS 621320 Offices of optometrists","MSA, NAICS 6-digit -- by ownership sector","All establishment sizes",5,60,2196598,589282,18025,703,36559,"",0.31,1.04,1.17,1.15,1.06,1.12,1.12,"",-1,-16.7,-15,-20.0,-1083214,-33.0,-22969,-3.8,-2612,-12.7,-136,-16.2,-7075,-16.2
"C2094","5","62133","47","0","2020","A","","El Centro, CA MSA","Private","NAICS 62133 Offices of mental health practitioners","MSA, NAICS 5-digit -- by ownership sector","All establishment sizes",5,48,2018508,488733,16097,813,42272,"",0.27,0.89,1.20,1.12,0.81,1.35,1.35,"",1,25.0,13,37.1,413832,25.8,224745,85.1,4130,34.5,-77,-8.7,-4017,-8.7
"C2094","5","621330","48","0","2020","A","","El Centro, CA MSA","Private","NAICS 621330 Offices of mental health practitioners","MSA, NAICS 6-digit -- by ownership sector","All establishment sizes",5,48,2018508,488733,16097,813,42272,"",0.27,0.89,1.20,1.12,0.81,1.35,1.35,"",1,25.0,13,37.1,413832,25.8,224745,85.1,4130,34.5,-77,-8.7,-4017,-8.7
"C2094","5","62134","47","0","2020","A","","El Centro, CA MSA","Private","NAICS 62134 Offices of specialty therapists","MSA, NAICS 5-digit -- by ownership sector","All establishment sizes",13,53,2880491,477887,15095,1053,54780,"",0.40,0.32,0.51,0.35,0.29,1.62,1.62,"",0,0.0,2,3.9,241739,9.2,-20510,-4.1,-1527,-9.2,60,6.0,3124,6.0
"C2094","5","621340","48","0","2020","A","","El Centro, CA MSA","Private","NAICS 621340 Offices of specialty therapists","MSA, NAICS 6-digit -- by ownership sector","All establishment sizes",13,53,2880491,477887,15095,1053,54780,"",0.40,0.32,0.51,0.35,0.29,1.62,1.62,"",0,0.0,2,3.9,241739,9.2,-20510,-4.1,-1527,-9.2,60,6.0,3124,6.0
"C2094","5","62139","47","0","2020","A","N","El Centro, CA MSA","Private","NAICS 62139 Offices of all other health practitioners","MSA, NAICS 5-digit -- by ownership sector","All establishment sizes",5,0,0,0,0,0,0,"N",0.20,0,0,0,0,0,0,"N",-1,-16.7,0,0,0,0,0,0,0,0,0,0,0,0
"C2094","5","621391","48","0","2020","A","N","El Centro, CA MSA","Private","NAICS 621391 Offices of podiatrists","MSA, NAICS 6-digit -- by ownership sector","All establishment sizes",2,0,0,0,0,0,0,"N",0.37,0,0,0,0,0,0,"N",-1,-33.3,0,0,0,0,0,0,0,0,0,0,0,0
"C2094","5","621399","48","0","2020","A","N","El Centro, CA MSA","Private","NAICS 621399 Offices of miscellaneous health practitioners","MSA, NAICS 6-digit -- by ownership sector","All establishment sizes",3,0,0,0,0,0,0,"N",0.15,0,0,0,0,0,0,"N",0,0.0,0,0,0,0,0,0,0,0,0,0,0,0
"C2094","5","6214","46","0","2020","A","","El Centro, CA MSA","Private","NAICS 6214 Outpatient care centers","MSA, NAICS 4-digit -- by ownership sector","All establishment sizes",13,342,19717964,1703719,55362,1108,57599,"",0.40,0.81,0.92,0.72,0.53,1.13,1.13,"",0,0.0,44,14.8,4479410,29.4,327404,23.8,13728,33.0,123,12.5,6391,12.5
"C2094","5","62141","47","0","2020","A","N","El Centro, CA MSA","Private","NAICS 62141 Family planning centers","MSA, NAICS 5-digit -- by ownership sector","All establishment sizes",1,0,0,0,0,0,0,"N",0.60,0,0,0,0,0,0,"N",0,0.0,0,0,0,0,0,0,0,0,0,0,0,0
"C2094","5","621410","48","0","2020","A","N","El Centro, CA MSA","Private","NAICS 621410 Family planning centers","MSA, NAICS 6-digit -- by ownership sector","All establishment sizes",1,0,0,0,0,0,0,"N",0.60,0,0,0,0,0,0,"N",0,0.0,0,0,0,0,0,0,0,0,0,0,0,0
"C2094","5","62142","47","0","2020","A","N","El Centro, CA MSA","Private","NAICS 62142 Outpatient mental health centers","MSA, NAICS 5-digit -- by ownership sector","All establishment sizes",4,0,0,0,0,0,0,"N",0.42,0,0,0,0,0,0,"N",-1,-20.0,0,0,0,0,0,0,0,0,0,0,0,0
"C2094","5","621420","48","0","2020","A","N","El Centro, CA MSA","Private","NAICS 621420 Outpatient mental health centers","MSA, NAICS 6-digit -- by ownership sector","All establishment sizes",4,0,0,0,0,0,0,"N",0.42,0,0,0,0,0,0,"N",-1,-20.0,0,0,0,0,0,0,0,0,0,0,0,0
"C2094","5","62149","47","0","2020","A","","El Centro, CA MSA","Private","NAICS 62149 Other outpatient care centers","MSA, NAICS 5-digit -- by ownership sector","All establishment sizes",8,250,16142812,1412479,48048,1243,64636,"",0.37,0.83,0.93,0.81,0.65,1.11,1.11,"N",1,14.3,0,0,0,0,0,0,0,0,0,0,0,0
"C2094","5","621492","48","0","2020","A","N","El Centro, CA MSA","Private","NAICS 621492 Kidney dialysis centers","MSA, NAICS 6-digit -- by ownership sector","All establishment sizes",5,0,0,0,0,0,0,"N",0.82,0,0,0,0,0,0,"N",0,0.0,0,0,0,0,0,0,0,0,0,0,0,0
"C2094","5","621493","48","0","2020","A","N","El Centro, CA MSA","Private","NAICS 621493 Freestanding emergency medical centers","MSA, NAICS 6-digit -- by ownership sector","All establishment sizes",1,0,0,0,0,0,0,"N",0.16,0,0,0,0,0,0,"N",0,0.0,0,0,0,0,0,0,0,0,0,0,0,0
"C2094","5","621498","48","0","2020","A","N","El Centro, CA MSA","Private","NAICS 621498 All other outpatient care centers","MSA, NAICS 6-digit -- by ownership sector","All establishment sizes",2,0,0,0,0,0,0,"N",0.30,0,0,0,0,0,0,"N",1,100.0,0,0,0,0,0,0,0,0,0,0,0,0
"C2094","5","6215","46","0","2020","A","","El Centro, CA MSA","Private","NAICS 6215 Medical and diagnostic laboratories","MSA, NAICS 4-digit -- by ownership sector","All establishment sizes",10,29,1417505,238009,10733,929,48324,"",0.55,0.24,0.23,0.23,0.24,0.96,0.97,"",1,11.1,0,0.0,69011,5.1,34048,16.7,1219,12.8,37,4.1,1957,4.2
"C2094","5","62151","47","0","2020","A","","El Centro, CA MSA","Private","NAICS 62151 Medical and diagnostic laboratories","MSA, NAICS 5-digit -- by ownership sector","All establishment sizes",10,29,1417505,238009,10733,929,48324,"",0.55,0.24,0.23,0.23,0.24,0.96,0.97,"",1,11.1,0,0.0,69011,5.1,34048,16.7,1219,12.8,37,4.1,1957,4.2
"C2094","5","621511","48","0","2020","A","","El Centro, CA MSA","Private","NAICS 621511 Medical laboratories","MSA, NAICS 6-digit -- by ownership sector","All establishment sizes",7,20,911325,134958,6203,891,46339,"",0.53,0.22,0.20,0.17,0.19,0.94,0.94,"",0,0.0,1,5.3,91639,11.2,21272,18.7,566,10.0,54,6.5,2816,6.5
"C2094","5","621512","48","0","2020","A","","El Centro, CA MSA","Private","NAICS 621512 Diagnostic imaging centers","MSA, NAICS 6-digit -- by ownership sector","All establishment sizes",3,10,506180,103051,4530,1007,52363,"",0.60,0.31,0.30,0.40,0.39,1.01,1.01,"",0,0.0,0,0.0,-22628,-4.3,12776,14.2,653,16.8,15,1.5,772,1.5
"C2094","5","6216","46","0","2020","A","","El Centro, CA MSA","Private","NAICS 6216 Home health care services","MSA, NAICS 4-digit -- by ownership sector","All establishment sizes",10,265,14596276,2828040,97523,1058,55028,"",0.32,0.41,0.90,0.65,0.51,2.19,2.19,"",1,11.1,3,1.1,1265462,9.5,-33139,-1.2,-14623,-13.0,81,8.3,4228,8.3
"C2094","5","62161","47","0","2020","A","","El Centro, CA MSA","Private","NAICS 62161 Home health care services","MSA, NAICS 5-digit -- by ownership sector","All establishment sizes",10,265,14596276,2828040,97523,1058,55028,"",0.32,0.41,0.90,0.65,0.51,2.19,2.19,"",1,11.1,3,1.1,1265462,9.5,-33139,-1.2,-14623,-13.0,81,8.3,4228,8.3
"C2094","5","621610","48","0","2020","A","","El Centro, CA MSA","Private","NAICS 621610 Home health care services","MSA, NAICS 6-digit -- by ownership sector","All establishment sizes",10,265,14596276,2828040,97523,1058,55028,"",0.32,0.41,0.90,0.65,0.51,2.19,2.19,"",1,11.1,3,1.1,1265462,9.5,-33139,-1.2,-14623,-13.0,81,8.3,4228,8.3
"C2094","5","6219","46","0","2020","A","","El Centro, CA MSA","Private","NAICS 6219 Other ambulatory health care services","MSA, NAICS 4-digit -- by ownership sector","All establishment sizes",7,174,10808284,1626556,56896,1196,62176,"",0.58,1.30,2.14,1.70,1.42,1.65,1.65,"",1,16.7,-28,-13.9,8046,0.1,16222,1.0,-13378,-19.0,168,16.3,8732,16.3
"C2094","5","62191","47","0","2020","A","N","El Centro, CA MSA","Private","NAICS 62191 Ambulance services","MSA, NAICS 5-digit -- by ownership sector","All establishment sizes",4,0,0,0,0,0,0,"N",0.94,0,0,0,0,0,0,"N",-1,-20.0,0,0,0,0,0,0,0,0,0,0,0,0
"C2094","5","621910","48","0","2020","A","N","El Centro, CA MSA","Private","NAICS 621910 Ambulance services","MSA, NAICS 6-digit -- by ownership sector","All establishment sizes",4,0,0,0,0,0,0,"N",0.94,0,0,0,0,0,0,"N",-1,-20.0,0,0,0,0,0,0,0,0,0,0,0,0
"C2094","5","62199","47","0","2020","A","N","El Centro, CA MSA","Private","NAICS 62199 All other ambulatory health care services","MSA, NAICS 5-digit -- by ownership sector","All establishment sizes",3,0,0,0,0,0,0,"N",0.39,0,0,0,0,0,0,"N",2,200.0,0,0,0,0,0,0,0,0,0,0,0,0
"C2094","5","621991","48","0","2020","A","N","El Centro, CA MSA","Private","NAICS 621991 Blood and organ banks","MSA, NAICS 6-digit -- by ownership sector","All establishment sizes",2,0,0,0,0,0,0,"N",1.22,0,0,0,0,0,0,"N",1,100.0,0,0,0,0,0,0,0,0,0,0,0,0
"C2094","5","621999","48","0","2020","A","N","El Centro, CA MSA","Private","NAICS 621999 Miscellaneous ambulatory health care services","MSA, NAICS 6-digit -- by ownership sector","All establishment sizes",1,0,0,0,0,0,0,"N",0.16,0,0,0,0,0,0,"N",1,100.0,0,0,0,0,0,0,0,0,0,0,0,0
"C2094","5","622","45","0","2020","A","N","El Centro, CA MSA","Private","NAICS 622 Hospitals","MSA, NAICS 3-digit -- by ownership sector","All establishment sizes",2,0,0,0,0,0,0,"N",0.23,0,0,0,0,0,0,"N",2,100.0,0,0,0,0,0,0,0,0,0,0,0,0
"C2094","5","6222","46","0","2020","A","N","El Centro, CA MSA","Private","NAICS 6222 Psychiatric and substance abuse hospitals","MSA, NAICS 4-digit -- by ownership sector","All establishment sizes",2,0,0,0,0,0,0,"N",1.97,0,0,0,0,0,0,"N",2,100.0,0,0,0,0,0,0,0,0,0,0,0,0
"C2094","5","62221","47","0","2020","A","N","El Centro, CA MSA","Private","NAICS 62221 Psychiatric and substance abuse hospitals","MSA, NAICS 5-digit -- by ownership sector","All establishment sizes",2,0,0,0,0,0,0,"N",1.97,0,0,0,0,0,0,"N",2,100.0,0,0,0,0,0,0,0,0,0,0,0,0
"C2094","5","622210","48","0","2020","A","N","El Centro, CA MSA","Private","NAICS 622210 Psychiatric and substance abuse hospitals","MSA, NAICS 6-digit -- by ownership sector","All establishment sizes",2,0,0,0,0,0,0,"N",1.97,0,0,0,0,0,0,"N",2,100.0,0,0,0,0,0,0,0,0,0,0,0,0
"C2094","5","623","45","0","2020","A","N","El Centro, CA MSA","Private","NAICS 623 Nursing and residential care facilities","MSA, NAICS 3-digit -- by ownership sector","All establishment sizes",19,0,0,0,0,0,0,"N",0.29,0,0,0,0,0,0,"N",2,11.8,0,0,0,0,0,0,0,0,0,0,0,0
"C2094","5","6231","46","0","2020","A","","El Centro, CA MSA","Private","NAICS 6231 Nursing care facilities, skilled nursing","MSA, NAICS 4-digit -- by ownership sector","All establishment sizes",4,294,8037949,2589449,116580,526,27371,"",0.28,0.46,0.44,0.58,0.70,0.96,0.96,"",0,0.0,-17,-5.5,667646,9.1,75140,3.0,3001,2.6,70,15.4,3640,15.3
"C2094","5","62311","47","0","2020","A","","El Centro, CA MSA","Private","NAICS 62311 Nursing care facilities, skilled nursing","MSA, NAICS 5-digit -- by ownership sector","All establishment sizes",4,294,8037949,2589449,116580,526,27371,"",0.28,0.46,0.44,0.58,0.70,0.96,0.96,"",0,0.0,-17,-5.5,667646,9.1,75140,3.0,3001,2.6,70,15.4,3640,15.3
"C2094","5","623110","48","0","2020","A","","El Centro, CA MSA","Private","NAICS 623110 Nursing care facilities, skilled nursing","MSA, NAICS 6-digit -- by ownership sector","All establishment sizes",4,294,8037949,2589449,116580,526,27371,"",0.28,0.46,0.44,0.58,0.70,0.96,0.96,"",0,0.0,-17,-5.5,667646,9.1,75140,3.0,3001,2.6,70,15.4,3640,15.3
"C2094","5","6232","46","0","2020","A","","El Centro, CA MSA","Private","NAICS 6232 Residential mental health facilities","MSA, NAICS 4-digit -- by ownership sector","All establishment sizes",4,21,598302,136526,5618,552,28718,"",0.17,0.08,0.08,0.11,0.11,1.09,1.09,"N",0,0.0,0,0,0,0,0,0,0,0,0,0,0,0
"C2094","5","62321","47","0","2020","A","","El Centro, CA MSA","Private","NAICS 62321 Residential developmental disability homes","MSA, NAICS 5-digit -- by ownership sector","All establishment sizes",4,21,598302,136526,5618,552,28718,"",0.23,0.12,0.14,0.19,0.23,1.18,1.18,"N",0,0.0,0,0,0,0,0,0,0,0,0,0,0,0
"C2094","5","623210","48","0","2020","A","","El Centro, CA MSA","Private","NAICS 623210 Residential developmental disability homes","MSA, NAICS 6-digit -- by ownership sector","All establishment sizes",4,21,598302,136526,5618,552,28718,"",0.23,0.12,0.14,0.19,0.23,1.18,1.18,"N",0,0.0,0,0,0,0,0,0,0,0,0,0,0,0
"C2094","5","6233","46","0","2020","A","","El Centro, CA MSA","Private","NAICS 6233 Continuing care, assisted living facilities","MSA, NAICS 4-digit -- by ownership sector","All establishment sizes",8,110,2418628,1086729,47517,422,21954,"",0.37,0.27,0.26,0.41,0.45,0.94,0.94,"",2,33.3,7,6.8,293448,13.8,159851,17.2,10426,28.1,26,6.6,1355,6.6
"C2094","5","62331","47","0","2020","A","","El Centro, CA MSA","Private","NAICS 62331 Continuing care, assisted living facilities","MSA, NAICS 5-digit -- by ownership sector","All establishment sizes",8,110,2418628,1086729,47517,422,21954,"",0.37,0.27,0.26,0.41,0.45,0.94,0.94,"",2,33.3,7,6.8,293448,13.8,159851,17.2,10426,28.1,26,6.6,1355,6.6
"C2094","5","623312","48","0","2020","A","","El Centro, CA MSA","Private","NAICS 623312 Assisted living facilities for the elderly","MSA, NAICS 6-digit -- by ownership sector","All establishment sizes",8,110,2418628,1086729,47517,422,21954,"",0.50,0.57,0.57,0.72,0.73,1.01,1.01,"",2,33.3,7,6.8,293448,13.8,159851,17.2,10426,28.1,26,6.6,1355,6.6
"C2094","5","6239","46","0","2020","A","N","El Centro, CA MSA","Private","NAICS 6239 Other residential care facilities","MSA, NAICS 4-digit -- by ownership sector","All establishment sizes",3,0,0,0,0,0,0,"N",0.57,0,0,0,0,0,0,"N",0,0.0,0,0,0,0,0,0,0,0,0,0,0,0
"C2094","5","62399","47","0","2020","A","N","El Centro, CA MSA","Private","NAICS 62399 Other residential care facilities","MSA, NAICS 5-digit -- by ownership sector","All establishment sizes",3,0,0,0,0,0,0,"N",0.57,0,0,0,0,0,0,"N",0,0.0,0,0,0,0,0,0,0,0,0,0,0,0
"C2094","5","623990","48","0","2020","A","N","El Centro, CA MSA","Private","NAICS 623990 Other residential care facilities","MSA, NAICS 6-digit -- by ownership sector","All establishment sizes",3,0,0,0,0,0,0,"N",0.57,0,0,0,0,0,0,"N",0,0.0,0,0,0,0,0,0,0,0,0,0,0,0
"C2094","5","624","45","0","2020","A","","El Centro, CA MSA","Private","NAICS 624 Social assistance","MSA, NAICS 3-digit -- by ownership sector","All establishment sizes",5225,6236,97440089,42594729,1567486,300,15625,"",6.55,3.72,2.96,4.38,3.07,0.79,0.80,"",264,5.3,82,1.3,12837354,15.2,4476663,11.7,131090,9.1,36,13.6,1878,13.7
"C2094","5","6241","46","0","2020","A","","El Centro, CA MSA","Private","NAICS 6241 Individual and family services","MSA, NAICS 4-digit -- by ownership sector","All establishment sizes",5180,5745,81865293,40891144,1473133,274,14250,"",7.17,5.06,3.84,6.38,4.12,0.76,0.76,"N",255,5.2,0,0,0,0,0,0,0,0,0,0,0,0
"C2094","5","62411","47","0","2020","A","N","El Centro, CA MSA","Private","NAICS 62411 Child and youth services","MSA, NAICS 5-digit -- by ownership sector","All establishment sizes",3,0,0,0,0,0,0,"N",0.32,0,0,0,0,0,0,"N",0,0.0,0,0,0,0,0,0,0,0,0,0,0,0
"C2094","5","624110","48","0","2020","A","N","El Centro, CA MSA","Private","NAICS 624110 Child and youth services","MSA, NAICS 6-digit -- by ownership sector","All establishment sizes",3,0,0,0,0,0,0,"N",0.32,0,0,0,0,0,0,"N",0,0.0,0,0,0,0,0,0,0,0,0,0,0,0
"C2094","5","62412","47","0","2020","A","N","El Centro, CA MSA","Private","NAICS 62412 Services for the elderly and disabled","MSA, NAICS 5-digit -- by ownership sector","All establishment sizes",5165,0,0,0,0,0,0,"N",7.52,0,0,0,0,0,0,"N",254,5.2,0,0,0,0,0,0,0,0,0,0,0,0
"C2094","5","624120","48","0","2020","A","N","El Centro, CA MSA","Private","NAICS 624120 Services for the elderly and disabled","MSA, NAICS 6-digit -- by ownership sector","All establishment sizes",5165,0,0,0,0,0,0,"N",7.52,0,0,0,0,0,0,"N",254,5.2,0,0,0,0,0,0,0,0,0,0,0,0
"C2094","5","62419","47","0","2020","A","","El Centro, CA MSA","Private","NAICS 62419 Other individual and family services","MSA, NAICS 5-digit -- by ownership sector","All establishment sizes",12,73,2824726,710973,28860,748,38872,"",0.46,0.39,0.51,0.70,0.48,1.31,1.31,"",1,9.1,4,5.8,490695,21.0,118580,20.0,2870,11.0,97,14.9,5005,14.8
"C2094","5","624190","48","0","2020","A","","El Centro, CA MSA","Private","NAICS 624190 Other individual and family services","MSA, NAICS 6-digit -- by ownership sector","All establishment sizes",12,73,2824726,710973,28860,748,38872,"",0.46,0.39,0.51,0.70,0.48,1.31,1.31,"",1,9.1,4,5.8,490695,21.0,118580,20.0,2870,11.0,97,14.9,5005,14.8
"C2094","5","6242","46","0","2020","A","","El Centro, CA MSA","Private","NAICS 6242 Emergency and other relief services","MSA, NAICS 4-digit -- by ownership sector","All establishment sizes",8,22,1900462,166064,8978,1643,85414,"",0.83,0.27,0.74,0.40,0.37,2.68,2.68,"",3,60.0,4,22.2,214716,12.7,135696,446.8,7757,635.3,-141,-7.9,-7379,-8.0
"C2094","5","62421","47","0","2020","A","N","El Centro, CA MSA","Private","NAICS 62421 Community food services","MSA, NAICS 5-digit -- by ownership sector","All establishment sizes",5,0,0,0,0,0,0,"N",1.86,0,0,0,0,0,0,"N",3,150.0,0,0,0,0,0,0,0,0,0,0,0,0
"C2094","5","624210","48","0","2020","A","N","El Centro, CA MSA","Private","NAICS 624210 Community food services","MSA, NAICS 6-digit -- by ownership sector","All establishment sizes",5,0,0,0,0,0,0,"N",1.86,0,0,0,0,0,0,"N",3,150.0,0,0,0,0,0,0,0,0,0,0,0,0
"C2094","5","62422","47","0","2020","A","N","El Centro, CA MSA","Private","NAICS 62422 Community housing services","MSA, NAICS 5-digit -- by ownership sector","All establishment sizes",1,0,0,0,0,0,0,"N",0.19,0,0,0,0,0,0,"N",0,0.0,0,0,0,0,0,0,0,0,0,0,0,0
"C2094","5","624221","48","0","2020","A","N","El Centro, CA MSA","Private","NAICS 624221 Temporary shelters","MSA, NAICS 6-digit -- by ownership sector","All establishment sizes",1,0,0,0,0,0,0,"N",0.34,0,0,0,0,0,0,"N",0,0.0,0,0,0,0,0,0,0,0,0,0,0,0
"C2094","5","62423","47","0","2020","A","N","El Centro, CA MSA","Private","NAICS 62423 Emergency and other relief services","MSA, NAICS 5-digit -- by ownership sector","All establishment sizes",2,0,0,0,0,0,0,"N",1.23,0,0,0,0,0,0,"N",0,0.0,0,0,0,0,0,0,0,0,0,0,0,0
"C2094","5","624230","48","0","2020","A","N","El Centro, CA MSA","Private","NAICS 624230 Emergency and other relief services","MSA, NAICS 6-digit -- by ownership sector","All establishment sizes",2,0,0,0,0,0,0,"N",1.23,0,0,0,0,0,0,"N",0,0.0,0,0,0,0,0,0,0,0,0,0,0,0
"C2094","5","6243","46","0","2020","A","","El Centro, CA MSA","Private","NAICS 6243 Vocational rehabilitation services","MSA, NAICS 4-digit -- by ownership sector","All establishment sizes",4,321,8983722,35000,1155,539,28023,"",0.54,2.65,3.23,0.08,0.06,1.22,1.22,"N",0,0.0,0,0,0,0,0,0,0,0,0,0,0,0
"C2094","5","62431","47","0","2020","A","","El Centro, CA MSA","Private","NAICS 62431 Vocational rehabilitation services","MSA, NAICS 5-digit -- by ownership sector","All establishment sizes",4,321,8983722,35000,1155,539,28023,"",0.54,2.65,3.23,0.08,0.06,1.22,1.22,"N",0,0.0,0,0,0,0,0,0,0,0,0,0,0,0
"C2094","5","624310","48","0","2020","A","","El Centro, CA MSA","Private","NAICS 624310 Vocational rehabilitation services","MSA, NAICS 6-digit -- by ownership sector","All establishment sizes",4,321,8983722,35000,1155,539,28023,"",0.54,2.65,3.23,0.08,0.06,1.22,1.22,"N",0,0.0,0,0,0,0,0,0,0,0,0,0,0,0
"C2094","5","6244","46","0","2020","A","","El Centro, CA MSA","Private","NAICS 6244 Child day care services","MSA, NAICS 4-digit -- by ownership sector","All establishment sizes",33,149,4690612,1502521,84220,607,31569,"",0.57,0.44,0.75,0.61,0.78,1.71,1.71,"N",5,17.9,0,0,0,0,0,0,0,0,0,0,0,0
"C2094","5","62441","47","0","2020","A","","El Centro, CA MSA","Private","NAICS 62441 Child day care services","MSA, NAICS 5-digit -- by ownership sector","All establishment sizes",33,149,4690612,1502521,84220,607,31569,"",0.57,0.44,0.75,0.61,0.78,1.71,1.71,"N",5,17.9,0,0,0,0,0,0,0,0,0,0,0,0
"C2094","5","624410","48","0","2020","A","","El Centro, CA MSA","Private","NAICS 624410 Child day care services","MSA, NAICS 6-digit -- by ownership sector","All establishment sizes",33,149,4690612,1502521,84220,607,31569,"",0.57,0.44,0.75,0.61,0.78,1.71,1.71,"N",5,17.9,0,0,0,0,0,0,0,0,0,0,0,0
"C2094","5","71","44","0","2020","A","","El Centro, CA MSA","Private","NAICS 71 Arts, entertainment, and recreation","MSA, NAICS Sector -- by ownership sector","All establishment sizes",19,102,1968240,1089855,47974,371,19281,"",0.15,0.14,0.08,0.21,0.17,0.59,0.59,"",0,0.0,-87,-46.0,-1282998,-39.5,-462386,-29.8,-24848,-34.1,39,11.7,2041,11.8
"C2094","5","711","45","0","2020","A","N","El Centro, CA MSA","Private","NAICS 711 Performing arts and spectator sports","MSA, NAICS 3-digit -- by ownership sector","All establishment sizes",1,0,0,0,0,0,0,"N",0.02,0,0,0,0,0,0,"N",0,0.0,0,0,0,0,0,0,0,0,0,0,0,0
"C2094","5","7115","46","0","2020","A","N","El Centro, CA MSA","Private","NAICS 7115 Independent artists, writers, and performers","MSA, NAICS 4-digit -- by ownership sector","All establishment sizes",1,0,0,0,0,0,0,"N",0.04,0,0,0,0,0,0,"N",0,0.0,0,0,0,0,0,0,0,0,0,0,0,0
"C2094","5","71151","47","0","2020","A","N","El Centro, CA MSA","Private","NAICS 71151 Independent artists, writers, and performers","MSA, NAICS 5-digit -- by ownership sector","All establishment sizes",1,0,0,0,0,0,0,"N",0.04,0,0,0,0,0,0,"N",0,0.0,0,0,0,0,0,0,0,0,0,0,0,0
"C2094","5","711510","48","0","2020","A","N","El Centro, CA MSA","Private","NAICS 711510 Independent artists, writers, and performers","MSA, NAICS 6-digit -- by ownership sector","All establishment sizes",1,0,0,0,0,0,0,"N",0.04,0,0,0,0,0,0,"N",0,0.0,0,0,0,0,0,0,0,0,0,0,0,0
"C2094","5","712","45","0","2020","A","N","El Centro, CA MSA","Private","NAICS 712 Museums, historical sites, zoos, and parks","MSA, NAICS 3-digit -- by ownership sector","All establishment sizes",2,0,0,0,0,0,0,"N",0.37,0,0,0,0,0,0,"N",0,0.0,0,0,0,0,0,0,0,0,0,0,0,0
"C2094","5","7121","46","0","2020","A","N","El Centro, CA MSA","Private","NAICS 7121 Museums, historical sites, zoos, and parks","MSA, NAICS 4-digit -- by ownership sector","All establishment sizes",2,0,0,0,0,0,0,"N",0.37,0,0,0,0,0,0,"N",0,0.0,0,0,0,0,0,0,0,0,0,0,0,0
"C2094","5","71211","47","0","2020","A","N","El Centro, CA MSA","Private","NAICS 71211 Museums","MSA, NAICS 5-digit -- by ownership sector","All establishment sizes",2,0,0,0,0,0,0,"N",0.55,0,0,0,0,0,0,"N",0,0.0,0,0,0,0,0,0,0,0,0,0,0,0
"C2094","5","712110","48","0","2020","A","N","El Centro, CA MSA","Private","NAICS 712110 Museums","MSA, NAICS 6-digit -- by ownership sector","All establishment sizes",2,0,0,0,0,0,0,"N",0.55,0,0,0,0,0,0,"N",0,0.0,0,0,0,0,0,0,0,0,0,0,0,0
"C2094","5","713","45","0","2020","A","","El Centro, CA MSA","Private","NAICS 713 Amusements, gambling, and recreation","MSA, NAICS 3-digit -- by ownership sector","All establishment sizes",16,90,1762855,1010438,45511,375,19497,"",0.23,0.16,0.17,0.27,0.22,1.04,1.04,"",0,0.0,-87,-49.2,-1290042,-42.3,-454674,-31.0,-23784,-34.3,44,13.3,2281,13.2
"C2094","5","7131","46","0","2020","A","N","El Centro, CA MSA","Private","NAICS 7131 Amusement parks and arcades","MSA, NAICS 4-digit -- by ownership sector","All establishment sizes",1,0,0,0,0,0,0,"N",0.34,0,0,0,0,0,0,"N",0,0.0,0,0,0,0,0,0,0,0,0,0,0,0
"C2094","5","71312","47","0","2020","A","N","El Centro, CA MSA","Private","NAICS 71312 Amusement arcades","MSA, NAICS 5-digit -- by ownership sector","All establishment sizes",1,0,0,0,0,0,0,"N",0.49,0,0,0,0,0,0,"N",0,0.0,0,0,0,0,0,0,0,0,0,0,0,0
"C2094","5","713120","48","0","2020","A","N","El Centro, CA MSA","Private","NAICS 713120 Amusement arcades","MSA, NAICS 6-digit -- by ownership sector","All establishment sizes",1,0,0,0,0,0,0,"N",0.49,0,0,0,0,0,0,"N",0,0.0,0,0,0,0,0,0,0,0,0,0,0,0
"C2094","5","7139","46","0","2020","A","N","El Centro, CA MSA","Private","NAICS 7139 Other amusement and recreation industries","MSA, NAICS 4-digit -- by ownership sector","All establishment sizes",15,0,0,0,0,0,0,"N",0.24,0,0,0,0,0,0,"N",0,0.0,0,0,0,0,0,0,0,0,0,0,0,0
"C2094","5","71391","47","0","2020","A","N","El Centro, CA MSA","Private","NAICS 71391 Golf courses and country clubs","MSA, NAICS 5-digit -- by ownership sector","All establishment sizes",1,0,0,0,0,0,0,"N",0.12,0,0,0,0,0,0,"N",0,0.0,0,0,0,0,0,0,0,0,0,0,0,0
"C2094","5","713910","48","0","2020","A","N","El Centro, CA MSA","Private","NAICS 713910 Golf courses and country clubs","MSA, NAICS 6-digit -- by ownership sector","All establishment sizes",1,0,0,0,0,0,0,"N",0.12,0,0,0,0,0,0,"N",0,0.0,0,0,0,0,0,0,0,0,0,0,0,0
"C2094","5","71394","47","0","2020","A","","El Centro, CA MSA","Private","NAICS 71394 Fitness and recreational sports centers","MSA, NAICS 5-digit -- by ownership sector","All establishment sizes",12,44,832271,513528,18762,367,19096,"",0.38,0.22,0.30,0.47,0.39,1.38,1.38,"",0,0.0,-56,-56.0,-738862,-47.0,-291932,-36.2,-14052,-42.8,65,21.5,3385,21.5
"C2094","5","713940","48","0","2020","A","","El Centro, CA MSA","Private","NAICS 713940 Fitness and recreational sports centers","MSA, NAICS 6-digit -- by ownership sector","All establishment sizes",12,44,832271,513528,18762,367,19096,"",0.38,0.22,0.30,0.47,0.39,1.38,1.38,"",0,0.0,-56,-56.0,-738862,-47.0,-291932,-36.2,-14052,-42.8,65,21.5,3385,21.5
"C2094","5","71399","47","0","2020","A","N","El Centro, CA MSA","Private","NAICS 71399 All other amusement and recreation industries","MSA, NAICS 5-digit -- by ownership sector","All establishment sizes",2,0,0,0,0,0,0,"N",0.12,0,0,0,0,0,0,"N",0,0.0,0,0,0,0,0,0,0,0,0,0,0,0
"C2094","5","713990","48","0","2020","A","N","El Centro, CA MSA","Private","NAICS 713990 All other amusement and recreation industries","MSA, NAICS 6-digit -- by ownership sector","All establishment sizes",2,0,0,0,0,0,0,"N",0.12,0,0,0,0,0,0,"N",0,0.0,0,0,0,0,0,0,0,0,0,0,0,0
"C2094","5","72","44","0","2020","A","","El Centro, CA MSA","Private","NAICS 72 Accommodation and food services","MSA, NAICS Sector -- by ownership sector","All establishment sizes",268,3302,67726879,30000163,1077378,394,20510,"",0.47,0.69,0.86,0.84,0.77,1.26,1.26,"",-9,-3.2,-884,-21.1,-14275995,-17.4,-4179487,-12.2,-175332,-14.0,17,4.5,922,4.7
"C2094","5","721","45","0","2020","A","","El Centro, CA MSA","Private","NAICS 721 Accommodation","MSA, NAICS 3-digit -- by ownership sector","All establishment sizes",35,272,6482046,2809663,119185,459,23875,"",0.61,0.45,0.42,0.48,0.44,0.94,0.94,"",-2,-5.4,-44,-13.9,-222930,-3.3,-226116,-7.4,-15047,-11.2,51,12.5,2646,12.5
"C2094","5","7211","46","0","2020","A","","El Centro, CA MSA","Private","NAICS 7211 Traveler accommodation","MSA, NAICS 4-digit -- by ownership sector","All establishment sizes",25,190,4371695,1973971,84692,442,22979,"",0.51,0.33,0.30,0.35,0.33,0.90,0.90,"",-1,-3.8,-40,-17.4,-484762,-10.0,-197038,-9.1,-15371,-15.4,36,8.9,1872,8.9
"C2094","5","72111","47","0","2020","A","","El Centro, CA MSA","Private","NAICS 72111 Hotels and motels, except casino hotels","MSA, NAICS 5-digit -- by ownership sector","All establishment sizes",25,190,4371695,1973971,84692,442,22979,"",0.55,0.39,0.40,0.46,0.41,1.02,1.02,"",-1,-3.8,-40,-17.4,-484762,-10.0,-197038,-9.1,-15371,-15.4,36,8.9,1872,8.9
"C2094","5","721110","48","0","2020","A","","El Centro, CA MSA","Private","NAICS 721110 Hotels and motels, except casino hotels","MSA, NAICS 6-digit -- by ownership sector","All establishment sizes",25,190,4371695,1973971,84692,442,22979,"",0.55,0.39,0.40,0.46,0.41,1.02,1.02,"",-1,-3.8,-40,-17.4,-484762,-10.0,-197038,-9.1,-15371,-15.4,36,8.9,1872,8.9
"C2094","5","7212","46","0","2020","A","","El Centro, CA MSA","Private","NAICS 7212 Rv parks and recreational camps","MSA, NAICS 4-digit -- by ownership sector","All establishment sizes",11,81,2110351,835692,34493,499,25974,"",1.79,3.41,4.29,4.71,3.20,1.25,1.26,"",0,0.0,-5,-5.8,261832,14.2,-29078,-3.4,324,0.9,84,20.2,4417,20.5
"C2094","5","72121","47","0","2020","A","","El Centro, CA MSA","Private","NAICS 72121 Rv parks and recreational camps","MSA, NAICS 5-digit -- by ownership sector","All establishment sizes",11,81,2110351,835692,34493,499,25974,"",1.79,3.41,4.29,4.71,3.20,1.25,1.26,"",0,0.0,-5,-5.8,261832,14.2,-29078,-3.4,324,0.9,84,20.2,4417,20.5
"C2094","5","721211","48","0","2020","A","N","El Centro, CA MSA","Private","NAICS 721211 Rv parks and campgrounds","MSA, NAICS 6-digit -- by ownership sector","All establishment sizes",10,0,0,0,0,0,0,"N",2.63,0,0,0,0,0,0,"N",0,0.0,0,0,0,0,0,0,0,0,0,0,0,0
"C2094","5","721214","48","0","2020","A","N","El Centro, CA MSA","Private","NAICS 721214 Recreational and vacation camps","MSA, NAICS 6-digit -- by ownership sector","All establishment sizes",1,0,0,0,0,0,0,"N",0.43,0,0,0,0,0,0,"N",0,0.0,0,0,0,0,0,0,0,0,0,0,0,0
"C2094","5","722","45","0","2020","A","","El Centro, CA MSA","Private","NAICS 722 Food services and drinking places","MSA, NAICS 3-digit -- by ownership sector","All establishment sizes",233,3031,61244833,27190500,958193,389,20208,"",0.46,0.72,0.97,0.91,0.85,1.35,1.35,"",-7,-2.9,-840,-21.7,-14053065,-18.7,-3953371,-12.7,-160285,-14.3,15,4.0,754,3.9
"C2094","5","7223","46","0","2020","A","","El Centro, CA MSA","Private","NAICS 7223 Special food services","MSA, NAICS 4-digit -- by ownership sector","All establishment sizes",5,7,240598,94871,4741,653,33967,"",0.15,0.03,0.05,0.06,0.03,1.54,1.54,"",0,0.0,-4,-36.4,-118089,-32.9,-15098,-13.7,-1083,-18.6,1,0.2,75,0.2
"C2094","5","72231","47","0","2020","A","N","El Centro, CA MSA","Private","NAICS 72231 Food service contractors","MSA, NAICS 5-digit -- by ownership sector","All establishment sizes",3,0,0,0,0,0,0,"N",0.17,0,0,0,0,0,0,"N",0,0.0,0,0,0,0,0,0,0,0,0,0,0,0
"C2094","5","722310","48","0","2020","A","N","El Centro, CA MSA","Private","NAICS 722310 Food service contractors","MSA, NAICS 6-digit -- by ownership sector","All establishment sizes",3,0,0,0,0,0,0,"N",0.17,0,0,0,0,0,0,"N",0,0.0,0,0,0,0,0,0,0,0,0,0,0,0
"C2094","5","72232","47","0","2020","A","N","El Centro, CA MSA","Private","NAICS 72232 Caterers","MSA, NAICS 5-digit -- by ownership sector","All establishment sizes",2,0,0,0,0,0,0,"N",0.20,0,0,0,0,0,0,"N",0,0.0,0,0,0,0,0,0,0,0,0,0,0,0
"C2094","5","722320","48","0","2020","A","N","El Centro, CA MSA","Private","NAICS 722320 Caterers","MSA, NAICS 6-digit -- by ownership sector","All establishment sizes",2,0,0,0,0,0,0,"N",0.20,0,0,0,0,0,0,"N",0,0.0,0,0,0,0,0,0,0,0,0,0,0,0
"C2094","5","7224","46","0","2020","A","","El Centro, CA MSA","Private","NAICS 7224 Drinking places, alcoholic beverages","MSA, NAICS 4-digit -- by ownership sector","All establishment sizes",8,12,81870,79786,3492,135,7017,"",0.24,0.10,0.05,0.09,0.10,0.50,0.50,"",0,0.0,-31,-72.1,-611267,-88.2,-296422,-78.8,-17030,-83.0,-173,-56.2,-8978,-56.1
"C2094","5","72241","47","0","2020","A","","El Centro, CA MSA","Private","NAICS 72241 Drinking places, alcoholic beverages","MSA, NAICS 5-digit -- by ownership sector","All establishment sizes",8,12,81870,79786,3492,135,7017,"",0.24,0.10,0.05,0.09,0.10,0.50,0.50,"",0,0.0,-31,-72.1,-611267,-88.2,-296422,-78.8,-17030,-83.0,-173,-56.2,-8978,-56.1
"C2094","5","722410","48","0","2020","A","","El Centro, CA MSA","Private","NAICS 722410 Drinking places, alcoholic beverages","MSA, NAICS 6-digit -- by ownership sector","All establishment sizes",8,12,81870,79786,3492,135,7017,"",0.24,0.10,0.05,0.09,0.10,0.50,0.50,"",0,0.0,-31,-72.1,-611267,-88.2,-296422,-78.8,-17030,-83.0,-173,-56.2,-8978,-56.1
"C2094","5","7225","46","0","2020","A","","El Centro, CA MSA","Private","NAICS 7225 Restaurants and other eating places","MSA, NAICS 4-digit -- by ownership sector","All establishment sizes",220,3012,60922365,27015843,949960,389,20227,"",0.49,0.78,1.07,1.00,1.00,1.38,1.38,"",-7,-3.1,-805,-21.1,-13323709,-17.9,-3641851,-11.9,-142172,-13.0,15,4.0,773,4.0
"C2094","5","72251","47","0","2020","A","","El Centro, CA MSA","Private","NAICS 72251 Restaurants and other eating places","MSA, NAICS 5-digit -- by ownership sector","All establishment sizes",220,3012,60922365,27015843,949960,389,20227,"",0.49,0.78,1.07,1.00,1.00,1.38,1.38,"",-7,-3.1,-805,-21.1,-13323709,-17.9,-3641851,-11.9,-142172,-13.0,15,4.0,773,4.0
"C2094","5","722511","48","0","2020","A","","El Centro, CA MSA","Private","NAICS 722511 Full-service restaurants","MSA, NAICS 6-digit -- by ownership sector","All establishment sizes",75,802,17740705,8721669,302995,426,22132,"",0.39,0.46,0.62,0.65,0.62,1.36,1.35,"",-7,-8.5,-605,-43.0,-12992810,-42.3,-3340455,-27.7,-131316,-30.2,6,1.4,285,1.3
"C2094","5","722513","48","0","2020","A","","El Centro, CA MSA","Private","NAICS 722513 Limited-service restaurants","MSA, NAICS 6-digit -- by ownership sector","All establishment sizes",113,1862,36382790,15249875,554005,376,19541,"",0.58,1.04,1.55,1.33,1.53,1.50,1.50,"",-1,-0.9,-157,-7.8,-19589,-0.1,53756,0.4,8212,1.5,29,8.4,1510,8.4
"C2094","5","722514","48","0","2020","A","N","El Centro, CA MSA","Private","NAICS 722514 Cafeterias, grill buffets, and buffets","MSA, NAICS 6-digit -- by ownership sector","All establishment sizes",0,0,0,0,0,0,0,"N",0.00,0,0,0,0,0,0,"N",-2,-100.0,0,0,0,0,0,0,0,0,0,0,0,0
"C2094","5","722515","48","0","2020","A","N","El Centro, CA MSA","Private","NAICS 722515 Snack and nonalcoholic beverage bars","MSA, NAICS 6-digit -- by ownership sector","All establishment sizes",32,0,0,0,0,0,0,"N",0.61,0,0,0,0,0,0,"N",2,6.7,0,0,0,0,0,0,0,0,0,0,0,0
"C2094","5","81","44","0","2020","A","","El Centro, CA MSA","Private","NAICS 81 Other services, except public administration","MSA, NAICS Sector -- by ownership sector","All establishment sizes",205,813,28501882,7107924,332819,674,35068,"",0.32,0.47,0.53,0.55,0.57,1.11,1.11,"",6,3.0,-118,-12.7,-1834336,-6.0,-609140,-7.9,-40271,-10.8,47,7.5,2475,7.6
"C2094","5","811","45","0","2020","A","","El Centro, CA MSA","Private","NAICS 811 Repair and maintenance","MSA, NAICS 3-digit -- by ownership sector","All establishment sizes",75,402,17293482,3881180,209463,828,43036,"",0.41,0.73,0.90,0.79,0.94,1.23,1.23,"",5,7.1,-28,-6.5,-787242,-4.4,-52853,-1.3,-5905,-2.7,20,2.5,1004,2.4
"C2094","5","8111","46","0","2020","A","","El Centro, CA MSA","Private","NAICS 8111 Automotive repair and maintenance","MSA, NAICS 4-digit -- by ownership sector","All establishment sizes",59,233,8574174,2217147,112069,706,36733,"",0.46,0.60,0.72,0.65,0.82,1.19,1.19,"",5,9.3,-10,-4.1,-259422,-2.9,54444,2.5,2553,2.3,8,1.1,443,1.2
"C2094","5","81111","47","0","2020","A","","El Centro, CA MSA","Private","NAICS 81111 Automotive mechanical and electrical repair","MSA, NAICS 5-digit -- by ownership sector","All establishment sizes",33,103,3742461,1067918,55789,702,36482,"",0.45,0.61,0.67,0.69,0.92,1.11,1.11,"",2,6.5,-7,-6.4,121035,3.3,-33283,-3.0,1440,2.6,70,11.1,3635,11.1
"C2094","5","811111","48","0","2020","A","","El Centro, CA MSA","Private","NAICS 811111 General automotive repair","MSA, NAICS 6-digit -- by ownership sector","All establishment sizes",28,95,3543899,1009326,53506,718,37337,"",0.44,0.63,0.72,0.74,0.99,1.13,1.13,"",2,7.7,-10,-9.5,90681,2.6,-42875,-4.1,1593,3.1,83,13.1,4318,13.1
"C2094","5","811113","48","0","2020","A","N","El Centro, CA MSA","Private","NAICS 811113 Automotive transmission repair","MSA, NAICS 6-digit -- by ownership sector","All establishment sizes",2,0,0,0,0,0,0,"N",0.66,0,0,0,0,0,0,"N",0,0.0,0,0,0,0,0,0,0,0,0,0,0,0
"C2094","5","811118","48","0","2020","A","N","El Centro, CA MSA","Private","NAICS 811118 Other automotive mechanical and elec. repair","MSA, NAICS 6-digit -- by ownership sector","All establishment sizes",3,0,0,0,0,0,0,"N",0.76,0,0,0,0,0,0,"N",0,0.0,0,0,0,0,0,0,0,0,0,0,0,0
"C2094","5","81112","47","0","2020","A","","El Centro, CA MSA","Private","NAICS 81112 Automotive body, interior, and glass repair","MSA, NAICS 5-digit -- by ownership sector","All establishment sizes",11,90,3718926,739458,37314,792,41207,"",0.34,0.80,0.88,0.70,0.81,1.10,1.10,"",0,0.0,-6,-6.2,-512351,-12.1,-8892,-1.2,-2042,-5.2,-59,-6.9,-3022,-6.8
"C2094","5","811121","48","0","2020","A","N","El Centro, CA MSA","Private","NAICS 811121 Automotive body and interior repair","MSA, NAICS 6-digit -- by ownership sector","All establishment sizes",9,0,0,0,0,0,0,"N",0.33,0,0,0,0,0,0,"N",0,0.0,0,0,0,0,0,0,0,0,0,0,0,0
"C2094","5","811122","48","0","2020","A","N","El Centro, CA MSA","Private","NAICS 811122 Automotive glass replacement shops","MSA, NAICS 6-digit -- by ownership sector","All establishment sizes",2,0,0,0,0,0,0,"N",0.42,0,0,0,0,0,0,"N",1,100.0,0,0,0,0,0,0,0,0,0,0,0,0
"C2094","5","81119","47","0","2020","A","","El Centro, CA MSA","Private","NAICS 81119 Other automotive repair and maintenance","MSA, NAICS 5-digit -- by ownership sector","All establishment sizes",15,41,1112787,409771,18966,527,27420,"",0.64,0.40,0.52,0.51,0.62,1.33,1.33,"",2,15.4,3,7.9,131894,13.4,96619,30.9,3155,20.0,24,4.8,1263,4.8
"C2094","5","811191","48","0","2020","A","N","El Centro, CA MSA","Private","NAICS 811191 Automotive oil change and lubrication shops","MSA, NAICS 6-digit -- by ownership sector","All establishment sizes",4,0,0,0,0,0,0,"N",0.70,0,0,0,0,0,0,"N",0,0.0,0,0,0,0,0,0,0,0,0,0,0,0
"C2094","5","811192","48","0","2020","A","N","El Centro, CA MSA","Private","NAICS 811192 Car washes","MSA, NAICS 6-digit -- by ownership sector","All establishment sizes",4,0,0,0,0,0,0,"N",0.31,0,0,0,0,0,0,"N",2,100.0,0,0,0,0,0,0,0,0,0,0,0,0
"C2094","5","811198","48","0","2020","A","","El Centro, CA MSA","Private","NAICS 811198 All other automotive repair and maintenance","MSA, NAICS 6-digit -- by ownership sector","All establishment sizes",7,17,441297,174512,8614,512,26611,"",1.48,1.59,1.37,1.98,1.97,0.88,0.88,"",0,0.0,1,6.2,43597,11.0,33476,23.7,985,12.9,21,4.3,1090,4.3
"C2094","5","8112","46","0","2020","A","N","El Centro, CA MSA","Private","NAICS 8112 Electronic equipment repair and maintenance","MSA, NAICS 4-digit -- by ownership sector","All establishment sizes",2,0,0,0,0,0,0,"N",0.16,0,0,0,0,0,0,"N",0,0.0,0,0,0,0,0,0,0,0,0,0,0,0
"C2094","5","81121","47","0","2020","A","N","El Centro, CA MSA","Private","NAICS 81121 Electronic equipment repair and maintenance","MSA, NAICS 5-digit -- by ownership sector","All establishment sizes",2,0,0,0,0,0,0,"N",0.16,0,0,0,0,0,0,"N",0,0.0,0,0,0,0,0,0,0,0,0,0,0,0
"C2094","5","811212","48","0","2020","A","N","El Centro, CA MSA","Private","NAICS 811212 Computer and office machine repair","MSA, NAICS 6-digit -- by ownership sector","All establishment sizes",1,0,0,0,0,0,0,"N",0.19,0,0,0,0,0,0,"N",0,0.0,0,0,0,0,0,0,0,0,0,0,0,0
"C2094","5","811213","48","0","2020","A","N","El Centro, CA MSA","Private","NAICS 811213 Communication equipment repair","MSA, NAICS 6-digit -- by ownership sector","All establishment sizes",1,0,0,0,0,0,0,"N",0.65,0,0,0,0,0,0,"N",0,0.0,0,0,0,0,0,0,0,0,0,0,0,0
"C2094","5","8113","46","0","2020","A","","El Centro, CA MSA","Private","NAICS 8113 Commercial machinery repair and maintenance","MSA, NAICS 4-digit -- by ownership sector","All establishment sizes",10,157,8429001,1491530,90499,1032,53659,"",0.44,1.76,1.93,1.69,1.78,1.10,1.10,"",0,0.0,-14,-8.2,-485382,-5.4,-96979,-6.1,-5825,-6.0,29,2.9,1477,2.8
"C2094","5","81131","47","0","2020","A","","El Centro, CA MSA","Private","NAICS 81131 Commercial machinery repair and maintenance","MSA, NAICS 5-digit -- by ownership sector","All establishment sizes",10,157,8429001,1491530,90499,1032,53659,"",0.44,1.76,1.93,1.69,1.78,1.10,1.10,"",0,0.0,-14,-8.2,-485382,-5.4,-96979,-6.1,-5825,-6.0,29,2.9,1477,2.8
"C2094","5","811310","48","0","2020","A","","El Centro, CA MSA","Private","NAICS 811310 Commercial machinery repair and maintenance","MSA, NAICS 6-digit -- by ownership sector","All establishment sizes",10,157,8429001,1491530,90499,1032,53659,"",0.44,1.76,1.93,1.69,1.78,1.10,1.10,"",0,0.0,-14,-8.2,-485382,-5.4,-96979,-6.1,-5825,-6.0,29,2.9,1477,2.8
"C2094","5","8114","46","0","2020","A","N","El Centro, CA MSA","Private","NAICS 8114 Household goods repair and maintenance","MSA, NAICS 4-digit -- by ownership sector","All establishment sizes",4,0,0,0,0,0,0,"N",0.23,0,0,0,0,0,0,"N",0,0.0,0,0,0,0,0,0,0,0,0,0,0,0
"C2094","5","81141","47","0","2020","A","N","El Centro, CA MSA","Private","NAICS 81141 Home and garden equip. and appliance repair","MSA, NAICS 5-digit -- by ownership sector","All establishment sizes",2,0,0,0,0,0,0,"N",0.36,0,0,0,0,0,0,"N",0,0.0,0,0,0,0,0,0,0,0,0,0,0,0
"C2094","5","811412","48","0","2020","A","N","El Centro, CA MSA","Private","NAICS 811412 Appliance repair and maintenance","MSA, NAICS 6-digit -- by ownership sector","All establishment sizes",2,0,0,0,0,0,0,"N",0.49,0,0,0,0,0,0,"N",0,0.0,0,0,0,0,0,0,0,0,0,0,0,0
"C2094","5","81142","47","0","2020","A","N","El Centro, CA MSA","Private","NAICS 81142 Reupholstery and furniture repair","MSA, NAICS 5-digit -- by ownership sector","All establishment sizes",1,0,0,0,0,0,0,"N",0.35,0,0,0,0,0,0,"N",0,0.0,0,0,0,0,0,0,0,0,0,0,0,0
"C2094","5","811420","48","0","2020","A","N","El Centro, CA MSA","Private","NAICS 811420 Reupholstery and furniture repair","MSA, NAICS 6-digit -- by ownership sector","All establishment sizes",1,0,0,0,0,0,0,"N",0.35,0,0,0,0,0,0,"N",0,0.0,0,0,0,0,0,0,0,0,0,0,0,0
"C2094","5","81149","47","0","2020","A","N","El Centro, CA MSA","Private","NAICS 81149 Other household goods repair and maintenance","MSA, NAICS 5-digit -- by ownership sector","All establishment sizes",1,0,0,0,0,0,0,"N",0.12,0,0,0,0,0,0,"N",0,0.0,0,0,0,0,0,0,0,0,0,0,0,0
"C2094","5","811490","48","0","2020","A","N","El Centro, CA MSA","Private","NAICS 811490 Other household goods repair and maintenance","MSA, NAICS 6-digit -- by ownership sector","All establishment sizes",1,0,0,0,0,0,0,"N",0.12,0,0,0,0,0,0,"N",0,0.0,0,0,0,0,0,0,0,0,0,0,0,0
"C2094","5","812","45","0","2020","A","","El Centro, CA MSA","Private","NAICS 812 Personal and laundry services","MSA, NAICS 3-digit -- by ownership sector","All establishment sizes",50,183,5593759,1792291,63516,588,30567,"",0.27,0.34,0.47,0.42,0.37,1.39,1.39,"",-1,-2.0,-46,-20.1,-683241,-10.9,-241235,-11.9,-19295,-23.3,61,11.6,3176,11.6
"C2094","5","8121","46","0","2020","A","","El Centro, CA MSA","Private","NAICS 8121 Personal care services","MSA, NAICS 4-digit -- by ownership sector","All establishment sizes",24,69,1617857,742325,24758,454,23618,"",0.23,0.27,0.35,0.36,0.31,1.28,1.28,"",-2,-7.7,-33,-32.4,-710806,-30.5,-198175,-21.1,-14580,-37.1,16,3.7,862,3.8
"C2094","5","81211","47","0","2020","A","","El Centro, CA MSA","Private","NAICS 81211 Hair, nail, and skin care services","MSA, NAICS 5-digit -- by ownership sector","All establishment sizes",16,30,562405,355598,12591,367,19065,"",0.19,0.16,0.16,0.22,0.21,1.04,1.04,"",-1,-5.9,-22,-42.3,-554669,-49.7,-107287,-23.2,-5581,-30.7,-43,-10.5,-2280,-10.7
"C2094","5","812111","48","0","2020","A","N","El Centro, CA MSA","Private","NAICS 812111 Barber shops","MSA, NAICS 6-digit -- by ownership sector","All establishment sizes",1,0,0,0,0,0,0,"N",0.20,0,0,0,0,0,0,"N",0,0.0,0,0,0,0,0,0,0,0,0,0,0,0
"C2094","5","812112","48","0","2020","A","N","El Centro, CA MSA","Private","NAICS 812112 Beauty salons","MSA, NAICS 6-digit -- by ownership sector","All establishment sizes",7,0,0,0,0,0,0,"N",0.12,0,0,0,0,0,0,"N",-1,-12.5,0,0,0,0,0,0,0,0,0,0,0,0
"C2094","5","812113","48","0","2020","A","","El Centro, CA MSA","Private","NAICS 812113 Nail salons","MSA, NAICS 6-digit -- by ownership sector","All establishment sizes",8,17,327363,241351,7687,367,19070,"",0.36,0.41,0.55,0.73,0.47,1.32,1.32,"N",0,0.0,0,0,0,0,0,0,0,0,0,0,0,0
"C2094","5","81219","47","0","2020","A","","El Centro, CA MSA","Private","NAICS 81219 Other personal care services","MSA, NAICS 5-digit -- by ownership sector","All establishment sizes",8,39,1055452,386727,12167,520,27063,"",0.39,0.67,0.94,0.85,0.61,1.41,1.41,"",-1,-11.1,-11,-22.0,-156137,-12.9,-90888,-19.0,-8999,-42.5,54,11.6,2831,11.7
"C2094","5","812191","48","0","2020","A","N","El Centro, CA MSA","Private","NAICS 812191 Diet and weight reducing centers","MSA, NAICS 6-digit -- by ownership sector","All establishment sizes",2,0,0,0,0,0,0,"N",0.83,0,0,0,0,0,0,"N",0,0.0,0,0,0,0,0,0,0,0,0,0,0,0
"C2094","5","812199","48","0","2020","A","N","El Centro, CA MSA","Private","NAICS 812199 Other personal care services","MSA, NAICS 6-digit -- by ownership sector","All establishment sizes",6,0,0,0,0,0,0,"N",0.33,0,0,0,0,0,0,"N",-1,-14.3,0,0,0,0,0,0,0,0,0,0,0,0
"C2094","5","8122","46","0","2020","A","","El Centro, CA MSA","Private","NAICS 8122 Death care services","MSA, NAICS 4-digit -- by ownership sector","All establishment sizes",3,26,1441790,252608,5665,1077,55992,"",0.21,0.46,0.81,0.63,0.35,1.79,1.79,"",0,0.0,4,18.2,373984,35.0,76140,43.1,1467,34.9,140,14.9,7271,14.9
"C2094","5","81221","47","0","2020","A","N","El Centro, CA MSA","Private","NAICS 81221 Funeral homes and funeral services","MSA, NAICS 5-digit -- by ownership sector","All establishment sizes",2,0,0,0,0,0,0,"N",0.19,0,0,0,0,0,0,"N",0,0.0,0,0,0,0,0,0,0,0,0,0,0,0
"C2094","5","812210","48","0","2020","A","N","El Centro, CA MSA","Private","NAICS 812210 Funeral homes and funeral services","MSA, NAICS 6-digit -- by ownership sector","All establishment sizes",2,0,0,0,0,0,0,"N",0.19,0,0,0,0,0,0,"N",0,0.0,0,0,0,0,0,0,0,0,0,0,0,0
"C2094","5","81222","47","0","2020","A","N","El Centro, CA MSA","Private","NAICS 81222 Cemeteries and crematories","MSA, NAICS 5-digit -- by ownership sector","All establishment sizes",1,0,0,0,0,0,0,"N",0.29,0,0,0,0,0,0,"N",0,0.0,0,0,0,0,0,0,0,0,0,0,0,0
"C2094","5","812220","48","0","2020","A","N","El Centro, CA MSA","Private","NAICS 812220 Cemeteries and crematories","MSA, NAICS 6-digit -- by ownership sector","All establishment sizes",1,0,0,0,0,0,0,"N",0.29,0,0,0,0,0,0,"N",0,0.0,0,0,0,0,0,0,0,0,0,0,0,0
"C2094","5","8123","46","0","2020","A","","El Centro, CA MSA","Private","NAICS 8123 Drycleaning and laundry services","MSA, NAICS 4-digit -- by ownership sector","All establishment sizes",6,33,1389350,303173,12174,800,41577,"",0.25,0.32,0.54,0.36,0.37,1.68,1.68,"",0,0.0,-7,-17.5,-295879,-17.6,-69212,-18.6,-4189,-25.6,-9,-1.1,-466,-1.1
"C2094","5","81231","47","0","2020","A","N","El Centro, CA MSA","Private","NAICS 81231 Coin-operated laundries and drycleaners","MSA, NAICS 5-digit -- by ownership sector","All establishment sizes",1,0,0,0,0,0,0,"N",0.13,0,0,0,0,0,0,"N",0,0.0,0,0,0,0,0,0,0,0,0,0,0,0
"C2094","5","812310","48","0","2020","A","N","El Centro, CA MSA","Private","NAICS 812310 Coin-operated laundries and drycleaners","MSA, NAICS 6-digit -- by ownership sector","All establishment sizes",1,0,0,0,0,0,0,"N",0.13,0,0,0,0,0,0,"N",0,0.0,0,0,0,0,0,0,0,0,0,0,0,0
"C2094","5","81232","47","0","2020","A","","El Centro, CA MSA","Private","NAICS 81232 Drycleaning and laundry services","MSA, NAICS 5-digit -- by ownership sector","All establishment sizes",3,14,256840,135044,4429,347,18024,"",0.21,0.35,0.39,0.47,0.46,1.09,1.09,"",0,0.0,-4,-22.2,-152568,-37.3,-31624,-19.0,-1724,-28.0,-81,-18.9,-4206,-18.9
"C2094","5","812320","48","0","2020","A","","El Centro, CA MSA","Private","NAICS 812320 Drycleaning and laundry services","MSA, NAICS 6-digit -- by ownership sector","All establishment sizes",3,14,256840,135044,4429,347,18024,"",0.21,0.35,0.39,0.47,0.46,1.09,1.09,"",0,0.0,-4,-22.2,-152568,-37.3,-31624,-19.0,-1724,-28.0,-81,-18.9,-4206,-18.9
"C2094","5","81233","47","0","2020","A","N","El Centro, CA MSA","Private","NAICS 81233 Linen and uniform supply","MSA, NAICS 5-digit -- by ownership sector","All establishment sizes",2,0,0,0,0,0,0,"N",0.90,0,0,0,0,0,0,"N",0,0.0,0,0,0,0,0,0,0,0,0,0,0,0
"C2094","5","812331","48","0","2020","A","N","El Centro, CA MSA","Private","NAICS 812331 Linen supply","MSA, NAICS 6-digit -- by ownership sector","All establishment sizes",1,0,0,0,0,0,0,"N",0.89,0,0,0,0,0,0,"N",0,0.0,0,0,0,0,0,0,0,0,0,0,0,0
"C2094","5","812332","48","0","2020","A","N","El Centro, CA MSA","Private","NAICS 812332 Industrial launderers","MSA, NAICS 6-digit -- by ownership sector","All establishment sizes",1,0,0,0,0,0,0,"N",0.91,0,0,0,0,0,0,"N",0,0.0,0,0,0,0,0,0,0,0,0,0,0,0
"C2094","5","8129","46","0","2020","A","","El Centro, CA MSA","Private","NAICS 8129 Other personal services","MSA, NAICS 4-digit -- by ownership sector","All establishment sizes",16,55,1144762,494185,20919,398,20688,"",0.40,0.44,0.40,0.52,0.47,0.90,0.90,"",0,0.0,-10,-15.4,-50540,-4.2,-49988,-9.2,-1993,-8.7,43,12.1,2251,12.2
"C2094","5","81291","47","0","2020","A","","El Centro, CA MSA","Private","NAICS 81291 Pet care, except veterinary, services","MSA, NAICS 5-digit -- by ownership sector","All establishment sizes",5,22,354882,190551,6226,306,15890,"",0.30,0.41,0.38,0.49,0.39,0.91,0.91,"",0,0.0,-2,-8.3,-13376,-3.6,4039,2.2,-199,-3.1,11,3.7,546,3.6
"C2094","5","812910","48","0","2020","A","","El Centro, CA MSA","Private","NAICS 812910 Pet care, except veterinary, services","MSA, NAICS 6-digit -- by ownership sector","All establishment sizes",5,22,354882,190551,6226,306,15890,"",0.30,0.41,0.38,0.49,0.39,0.91,0.91,"",0,0.0,-2,-8.3,-13376,-3.6,4039,2.2,-199,-3.1,11,3.7,546,3.6
"C2094","5","81292","47","0","2020","A","N","El Centro, CA MSA","Private","NAICS 81292 Photofinishing","MSA, NAICS 5-digit -- by ownership sector","All establishment sizes",1,0,0,0,0,0,0,"N",1.95,0,0,0,0,0,0,"N",0,0.0,0,0,0,0,0,0,0,0,0,0,0,0
"C2094","5","812922","48","0","2020","A","N","El Centro, CA MSA","Private","NAICS 812922 One-hour photofinishing","MSA, NAICS 6-digit -- by ownership sector","All establishment sizes",1,0,0,0,0,0,0,"N",7.68,0,0,0,0,0,0,"N",0,0.0,0,0,0,0,0,0,0,0,0,0,0,0
"C2094","5","81293","47","0","2020","A","","El Centro, CA MSA","Private","NAICS 81293 Parking lots and garages","MSA, NAICS 5-digit -- by ownership sector","All establishment sizes",7,32,753911,286179,14123,460,23934,"",1.09,0.80,0.87,0.92,0.95,1.11,1.11,"",0,0.0,-2,-5.9,32583,4.5,-21200,-6.9,-1020,-6.7,55,13.6,2873,13.6
"C2094","5","812930","48","0","2020","A","","El Centro, CA MSA","Private","NAICS 812930 Parking lots and garages","MSA, NAICS 6-digit -- by ownership sector","All establishment sizes",7,32,753911,286179,14123,460,23934,"",1.09,0.80,0.87,0.92,0.95,1.11,1.11,"",0,0.0,-2,-5.9,32583,4.5,-21200,-6.9,-1020,-6.7,55,13.6,2873,13.6
"C2094","5","81299","47","0","2020","A","N","El Centro, CA MSA","Private","NAICS 81299 All other personal services","MSA, NAICS 5-digit -- by ownership sector","All establishment sizes",3,0,0,0,0,0,0,"N",0.18,0,0,0,0,0,0,"N",0,0.0,0,0,0,0,0,0,0,0,0,0,0,0
"C2094","5","812990","48","0","2020","A","N","El Centro, CA MSA","Private","NAICS 812990 All other personal services","MSA, NAICS 6-digit -- by ownership sector","All establishment sizes",3,0,0,0,0,0,0,"N",0.18,0,0,0,0,0,0,"N",0,0.0,0,0,0,0,0,0,0,0,0,0,0,0
"C2094","5","813","45","0","2020","A","","El Centro, CA MSA","Private","NAICS 813 Membership associations and organizations","MSA, NAICS 3-digit -- by ownership sector","All establishment sizes",52,192,4860301,1145673,48094,487,25336,"",0.43,0.36,0.24,0.38,0.32,0.66,0.66,"",4,8.3,-32,-14.3,-286567,-5.6,-178311,-13.5,-9806,-16.9,44,9.9,2316,10.1
"C2094","5","8131","46","0","2020","A","","El Centro, CA MSA","Private","NAICS 8131 Religious organizations","MSA, NAICS 4-digit -- by ownership sector","All establishment sizes",16,96,1643000,352763,18209,329,17085,"",0.85,1.22,0.87,1.34,1.53,0.71,0.71,"",1,6.7,-4,-4.0,153839,10.3,-28988,-7.6,-1590,-8.0,44,15.4,2255,15.2
"C2094","5","81311","47","0","2020","A","","El Centro, CA MSA","Private","NAICS 81311 Religious organizations","MSA, NAICS 5-digit -- by ownership sector","All establishment sizes",16,96,1643000,352763,18209,329,17085,"",0.85,1.22,0.87,1.34,1.53,0.71,0.71,"",1,6.7,-4,-4.0,153839,10.3,-28988,-7.6,-1590,-8.0,44,15.4,2255,15.2
"C2094","5","813110","48","0","2020","A","","El Centro, CA MSA","Private","NAICS 813110 Religious organizations","MSA, NAICS 6-digit -- by ownership sector","All establishment sizes",16,96,1643000,352763,18209,329,17085,"",0.85,1.22,0.87,1.34,1.53,0.71,0.71,"",1,6.7,-4,-4.0,153839,10.3,-28988,-7.6,-1590,-8.0,44,15.4,2255,15.2
"C2094","5","8132","46","0","2020","A","","El Centro, CA MSA","Private","NAICS 8132 Grantmaking and giving services","MSA, NAICS 4-digit -- by ownership sector","All establishment sizes",7,20,988436,178430,6925,954,49629,"",0.49,0.32,0.29,0.50,0.37,0.89,0.89,"",2,40.0,-2,-9.1,-63717,-6.1,-3283,-1.8,-857,-11.0,31,3.4,1622,3.4
"C2094","5","81321","47","0","2020","A","","El Centro, CA MSA","Private","NAICS 81321 Grantmaking and giving services","MSA, NAICS 5-digit -- by ownership sector","All establishment sizes",7,20,988436,178430,6925,954,49629,"",0.49,0.32,0.29,0.50,0.37,0.89,0.89,"",2,40.0,-2,-9.1,-63717,-6.1,-3283,-1.8,-857,-11.0,31,3.4,1622,3.4
"C2094","5","813211","48","0","2020","A","","El Centro, CA MSA","Private","NAICS 813211 Grantmaking foundations","MSA, NAICS 6-digit -- by ownership sector","All establishment sizes",3,8,599742,63000,1638,1370,71256,"",0.39,0.27,0.32,0.34,0.18,1.12,1.12,"N",1,50.0,0,0,0,0,0,0,0,0,0,0,0,0
"C2094","5","813212","48","0","2020","A","N","El Centro, CA MSA","Private","NAICS 813212 Voluntary health organizations","MSA, NAICS 6-digit -- by ownership sector","All establishment sizes",2,0,0,0,0,0,0,"N",0.59,0,0,0,0,0,0,"N",0,0.0,0,0,0,0,0,0,0,0,0,0,0,0
"C2094","5","813219","48","0","2020","A","N","El Centro, CA MSA","Private","NAICS 813219 Other grantmaking and giving services","MSA, NAICS 6-digit -- by ownership sector","All establishment sizes",2,0,0,0,0,0,0,"N",0.61,0,0,0,0,0,0,"N",1,100.0,0,0,0,0,0,0,0,0,0,0,0,0
"C2094","5","8133","46","0","2020","A","","El Centro, CA MSA","Private","NAICS 8133 Social advocacy organizations","MSA, NAICS 4-digit -- by ownership sector","All establishment sizes",7,23,678628,160119,5858,565,29399,"",0.35,0.24,0.17,0.25,0.16,0.73,0.73,"",1,16.7,2,9.5,-19270,-2.8,-6253,-3.8,-842,-12.6,-64,-10.2,-3315,-10.1
"C2094","5","81331","47","0","2020","A","","El Centro, CA MSA","Private","NAICS 81331 Social advocacy organizations","MSA, NAICS 5-digit -- by ownership sector","All establishment sizes",7,23,678628,160119,5858,565,29399,"",0.35,0.24,0.17,0.25,0.16,0.73,0.73,"",1,16.7,2,9.5,-19270,-2.8,-6253,-3.8,-842,-12.6,-64,-10.2,-3315,-10.1
"C2094","5","813311","48","0","2020","A","N","El Centro, CA MSA","Private","NAICS 813311 Human rights organizations","MSA, NAICS 6-digit -- by ownership sector","All establishment sizes",2,0,0,0,0,0,0,"N",0.50,0,0,0,0,0,0,"N",0,0.0,0,0,0,0,0,0,0,0,0,0,0,0
"C2094","5","813319","48","0","2020","A","N","El Centro, CA MSA","Private","NAICS 813319 Other social advocacy organizations","MSA, NAICS 6-digit -- by ownership sector","All establishment sizes",5,0,0,0,0,0,0,"N",0.49,0,0,0,0,0,0,"N",1,25.0,0,0,0,0,0,0,0,0,0,0,0,0
"C2094","5","8134","46","0","2020","A","","El Centro, CA MSA","Private","NAICS 8134 Civic and social organizations","MSA, NAICS 4-digit -- by ownership sector","All establishment sizes",9,23,579351,240795,5921,488,25373,"",0.45,0.20,0.26,0.63,0.31,1.33,1.33,"",-1,-10.0,-20,-46.5,-336961,-36.8,-115900,-32.5,-4623,-43.8,81,19.9,4227,20.0
"C2094","5","81341","47","0","2020","A","","El Centro, CA MSA","Private","NAICS 81341 Civic and social organizations","MSA, NAICS 5-digit -- by ownership sector","All establishment sizes",9,23,579351,240795,5921,488,25373,"",0.45,0.20,0.26,0.63,0.31,1.33,1.33,"",-1,-10.0,-20,-46.5,-336961,-36.8,-115900,-32.5,-4623,-43.8,81,19.9,4227,20.0
"C2094","5","813410","48","0","2020","A","","El Centro, CA MSA","Private","NAICS 813410 Civic and social organizations","MSA, NAICS 6-digit -- by ownership sector","All establishment sizes",9,23,579351,240795,5921,488,25373,"",0.45,0.20,0.26,0.63,0.31,1.33,1.33,"",-1,-10.0,-20,-46.5,-336961,-36.8,-115900,-32.5,-4623,-43.8,81,19.9,4227,20.0
"C2094","5","8139","46","0","2020","A","","El Centro, CA MSA","Private","NAICS 8139 Professional and similar organizations","MSA, NAICS 4-digit -- by ownership sector","All establishment sizes",13,30,970886,213566,11181,626,32544,"",0.28,0.17,0.11,0.15,0.17,0.64,0.64,"",0,0.0,-7,-18.9,-20458,-2.1,-23887,-10.1,-1894,-14.5,105,20.2,5446,20.1
"C2094","5","81391","47","0","2020","A","","El Centro, CA MSA","Private","NAICS 81391 Business associations","MSA, NAICS 5-digit -- by ownership sector","All establishment sizes",8,15,605797,121413,6210,772,40163,"",0.52,0.31,0.19,0.30,0.34,0.61,0.62,"",0,0.0,-2,-11.8,-17307,-2.8,-16458,-11.9,-1298,-17.3,64,9.0,3329,9.0
"C2094","5","813910","48","0","2020","A","","El Centro, CA MSA","Private","NAICS 813910 Business associations","MSA, NAICS 6-digit -- by ownership sector","All establishment sizes",8,15,605797,121413,6210,772,40163,"",0.52,0.31,0.19,0.30,0.34,0.61,0.62,"",0,0.0,-2,-11.8,-17307,-2.8,-16458,-11.9,-1298,-17.3,64,9.0,3329,9.0
"C2094","5","81393","47","0","2020","A","N","El Centro, CA MSA","Private","NAICS 81393 Labor unions and similar labor organizations","MSA, NAICS 5-digit -- by ownership sector","All establishment sizes",3,0,0,0,0,0,0,"N",0.29,0,0,0,0,0,0,"N",0,0.0,0,0,0,0,0,0,0,0,0,0,0,0
"C2094","5","813930","48","0","2020","A","N","El Centro, CA MSA","Private","NAICS 813930 Labor unions and similar labor organizations","MSA, NAICS 6-digit -- by ownership sector","All establishment sizes",3,0,0,0,0,0,0,"N",0.29,0,0,0,0,0,0,"N",0,0.0,0,0,0,0,0,0,0,0,0,0,0,0
"C2094","5","81399","47","0","2020","A","N","El Centro, CA MSA","Private","NAICS 81399 Other similar organizations","MSA, NAICS 5-digit -- by ownership sector","All establishment sizes",2,0,0,0,0,0,0,"N",0.17,0,0,0,0,0,0,"N",0,0.0,0,0,0,0,0,0,0,0,0,0,0,0
"C2094","5","813990","48","0","2020","A","N","El Centro, CA MSA","Private","NAICS 813990 Other similar organizations","MSA, NAICS 6-digit -- by ownership sector","All establishment sizes",2,0,0,0,0,0,0,"N",0.17,0,0,0,0,0,0,"N",0,0.0,0,0,0,0,0,0,0,0,0,0,0,0
"C2094","5","814","45","0","2020","A","","El Centro, CA MSA","Private","NAICS 814 Private households","MSA, NAICS 3-digit -- by ownership sector","All establishment sizes",29,36,754340,288780,11746,402,20905,"",0.18,0.38,0.34,0.40,0.33,0.88,0.88,"",-1,-3.3,-12,-25.0,-77286,-9.3,-136741,-32.1,-5265,-31.0,68,20.4,3519,20.2
"C2094","5","8141","46","0","2020","A","","El Centro, CA MSA","Private","NAICS 8141 Private households","MSA, NAICS 4-digit -- by ownership sector","All establishment sizes",29,36,754340,288780,11746,402,20905,"",0.18,0.38,0.34,0.40,0.33,0.88,0.88,"",-1,-3.3,-12,-25.0,-77286,-9.3,-136741,-32.1,-5265,-31.0,68,20.4,3519,20.2
"C2094","5","81411","47","0","2020","A","","El Centro, CA MSA","Private","NAICS 81411 Private households","MSA, NAICS 5-digit -- by ownership sector","All establishment sizes",29,36,754340,288780,11746,402,20905,"",0.18,0.38,0.34,0.40,0.33,0.88,0.88,"",-1,-3.3,-12,-25.0,-77286,-9.3,-136741,-32.1,-5265,-31.0,68,20.4,3519,20.2
"C2094","5","814110","48","0","2020","A","","El Centro, CA MSA","Private","NAICS 814110 Private households","MSA, NAICS 6-digit -- by ownership sector","All establishment sizes",29,36,754340,288780,11746,402,20905,"",0.18,0.38,0.34,0.40,0.33,0.88,0.88,"",-1,-3.3,-12,-25.0,-77286,-9.3,-136741,-32.1,-5265,-31.0,68,20.4,3519,20.2
