"area_fips","own_code","industry_code","agglvl_code","size_code","year","qtr","disclosure_code","area_title","own_title","industry_title","agglvl_title","size_title","annual_avg_estabs_count","annual_avg_emplvl","total_annual_wages","taxable_annual_wages","annual_contributions","annual_avg_wkly_wage","avg_annual_pay","lq_disclosure_code","lq_annual_avg_estabs_count","lq_annual_avg_emplvl","lq_total_annual_wages","lq_taxable_annual_wages","lq_annual_contributions","lq_annual_avg_wkly_wage","lq_avg_annual_pay","oty_disclosure_code","oty_annual_avg_estabs_count_chg","oty_annual_avg_estabs_count_pct_chg","oty_annual_avg_emplvl_chg","oty_annual_avg_emplvl_pct_chg","oty_total_annual_wages_chg","oty_total_annual_wages_pct_chg","oty_taxable_annual_wages_chg","oty_taxable_annual_wages_pct_chg","oty_annual_contributions_chg","oty_annual_contributions_pct_chg","oty_annual_avg_wkly_wage_chg","oty_annual_avg_wkly_wage_pct_chg","oty_avg_annual_pay_chg","oty_avg_annual_pay_pct_chg"
"C3538","0","10","40","0","2020","A","","New Orleans-Metairie, LA MSA","Total Covered","10 Total, all industries","MSA, Total Covered","All establishment sizes",42181,498522,28626898414,3910299140,48257918,1104,57424,"",1.00,1.00,1.00,1.00,1.00,1.00,1.00,"",1519,3.7,-51327,-9.3,-628555943,-2.1,-331039405,-7.8,-9039406,-15.8,81,7.9,4218,7.9
"C3538","1","10","41","0","2020","A","","New Orleans-Metairie, LA MSA","Federal Government","10 Total, all industries","MSA, Total -- by ownership sector","All establishment sizes",165,13318,1105411512,0,0,1596,83002,"",0.67,1.27,1.37,0.00,0.00,1.08,1.08,"",1,0.6,329,2.5,44516474,4.2,0,0.0,0,0.0,25,1.6,1328,1.6
"C3538","2","10","41","0","2020","A","","New Orleans-Metairie, LA MSA","State Government","10 Total, all industries","MSA, Total -- by ownership sector","All establishment sizes",193,11006,718571325,1186153,3024,1256,65289,"",0.68,0.67,0.74,0.05,0.08,1.11,1.11,"",5,2.7,-472,-4.1,36784571,5.4,95514,8.8,-517,-14.6,114,10.0,5888,9.9
"C3538","3","10","41","0","2020","A","","New Orleans-Metairie, LA MSA","Local Government","10 Total, all industries","MSA, Total -- by ownership sector","All establishment sizes",662,45506,2327567808,9691172,75595,984,51148,"",0.96,0.93,0.93,0.18,0.27,1.00,1.00,"",7,1.1,-1970,-4.1,44023675,1.9,-25798,-0.3,-195,-0.3,59,6.4,3049,6.3
"C3538","5","10","41","0","2020","A","","New Orleans-Metairie, LA MSA","Private","10 Total, all industries","MSA, Total -- by ownership sector","All establishment sizes",41162,428692,24475347769,3899421815,48179299,1098,57093,"",1.00,1.01,1.00,1.02,1.00,0.99,0.99,"",1507,3.8,-49214,-10.3,-753880663,-3.0,-331109121,-7.8,-9038694,-15.8,83,8.2,4302,8.1
"C3538","5","101","42","0","2020","A","","New Orleans-Metairie, LA MSA","Private","101 Goods-producing","MSA, by Domain -- by ownership sector","All establishment sizes",4616,59788,4911786848,603241967,9009674,1580,82154,"",0.85,0.79,1.03,0.74,0.68,1.30,1.30,"",119,2.6,-3528,-5.6,-224401289,-4.4,-40213658,-6.2,-1636802,-15.4,20,1.3,1034,1.3
"C3538","5","1011","43","0","2020","A","","New Orleans-Metairie, LA MSA","Private","1011 Natural resources and mining","MSA, by Supersector -- by ownership sector","All establishment sizes",303,4797,696884741,47749667,503802,2794,145285,"",0.54,0.75,1.99,0.64,0.40,2.65,2.65,"",1,0.3,-682,-12.4,-125786421,-15.3,-8206091,-14.7,-156065,-23.7,-94,-3.3,-4872,-3.2
"C3538","5","1012","43","0","2020","A","","New Orleans-Metairie, LA MSA","Private","1012 Construction","MSA, by Supersector -- by ownership sector","All establishment sizes",3180,26148,1623770214,293593163,5712434,1194,62100,"",0.93,1.01,1.04,0.98,0.90,1.03,1.03,"",94,3.0,-1834,-6.6,-60970103,-3.6,-20358953,-6.5,-1030610,-15.3,36,3.1,1892,3.1
"C3538","5","1013","43","0","2020","A","","New Orleans-Metairie, LA MSA","Private","1013 Manufacturing","MSA, by Supersector -- by ownership sector","All establishment sizes",1134,28843,2591131893,261899137,2793438,1728,89834,"",0.79,0.67,0.91,0.59,0.50,1.37,1.36,"",24,2.2,-1012,-3.4,-37644765,-1.4,-11648614,-4.3,-450127,-13.9,35,2.1,1783,2.0
"C3538","5","102","42","0","2020","A","","New Orleans-Metairie, LA MSA","Private","102 Service-providing","MSA, by Domain -- by ownership sector","All establishment sizes",36546,368904,19563560921,3296179848,39169625,1020,53032,"",1.03,1.06,1.00,1.09,1.13,0.94,0.94,"",1388,3.9,-45686,-11.0,-529479374,-2.6,-290895463,-8.1,-7401892,-15.9,88,9.4,4567,9.4
"C3538","5","1021","43","0","2020","A","","New Orleans-Metairie, LA MSA","Private","1021 Trade, transportation, and utilities","MSA, by Supersector -- by ownership sector","All establishment sizes",9185,101997,5107677641,984470535,9918076,963,50077,"",1.17,1.08,1.15,1.10,1.09,1.07,1.07,"",190,2.1,-7224,-6.6,-99568519,-1.9,-30545380,-3.0,-1617834,-14.0,46,5.0,2401,5.0
"C3538","5","1022","43","0","2020","A","","New Orleans-Metairie, LA MSA","Private","1022 Information","MSA, by Supersector -- by ownership sector","All establishment sizes",775,6043,409068904,68893005,1166684,1302,67690,"",0.97,0.62,0.34,0.64,0.75,0.55,0.55,"",81,11.7,-1622,-21.2,-72786813,-15.1,-23382247,-25.3,-526195,-31.1,93,7.7,4826,7.7
"C3538","5","1023","43","0","2020","A","","New Orleans-Metairie, LA MSA","Private","1023 Financial activities","MSA, by Supersector -- by ownership sector","All establishment sizes",4204,24562,1993455793,246136213,2911414,1561,81160,"",1.11,0.84,0.71,0.83,0.86,0.85,0.85,"",145,3.6,-1474,-5.7,86438520,4.5,-5763732,-2.3,-190450,-6.1,152,10.8,7915,10.8
"C3538","5","1024","43","0","2020","A","","New Orleans-Metairie, LA MSA","Private","1024 Professional and business services","MSA, by Supersector -- by ownership sector","All establishment sizes",9032,67451,4527963684,705810134,10102693,1291,67130,"",1.14,0.93,0.82,0.92,0.94,0.89,0.89,"",431,5.0,-4634,-6.4,22134424,0.5,-43978289,-5.9,-1347946,-11.8,89,7.4,4623,7.4
"C3538","5","1025","43","0","2020","A","","New Orleans-Metairie, LA MSA","Private","1025 Education and health services","MSA, by Supersector -- by ownership sector","All establishment sizes",5033,90368,5028024528,494296977,6154132,1070,55639,"",0.67,1.13,1.27,1.09,1.32,1.12,1.12,"",240,5.0,-2321,-2.5,216991090,4.5,-12804682,-2.5,-681063,-10.0,72,7.2,3734,7.2
"C3538","5","1026","43","0","2020","A","","New Orleans-Metairie, LA MSA","Private","1026 Leisure and hospitality","MSA, by Supersector -- by ownership sector","All establishment sizes",5050,65319,1947551443,675836858,7427444,573,29816,"",1.41,1.42,1.83,1.82,1.95,1.28,1.28,"",194,4.0,-26342,-28.7,-648965935,-25.0,-163603669,-19.5,-2800885,-27.4,28,5.1,1489,5.3
"C3538","5","1027","43","0","2020","A","","New Orleans-Metairie, LA MSA","Private","1027 Other services","MSA, by Supersector -- by ownership sector","All establishment sizes",3182,13153,549426518,120574605,1482258,803,41771,"",0.96,0.93,0.98,1.02,1.13,1.06,1.06,"",93,3.0,-2051,-13.5,-33042009,-5.7,-10680499,-8.1,-228078,-13.3,66,9.0,3461,9.0
"C3538","5","1029","43","0","2020","A","","New Orleans-Metairie, LA MSA","Private","1029 Unclassified","MSA, by Supersector -- by ownership sector","All establishment sizes",85,11,392410,161521,6924,691,35946,"",0.12,0.02,0.01,0.02,0.05,0.61,0.61,"",14,19.7,-18,-62.1,-680132,-63.4,-136965,-45.9,-9441,-57.7,-33,-4.6,-1687,-4.5
"C3538","5","11","44","0","2020","A","","New Orleans-Metairie, LA MSA","Private","NAICS 11 Agriculture, forestry, fishing and hunting","MSA, NAICS Sector -- by ownership sector","All establishment sizes",124,680,38668743,6787643,117587,1093,56845,"",0.28,0.15,0.24,0.14,0.13,1.59,1.59,"",10,8.8,-11,-1.6,-1949793,-4.8,-63807,-0.9,-1180,-1.0,-38,-3.4,-1959,-3.3
"C3538","5","111","45","0","2020","A","","New Orleans-Metairie, LA MSA","Private","NAICS 111 Crop production","MSA, NAICS 3-digit -- by ownership sector","All establishment sizes",37,308,12958682,2494466,25200,808,42017,"",0.19,0.16,0.20,0.12,0.07,1.23,1.23,"",0,0.0,-15,-4.6,-347140,-2.6,-284441,-10.2,-5983,-19.2,17,2.1,876,2.1
"C3538","5","1111","46","0","2020","A","","New Orleans-Metairie, LA MSA","Private","NAICS 1111 Oilseed and grain farming","MSA, NAICS 4-digit -- by ownership sector","All establishment sizes",3,6,190834,46203,779,629,32714,"",0.06,0.03,0.03,0.02,0.03,0.87,0.87,"",0,0.0,1,20.0,22378,13.3,-3997,-8.0,-32,-3.9,-41,-6.1,-2139,-6.1
"C3538","5","11111","47","0","2020","A","N","New Orleans-Metairie, LA MSA","Private","NAICS 11111 Soybean farming","MSA, NAICS 5-digit -- by ownership sector","All establishment sizes",1,0,0,0,0,0,0,"N",0.21,0,0,0,0,0,0,"N",0,0.0,0,0,0,0,0,0,0,0,0,0,0,0
"C3538","5","111110","48","0","2020","A","N","New Orleans-Metairie, LA MSA","Private","NAICS 111110 Soybean farming","MSA, NAICS 6-digit -- by ownership sector","All establishment sizes",1,0,0,0,0,0,0,"N",0.21,0,0,0,0,0,0,"N",0,0.0,0,0,0,0,0,0,0,0,0,0,0,0
"C3538","5","11116","47","0","2020","A","N","New Orleans-Metairie, LA MSA","Private","NAICS 11116 Rice farming","MSA, NAICS 5-digit -- by ownership sector","All establishment sizes",2,0,0,0,0,0,0,"N",0.58,0,0,0,0,0,0,"N",0,0.0,0,0,0,0,0,0,0,0,0,0,0,0
"C3538","5","111160","48","0","2020","A","N","New Orleans-Metairie, LA MSA","Private","NAICS 111160 Rice farming","MSA, NAICS 6-digit -- by ownership sector","All establishment sizes",2,0,0,0,0,0,0,"N",0.58,0,0,0,0,0,0,"N",0,0.0,0,0,0,0,0,0,0,0,0,0,0,0
"C3538","5","1112","46","0","2020","A","N","New Orleans-Metairie, LA MSA","Private","NAICS 1112 Vegetable and melon farming","MSA, NAICS 4-digit -- by ownership sector","All establishment sizes",1,0,0,0,0,0,0,"N",0.05,0,0,0,0,0,0,"N",0,0.0,0,0,0,0,0,0,0,0,0,0,0,0
"C3538","5","11121","47","0","2020","A","N","New Orleans-Metairie, LA MSA","Private","NAICS 11121 Vegetable and melon farming","MSA, NAICS 5-digit -- by ownership sector","All establishment sizes",1,0,0,0,0,0,0,"N",0.05,0,0,0,0,0,0,"N",0,0.0,0,0,0,0,0,0,0,0,0,0,0,0
"C3538","5","111219","48","0","2020","A","N","New Orleans-Metairie, LA MSA","Private","NAICS 111219 Other vegetable and melon farming","MSA, NAICS 6-digit -- by ownership sector","All establishment sizes",1,0,0,0,0,0,0,"N",0.06,0,0,0,0,0,0,"N",0,0.0,0,0,0,0,0,0,0,0,0,0,0,0
"C3538","5","1113","46","0","2020","A","N","New Orleans-Metairie, LA MSA","Private","NAICS 1113 Fruit and tree nut farming","MSA, NAICS 4-digit -- by ownership sector","All establishment sizes",2,0,0,0,0,0,0,"N",0.05,0,0,0,0,0,0,"N",0,0.0,0,0,0,0,0,0,0,0,0,0,0,0
"C3538","5","11131","47","0","2020","A","N","New Orleans-Metairie, LA MSA","Private","NAICS 11131 Orange groves","MSA, NAICS 5-digit -- by ownership sector","All establishment sizes",2,0,0,0,0,0,0,"N",1.16,0,0,0,0,0,0,"N",0,0.0,0,0,0,0,0,0,0,0,0,0,0,0
"C3538","5","111310","48","0","2020","A","N","New Orleans-Metairie, LA MSA","Private","NAICS 111310 Orange groves","MSA, NAICS 6-digit -- by ownership sector","All establishment sizes",2,0,0,0,0,0,0,"N",1.16,0,0,0,0,0,0,"N",0,0.0,0,0,0,0,0,0,0,0,0,0,0,0
"C3538","5","1114","46","0","2020","A","","New Orleans-Metairie, LA MSA","Private","NAICS 1114 Greenhouse and nursery production","MSA, NAICS 4-digit -- by ownership sector","All establishment sizes",8,78,2296623,642796,6344,563,29287,"",0.21,0.13,0.12,0.11,0.07,0.85,0.85,"",1,14.3,4,5.4,99651,4.5,-11816,-1.8,-2590,-29.0,-9,-1.6,-469,-1.6
"C3538","5","11141","47","0","2020","A","N","New Orleans-Metairie, LA MSA","Private","NAICS 11141 Food crops grown under cover","MSA, NAICS 5-digit -- by ownership sector","All establishment sizes",1,0,0,0,0,0,0,"N",0.12,0,0,0,0,0,0,"N",1,100.0,0,0,0,0,0,0,0,0,0,0,0,0
"C3538","5","111419","48","0","2020","A","N","New Orleans-Metairie, LA MSA","Private","NAICS 111419 Other food crops grown under cover","MSA, NAICS 6-digit -- by ownership sector","All establishment sizes",1,0,0,0,0,0,0,"N",0.13,0,0,0,0,0,0,"N",1,100.0,0,0,0,0,0,0,0,0,0,0,0,0
"C3538","5","11142","47","0","2020","A","N","New Orleans-Metairie, LA MSA","Private","NAICS 11142 Nursery and floriculture production","MSA, NAICS 5-digit -- by ownership sector","All establishment sizes",7,0,0,0,0,0,0,"N",0.24,0,0,0,0,0,0,"N",0,0.0,0,0,0,0,0,0,0,0,0,0,0,0
"C3538","5","111421","48","0","2020","A","","New Orleans-Metairie, LA MSA","Private","NAICS 111421 Nursery and tree production","MSA, NAICS 6-digit -- by ownership sector","All establishment sizes",5,33,1162325,267096,4417,688,35764,"",0.25,0.11,0.12,0.09,0.10,1.04,1.04,"N",0,0.0,0,0,0,0,0,0,0,0,0,0,0,0
"C3538","5","111422","48","0","2020","A","N","New Orleans-Metairie, LA MSA","Private","NAICS 111422 Floriculture production","MSA, NAICS 6-digit -- by ownership sector","All establishment sizes",2,0,0,0,0,0,0,"N",0.23,0,0,0,0,0,0,"N",0,0.0,0,0,0,0,0,0,0,0,0,0,0,0
"C3538","5","1119","46","0","2020","A","","New Orleans-Metairie, LA MSA","Private","NAICS 1119 Other crop farming","MSA, NAICS 4-digit -- by ownership sector","All establishment sizes",23,175,9485151,1551771,15650,1040,54072,"",0.52,0.73,1.08,0.51,0.35,1.46,1.46,"",-1,-4.2,-23,-11.6,-463249,-4.7,-202958,-11.6,-2785,-15.1,75,7.8,3870,7.7
"C3538","5","11193","47","0","2020","A","N","New Orleans-Metairie, LA MSA","Private","NAICS 11193 Sugarcane farming","MSA, NAICS 5-digit -- by ownership sector","All establishment sizes",22,0,0,0,0,0,0,"N",19.89,0,0,0,0,0,0,"N",0,0.0,0,0,0,0,0,0,0,0,0,0,0,0
"C3538","5","111930","48","0","2020","A","N","New Orleans-Metairie, LA MSA","Private","NAICS 111930 Sugarcane farming","MSA, NAICS 6-digit -- by ownership sector","All establishment sizes",22,0,0,0,0,0,0,"N",19.89,0,0,0,0,0,0,"N",0,0.0,0,0,0,0,0,0,0,0,0,0,0,0
"C3538","5","11199","47","0","2020","A","N","New Orleans-Metairie, LA MSA","Private","NAICS 11199 All other crop farming","MSA, NAICS 5-digit -- by ownership sector","All establishment sizes",1,0,0,0,0,0,0,"N",0.04,0,0,0,0,0,0,"N",-1,-50.0,0,0,0,0,0,0,0,0,0,0,0,0
"C3538","5","111998","48","0","2020","A","N","New Orleans-Metairie, LA MSA","Private","NAICS 111998 All other miscellaneous crop farming","MSA, NAICS 6-digit -- by ownership sector","All establishment sizes",1,0,0,0,0,0,0,"N",0.05,0,0,0,0,0,0,"N",-1,-50.0,0,0,0,0,0,0,0,0,0,0,0,0
"C3538","5","112","45","0","2020","A","N","New Orleans-Metairie, LA MSA","Private","NAICS 112 Animal production and aquaculture","MSA, NAICS 3-digit -- by ownership sector","All establishment sizes",14,0,0,0,0,0,0,"N",0.13,0,0,0,0,0,0,"N",3,27.3,0,0,0,0,0,0,0,0,0,0,0,0
"C3538","5","1121","46","0","2020","A","N","New Orleans-Metairie, LA MSA","Private","NAICS 1121 Cattle ranching and farming","MSA, NAICS 4-digit -- by ownership sector","All establishment sizes",1,0,0,0,0,0,0,"N",0.01,0,0,0,0,0,0,"N",-1,-50.0,0,0,0,0,0,0,0,0,0,0,0,0
"C3538","5","11211","47","0","2020","A","N","New Orleans-Metairie, LA MSA","Private","NAICS 11211 Beef cattle ranching, farming, and feedlots","MSA, NAICS 5-digit -- by ownership sector","All establishment sizes",1,0,0,0,0,0,0,"N",0.02,0,0,0,0,0,0,"N",-1,-50.0,0,0,0,0,0,0,0,0,0,0,0,0
"C3538","5","112111","48","0","2020","A","N","New Orleans-Metairie, LA MSA","Private","NAICS 112111 Beef cattle ranching and farming","MSA, NAICS 6-digit -- by ownership sector","All establishment sizes",1,0,0,0,0,0,0,"N",0.03,0,0,0,0,0,0,"N",-1,-50.0,0,0,0,0,0,0,0,0,0,0,0,0
"C3538","5","1123","46","0","2020","A","N","New Orleans-Metairie, LA MSA","Private","NAICS 1123 Poultry and egg production","MSA, NAICS 4-digit -- by ownership sector","All establishment sizes",2,0,0,0,0,0,0,"N",0.22,0,0,0,0,0,0,"N",1,100.0,0,0,0,0,0,0,0,0,0,0,0,0
"C3538","5","11234","47","0","2020","A","N","New Orleans-Metairie, LA MSA","Private","NAICS 11234 Poultry hatcheries","MSA, NAICS 5-digit -- by ownership sector","All establishment sizes",2,0,0,0,0,0,0,"N",1.18,0,0,0,0,0,0,"N",1,100.0,0,0,0,0,0,0,0,0,0,0,0,0
"C3538","5","112340","48","0","2020","A","N","New Orleans-Metairie, LA MSA","Private","NAICS 112340 Poultry hatcheries","MSA, NAICS 6-digit -- by ownership sector","All establishment sizes",2,0,0,0,0,0,0,"N",1.18,0,0,0,0,0,0,"N",1,100.0,0,0,0,0,0,0,0,0,0,0,0,0
"C3538","5","1124","46","0","2020","A","N","New Orleans-Metairie, LA MSA","Private","NAICS 1124 Sheep and goat farming","MSA, NAICS 4-digit -- by ownership sector","All establishment sizes",1,0,0,0,0,0,0,"N",0.67,0,0,0,0,0,0,"N",1,100.0,0,0,0,0,0,0,0,0,0,0,0,0
"C3538","5","11242","47","0","2020","A","N","New Orleans-Metairie, LA MSA","Private","NAICS 11242 Goat farming","MSA, NAICS 5-digit -- by ownership sector","All establishment sizes",1,0,0,0,0,0,0,"N",1.86,0,0,0,0,0,0,"N",1,100.0,0,0,0,0,0,0,0,0,0,0,0,0
"C3538","5","112420","48","0","2020","A","N","New Orleans-Metairie, LA MSA","Private","NAICS 112420 Goat farming","MSA, NAICS 6-digit -- by ownership sector","All establishment sizes",1,0,0,0,0,0,0,"N",1.86,0,0,0,0,0,0,"N",1,100.0,0,0,0,0,0,0,0,0,0,0,0,0
"C3538","5","1125","46","0","2020","A","","New Orleans-Metairie, LA MSA","Private","NAICS 1125 Aquaculture","MSA, NAICS 4-digit -- by ownership sector","All establishment sizes",5,18,926340,182511,419,999,51944,"",1.34,0.73,0.94,0.62,0.15,1.30,1.30,"",1,25.0,-8,-30.8,-217095,-19.0,-57414,-23.9,-400,-48.8,145,17.0,7539,17.0
"C3538","5","11251","47","0","2020","A","","New Orleans-Metairie, LA MSA","Private","NAICS 11251 Aquaculture","MSA, NAICS 5-digit -- by ownership sector","All establishment sizes",5,18,926340,182511,419,999,51944,"",1.34,0.73,0.94,0.62,0.15,1.30,1.30,"",1,25.0,-8,-30.8,-217095,-19.0,-57414,-23.9,-400,-48.8,145,17.0,7539,17.0
"C3538","5","112511","48","0","2020","A","N","New Orleans-Metairie, LA MSA","Private","NAICS 112511 Finfish farming and fish hatcheries","MSA, NAICS 6-digit -- by ownership sector","All establishment sizes",1,0,0,0,0,0,0,"N",0.55,0,0,0,0,0,0,"N",1,100.0,0,0,0,0,0,0,0,0,0,0,0,0
"C3538","5","112512","48","0","2020","A","N","New Orleans-Metairie, LA MSA","Private","NAICS 112512 Shellfish farming","MSA, NAICS 6-digit -- by ownership sector","All establishment sizes",2,0,0,0,0,0,0,"N",1.59,0,0,0,0,0,0,"N",0,0.0,0,0,0,0,0,0,0,0,0,0,0,0
"C3538","5","112519","48","0","2020","A","N","New Orleans-Metairie, LA MSA","Private","NAICS 112519 Other aquaculture","MSA, NAICS 6-digit -- by ownership sector","All establishment sizes",2,0,0,0,0,0,0,"N",3.13,0,0,0,0,0,0,"N",0,0.0,0,0,0,0,0,0,0,0,0,0,0,0
"C3538","5","1129","46","0","2020","A","","New Orleans-Metairie, LA MSA","Private","NAICS 1129 Other animal production","MSA, NAICS 4-digit -- by ownership sector","All establishment sizes",5,13,378219,136869,1122,559,29094,"",0.34,0.18,0.12,0.18,0.13,0.67,0.67,"N",0,0.0,0,0,0,0,0,0,0,0,0,0,0,0
"C3538","5","11292","47","0","2020","A","N","New Orleans-Metairie, LA MSA","Private","NAICS 11292 Horses and other equine production","MSA, NAICS 5-digit -- by ownership sector","All establishment sizes",4,0,0,0,0,0,0,"N",0.72,0,0,0,0,0,0,"N",1,33.3,0,0,0,0,0,0,0,0,0,0,0,0
"C3538","5","112920","48","0","2020","A","N","New Orleans-Metairie, LA MSA","Private","NAICS 112920 Horses and other equine production","MSA, NAICS 6-digit -- by ownership sector","All establishment sizes",4,0,0,0,0,0,0,"N",0.72,0,0,0,0,0,0,"N",1,33.3,0,0,0,0,0,0,0,0,0,0,0,0
"C3538","5","11299","47","0","2020","A","N","New Orleans-Metairie, LA MSA","Private","NAICS 11299 All other animal production","MSA, NAICS 5-digit -- by ownership sector","All establishment sizes",2,0,0,0,0,0,0,"N",0.35,0,0,0,0,0,0,"N",0,0.0,0,0,0,0,0,0,0,0,0,0,0,0
"C3538","5","112990","48","0","2020","A","N","New Orleans-Metairie, LA MSA","Private","NAICS 112990 All other animal production","MSA, NAICS 6-digit -- by ownership sector","All establishment sizes",2,0,0,0,0,0,0,"N",0.35,0,0,0,0,0,0,"N",0,0.0,0,0,0,0,0,0,0,0,0,0,0,0
"C3538","5","113","45","0","2020","A","N","New Orleans-Metairie, LA MSA","Private","NAICS 113 Forestry and logging","MSA, NAICS 3-digit -- by ownership sector","All establishment sizes",8,0,0,0,0,0,0,"N",0.22,0,0,0,0,0,0,"N",1,14.3,0,0,0,0,0,0,0,0,0,0,0,0
"C3538","5","1131","46","0","2020","A","N","New Orleans-Metairie, LA MSA","Private","NAICS 1131 Timber tract operations","MSA, NAICS 4-digit -- by ownership sector","All establishment sizes",1,0,0,0,0,0,0,"N",0.39,0,0,0,0,0,0,"N",0,0.0,0,0,0,0,0,0,0,0,0,0,0,0
"C3538","5","11311","47","0","2020","A","N","New Orleans-Metairie, LA MSA","Private","NAICS 11311 Timber tract operations","MSA, NAICS 5-digit -- by ownership sector","All establishment sizes",1,0,0,0,0,0,0,"N",0.39,0,0,0,0,0,0,"N",0,0.0,0,0,0,0,0,0,0,0,0,0,0,0
"C3538","5","113110","48","0","2020","A","N","New Orleans-Metairie, LA MSA","Private","NAICS 113110 Timber tract operations","MSA, NAICS 6-digit -- by ownership sector","All establishment sizes",1,0,0,0,0,0,0,"N",0.39,0,0,0,0,0,0,"N",0,0.0,0,0,0,0,0,0,0,0,0,0,0,0
"C3538","5","1132","46","0","2020","A","N","New Orleans-Metairie, LA MSA","Private","NAICS 1132 Forest nursery and gathering forest products","MSA, NAICS 4-digit -- by ownership sector","All establishment sizes",2,0,0,0,0,0,0,"N",1.53,0,0,0,0,0,0,"N",1,100.0,0,0,0,0,0,0,0,0,0,0,0,0
"C3538","5","11321","47","0","2020","A","N","New Orleans-Metairie, LA MSA","Private","NAICS 11321 Forest nursery and gathering forest products","MSA, NAICS 5-digit -- by ownership sector","All establishment sizes",2,0,0,0,0,0,0,"N",1.53,0,0,0,0,0,0,"N",1,100.0,0,0,0,0,0,0,0,0,0,0,0,0
"C3538","5","113210","48","0","2020","A","N","New Orleans-Metairie, LA MSA","Private","NAICS 113210 Forest nursery and gathering forest products","MSA, NAICS 6-digit -- by ownership sector","All establishment sizes",2,0,0,0,0,0,0,"N",1.53,0,0,0,0,0,0,"N",1,100.0,0,0,0,0,0,0,0,0,0,0,0,0
"C3538","5","1133","46","0","2020","A","N","New Orleans-Metairie, LA MSA","Private","NAICS 1133 Logging","MSA, NAICS 4-digit -- by ownership sector","All establishment sizes",5,0,0,0,0,0,0,"N",0.15,0,0,0,0,0,0,"N",0,0.0,0,0,0,0,0,0,0,0,0,0,0,0
"C3538","5","11331","47","0","2020","A","N","New Orleans-Metairie, LA MSA","Private","NAICS 11331 Logging","MSA, NAICS 5-digit -- by ownership sector","All establishment sizes",5,0,0,0,0,0,0,"N",0.15,0,0,0,0,0,0,"N",0,0.0,0,0,0,0,0,0,0,0,0,0,0,0
"C3538","5","113310","48","0","2020","A","N","New Orleans-Metairie, LA MSA","Private","NAICS 113310 Logging","MSA, NAICS 6-digit -- by ownership sector","All establishment sizes",5,0,0,0,0,0,0,"N",0.15,0,0,0,0,0,0,"N",0,0.0,0,0,0,0,0,0,0,0,0,0,0,0
"C3538","5","114","45","0","2020","A","","New Orleans-Metairie, LA MSA","Private","NAICS 114 Fishing, hunting and trapping","MSA, NAICS 3-digit -- by ownership sector","All establishment sizes",33,185,18047206,2430835,70590,1881,97817,"",3.09,6.34,9.78,4.62,4.46,1.55,1.55,"",2,6.5,-10,-5.1,-2373877,-11.6,24320,1.0,272,0.4,-129,-6.4,-6728,-6.4
"C3538","5","1141","46","0","2020","A","N","New Orleans-Metairie, LA MSA","Private","NAICS 1141 Fishing","MSA, NAICS 4-digit -- by ownership sector","All establishment sizes",32,0,0,0,0,0,0,"N",3.69,0,0,0,0,0,0,"N",2,6.7,0,0,0,0,0,0,0,0,0,0,0,0
"C3538","5","11411","47","0","2020","A","N","New Orleans-Metairie, LA MSA","Private","NAICS 11411 Fishing","MSA, NAICS 5-digit -- by ownership sector","All establishment sizes",32,0,0,0,0,0,0,"N",3.69,0,0,0,0,0,0,"N",2,6.7,0,0,0,0,0,0,0,0,0,0,0,0
"C3538","5","114111","48","0","2020","A","N","New Orleans-Metairie, LA MSA","Private","NAICS 114111 Finfish fishing","MSA, NAICS 6-digit -- by ownership sector","All establishment sizes",3,0,0,0,0,0,0,"N",0.76,0,0,0,0,0,0,"N",0,0.0,0,0,0,0,0,0,0,0,0,0,0,0
"C3538","5","114112","48","0","2020","A","","New Orleans-Metairie, LA MSA","Private","NAICS 114112 Shellfish fishing","MSA, NAICS 6-digit -- by ownership sector","All establishment sizes",26,20,855995,208825,1652,844,43897,"",6.15,2.41,1.50,1.42,0.26,0.64,0.64,"",2,8.3,-6,-23.1,-92000,-9.7,-16670,-7.4,-730,-30.6,143,20.4,7436,20.4
"C3538","5","114119","48","0","2020","A","N","New Orleans-Metairie, LA MSA","Private","NAICS 114119 Other marine fishing","MSA, NAICS 6-digit -- by ownership sector","All establishment sizes",3,0,0,0,0,0,0,"N",6.32,0,0,0,0,0,0,"N",0,0.0,0,0,0,0,0,0,0,0,0,0,0,0
"C3538","5","1142","46","0","2020","A","N","New Orleans-Metairie, LA MSA","Private","NAICS 1142 Hunting and trapping","MSA, NAICS 4-digit -- by ownership sector","All establishment sizes",1,0,0,0,0,0,0,"N",0.50,0,0,0,0,0,0,"N",0,0.0,0,0,0,0,0,0,0,0,0,0,0,0
"C3538","5","11421","47","0","2020","A","N","New Orleans-Metairie, LA MSA","Private","NAICS 11421 Hunting and trapping","MSA, NAICS 5-digit -- by ownership sector","All establishment sizes",1,0,0,0,0,0,0,"N",0.50,0,0,0,0,0,0,"N",0,0.0,0,0,0,0,0,0,0,0,0,0,0,0
"C3538","5","114210","48","0","2020","A","N","New Orleans-Metairie, LA MSA","Private","NAICS 114210 Hunting and trapping","MSA, NAICS 6-digit -- by ownership sector","All establishment sizes",1,0,0,0,0,0,0,"N",0.50,0,0,0,0,0,0,"N",0,0.0,0,0,0,0,0,0,0,0,0,0,0,0
"C3538","5","115","45","0","2020","A","","New Orleans-Metairie, LA MSA","Private","NAICS 115 Agriculture and forestry support activities","MSA, NAICS 3-digit -- by ownership sector","All establishment sizes",33,146,6071292,1436532,19657,800,41584,"",0.40,0.11,0.13,0.10,0.05,1.21,1.21,"",5,17.9,29,24.8,1141959,23.2,281476,24.4,5515,39.0,-11,-1.4,-577,-1.4
"C3538","5","1151","46","0","2020","A","","New Orleans-Metairie, LA MSA","Private","NAICS 1151 Support activities for crop production","MSA, NAICS 4-digit -- by ownership sector","All establishment sizes",7,47,2066456,455519,8612,853,44360,"",0.14,0.04,0.05,0.04,0.02,1.33,1.33,"N",2,40.0,0,0,0,0,0,0,0,0,0,0,0,0
"C3538","5","11511","47","0","2020","A","","New Orleans-Metairie, LA MSA","Private","NAICS 11511 Support activities for crop production","MSA, NAICS 5-digit -- by ownership sector","All establishment sizes",7,47,2066456,455519,8612,853,44360,"",0.14,0.04,0.05,0.04,0.02,1.33,1.33,"N",2,40.0,0,0,0,0,0,0,0,0,0,0,0,0
"C3538","5","115112","48","0","2020","A","N","New Orleans-Metairie, LA MSA","Private","NAICS 115112 Soil preparation, planting, and cultivating","MSA, NAICS 6-digit -- by ownership sector","All establishment sizes",2,0,0,0,0,0,0,"N",0.13,0,0,0,0,0,0,"N",0,0.0,0,0,0,0,0,0,0,0,0,0,0,0
"C3538","5","115113","48","0","2020","A","N","New Orleans-Metairie, LA MSA","Private","NAICS 115113 Crop harvesting, primarily by machine","MSA, NAICS 6-digit -- by ownership sector","All establishment sizes",1,0,0,0,0,0,0,"N",0.22,0,0,0,0,0,0,"N",1,100.0,0,0,0,0,0,0,0,0,0,0,0,0
"C3538","5","115114","48","0","2020","A","N","New Orleans-Metairie, LA MSA","Private","NAICS 115114 Other postharvest crop activities","MSA, NAICS 6-digit -- by ownership sector","All establishment sizes",2,0,0,0,0,0,0,"N",0.23,0,0,0,0,0,0,"N",1,100.0,0,0,0,0,0,0,0,0,0,0,0,0
"C3538","5","115116","48","0","2020","A","N","New Orleans-Metairie, LA MSA","Private","NAICS 115116 Farm management services","MSA, NAICS 6-digit -- by ownership sector","All establishment sizes",2,0,0,0,0,0,0,"N",0.31,0,0,0,0,0,0,"N",0,0.0,0,0,0,0,0,0,0,0,0,0,0,0
"C3538","5","1152","46","0","2020","A","N","New Orleans-Metairie, LA MSA","Private","NAICS 1152 Support activities for animal production","MSA, NAICS 4-digit -- by ownership sector","All establishment sizes",21,0,0,0,0,0,0,"N",0.88,0,0,0,0,0,0,"N",2,10.5,0,0,0,0,0,0,0,0,0,0,0,0
"C3538","5","11521","47","0","2020","A","N","New Orleans-Metairie, LA MSA","Private","NAICS 11521 Support activities for animal production","MSA, NAICS 5-digit -- by ownership sector","All establishment sizes",21,0,0,0,0,0,0,"N",0.88,0,0,0,0,0,0,"N",2,10.5,0,0,0,0,0,0,0,0,0,0,0,0
"C3538","5","115210","48","0","2020","A","N","New Orleans-Metairie, LA MSA","Private","NAICS 115210 Support activities for animal production","MSA, NAICS 6-digit -- by ownership sector","All establishment sizes",21,0,0,0,0,0,0,"N",0.88,0,0,0,0,0,0,"N",2,10.5,0,0,0,0,0,0,0,0,0,0,0,0
"C3538","5","1153","46","0","2020","A","N","New Orleans-Metairie, LA MSA","Private","NAICS 1153 Support activities for forestry","MSA, NAICS 4-digit -- by ownership sector","All establishment sizes",5,0,0,0,0,0,0,"N",0.48,0,0,0,0,0,0,"N",1,25.0,0,0,0,0,0,0,0,0,0,0,0,0
"C3538","5","11531","47","0","2020","A","N","New Orleans-Metairie, LA MSA","Private","NAICS 11531 Support activities for forestry","MSA, NAICS 5-digit -- by ownership sector","All establishment sizes",5,0,0,0,0,0,0,"N",0.48,0,0,0,0,0,0,"N",1,25.0,0,0,0,0,0,0,0,0,0,0,0,0
"C3538","5","115310","48","0","2020","A","N","New Orleans-Metairie, LA MSA","Private","NAICS 115310 Support activities for forestry","MSA, NAICS 6-digit -- by ownership sector","All establishment sizes",5,0,0,0,0,0,0,"N",0.48,0,0,0,0,0,0,"N",1,25.0,0,0,0,0,0,0,0,0,0,0,0,0
"C3538","5","21","44","0","2020","A","","New Orleans-Metairie, LA MSA","Private","NAICS 21 Mining, quarrying, and oil and gas extraction","MSA, NAICS Sector -- by ownership sector","All establishment sizes",179,4116,658215998,40962024,386215,3075,159900,"",1.40,2.13,3.44,1.69,1.10,1.62,1.62,"",-9,-4.8,-672,-14.0,-123836628,-15.8,-8142284,-16.6,-154885,-28.6,-66,-2.1,-3436,-2.1
"C3538","5","211","45","0","2020","A","","New Orleans-Metairie, LA MSA","Private","NAICS 211 Oil and gas extraction","MSA, NAICS 3-digit -- by ownership sector","All establishment sizes",58,2643,507718892,24799524,98494,3694,192075,"",2.14,5.85,6.74,5.38,1.91,1.15,1.15,"",-2,-3.3,-191,-6.7,-58938059,-10.4,-2029856,-7.6,-1405,-1.4,-152,-4.0,-7910,-4.0
"C3538","5","2111","46","0","2020","A","","New Orleans-Metairie, LA MSA","Private","NAICS 2111 Oil and gas extraction","MSA, NAICS 4-digit -- by ownership sector","All establishment sizes",58,2643,507718892,24799524,98494,3694,192075,"",2.14,5.85,6.74,5.38,1.91,1.15,1.15,"",-2,-3.3,-191,-6.7,-58938059,-10.4,-2029856,-7.6,-1405,-1.4,-152,-4.0,-7910,-4.0
"C3538","5","21112","47","0","2020","A","","New Orleans-Metairie, LA MSA","Private","NAICS 21112 Crude petroleum extraction","MSA, NAICS 5-digit -- by ownership sector","All establishment sizes",47,2606,503503131,24417365,95651,3716,193234,"",2.52,7.76,8.40,7.13,2.54,1.08,1.08,"",-1,-2.1,-188,-6.7,-58912031,-10.5,-2022120,-7.6,-1995,-2.0,-155,-4.0,-8036,-4.0
"C3538","5","211120","48","0","2020","A","","New Orleans-Metairie, LA MSA","Private","NAICS 211120 Crude petroleum extraction","MSA, NAICS 6-digit -- by ownership sector","All establishment sizes",47,2606,503503131,24417365,95651,3716,193234,"",2.52,7.76,8.40,7.13,2.54,1.08,1.08,"",-1,-2.1,-188,-6.7,-58912031,-10.5,-2022120,-7.6,-1995,-2.0,-155,-4.0,-8036,-4.0
"C3538","5","21113","47","0","2020","A","","New Orleans-Metairie, LA MSA","Private","NAICS 21113 Natural gas extraction","MSA, NAICS 5-digit -- by ownership sector","All establishment sizes",11,38,4215761,382159,2843,2152,111923,"",1.29,0.33,0.27,0.32,0.20,0.84,0.84,"",-1,-8.3,-1,-2.6,-26028,-0.6,-7736,-2.0,590,26.2,69,3.3,3622,3.3
"C3538","5","211130","48","0","2020","A","","New Orleans-Metairie, LA MSA","Private","NAICS 211130 Natural gas extraction","MSA, NAICS 6-digit -- by ownership sector","All establishment sizes",11,38,4215761,382159,2843,2152,111923,"",1.29,0.33,0.27,0.32,0.20,0.84,0.84,"",-1,-8.3,-1,-2.6,-26028,-0.6,-7736,-2.0,590,26.2,69,3.3,3622,3.3
"C3538","5","212","45","0","2020","A","","New Orleans-Metairie, LA MSA","Private","NAICS 212 Mining, except oil and gas","MSA, NAICS 3-digit -- by ownership sector","All establishment sizes",13,138,24576065,1379598,10745,3414,177551,"",0.46,0.22,0.54,0.17,0.08,2.45,2.45,"",1,8.3,2,1.5,2861972,13.2,27991,2.1,-266,-2.4,334,10.8,17398,10.9
"C3538","5","2122","46","0","2020","A","N","New Orleans-Metairie, LA MSA","Private","NAICS 2122 Metal ore mining","MSA, NAICS 4-digit -- by ownership sector","All establishment sizes",1,0,0,0,0,0,0,"N",0.65,0,0,0,0,0,0,"N",0,0.0,0,0,0,0,0,0,0,0,0,0,0,0
"C3538","5","21223","47","0","2020","A","N","New Orleans-Metairie, LA MSA","Private","NAICS 21223 Copper, nickel, lead, and zinc mining","MSA, NAICS 5-digit -- by ownership sector","All establishment sizes",1,0,0,0,0,0,0,"N",3.11,0,0,0,0,0,0,"N",0,0.0,0,0,0,0,0,0,0,0,0,0,0,0
"C3538","5","212230","48","0","2020","A","N","New Orleans-Metairie, LA MSA","Private","NAICS 212230 Copper, nickel, lead, and zinc mining","MSA, NAICS 6-digit -- by ownership sector","All establishment sizes",1,0,0,0,0,0,0,"N",3.11,0,0,0,0,0,0,"N",0,0.0,0,0,0,0,0,0,0,0,0,0,0,0
"C3538","5","2123","46","0","2020","A","N","New Orleans-Metairie, LA MSA","Private","NAICS 2123 Nonmetallic mineral mining and quarrying","MSA, NAICS 4-digit -- by ownership sector","All establishment sizes",12,0,0,0,0,0,0,"N",0.51,0,0,0,0,0,0,"N",1,9.1,0,0,0,0,0,0,0,0,0,0,0,0
"C3538","5","21232","47","0","2020","A","","New Orleans-Metairie, LA MSA","Private","NAICS 21232 Sand, gravel, clay, and refractory mining","MSA, NAICS 5-digit -- by ownership sector","All establishment sizes",10,69,5532982,668393,9451,1538,79995,"",0.86,0.47,0.59,0.37,0.21,1.26,1.26,"",0,0.0,0,0.0,237787,4.5,13378,2.0,-318,-3.3,57,3.8,2974,3.9
"C3538","5","212321","48","0","2020","A","N","New Orleans-Metairie, LA MSA","Private","NAICS 212321 Construction sand and gravel mining","MSA, NAICS 6-digit -- by ownership sector","All establishment sizes",9,0,0,0,0,0,0,"N",0.90,0,0,0,0,0,0,"N",0,0.0,0,0,0,0,0,0,0,0,0,0,0,0
"C3538","5","212325","48","0","2020","A","N","New Orleans-Metairie, LA MSA","Private","NAICS 212325 Clay, ceramic, and refractory minerals mining","MSA, NAICS 6-digit -- by ownership sector","All establishment sizes",1,0,0,0,0,0,0,"N",2.01,0,0,0,0,0,0,"N",0,0.0,0,0,0,0,0,0,0,0,0,0,0,0
"C3538","5","21239","47","0","2020","A","N","New Orleans-Metairie, LA MSA","Private","NAICS 21239 Other nonmetallic mineral mining","MSA, NAICS 5-digit -- by ownership sector","All establishment sizes",2,0,0,0,0,0,0,"N",1.18,0,0,0,0,0,0,"N",1,100.0,0,0,0,0,0,0,0,0,0,0,0,0
"C3538","5","212393","48","0","2020","A","N","New Orleans-Metairie, LA MSA","Private","NAICS 212393 Other chemical and fertilizer mineral mining","MSA, NAICS 6-digit -- by ownership sector","All establishment sizes",1,0,0,0,0,0,0,"N",2.44,0,0,0,0,0,0,"N",1,100.0,0,0,0,0,0,0,0,0,0,0,0,0
"C3538","5","212399","48","0","2020","A","N","New Orleans-Metairie, LA MSA","Private","NAICS 212399 All other nonmetallic mineral mining","MSA, NAICS 6-digit -- by ownership sector","All establishment sizes",1,0,0,0,0,0,0,"N",0.90,0,0,0,0,0,0,"N",0,0.0,0,0,0,0,0,0,0,0,0,0,0,0
"C3538","5","213","45","0","2020","A","","New Orleans-Metairie, LA MSA","Private","NAICS 213 Support activities for mining","MSA, NAICS 3-digit -- by ownership sector","All establishment sizes",108,1335,125921041,14782902,276976,1814,94346,"",1.49,1.56,1.79,1.29,1.77,1.14,1.14,"",-8,-6.9,-484,-26.6,-67760541,-35.0,-6140419,-29.3,-153214,-35.6,-234,-11.4,-12136,-11.4
"C3538","5","2131","46","0","2020","A","","New Orleans-Metairie, LA MSA","Private","NAICS 2131 Support activities for mining","MSA, NAICS 4-digit -- by ownership sector","All establishment sizes",108,1335,125921041,14782902,276976,1814,94346,"",1.49,1.56,1.79,1.29,1.77,1.14,1.14,"",-8,-6.9,-484,-26.6,-67760541,-35.0,-6140419,-29.3,-153214,-35.6,-234,-11.4,-12136,-11.4
"C3538","5","21311","47","0","2020","A","","New Orleans-Metairie, LA MSA","Private","NAICS 21311 Support activities for mining","MSA, NAICS 5-digit -- by ownership sector","All establishment sizes",108,1335,125921041,14782902,276976,1814,94346,"",1.49,1.56,1.79,1.29,1.77,1.14,1.14,"",-8,-6.9,-484,-26.6,-67760541,-35.0,-6140419,-29.3,-153214,-35.6,-234,-11.4,-12136,-11.4
"C3538","5","213111","48","0","2020","A","","New Orleans-Metairie, LA MSA","Private","NAICS 213111 Drilling oil and gas wells","MSA, NAICS 6-digit -- by ownership sector","All establishment sizes",16,92,12773701,1649564,28184,2670,138845,"",1.76,0.67,0.96,0.88,0.91,1.44,1.44,"",2,14.3,-148,-61.7,-16634441,-56.6,-2706040,-62.1,-54306,-65.8,309,13.1,16098,13.1
"C3538","5","213112","48","0","2020","A","","New Orleans-Metairie, LA MSA","Private","NAICS 213112 Support activities for oil and gas operations","MSA, NAICS 6-digit -- by ownership sector","All establishment sizes",92,1243,113147340,13133338,248792,1751,91052,"",1.54,1.84,2.09,1.47,2.18,1.14,1.14,"",-10,-9.8,-336,-21.3,-51126100,-31.1,-3434379,-20.7,-98908,-28.4,-249,-12.4,-12962,-12.5
"C3538","5","22","44","0","2020","A","","New Orleans-Metairie, LA MSA","Private","NAICS 22 Utilities","MSA, NAICS Sector -- by ownership sector","All establishment sizes",89,2084,248228937,17492466,89299,2291,119121,"",1.14,1.07,1.21,0.94,0.56,1.13,1.13,"",5,6.0,35,1.7,32652346,15.1,772332,4.6,13832,18.3,268,13.2,13915,13.2
"C3538","5","221","45","0","2020","A","","New Orleans-Metairie, LA MSA","Private","NAICS 221 Utilities","MSA, NAICS 3-digit -- by ownership sector","All establishment sizes",89,2084,248228937,17492466,89299,2291,119121,"",1.14,1.07,1.21,0.94,0.56,1.13,1.13,"",5,6.0,35,1.7,32652346,15.1,772332,4.6,13832,18.3,268,13.2,13915,13.2
"C3538","5","2211","46","0","2020","A","","New Orleans-Metairie, LA MSA","Private","NAICS 2211 Power generation and supply","MSA, NAICS 4-digit -- by ownership sector","All establishment sizes",62,1697,216950098,13884757,57574,2458,127837,"",1.48,1.24,1.43,1.04,0.55,1.16,1.16,"",6,10.7,80,4.9,32090506,17.4,1000373,7.8,14826,34.7,260,11.8,13526,11.8
"C3538","5","22111","47","0","2020","A","","New Orleans-Metairie, LA MSA","Private","NAICS 22111 Electric power generation","MSA, NAICS 5-digit -- by ownership sector","All establishment sizes",12,954,126853697,8261840,46213,2557,132982,"",0.74,1.87,2.10,1.59,0.83,1.13,1.13,"",1,9.1,42,4.6,17258936,15.7,1213241,17.2,14505,45.7,246,10.6,12823,10.7
"C3538","5","221112","48","0","2020","A","","New Orleans-Metairie, LA MSA","Private","NAICS 221112 Fossil fuel electric power generation","MSA, NAICS 6-digit -- by ownership sector","All establishment sizes",9,141,20079127,1247622,2936,2739,142405,"",1.29,0.49,0.62,0.42,0.10,1.25,1.25,"",1,12.5,29,25.9,5958835,42.2,102251,8.9,-233,-7.4,304,12.5,15766,12.4
"C3538","5","221113","48","0","2020","A","N","New Orleans-Metairie, LA MSA","Private","NAICS 221113 Nuclear electric power generation","MSA, NAICS 6-digit -- by ownership sector","All establishment sizes",2,0,0,0,0,0,0,"N",3.58,0,0,0,0,0,0,"N",0,0.0,0,0,0,0,0,0,0,0,0,0,0,0
"C3538","5","221114","48","0","2020","A","N","New Orleans-Metairie, LA MSA","Private","NAICS 221114 Solar electric power generation","MSA, NAICS 6-digit -- by ownership sector","All establishment sizes",1,0,0,0,0,0,0,"N",0.39,0,0,0,0,0,0,"N",0,0.0,0,0,0,0,0,0,0,0,0,0,0,0
"C3538","5","22112","47","0","2020","A","","New Orleans-Metairie, LA MSA","Private","NAICS 22112 Electric power transmission and distribution","MSA, NAICS 5-digit -- by ownership sector","All establishment sizes",50,743,90096401,5622917,11361,2331,121233,"",1.96,0.87,0.99,0.69,0.23,1.14,1.14,"",5,11.1,38,5.4,14831570,19.7,-212868,-3.6,321,2.9,278,13.5,14487,13.6
"C3538","5","221121","48","0","2020","A","N","New Orleans-Metairie, LA MSA","Private","NAICS 221121 Electric bulk power transmission and control","MSA, NAICS 6-digit -- by ownership sector","All establishment sizes",14,0,0,0,0,0,0,"N",5.02,0,0,0,0,0,0,"N",1,7.7,0,0,0,0,0,0,0,0,0,0,0,0
"C3538","5","221122","48","0","2020","A","N","New Orleans-Metairie, LA MSA","Private","NAICS 221122 Electric power distribution","MSA, NAICS 6-digit -- by ownership sector","All establishment sizes",36,0,0,0,0,0,0,"N",1.58,0,0,0,0,0,0,"N",4,12.5,0,0,0,0,0,0,0,0,0,0,0,0
"C3538","5","2212","46","0","2020","A","N","New Orleans-Metairie, LA MSA","Private","NAICS 2212 Natural gas distribution","MSA, NAICS 4-digit -- by ownership sector","All establishment sizes",10,0,0,0,0,0,0,"N",0.82,0,0,0,0,0,0,"N",0,0.0,0,0,0,0,0,0,0,0,0,0,0,0
"C3538","5","22121","47","0","2020","A","N","New Orleans-Metairie, LA MSA","Private","NAICS 22121 Natural gas distribution","MSA, NAICS 5-digit -- by ownership sector","All establishment sizes",10,0,0,0,0,0,0,"N",0.82,0,0,0,0,0,0,"N",0,0.0,0,0,0,0,0,0,0,0,0,0,0,0
"C3538","5","221210","48","0","2020","A","N","New Orleans-Metairie, LA MSA","Private","NAICS 221210 Natural gas distribution","MSA, NAICS 6-digit -- by ownership sector","All establishment sizes",10,0,0,0,0,0,0,"N",0.82,0,0,0,0,0,0,"N",0,0.0,0,0,0,0,0,0,0,0,0,0,0,0
"C3538","5","2213","46","0","2020","A","N","New Orleans-Metairie, LA MSA","Private","NAICS 2213 Water, sewage and other systems","MSA, NAICS 4-digit -- by ownership sector","All establishment sizes",16,0,0,0,0,0,0,"N",0.66,0,0,0,0,0,0,"N",-3,-15.8,0,0,0,0,0,0,0,0,0,0,0,0
"C3538","5","22131","47","0","2020","A","","New Orleans-Metairie, LA MSA","Private","NAICS 22131 Water supply and irrigation systems","MSA, NAICS 5-digit -- by ownership sector","All establishment sizes",11,169,10737013,1479153,23182,1219,63376,"",0.52,1.05,1.11,0.99,1.66,1.06,1.06,"",-2,-15.4,-31,-15.5,-259989,-2.4,-281005,-16.0,-529,-2.2,159,15.0,8276,15.0
"C3538","5","221310","48","0","2020","A","","New Orleans-Metairie, LA MSA","Private","NAICS 221310 Water supply and irrigation systems","MSA, NAICS 6-digit -- by ownership sector","All establishment sizes",11,169,10737013,1479153,23182,1219,63376,"",0.52,1.05,1.11,0.99,1.66,1.06,1.06,"",-2,-15.4,-31,-15.5,-259989,-2.4,-281005,-16.0,-529,-2.2,159,15.0,8276,15.0
"C3538","5","22132","47","0","2020","A","","New Orleans-Metairie, LA MSA","Private","NAICS 22132 Sewage treatment facilities","MSA, NAICS 5-digit -- by ownership sector","All establishment sizes",5,28,1683476,239094,2791,1153,59946,"",1.82,1.21,1.30,1.03,1.25,1.07,1.07,"N",0,0.0,0,0,0,0,0,0,0,0,0,0,0,0
"C3538","5","221320","48","0","2020","A","","New Orleans-Metairie, LA MSA","Private","NAICS 221320 Sewage treatment facilities","MSA, NAICS 6-digit -- by ownership sector","All establishment sizes",5,28,1683476,239094,2791,1153,59946,"",1.82,1.21,1.30,1.03,1.25,1.07,1.07,"N",0,0.0,0,0,0,0,0,0,0,0,0,0,0,0
"C3538","5","22133","47","0","2020","A","N","New Orleans-Metairie, LA MSA","Private","NAICS 22133 Steam and air-conditioning supply","MSA, NAICS 5-digit -- by ownership sector","All establishment sizes",1,0,0,0,0,0,0,"N",1.94,0,0,0,0,0,0,"N",0,0.0,0,0,0,0,0,0,0,0,0,0,0,0
"C3538","5","221330","48","0","2020","A","N","New Orleans-Metairie, LA MSA","Private","NAICS 221330 Steam and air-conditioning supply","MSA, NAICS 6-digit -- by ownership sector","All establishment sizes",1,0,0,0,0,0,0,"N",1.94,0,0,0,0,0,0,"N",0,0.0,0,0,0,0,0,0,0,0,0,0,0,0
"C3538","5","23","44","0","2020","A","","New Orleans-Metairie, LA MSA","Private","NAICS 23 Construction","MSA, NAICS Sector -- by ownership sector","All establishment sizes",3180,26148,1623770214,293593163,5712434,1194,62100,"",0.93,1.01,1.04,0.98,0.90,1.03,1.03,"",94,3.0,-1834,-6.6,-60970103,-3.6,-20358953,-6.5,-1030610,-15.3,36,3.1,1892,3.1
"C3538","5","236","45","0","2020","A","","New Orleans-Metairie, LA MSA","Private","NAICS 236 Construction of buildings","MSA, NAICS 3-digit -- by ownership sector","All establishment sizes",926,4734,307084544,54037902,1062886,1248,64871,"",0.88,0.83,0.81,0.81,0.83,0.98,0.98,"",21,2.3,-587,-11.0,-30455035,-9.0,-8278616,-13.3,-303594,-22.2,28,2.3,1434,2.3
"C3538","5","2361","46","0","2020","A","N","New Orleans-Metairie, LA MSA","Private","NAICS 2361 Residential building construction","MSA, NAICS 4-digit -- by ownership sector","All establishment sizes",563,0,0,0,0,0,0,"N",0.69,0,0,0,0,0,0,"N",19,3.5,0,0,0,0,0,0,0,0,0,0,0,0
"C3538","5","23611","47","0","2020","A","N","New Orleans-Metairie, LA MSA","Private","NAICS 23611 Residential building construction","MSA, NAICS 5-digit -- by ownership sector","All establishment sizes",563,0,0,0,0,0,0,"N",0.69,0,0,0,0,0,0,"N",19,3.5,0,0,0,0,0,0,0,0,0,0,0,0
"C3538","5","236115","48","0","2020","A","","New Orleans-Metairie, LA MSA","Private","NAICS 236115 New single-family general contractors","MSA, NAICS 6-digit -- by ownership sector","All establishment sizes",174,786,46957914,8307228,121730,1149,59749,"",0.50,0.62,0.63,0.56,0.58,1.01,1.01,"",-4,-2.2,156,24.8,13148155,38.9,1731590,26.3,25196,26.1,117,11.3,6090,11.3
"C3538","5","236116","48","0","2020","A","N","New Orleans-Metairie, LA MSA","Private","NAICS 236116 New multifamily general contractors","MSA, NAICS 6-digit -- by ownership sector","All establishment sizes",28,0,0,0,0,0,0,"N",1.68,0,0,0,0,0,0,"N",2,7.7,0,0,0,0,0,0,0,0,0,0,0,0
"C3538","5","236117","48","0","2020","A","","New Orleans-Metairie, LA MSA","Private","NAICS 236117 New housing for-sale builders","MSA, NAICS 6-digit -- by ownership sector","All establishment sizes",41,122,7348051,1217095,15317,1161,60395,"",2.13,0.74,0.48,0.65,0.66,0.65,0.65,"",-1,-2.4,-13,-9.6,-505291,-6.4,-207144,-14.5,-10006,-39.5,45,4.0,2365,4.1
"C3538","5","236118","48","0","2020","A","N","New Orleans-Metairie, LA MSA","Private","NAICS 236118 Residential remodelers","MSA, NAICS 6-digit -- by ownership sector","All establishment sizes",320,0,0,0,0,0,0,"N",0.74,0,0,0,0,0,0,"N",22,7.4,0,0,0,0,0,0,0,0,0,0,0,0
"C3538","5","2362","46","0","2020","A","N","New Orleans-Metairie, LA MSA","Private","NAICS 2362 Nonresidential building construction","MSA, NAICS 4-digit -- by ownership sector","All establishment sizes",363,0,0,0,0,0,0,"N",1.55,0,0,0,0,0,0,"N",2,0.6,0,0,0,0,0,0,0,0,0,0,0,0
"C3538","5","23621","47","0","2020","A","N","New Orleans-Metairie, LA MSA","Private","NAICS 23621 Industrial building construction","MSA, NAICS 5-digit -- by ownership sector","All establishment sizes",52,0,0,0,0,0,0,"N",2.09,0,0,0,0,0,0,"N",-2,-3.7,0,0,0,0,0,0,0,0,0,0,0,0
"C3538","5","236210","48","0","2020","A","N","New Orleans-Metairie, LA MSA","Private","NAICS 236210 Industrial building construction","MSA, NAICS 6-digit -- by ownership sector","All establishment sizes",52,0,0,0,0,0,0,"N",2.09,0,0,0,0,0,0,"N",-2,-3.7,0,0,0,0,0,0,0,0,0,0,0,0
"C3538","5","23622","47","0","2020","A","","New Orleans-Metairie, LA MSA","Private","NAICS 23622 Commercial building construction","MSA, NAICS 5-digit -- by ownership sector","All establishment sizes",311,2182,143379832,22661017,441047,1264,65703,"",1.48,0.94,0.81,0.82,0.73,0.87,0.87,"",5,1.6,-386,-15.0,-18605595,-11.5,-3770804,-14.3,-109927,-20.0,51,4.2,2635,4.2
"C3538","5","236220","48","0","2020","A","","New Orleans-Metairie, LA MSA","Private","NAICS 236220 Commercial building construction","MSA, NAICS 6-digit -- by ownership sector","All establishment sizes",311,2182,143379832,22661017,441047,1264,65703,"",1.48,0.94,0.81,0.82,0.73,0.87,0.87,"",5,1.6,-386,-15.0,-18605595,-11.5,-3770804,-14.3,-109927,-20.0,51,4.2,2635,4.2
"C3538","5","237","45","0","2020","A","","New Orleans-Metairie, LA MSA","Private","NAICS 237 Heavy and civil engineering construction","MSA, NAICS 3-digit -- by ownership sector","All establishment sizes",275,6260,459986262,73901906,1657836,1413,73478,"",1.29,1.69,1.72,1.62,1.32,1.02,1.02,"",17,6.6,102,1.7,17269619,3.9,951598,1.3,-162366,-8.9,30,2.2,1585,2.2
"C3538","5","2371","46","0","2020","A","","New Orleans-Metairie, LA MSA","Private","NAICS 2371 Utility system construction","MSA, NAICS 4-digit -- by ownership sector","All establishment sizes",108,2770,211206045,34978345,882449,1467,76261,"",1.00,1.43,1.51,1.45,1.51,1.06,1.06,"",1,0.9,-159,-5.4,-19732021,-8.5,-2926778,-7.7,-133954,-13.2,-49,-3.2,-2578,-3.3
"C3538","5","23711","47","0","2020","A","","New Orleans-Metairie, LA MSA","Private","NAICS 23711 Water and sewer system construction","MSA, NAICS 5-digit -- by ownership sector","All establishment sizes",34,596,41026500,6133090,101380,1325,68894,"",0.68,0.88,0.96,0.82,0.58,1.10,1.10,"",0,0.0,-2,-0.3,170644,0.4,57518,0.9,-12284,-10.8,11,0.8,554,0.8
"C3538","5","237110","48","0","2020","A","","New Orleans-Metairie, LA MSA","Private","NAICS 237110 Water and sewer system construction","MSA, NAICS 6-digit -- by ownership sector","All establishment sizes",34,596,41026500,6133090,101380,1325,68894,"",0.68,0.88,0.96,0.82,0.58,1.10,1.10,"",0,0.0,-2,-0.3,170644,0.4,57518,0.9,-12284,-10.8,11,0.8,554,0.8
"C3538","5","23712","47","0","2020","A","","New Orleans-Metairie, LA MSA","Private","NAICS 23712 Oil and gas pipeline construction","MSA, NAICS 5-digit -- by ownership sector","All establishment sizes",31,1711,139779654,23688038,699975,1572,81719,"",1.85,3.48,3.70,3.48,3.58,1.07,1.06,"",2,6.9,-143,-7.7,-19516529,-12.3,-2434934,-9.3,-88269,-11.2,-81,-4.9,-4221,-4.9
"C3538","5","237120","48","0","2020","A","","New Orleans-Metairie, LA MSA","Private","NAICS 237120 Oil and gas pipeline construction","MSA, NAICS 6-digit -- by ownership sector","All establishment sizes",31,1711,139779654,23688038,699975,1572,81719,"",1.85,3.48,3.70,3.48,3.58,1.07,1.06,"",2,6.9,-143,-7.7,-19516529,-12.3,-2434934,-9.3,-88269,-11.2,-81,-4.9,-4221,-4.9
"C3538","5","23713","47","0","2020","A","","New Orleans-Metairie, LA MSA","Private","NAICS 23713 Power and communication system construction","MSA, NAICS 5-digit -- by ownership sector","All establishment sizes",44,464,30399891,5157217,81094,1261,65588,"",1.05,0.61,0.51,0.53,0.38,0.84,0.84,"",0,0.0,-14,-2.9,-386136,-1.3,-549362,-9.6,-33401,-29.2,22,1.8,1160,1.8
"C3538","5","237130","48","0","2020","A","","New Orleans-Metairie, LA MSA","Private","NAICS 237130 Power and communication system construction","MSA, NAICS 6-digit -- by ownership sector","All establishment sizes",44,464,30399891,5157217,81094,1261,65588,"",1.05,0.61,0.51,0.53,0.38,0.84,0.84,"",0,0.0,-14,-2.9,-386136,-1.3,-549362,-9.6,-33401,-29.2,22,1.8,1160,1.8
"C3538","5","2372","46","0","2020","A","","New Orleans-Metairie, LA MSA","Private","NAICS 2372 Land subdivision","MSA, NAICS 4-digit -- by ownership sector","All establishment sizes",15,78,4238200,695430,4873,1044,54278,"",0.63,0.61,0.37,0.54,0.30,0.61,0.61,"",2,15.4,7,9.9,239472,6.0,93288,15.5,209,4.5,-38,-3.5,-1976,-3.5
"C3538","5","23721","47","0","2020","A","","New Orleans-Metairie, LA MSA","Private","NAICS 23721 Land subdivision","MSA, NAICS 5-digit -- by ownership sector","All establishment sizes",15,78,4238200,695430,4873,1044,54278,"",0.63,0.61,0.37,0.54,0.30,0.61,0.61,"",2,15.4,7,9.9,239472,6.0,93288,15.5,209,4.5,-38,-3.5,-1976,-3.5
"C3538","5","237210","48","0","2020","A","","New Orleans-Metairie, LA MSA","Private","NAICS 237210 Land subdivision","MSA, NAICS 6-digit -- by ownership sector","All establishment sizes",15,78,4238200,695430,4873,1044,54278,"",0.63,0.61,0.37,0.54,0.30,0.61,0.61,"",2,15.4,7,9.9,239472,6.0,93288,15.5,209,4.5,-38,-3.5,-1976,-3.5
"C3538","5","2373","46","0","2020","A","","New Orleans-Metairie, LA MSA","Private","NAICS 2373 Highway, street, and bridge construction","MSA, NAICS 4-digit -- by ownership sector","All establishment sizes",75,2267,161882443,24741414,460963,1373,71416,"",1.60,1.85,1.91,1.62,0.89,1.03,1.03,"",10,15.4,225,11.0,31258486,23.9,3431637,16.1,-11181,-2.4,143,11.6,7460,11.7
"C3538","5","23731","47","0","2020","A","","New Orleans-Metairie, LA MSA","Private","NAICS 23731 Highway, street, and bridge construction","MSA, NAICS 5-digit -- by ownership sector","All establishment sizes",75,2267,161882443,24741414,460963,1373,71416,"",1.60,1.85,1.91,1.62,0.89,1.03,1.03,"",10,15.4,225,11.0,31258486,23.9,3431637,16.1,-11181,-2.4,143,11.6,7460,11.7
"C3538","5","237310","48","0","2020","A","","New Orleans-Metairie, LA MSA","Private","NAICS 237310 Highway, street, and bridge construction","MSA, NAICS 6-digit -- by ownership sector","All establishment sizes",75,2267,161882443,24741414,460963,1373,71416,"",1.60,1.85,1.91,1.62,0.89,1.03,1.03,"",10,15.4,225,11.0,31258486,23.9,3431637,16.1,-11181,-2.4,143,11.6,7460,11.7
"C3538","5","2379","46","0","2020","A","","New Orleans-Metairie, LA MSA","Private","NAICS 2379 Other heavy construction","MSA, NAICS 4-digit -- by ownership sector","All establishment sizes",77,1146,82659574,13486717,309551,1387,72139,"",2.29,2.70,2.61,2.66,2.37,0.96,0.96,"",4,5.5,31,2.8,5503682,7.1,353451,2.7,-17440,-5.3,57,4.3,2956,4.3
"C3538","5","23799","47","0","2020","A","","New Orleans-Metairie, LA MSA","Private","NAICS 23799 Other heavy construction","MSA, NAICS 5-digit -- by ownership sector","All establishment sizes",77,1146,82659574,13486717,309551,1387,72139,"",2.29,2.70,2.61,2.66,2.37,0.96,0.96,"",4,5.5,31,2.8,5503682,7.1,353451,2.7,-17440,-5.3,57,4.3,2956,4.3
"C3538","5","237990","48","0","2020","A","","New Orleans-Metairie, LA MSA","Private","NAICS 237990 Other heavy construction","MSA, NAICS 6-digit -- by ownership sector","All establishment sizes",77,1146,82659574,13486717,309551,1387,72139,"",2.29,2.70,2.61,2.66,2.37,0.96,0.96,"",4,5.5,31,2.8,5503682,7.1,353451,2.7,-17440,-5.3,57,4.3,2956,4.3
"C3538","5","238","45","0","2020","A","","New Orleans-Metairie, LA MSA","Private","NAICS 238 Specialty trade contractors","MSA, NAICS 3-digit -- by ownership sector","All establishment sizes",1979,15154,856699408,165653355,2991712,1087,56533,"",0.92,0.92,0.94,0.88,0.78,1.01,1.01,"",55,2.9,-1349,-8.2,-47784687,-5.3,-13031935,-7.3,-564650,-15.9,33,3.1,1726,3.1
"C3538","5","2381","46","0","2020","A","","New Orleans-Metairie, LA MSA","Private","NAICS 2381 Building foundation and exterior contractors","MSA, NAICS 4-digit -- by ownership sector","All establishment sizes",281,2020,108864583,22726967,404755,1036,53887,"",0.66,0.62,0.64,0.60,0.50,1.04,1.04,"N",8,2.9,0,0,0,0,0,0,0,0,0,0,0,0
"C3538","5","23811","47","0","2020","A","","New Orleans-Metairie, LA MSA","Private","NAICS 23811 Poured concrete structure contractors","MSA, NAICS 5-digit -- by ownership sector","All establishment sizes",58,343,17679617,3352077,41540,991,51544,"",0.67,0.42,0.40,0.35,0.20,0.97,0.97,"N",2,3.6,0,0,0,0,0,0,0,0,0,0,0,0
"C3538","5","238111","48","0","2020","A","","New Orleans-Metairie, LA MSA","Private","NAICS 238111 Residential poured foundation contractors","MSA, NAICS 6-digit -- by ownership sector","All establishment sizes",29,78,4853102,661563,5310,1198,62286,"",0.47,0.20,0.26,0.14,0.06,1.32,1.32,"",1,3.6,3,4.0,353626,7.9,5990,0.9,-824,-13.4,49,4.3,2558,4.3
"C3538","5","238112","48","0","2020","A","","New Orleans-Metairie, LA MSA","Private","NAICS 238112 Nonresidential poured foundation contractors","MSA, NAICS 6-digit -- by ownership sector","All establishment sizes",29,265,12826515,2690514,36230,931,48387,"",1.17,0.61,0.50,0.55,0.33,0.82,0.82,"N",1,3.6,0,0,0,0,0,0,0,0,0,0,0,0
"C3538","5","23812","47","0","2020","A","","New Orleans-Metairie, LA MSA","Private","NAICS 23812 Steel and precast concrete contractors","MSA, NAICS 5-digit -- by ownership sector","All establishment sizes",11,423,29683304,6696829,151414,1348,70104,"",0.52,1.41,1.60,1.77,1.60,1.13,1.13,"",-1,-8.3,-36,-7.8,-1935432,-6.1,-150460,-2.2,-27705,-15.5,23,1.7,1193,1.7
"C3538","5","238121","48","0","2020","A","N","New Orleans-Metairie, LA MSA","Private","NAICS 238121 Residential structural steel contractors","MSA, NAICS 6-digit -- by ownership sector","All establishment sizes",1,0,0,0,0,0,0,"N",0.18,0,0,0,0,0,0,"N",0,0.0,0,0,0,0,0,0,0,0,0,0,0,0
"C3538","5","238122","48","0","2020","A","N","New Orleans-Metairie, LA MSA","Private","NAICS 238122 Nonresidential structural steel contractors","MSA, NAICS 6-digit -- by ownership sector","All establishment sizes",10,0,0,0,0,0,0,"N",0.63,0,0,0,0,0,0,"N",-1,-9.1,0,0,0,0,0,0,0,0,0,0,0,0
"C3538","5","23813","47","0","2020","A","","New Orleans-Metairie, LA MSA","Private","NAICS 23813 Framing contractors","MSA, NAICS 5-digit -- by ownership sector","All establishment sizes",25,109,5562319,1049396,13892,978,50836,"",0.54,0.37,0.42,0.28,0.23,1.14,1.14,"",2,8.7,12,12.4,934270,20.2,101820,10.7,-579,-4.0,56,6.1,2877,6.0
"C3538","5","238131","48","0","2020","A","","New Orleans-Metairie, LA MSA","Private","NAICS 238131 Residential framing contractors","MSA, NAICS 6-digit -- by ownership sector","All establishment sizes",17,67,2802482,694413,7218,803,41776,"",0.43,0.29,0.29,0.24,0.16,1.00,1.00,"",1,6.2,3,4.7,483475,20.8,48063,7.4,-1438,-16.6,109,15.7,5683,15.7
"C3538","5","238132","48","0","2020","A","","New Orleans-Metairie, LA MSA","Private","NAICS 238132 Nonresidential framing contractors","MSA, NAICS 6-digit -- by ownership sector","All establishment sizes",8,42,2759837,354983,6674,1254,65193,"",1.26,0.68,0.81,0.45,0.42,1.19,1.19,"",1,14.3,10,31.2,450795,19.5,53757,17.8,859,14.8,-123,-8.9,-6405,-8.9
"C3538","5","23814","47","0","2020","A","","New Orleans-Metairie, LA MSA","Private","NAICS 23814 Masonry contractors","MSA, NAICS 5-digit -- by ownership sector","All establishment sizes",28,152,6231042,1550008,29234,787,40926,"",0.35,0.30,0.26,0.26,0.18,0.86,0.86,"",1,3.7,-27,-15.1,-532663,-7.9,-383604,-19.8,-6481,-18.1,61,8.4,3193,8.5
"C3538","5","238141","48","0","2020","A","","New Orleans-Metairie, LA MSA","Private","NAICS 238141 Residential masonry contractors","MSA, NAICS 6-digit -- by ownership sector","All establishment sizes",15,42,1513596,476876,3479,688,35754,"",0.25,0.17,0.15,0.17,0.06,0.86,0.86,"",0,0.0,-11,-20.8,-189686,-11.1,-56899,-10.7,-1308,-27.3,68,11.0,3515,10.9
"C3538","5","238142","48","0","2020","A","","New Orleans-Metairie, LA MSA","Private","NAICS 238142 Nonresidential masonry contractors","MSA, NAICS 6-digit -- by ownership sector","All establishment sizes",13,110,4717446,1073132,25755,825,42918,"",0.64,0.42,0.34,0.34,0.25,0.80,0.80,"",1,8.3,-16,-12.7,-342977,-6.8,-326705,-23.3,-5173,-16.7,55,7.1,2888,7.2
"C3538","5","23815","47","0","2020","A","","New Orleans-Metairie, LA MSA","Private","NAICS 23815 Glass and glazing contractors","MSA, NAICS 5-digit -- by ownership sector","All establishment sizes",36,359,17821144,3414050,74186,955,49641,"",1.28,1.40,1.20,1.21,1.38,0.86,0.86,"",-3,-7.7,-36,-9.1,-683207,-3.7,-514354,-13.1,-15506,-17.3,55,6.1,2844,6.1
"C3538","5","238151","48","0","2020","A","","New Orleans-Metairie, LA MSA","Private","NAICS 238151 Residential glass and glazing contractors","MSA, NAICS 6-digit -- by ownership sector","All establishment sizes",15,131,5822240,1193742,20010,854,44416,"",0.96,1.51,1.40,1.31,1.49,0.92,0.92,"",-2,-11.8,-11,-7.7,-302585,-4.9,-175670,-12.8,-6500,-24.5,25,3.0,1309,3.0
"C3538","5","238152","48","0","2020","A","","New Orleans-Metairie, LA MSA","Private","NAICS 238152 Nonresidential glass and glazing contractors","MSA, NAICS 6-digit -- by ownership sector","All establishment sizes",21,228,11998904,2220308,54176,1012,52646,"",1.69,1.35,1.13,1.17,1.35,0.84,0.84,"",-1,-4.5,-25,-9.9,-380622,-3.1,-338684,-13.2,-9006,-14.3,72,7.7,3779,7.7
"C3538","5","23816","47","0","2020","A","","New Orleans-Metairie, LA MSA","Private","NAICS 23816 Roofing contractors","MSA, NAICS 5-digit -- by ownership sector","All establishment sizes",76,384,19432045,3890851,58004,974,50626,"",0.74,0.50,0.49,0.47,0.35,0.99,0.99,"",10,15.2,-11,-2.8,2786568,16.7,-64878,-1.6,-6793,-10.5,164,20.2,8521,20.2
"C3538","5","238161","48","0","2020","A","","New Orleans-Metairie, LA MSA","Private","NAICS 238161 Residential roofing contractors","MSA, NAICS 6-digit -- by ownership sector","All establishment sizes",45,106,4576129,1102106,15870,832,43273,"",0.57,0.28,0.26,0.27,0.25,0.94,0.94,"",4,9.8,-11,-9.4,58790,1.3,-49106,-4.3,-1653,-9.4,88,11.8,4581,11.8
"C3538","5","238162","48","0","2020","A","","New Orleans-Metairie, LA MSA","Private","NAICS 238162 Nonresidential roofing contractors","MSA, NAICS 6-digit -- by ownership sector","All establishment sizes",31,278,14855916,2788745,42134,1027,53423,"",1.33,0.72,0.68,0.66,0.42,0.95,0.95,"",6,24.0,-1,-0.4,2727778,22.5,-15772,-0.6,-5140,-10.9,190,22.7,9888,22.7
"C3538","5","23817","47","0","2020","A","","New Orleans-Metairie, LA MSA","Private","NAICS 23817 Siding contractors","MSA, NAICS 5-digit -- by ownership sector","All establishment sizes",15,71,3213950,703638,3686,866,45055,"",0.46,0.51,0.51,0.39,0.13,1.00,1.00,"",0,0.0,-43,-37.7,-3045177,-48.7,-337965,-32.4,-2523,-40.6,-191,-18.1,-9930,-18.1
"C3538","5","238171","48","0","2020","A","N","New Orleans-Metairie, LA MSA","Private","NAICS 238171 Residential siding contractors","MSA, NAICS 6-digit -- by ownership sector","All establishment sizes",14,0,0,0,0,0,0,"N",0.47,0,0,0,0,0,0,"N",1,7.7,0,0,0,0,0,0,0,0,0,0,0,0
"C3538","5","238172","48","0","2020","A","N","New Orleans-Metairie, LA MSA","Private","NAICS 238172 Nonresidential siding contractors","MSA, NAICS 6-digit -- by ownership sector","All establishment sizes",1,0,0,0,0,0,0,"N",0.41,0,0,0,0,0,0,"N",-1,-50.0,0,0,0,0,0,0,0,0,0,0,0,0
"C3538","5","23819","47","0","2020","A","","New Orleans-Metairie, LA MSA","Private","NAICS 23819 Other building exterior contractors","MSA, NAICS 5-digit -- by ownership sector","All establishment sizes",33,178,9241162,2070118,32799,998,51917,"",1.16,1.09,1.05,1.08,0.87,0.97,0.97,"",-4,-10.8,-64,-26.4,-3189295,-25.7,-715594,-25.7,-20548,-38.5,8,0.8,445,0.9
"C3538","5","238191","48","0","2020","A","","New Orleans-Metairie, LA MSA","Private","NAICS 238191 Other residential exterior contractors","MSA, NAICS 6-digit -- by ownership sector","All establishment sizes",16,42,2448476,420717,4764,1114,57952,"",1.02,0.66,0.84,0.59,0.42,1.26,1.26,"",-2,-11.1,-10,-19.2,-481208,-16.4,-117695,-21.9,-3553,-42.7,39,3.6,2060,3.7
"C3538","5","238192","48","0","2020","A","","New Orleans-Metairie, LA MSA","Private","NAICS 238192 Other nonresidential exterior contractors","MSA, NAICS 6-digit -- by ownership sector","All establishment sizes",17,136,6792686,1649401,28035,962,50038,"",1.32,1.36,1.16,1.36,1.07,0.86,0.86,"",-2,-10.5,-53,-28.0,-2708087,-28.5,-597899,-26.6,-16995,-37.7,-4,-0.4,-208,-0.4
"C3538","5","2382","46","0","2020","A","","New Orleans-Metairie, LA MSA","Private","NAICS 2382 Building equipment contractors","MSA, NAICS 4-digit -- by ownership sector","All establishment sizes",994,8443,496871075,88879292,1664361,1132,58848,"",1.17,1.08,1.05,1.00,1.01,0.98,0.97,"",26,2.7,-588,-6.5,-22358240,-4.3,-4600094,-4.9,-278805,-14.3,26,2.4,1356,2.4
"C3538","5","23821","47","0","2020","A","","New Orleans-Metairie, LA MSA","Private","NAICS 23821 Electrical and wiring contractors","MSA, NAICS 5-digit -- by ownership sector","All establishment sizes",392,3372,198957738,35785042,715126,1135,58997,"",1.09,1.01,0.98,0.94,0.96,0.97,0.97,"",5,1.3,-254,-7.0,-9165691,-4.4,-2795801,-7.2,-124719,-14.9,31,2.8,1599,2.8
"C3538","5","238211","48","0","2020","A","","New Orleans-Metairie, LA MSA","Private","NAICS 238211 Residential electrical contractors","MSA, NAICS 6-digit -- by ownership sector","All establishment sizes",193,851,40490928,9051914,138855,915,47604,"",0.91,0.78,0.76,0.75,0.82,0.97,0.97,"",5,2.7,-9,-1.0,2152212,5.6,-70558,-0.8,-25396,-15.5,57,6.6,3002,6.7
"C3538","5","238212","48","0","2020","A","","New Orleans-Metairie, LA MSA","Private","NAICS 238212 Nonresidential electrical contractors","MSA, NAICS 6-digit -- by ownership sector","All establishment sizes",199,2522,158466810,26733128,576271,1208,62840,"",1.35,1.12,1.05,1.02,1.00,0.94,0.94,"",0,0.0,-244,-8.8,-11317903,-6.7,-2725243,-9.3,-99323,-14.7,28,2.4,1466,2.4
"C3538","5","23822","47","0","2020","A","N","New Orleans-Metairie, LA MSA","Private","NAICS 23822 Plumbing and hvac contractors","MSA, NAICS 5-digit -- by ownership sector","All establishment sizes",537,0,0,0,0,0,0,"N",1.20,0,0,0,0,0,0,"N",12,2.3,0,0,0,0,0,0,0,0,0,0,0,0
"C3538","5","238221","48","0","2020","A","N","New Orleans-Metairie, LA MSA","Private","NAICS 238221 Residential plumbing and hvac contractors","MSA, NAICS 6-digit -- by ownership sector","All establishment sizes",367,0,0,0,0,0,0,"N",1.11,0,0,0,0,0,0,"N",6,1.7,0,0,0,0,0,0,0,0,0,0,0,0
"C3538","5","238222","48","0","2020","A","","New Orleans-Metairie, LA MSA","Private","NAICS 238222 Nonresidential plumbing and hvac contractors","MSA, NAICS 6-digit -- by ownership sector","All establishment sizes",170,2247,144242220,22440027,456208,1234,64184,"",1.46,1.14,1.09,0.99,0.91,0.95,0.96,"",6,3.7,-176,-7.3,-4366447,-2.9,-1755173,-7.3,-86498,-15.9,55,4.7,2862,4.7
"C3538","5","23829","47","0","2020","A","N","New Orleans-Metairie, LA MSA","Private","NAICS 23829 Other building equipment contractors","MSA, NAICS 5-digit -- by ownership sector","All establishment sizes",65,0,0,0,0,0,0,"N",1.43,0,0,0,0,0,0,"N",9,16.1,0,0,0,0,0,0,0,0,0,0,0,0
"C3538","5","238291","48","0","2020","A","N","New Orleans-Metairie, LA MSA","Private","NAICS 238291 Other residential equipment contractors","MSA, NAICS 6-digit -- by ownership sector","All establishment sizes",12,0,0,0,0,0,0,"N",1.18,0,0,0,0,0,0,"N",1,9.1,0,0,0,0,0,0,0,0,0,0,0,0
"C3538","5","238292","48","0","2020","A","","New Orleans-Metairie, LA MSA","Private","NAICS 238292 Other nonresidential equipment contractors","MSA, NAICS 6-digit -- by ownership sector","All establishment sizes",53,839,59017344,11415372,256839,1353,70370,"",1.49,1.84,1.70,2.09,2.33,0.93,0.93,"",8,17.8,-99,-10.6,-10767754,-15.4,161211,1.4,-38955,-13.2,-77,-5.4,-4015,-5.4
"C3538","5","2383","46","0","2020","A","","New Orleans-Metairie, LA MSA","Private","NAICS 2383 Building finishing contractors","MSA, NAICS 4-digit -- by ownership sector","All establishment sizes",363,1893,89805412,20389113,331778,912,47441,"",0.69,0.67,0.65,0.62,0.51,0.97,0.97,"",1,0.3,-304,-13.8,-9146369,-9.2,-4064388,-16.6,-152918,-31.5,46,5.3,2405,5.3
"C3538","5","23831","47","0","2020","A","","New Orleans-Metairie, LA MSA","Private","NAICS 23831 Drywall and insulation contractors","MSA, NAICS 5-digit -- by ownership sector","All establishment sizes",84,555,24618954,6615155,108420,854,44398,"",0.98,0.63,0.52,0.62,0.45,0.82,0.82,"",0,0.0,-87,-13.6,-3696145,-13.1,-1862396,-22.0,-91826,-45.9,6,0.7,299,0.7
"C3538","5","238311","48","0","2020","A","N","New Orleans-Metairie, LA MSA","Private","NAICS 238311 Residential drywall contractors","MSA, NAICS 6-digit -- by ownership sector","All establishment sizes",47,0,0,0,0,0,0,"N",0.78,0,0,0,0,0,0,"N",0,0.0,0,0,0,0,0,0,0,0,0,0,0,0
"C3538","5","238312","48","0","2020","A","N","New Orleans-Metairie, LA MSA","Private","NAICS 238312 Nonresidential drywall contractors","MSA, NAICS 6-digit -- by ownership sector","All establishment sizes",38,0,0,0,0,0,0,"N",1.52,0,0,0,0,0,0,"N",0,0.0,0,0,0,0,0,0,0,0,0,0,0,0
"C3538","5","23832","47","0","2020","A","","New Orleans-Metairie, LA MSA","Private","NAICS 23832 Painting and wall covering contractors","MSA, NAICS 5-digit -- by ownership sector","All establishment sizes",87,411,19524236,4283869,87131,913,47466,"",0.54,0.58,0.63,0.53,0.53,1.09,1.09,"",4,4.8,-73,-15.1,-3386758,-14.8,-990721,-18.8,-27435,-23.9,3,0.3,146,0.3
"C3538","5","238321","48","0","2020","A","","New Orleans-Metairie, LA MSA","Private","NAICS 238321 Residential painting contractors","MSA, NAICS 6-digit -- by ownership sector","All establishment sizes",51,182,8212384,1824468,26862,867,45082,"",0.38,0.42,0.51,0.38,0.36,1.21,1.21,"",3,6.2,-39,-17.6,-1045235,-11.3,-385962,-17.5,-10330,-27.8,63,7.8,3255,7.8
"C3538","5","238322","48","0","2020","A","","New Orleans-Metairie, LA MSA","Private","NAICS 238322 Nonresidential painting contractors","MSA, NAICS 6-digit -- by ownership sector","All establishment sizes",37,229,11311852,2459401,60269,949,49361,"",1.34,0.82,0.77,0.74,0.67,0.93,0.93,"",2,5.7,-34,-12.9,-2341523,-17.1,-604759,-19.7,-17105,-22.1,-50,-5.0,-2586,-5.0
"C3538","5","23833","47","0","2020","A","","New Orleans-Metairie, LA MSA","Private","NAICS 23833 Flooring contractors","MSA, NAICS 5-digit -- by ownership sector","All establishment sizes",42,172,9624277,1647353,19129,1074,55847,"",0.57,0.64,0.72,0.54,0.35,1.12,1.12,"",-2,-4.5,-16,-8.5,-19582,-0.2,-78987,-4.6,-2912,-13.2,85,8.6,4413,8.6
"C3538","5","238331","48","0","2020","A","","New Orleans-Metairie, LA MSA","Private","NAICS 238331 Residential flooring contractors","MSA, NAICS 6-digit -- by ownership sector","All establishment sizes",26,89,4422674,879447,8078,954,49600,"",0.43,0.51,0.59,0.46,0.31,1.14,1.14,"",0,0.0,-8,-8.2,-42371,-0.9,-35112,-3.8,-998,-11.0,68,7.7,3529,7.7
"C3538","5","238332","48","0","2020","A","","New Orleans-Metairie, LA MSA","Private","NAICS 238332 Nonresidential flooring contractors","MSA, NAICS 6-digit -- by ownership sector","All establishment sizes",16,83,5201603,767906,11051,1203,62544,"",1.20,0.87,0.90,0.69,0.40,1.03,1.03,"",-2,-11.1,-8,-8.8,22789,0.4,-43875,-5.4,-1914,-14.8,104,9.5,5372,9.4
"C3538","5","23834","47","0","2020","A","","New Orleans-Metairie, LA MSA","Private","NAICS 23834 Tile and terrazzo contractors","MSA, NAICS 5-digit -- by ownership sector","All establishment sizes",34,161,7206020,1584639,19859,863,44851,"",0.81,0.81,0.78,0.71,0.54,0.97,0.97,"",0,0.0,-25,-13.4,-545713,-7.0,-261636,-14.2,-5055,-20.3,60,7.5,3100,7.4
"C3538","5","238341","48","0","2020","A","","New Orleans-Metairie, LA MSA","Private","NAICS 238341 Residential tile and terrazzo contractors","MSA, NAICS 6-digit -- by ownership sector","All establishment sizes",27,97,4183648,994796,12868,829,43093,"",0.73,0.65,0.65,0.61,0.57,1.00,1.00,"",0,0.0,-18,-15.7,-442285,-9.6,-186055,-15.8,-3063,-19.2,58,7.5,2984,7.4
"C3538","5","238342","48","0","2020","A","","New Orleans-Metairie, LA MSA","Private","NAICS 238342 Nonresidential tile and terrazzo contractors","MSA, NAICS 6-digit -- by ownership sector","All establishment sizes",7,64,3022372,589843,6991,914,47534,"",1.30,1.28,1.07,0.99,0.48,0.84,0.84,"",0,0.0,-6,-8.6,-103428,-3.3,-75581,-11.4,-1992,-22.2,59,6.9,3091,7.0
"C3538","5","23835","47","0","2020","A","","New Orleans-Metairie, LA MSA","Private","NAICS 23835 Finish carpentry contractors","MSA, NAICS 5-digit -- by ownership sector","All establishment sizes",77,380,19494335,3953531,64309,987,51301,"",0.61,0.74,0.79,0.69,0.68,1.08,1.08,"",-1,-1.3,-53,-12.2,-161762,-0.8,-495333,-11.1,-13759,-17.6,114,13.1,5897,13.0
"C3538","5","238351","48","0","2020","A","","New Orleans-Metairie, LA MSA","Private","NAICS 238351 Residential finish carpentry contractors","MSA, NAICS 6-digit -- by ownership sector","All establishment sizes",61,277,12681093,2902077,45383,880,45766,"",0.56,0.70,0.72,0.67,0.76,1.04,1.03,"",0,0.0,-31,-10.1,471220,3.9,-275441,-8.7,-11708,-20.5,118,15.5,6166,15.6
"C3538","5","238352","48","0","2020","A","","New Orleans-Metairie, LA MSA","Private","NAICS 238352 Nonresidential finish carpentry contractors","MSA, NAICS 6-digit -- by ownership sector","All establishment sizes",17,103,6813242,1051454,18926,1273,66202,"",1.05,0.86,0.97,0.76,0.55,1.14,1.14,"",0,0.0,-22,-17.6,-632982,-8.5,-219892,-17.3,-2051,-9.8,124,10.8,6433,10.8
"C3538","5","23839","47","0","2020","A","","New Orleans-Metairie, LA MSA","Private","NAICS 23839 Other building finishing contractors","MSA, NAICS 5-digit -- by ownership sector","All establishment sizes",38,214,9337590,2304566,32930,838,43600,"",0.97,0.80,0.69,0.77,0.55,0.86,0.86,"",-1,-2.6,-51,-19.2,-1336409,-12.5,-375315,-14.0,-11931,-26.6,63,8.1,3295,8.2
"C3538","5","238391","48","0","2020","A","","New Orleans-Metairie, LA MSA","Private","NAICS 238391 Other residential finishing contractors","MSA, NAICS 6-digit -- by ownership sector","All establishment sizes",13,40,1654484,488119,5197,792,41190,"",0.61,0.35,0.31,0.40,0.27,0.87,0.87,"",2,18.2,-2,-4.8,130633,8.6,90678,22.8,500,10.6,96,13.8,4980,13.8
"C3538","5","238392","48","0","2020","A","","New Orleans-Metairie, LA MSA","Private","NAICS 238392 Other nonresidential finishing contractors","MSA, NAICS 6-digit -- by ownership sector","All establishment sizes",25,174,7683106,1816447,27733,849,44156,"",1.38,1.12,0.93,1.04,0.68,0.83,0.83,"",-3,-10.7,-49,-22.0,-1467042,-16.0,-465993,-20.4,-12431,-31.0,59,7.5,3078,7.5
"C3538","5","2389","46","0","2020","A","","New Orleans-Metairie, LA MSA","Private","NAICS 2389 Other specialty trade contractors","MSA, NAICS 4-digit -- by ownership sector","All establishment sizes",341,2797,161158338,33657983,590818,1108,57610,"",1.01,1.15,1.22,1.19,0.82,1.06,1.06,"N",21,6.6,0,0,0,0,0,0,0,0,0,0,0,0
"C3538","5","23891","47","0","2020","A","","New Orleans-Metairie, LA MSA","Private","NAICS 23891 Site preparation contractors","MSA, NAICS 5-digit -- by ownership sector","All establishment sizes",105,1218,72617170,13679689,207408,1147,59628,"",0.69,0.97,1.05,0.92,0.57,1.08,1.08,"N",4,4.0,0,0,0,0,0,0,0,0,0,0,0,0
"C3538","5","238911","48","0","2020","A","","New Orleans-Metairie, LA MSA","Private","NAICS 238911 Residential site preparation contractors","MSA, NAICS 6-digit -- by ownership sector","All establishment sizes",33,140,7299190,1613389,27400,1000,51982,"",0.38,0.31,0.33,0.29,0.24,1.07,1.07,"N",2,6.5,0,0,0,0,0,0,0,0,0,0,0,0
"C3538","5","238912","48","0","2020","A","","New Orleans-Metairie, LA MSA","Private","NAICS 238912 Nonresidential site preparation contractors","MSA, NAICS 6-digit -- by ownership sector","All establishment sizes",72,1077,65317980,12066300,180008,1166,60625,"",1.08,1.34,1.38,1.28,0.73,1.03,1.03,"",2,2.9,-97,-8.3,-7430448,-10.2,-643418,-5.1,-29367,-14.0,-26,-2.2,-1341,-2.2
"C3538","5","23899","47","0","2020","A","","New Orleans-Metairie, LA MSA","Private","NAICS 23899 All other specialty trade contractors","MSA, NAICS 5-digit -- by ownership sector","All establishment sizes",237,1580,88541168,19978294,383410,1078,56053,"",1.29,1.34,1.41,1.50,1.08,1.06,1.06,"",18,8.2,-143,-8.3,-3541941,-3.8,-1464552,-6.8,-12638,-3.2,50,4.9,2615,4.9
"C3538","5","238991","48","0","2020","A","N","New Orleans-Metairie, LA MSA","Private","NAICS 238991 All other residential trade contractors","MSA, NAICS 6-digit -- by ownership sector","All establishment sizes",116,0,0,0,0,0,0,"N",0.96,0,0,0,0,0,0,"N",3,2.7,0,0,0,0,0,0,0,0,0,0,0,0
"C3538","5","238992","48","0","2020","A","N","New Orleans-Metairie, LA MSA","Private","NAICS 238992 All other nonresidential trade contractors","MSA, NAICS 6-digit -- by ownership sector","All establishment sizes",121,0,0,0,0,0,0,"N",1.92,0,0,0,0,0,0,"N",14,13.1,0,0,0,0,0,0,0,0,0,0,0,0
"C3538","5","31-33","44","0","2020","A","","New Orleans-Metairie, LA MSA","Private","NAICS 31-33 Manufacturing","MSA, NAICS Sector -- by ownership sector","All establishment sizes",1134,28843,2591131893,261899137,2793438,1728,89834,"",0.79,0.67,0.91,0.59,0.50,1.37,1.36,"",24,2.2,-1012,-3.4,-37644765,-1.4,-11648614,-4.3,-450127,-13.9,35,2.1,1783,2.0
"C3538","5","311","45","0","2020","A","","New Orleans-Metairie, LA MSA","Private","NAICS 311 Food manufacturing","MSA, NAICS 3-digit -- by ownership sector","All establishment sizes",153,4449,267165145,41499938,450078,1155,60056,"",1.08,0.78,0.98,0.67,0.67,1.26,1.26,"",10,7.0,184,4.3,25597647,10.6,2378764,6.1,-11310,-2.5,66,6.1,3413,6.0
"C3538","5","3111","46","0","2020","A","N","New Orleans-Metairie, LA MSA","Private","NAICS 3111 Animal food manufacturing","MSA, NAICS 4-digit -- by ownership sector","All establishment sizes",5,0,0,0,0,0,0,"N",0.51,0,0,0,0,0,0,"N",0,0.0,0,0,0,0,0,0,0,0,0,0,0,0
"C3538","5","31111","47","0","2020","A","N","New Orleans-Metairie, LA MSA","Private","NAICS 31111 Animal food manufacturing","MSA, NAICS 5-digit -- by ownership sector","All establishment sizes",5,0,0,0,0,0,0,"N",0.51,0,0,0,0,0,0,"N",0,0.0,0,0,0,0,0,0,0,0,0,0,0,0
"C3538","5","311111","48","0","2020","A","N","New Orleans-Metairie, LA MSA","Private","NAICS 311111 Dog and cat food manufacturing","MSA, NAICS 6-digit -- by ownership sector","All establishment sizes",1,0,0,0,0,0,0,"N",0.38,0,0,0,0,0,0,"N",0,0.0,0,0,0,0,0,0,0,0,0,0,0,0
"C3538","5","311119","48","0","2020","A","N","New Orleans-Metairie, LA MSA","Private","NAICS 311119 Other animal food manufacturing","MSA, NAICS 6-digit -- by ownership sector","All establishment sizes",4,0,0,0,0,0,0,"N",0.56,0,0,0,0,0,0,"N",0,0.0,0,0,0,0,0,0,0,0,0,0,0,0
"C3538","5","3112","46","0","2020","A","N","New Orleans-Metairie, LA MSA","Private","NAICS 3112 Grain and oilseed milling","MSA, NAICS 4-digit -- by ownership sector","All establishment sizes",5,0,0,0,0,0,0,"N",1.16,0,0,0,0,0,0,"N",2,66.7,0,0,0,0,0,0,0,0,0,0,0,0
"C3538","5","31121","47","0","2020","A","N","New Orleans-Metairie, LA MSA","Private","NAICS 31121 Flour milling and malt manufacturing","MSA, NAICS 5-digit -- by ownership sector","All establishment sizes",2,0,0,0,0,0,0,"N",1.02,0,0,0,0,0,0,"N",1,100.0,0,0,0,0,0,0,0,0,0,0,0,0
"C3538","5","311211","48","0","2020","A","N","New Orleans-Metairie, LA MSA","Private","NAICS 311211 Flour milling","MSA, NAICS 6-digit -- by ownership sector","All establishment sizes",1,0,0,0,0,0,0,"N",0.73,0,0,0,0,0,0,"N",1,100.0,0,0,0,0,0,0,0,0,0,0,0,0
"C3538","5","311212","48","0","2020","A","N","New Orleans-Metairie, LA MSA","Private","NAICS 311212 Rice milling","MSA, NAICS 6-digit -- by ownership sector","All establishment sizes",1,0,0,0,0,0,0,"N",2.79,0,0,0,0,0,0,"N",0,0.0,0,0,0,0,0,0,0,0,0,0,0,0
"C3538","5","31122","47","0","2020","A","N","New Orleans-Metairie, LA MSA","Private","NAICS 31122 Starch and vegetable oil manufacturing","MSA, NAICS 5-digit -- by ownership sector","All establishment sizes",3,0,0,0,0,0,0,"N",1.63,0,0,0,0,0,0,"N",1,50.0,0,0,0,0,0,0,0,0,0,0,0,0
"C3538","5","311221","48","0","2020","A","N","New Orleans-Metairie, LA MSA","Private","NAICS 311221 Wet corn milling","MSA, NAICS 6-digit -- by ownership sector","All establishment sizes",1,0,0,0,0,0,0,"N",3.71,0,0,0,0,0,0,"N",0,0.0,0,0,0,0,0,0,0,0,0,0,0,0
"C3538","5","311224","48","0","2020","A","N","New Orleans-Metairie, LA MSA","Private","NAICS 311224 Soybean and other oilseed processing","MSA, NAICS 6-digit -- by ownership sector","All establishment sizes",1,0,0,0,0,0,0,"N",1.12,0,0,0,0,0,0,"N",1,100.0,0,0,0,0,0,0,0,0,0,0,0,0
"C3538","5","311225","48","0","2020","A","N","New Orleans-Metairie, LA MSA","Private","NAICS 311225 Fats and oils refining and blending","MSA, NAICS 6-digit -- by ownership sector","All establishment sizes",1,0,0,0,0,0,0,"N",1.47,0,0,0,0,0,0,"N",0,0.0,0,0,0,0,0,0,0,0,0,0,0,0
"C3538","5","3113","46","0","2020","A","","New Orleans-Metairie, LA MSA","Private","NAICS 3113 Sugar and confectionery product manufacturing","MSA, NAICS 4-digit -- by ownership sector","All establishment sizes",11,663,51732757,5957858,47232,1500,77999,"",1.25,2.57,3.95,2.35,1.06,1.54,1.54,"",0,0.0,-21,-3.1,2636201,5.4,-280386,-4.5,-10490,-18.2,119,8.6,6203,8.6
"C3538","5","31131","47","0","2020","A","N","New Orleans-Metairie, LA MSA","Private","NAICS 31131 Sugar manufacturing","MSA, NAICS 5-digit -- by ownership sector","All establishment sizes",3,0,0,0,0,0,0,"N",7.17,0,0,0,0,0,0,"N",0,0.0,0,0,0,0,0,0,0,0,0,0,0,0
"C3538","5","311314","48","0","2020","A","N","New Orleans-Metairie, LA MSA","Private","NAICS 311314 Cane sugar manufacturing","MSA, NAICS 6-digit -- by ownership sector","All establishment sizes",3,0,0,0,0,0,0,"N",10.08,0,0,0,0,0,0,"N",0,0.0,0,0,0,0,0,0,0,0,0,0,0,0
"C3538","5","31134","47","0","2020","A","N","New Orleans-Metairie, LA MSA","Private","NAICS 31134 Nonchocolate confectionery manufacturing","MSA, NAICS 5-digit -- by ownership sector","All establishment sizes",3,0,0,0,0,0,0,"N",1.24,0,0,0,0,0,0,"N",-1,-25.0,0,0,0,0,0,0,0,0,0,0,0,0
"C3538","5","311340","48","0","2020","A","N","New Orleans-Metairie, LA MSA","Private","NAICS 311340 Nonchocolate confectionery manufacturing","MSA, NAICS 6-digit -- by ownership sector","All establishment sizes",3,0,0,0,0,0,0,"N",1.24,0,0,0,0,0,0,"N",-1,-25.0,0,0,0,0,0,0,0,0,0,0,0,0
"C3538","5","31135","47","0","2020","A","","New Orleans-Metairie, LA MSA","Private","NAICS 31135 Chocolate and confectionery manufacturing","MSA, NAICS 5-digit -- by ownership sector","All establishment sizes",5,36,908270,341481,2962,484,25171,"",0.84,0.27,0.15,0.28,0.12,0.56,0.56,"N",1,25.0,0,0,0,0,0,0,0,0,0,0,0,0
"C3538","5","311351","48","0","2020","A","N","New Orleans-Metairie, LA MSA","Private","NAICS 311351 Chocolate and confectionery mfg. from cacao","MSA, NAICS 6-digit -- by ownership sector","All establishment sizes",2,0,0,0,0,0,0,"N",1.75,0,0,0,0,0,0,"N",1,100.0,0,0,0,0,0,0,0,0,0,0,0,0
"C3538","5","311352","48","0","2020","A","N","New Orleans-Metairie, LA MSA","Private","NAICS 311352 Confectionery mfg. from purchased chocolate","MSA, NAICS 6-digit -- by ownership sector","All establishment sizes",3,0,0,0,0,0,0,"N",0.63,0,0,0,0,0,0,"N",0,0.0,0,0,0,0,0,0,0,0,0,0,0,0
"C3538","5","3114","46","0","2020","A","","New Orleans-Metairie, LA MSA","Private","NAICS 3114 Fruit and vegetable preserving and specialty","MSA, NAICS 4-digit -- by ownership sector","All establishment sizes",7,404,15444507,3968861,63136,736,38276,"",0.72,0.66,0.50,0.54,0.51,0.75,0.75,"",1,16.7,40,11.0,-1845338,-10.7,345105,9.5,1507,2.4,-179,-19.6,-9278,-19.5
"C3538","5","31141","47","0","2020","A","N","New Orleans-Metairie, LA MSA","Private","NAICS 31141 Frozen food manufacturing","MSA, NAICS 5-digit -- by ownership sector","All establishment sizes",4,0,0,0,0,0,0,"N",1.08,0,0,0,0,0,0,"N",1,33.3,0,0,0,0,0,0,0,0,0,0,0,0
"C3538","5","311412","48","0","2020","A","N","New Orleans-Metairie, LA MSA","Private","NAICS 311412 Frozen specialty food manufacturing","MSA, NAICS 6-digit -- by ownership sector","All establishment sizes",4,0,0,0,0,0,0,"N",1.53,0,0,0,0,0,0,"N",1,33.3,0,0,0,0,0,0,0,0,0,0,0,0
"C3538","5","31142","47","0","2020","A","N","New Orleans-Metairie, LA MSA","Private","NAICS 31142 Fruit and vegetable canning and drying","MSA, NAICS 5-digit -- by ownership sector","All establishment sizes",3,0,0,0,0,0,0,"N",0.50,0,0,0,0,0,0,"N",0,0.0,0,0,0,0,0,0,0,0,0,0,0,0
"C3538","5","311421","48","0","2020","A","N","New Orleans-Metairie, LA MSA","Private","NAICS 311421 Fruit and vegetable canning","MSA, NAICS 6-digit -- by ownership sector","All establishment sizes",2,0,0,0,0,0,0,"N",0.45,0,0,0,0,0,0,"N",0,0.0,0,0,0,0,0,0,0,0,0,0,0,0
"C3538","5","311422","48","0","2020","A","N","New Orleans-Metairie, LA MSA","Private","NAICS 311422 Specialty canning","MSA, NAICS 6-digit -- by ownership sector","All establishment sizes",1,0,0,0,0,0,0,"N",1.93,0,0,0,0,0,0,"N",0,0.0,0,0,0,0,0,0,0,0,0,0,0,0
"C3538","5","3115","46","0","2020","A","N","New Orleans-Metairie, LA MSA","Private","NAICS 3115 Dairy product manufacturing","MSA, NAICS 4-digit -- by ownership sector","All establishment sizes",3,0,0,0,0,0,0,"N",0.32,0,0,0,0,0,0,"N",-1,-25.0,0,0,0,0,0,0,0,0,0,0,0,0
"C3538","5","31151","47","0","2020","A","N","New Orleans-Metairie, LA MSA","Private","NAICS 31151 Dairy product, except frozen, manufacturing","MSA, NAICS 5-digit -- by ownership sector","All establishment sizes",3,0,0,0,0,0,0,"N",0.45,0,0,0,0,0,0,"N",-1,-25.0,0,0,0,0,0,0,0,0,0,0,0,0
"C3538","5","311511","48","0","2020","A","N","New Orleans-Metairie, LA MSA","Private","NAICS 311511 Fluid milk manufacturing","MSA, NAICS 6-digit -- by ownership sector","All establishment sizes",3,0,0,0,0,0,0,"N",1.07,0,0,0,0,0,0,"N",-1,-25.0,0,0,0,0,0,0,0,0,0,0,0,0
"C3538","5","3116","46","0","2020","A","","New Orleans-Metairie, LA MSA","Private","NAICS 3116 Animal slaughtering and processing","MSA, NAICS 4-digit -- by ownership sector","All establishment sizes",12,206,6739584,1941494,24617,628,32650,"",0.73,0.11,0.08,0.10,0.17,0.77,0.77,"",0,0.0,-25,-10.8,-493359,-6.8,-89094,-4.4,-1522,-5.8,26,4.3,1350,4.3
"C3538","5","31161","47","0","2020","A","","New Orleans-Metairie, LA MSA","Private","NAICS 31161 Animal slaughtering and processing","MSA, NAICS 5-digit -- by ownership sector","All establishment sizes",12,206,6739584,1941494,24617,628,32650,"",0.73,0.11,0.08,0.10,0.17,0.77,0.77,"",0,0.0,-25,-10.8,-493359,-6.8,-89094,-4.4,-1522,-5.8,26,4.3,1350,4.3
"C3538","5","311611","48","0","2020","A","N","New Orleans-Metairie, LA MSA","Private","NAICS 311611 Animal, except poultry, slaughtering","MSA, NAICS 6-digit -- by ownership sector","All establishment sizes",2,0,0,0,0,0,0,"N",0.34,0,0,0,0,0,0,"N",0,0.0,0,0,0,0,0,0,0,0,0,0,0,0
"C3538","5","311612","48","0","2020","A","","New Orleans-Metairie, LA MSA","Private","NAICS 311612 Meat processed from carcasses","MSA, NAICS 6-digit -- by ownership sector","All establishment sizes",9,202,6682908,1907594,24587,635,33016,"",1.32,0.41,0.29,0.34,0.48,0.69,0.69,"",0,0.0,-24,-10.6,-475907,-6.6,-69666,-3.5,-863,-3.4,26,4.3,1340,4.2
"C3538","5","311615","48","0","2020","A","N","New Orleans-Metairie, LA MSA","Private","NAICS 311615 Poultry processing","MSA, NAICS 6-digit -- by ownership sector","All establishment sizes",1,0,0,0,0,0,0,"N",0.33,0,0,0,0,0,0,"N",0,0.0,0,0,0,0,0,0,0,0,0,0,0,0
"C3538","5","3117","46","0","2020","A","","New Orleans-Metairie, LA MSA","Private","NAICS 3117 Seafood product preparation and packaging","MSA, NAICS 4-digit -- by ownership sector","All establishment sizes",15,377,19324079,3671524,91149,985,51201,"",4.61,3.26,3.49,1.69,2.71,1.07,1.07,"",2,15.4,-43,-10.2,-278320,-1.4,-283796,-7.2,-12165,-11.8,88,9.8,4566,9.8
"C3538","5","31171","47","0","2020","A","","New Orleans-Metairie, LA MSA","Private","NAICS 31171 Seafood product preparation and packaging","MSA, NAICS 5-digit -- by ownership sector","All establishment sizes",15,377,19324079,3671524,91149,985,51201,"",4.61,3.26,3.49,1.69,2.71,1.07,1.07,"",2,15.4,-43,-10.2,-278320,-1.4,-283796,-7.2,-12165,-11.8,88,9.8,4566,9.8
"C3538","5","311710","48","0","2020","A","","New Orleans-Metairie, LA MSA","Private","NAICS 311710 Seafood product preparation and packaging","MSA, NAICS 6-digit -- by ownership sector","All establishment sizes",15,377,19324079,3671524,91149,985,51201,"",4.61,3.26,3.49,1.69,2.71,1.07,1.07,"",2,15.4,-43,-10.2,-278320,-1.4,-283796,-7.2,-12165,-11.8,88,9.8,4566,9.8
"C3538","5","3118","46","0","2020","A","","New Orleans-Metairie, LA MSA","Private","NAICS 3118 Bakeries and tortilla manufacturing","MSA, NAICS 4-digit -- by ownership sector","All establishment sizes",59,834,36029497,8531706,78372,830,43184,"",1.07,0.80,0.88,0.85,0.69,1.10,1.10,"",4,7.3,-46,-5.2,1676712,4.9,-193431,-2.2,-2583,-3.2,79,10.5,4158,10.7
"C3538","5","31181","47","0","2020","A","","New Orleans-Metairie, LA MSA","Private","NAICS 31181 Bread and bakery product manufacturing","MSA, NAICS 5-digit -- by ownership sector","All establishment sizes",54,809,35159484,8264739,73151,836,43460,"",1.11,1.04,1.24,1.11,0.90,1.20,1.20,"",2,3.8,-55,-6.4,1195383,3.5,-251188,-2.9,-4482,-5.8,80,10.6,4131,10.5
"C3538","5","311811","48","0","2020","A","","New Orleans-Metairie, LA MSA","Private","NAICS 311811 Retail bakeries","MSA, NAICS 6-digit -- by ownership sector","All establishment sizes",39,412,9838026,4333032,43414,460,23898,"",1.22,1.47,1.54,1.83,1.78,1.05,1.05,"",1,2.6,-57,-12.2,-582074,-5.6,-23219,-0.5,-2629,-5.7,33,7.7,1684,7.6
"C3538","5","311812","48","0","2020","A","","New Orleans-Metairie, LA MSA","Private","NAICS 311812 Commercial bakeries","MSA, NAICS 6-digit -- by ownership sector","All establishment sizes",15,397,25321458,3931707,29737,1226,63729,"",0.96,0.87,1.26,0.85,0.57,1.45,1.45,"",1,7.1,2,0.5,1777457,7.5,-227969,-5.5,-1853,-5.9,78,6.8,4048,6.8
"C3538","5","31182","47","0","2020","A","N","New Orleans-Metairie, LA MSA","Private","NAICS 31182 Cookie, cracker, and pasta manufacturing","MSA, NAICS 5-digit -- by ownership sector","All establishment sizes",4,0,0,0,0,0,0,"N",0.92,0,0,0,0,0,0,"N",2,100.0,0,0,0,0,0,0,0,0,0,0,0,0
"C3538","5","311821","48","0","2020","A","","New Orleans-Metairie, LA MSA","Private","NAICS 311821 Cookie and cracker manufacturing","MSA, NAICS 6-digit -- by ownership sector","All establishment sizes",3,9,389280,73759,796,809,42084,"",1.23,0.07,0.07,0.06,0.05,0.84,0.85,"N",2,200.0,0,0,0,0,0,0,0,0,0,0,0,0
"C3538","5","311824","48","0","2020","A","N","New Orleans-Metairie, LA MSA","Private","NAICS 311824 Pasta, dough and mixes from purchased flour","MSA, NAICS 6-digit -- by ownership sector","All establishment sizes",1,0,0,0,0,0,0,"N",0.52,0,0,0,0,0,0,"N",0,0.0,0,0,0,0,0,0,0,0,0,0,0,0
"C3538","5","31183","47","0","2020","A","N","New Orleans-Metairie, LA MSA","Private","NAICS 31183 Tortilla manufacturing","MSA, NAICS 5-digit -- by ownership sector","All establishment sizes",1,0,0,0,0,0,0,"N",0.51,0,0,0,0,0,0,"N",0,0.0,0,0,0,0,0,0,0,0,0,0,0,0
"C3538","5","311830","48","0","2020","A","N","New Orleans-Metairie, LA MSA","Private","NAICS 311830 Tortilla manufacturing","MSA, NAICS 6-digit -- by ownership sector","All establishment sizes",1,0,0,0,0,0,0,"N",0.51,0,0,0,0,0,0,"N",0,0.0,0,0,0,0,0,0,0,0,0,0,0,0
"C3538","5","3119","46","0","2020","A","","New Orleans-Metairie, LA MSA","Private","NAICS 3119 Other food manufacturing","MSA, NAICS 4-digit -- by ownership sector","All establishment sizes",36,1446,99299178,12813577,99711,1321,68691,"",1.45,1.77,2.35,1.52,1.00,1.33,1.33,"",2,5.9,10,0.7,2975428,3.1,358024,2.9,-7630,-7.1,31,2.4,1621,2.4
"C3538","5","31191","47","0","2020","A","N","New Orleans-Metairie, LA MSA","Private","NAICS 31191 Snack food manufacturing","MSA, NAICS 5-digit -- by ownership sector","All establishment sizes",2,0,0,0,0,0,0,"N",0.57,0,0,0,0,0,0,"N",0,0.0,0,0,0,0,0,0,0,0,0,0,0,0
"C3538","5","311919","48","0","2020","A","N","New Orleans-Metairie, LA MSA","Private","NAICS 311919 Other snack food manufacturing","MSA, NAICS 6-digit -- by ownership sector","All establishment sizes",2,0,0,0,0,0,0,"N",0.86,0,0,0,0,0,0,"N",0,0.0,0,0,0,0,0,0,0,0,0,0,0,0
"C3538","5","31192","47","0","2020","A","","New Orleans-Metairie, LA MSA","Private","NAICS 31192 Coffee and tea manufacturing","MSA, NAICS 5-digit -- by ownership sector","All establishment sizes",20,877,67886997,7219790,45658,1488,77371,"",4.20,10.35,15.49,7.23,4.15,1.50,1.50,"",2,11.1,-21,-2.3,1097387,1.6,-370479,-4.9,-12851,-22.0,58,4.1,2988,4.0
"C3538","5","311920","48","0","2020","A","","New Orleans-Metairie, LA MSA","Private","NAICS 311920 Coffee and tea manufacturing","MSA, NAICS 6-digit -- by ownership sector","All establishment sizes",20,877,67886997,7219790,45658,1488,77371,"",4.20,10.35,15.49,7.23,4.15,1.50,1.50,"",2,11.1,-21,-2.3,1097387,1.6,-370479,-4.9,-12851,-22.0,58,4.1,2988,4.0
"C3538","5","31193","47","0","2020","A","N","New Orleans-Metairie, LA MSA","Private","NAICS 31193 Flavoring syrup and concentrate manufacturing","MSA, NAICS 5-digit -- by ownership sector","All establishment sizes",3,0,0,0,0,0,0,"N",3.16,0,0,0,0,0,0,"N",0,0.0,0,0,0,0,0,0,0,0,0,0,0,0
"C3538","5","311930","48","0","2020","A","N","New Orleans-Metairie, LA MSA","Private","NAICS 311930 Flavoring syrup and concentrate manufacturing","MSA, NAICS 6-digit -- by ownership sector","All establishment sizes",3,0,0,0,0,0,0,"N",3.16,0,0,0,0,0,0,"N",0,0.0,0,0,0,0,0,0,0,0,0,0,0,0
"C3538","5","31194","47","0","2020","A","","New Orleans-Metairie, LA MSA","Private","NAICS 31194 Seasoning and dressing manufacturing","MSA, NAICS 5-digit -- by ownership sector","All establishment sizes",7,350,22246289,3252351,26033,1221,63500,"",1.68,2.25,2.29,2.04,1.37,1.02,1.02,"",0,0.0,13,3.9,586229,2.7,171374,5.6,-3089,-10.6,-15,-1.2,-789,-1.2
"C3538","5","311941","48","0","2020","A","N","New Orleans-Metairie, LA MSA","Private","NAICS 311941 Mayonnaise, dressing, and sauce manufacturing","MSA, NAICS 6-digit -- by ownership sector","All establishment sizes",2,0,0,0,0,0,0,"N",1.20,0,0,0,0,0,0,"N",0,0.0,0,0,0,0,0,0,0,0,0,0,0,0
"C3538","5","311942","48","0","2020","A","N","New Orleans-Metairie, LA MSA","Private","NAICS 311942 Spice and extract manufacturing","MSA, NAICS 6-digit -- by ownership sector","All establishment sizes",5,0,0,0,0,0,0,"N",2.00,0,0,0,0,0,0,"N",0,0.0,0,0,0,0,0,0,0,0,0,0,0,0
"C3538","5","31199","47","0","2020","A","","New Orleans-Metairie, LA MSA","Private","NAICS 31199 All other food manufacturing","MSA, NAICS 5-digit -- by ownership sector","All establishment sizes",4,93,2888514,1173548,23405,595,30948,"",0.35,0.28,0.19,0.32,0.58,0.68,0.68,"N",0,0.0,0,0,0,0,0,0,0,0,0,0,0,0
"C3538","5","311991","48","0","2020","A","N","New Orleans-Metairie, LA MSA","Private","NAICS 311991 Perishable prepared food manufacturing","MSA, NAICS 6-digit -- by ownership sector","All establishment sizes",4,0,0,0,0,0,0,"N",0.68,0,0,0,0,0,0,"N",1,33.3,0,0,0,0,0,0,0,0,0,0,0,0
"C3538","5","311999","48","0","2020","A","N","New Orleans-Metairie, LA MSA","Private","NAICS 311999 All other miscellaneous food manufacturing","MSA, NAICS 6-digit -- by ownership sector","All establishment sizes",0,0,0,0,0,0,0,"N",0.00,0,0,0,0,0,0,"N",-1,-100.0,0,0,0,0,0,0,0,0,0,0,0,0
"C3538","5","312","45","0","2020","A","","New Orleans-Metairie, LA MSA","Private","NAICS 312 Beverage and tobacco product manufacturing","MSA, NAICS 3-digit -- by ownership sector","All establishment sizes",38,1139,63893348,11256860,59147,1079,56092,"",0.68,1.16,1.29,1.24,0.47,1.11,1.11,"",2,5.6,-34,-2.9,296229,0.5,-270646,-2.3,-139364,-70.2,36,3.5,1855,3.4
"C3538","5","3121","46","0","2020","A","N","New Orleans-Metairie, LA MSA","Private","NAICS 3121 Beverage manufacturing","MSA, NAICS 4-digit -- by ownership sector","All establishment sizes",36,0,0,0,0,0,0,"N",0.66,0,0,0,0,0,0,"N",2,5.9,0,0,0,0,0,0,0,0,0,0,0,0
"C3538","5","31211","47","0","2020","A","","New Orleans-Metairie, LA MSA","Private","NAICS 31211 Soft drink and ice manufacturing","MSA, NAICS 5-digit -- by ownership sector","All establishment sizes",9,871,52012686,8462248,27411,1148,59705,"",1.06,2.39,2.62,2.44,0.62,1.10,1.10,"",0,0.0,2,0.2,269467,0.5,-118920,-1.4,-124186,-81.9,2,0.2,133,0.2
"C3538","5","312111","48","0","2020","A","N","New Orleans-Metairie, LA MSA","Private","NAICS 312111 Soft drink manufacturing","MSA, NAICS 6-digit -- by ownership sector","All establishment sizes",2,0,0,0,0,0,0,"N",0.49,0,0,0,0,0,0,"N",0,0.0,0,0,0,0,0,0,0,0,0,0,0,0
"C3538","5","312112","48","0","2020","A","N","New Orleans-Metairie, LA MSA","Private","NAICS 312112 Bottled water manufacturing","MSA, NAICS 6-digit -- by ownership sector","All establishment sizes",2,0,0,0,0,0,0,"N",0.84,0,0,0,0,0,0,"N",0,0.0,0,0,0,0,0,0,0,0,0,0,0,0
"C3538","5","312113","48","0","2020","A","N","New Orleans-Metairie, LA MSA","Private","NAICS 312113 Ice manufacturing","MSA, NAICS 6-digit -- by ownership sector","All establishment sizes",5,0,0,0,0,0,0,"N",2.40,0,0,0,0,0,0,"N",0,0.0,0,0,0,0,0,0,0,0,0,0,0,0
"C3538","5","31212","47","0","2020","A","N","New Orleans-Metairie, LA MSA","Private","NAICS 31212 Breweries","MSA, NAICS 5-digit -- by ownership sector","All establishment sizes",18,0,0,0,0,0,0,"N",0.88,0,0,0,0,0,0,"N",1,5.9,0,0,0,0,0,0,0,0,0,0,0,0
"C3538","5","312120","48","0","2020","A","N","New Orleans-Metairie, LA MSA","Private","NAICS 312120 Breweries","MSA, NAICS 6-digit -- by ownership sector","All establishment sizes",18,0,0,0,0,0,0,"N",0.88,0,0,0,0,0,0,"N",1,5.9,0,0,0,0,0,0,0,0,0,0,0,0
"C3538","5","31213","47","0","2020","A","N","New Orleans-Metairie, LA MSA","Private","NAICS 31213 Wineries","MSA, NAICS 5-digit -- by ownership sector","All establishment sizes",0,0,0,0,0,0,0,"N",0.00,0,0,0,0,0,0,"N",0,0,0,0,0,0,0,0,0,0,0,0,0,0
"C3538","5","312130","48","0","2020","A","N","New Orleans-Metairie, LA MSA","Private","NAICS 312130 Wineries","MSA, NAICS 6-digit -- by ownership sector","All establishment sizes",0,0,0,0,0,0,0,"N",0.00,0,0,0,0,0,0,"N",0,0,0,0,0,0,0,0,0,0,0,0,0,0
"C3538","5","31214","47","0","2020","A","N","New Orleans-Metairie, LA MSA","Private","NAICS 31214 Distilleries","MSA, NAICS 5-digit -- by ownership sector","All establishment sizes",8,0,0,0,0,0,0,"N",1.59,0,0,0,0,0,0,"N",1,14.3,0,0,0,0,0,0,0,0,0,0,0,0
"C3538","5","312140","48","0","2020","A","N","New Orleans-Metairie, LA MSA","Private","NAICS 312140 Distilleries","MSA, NAICS 6-digit -- by ownership sector","All establishment sizes",8,0,0,0,0,0,0,"N",1.59,0,0,0,0,0,0,"N",1,14.3,0,0,0,0,0,0,0,0,0,0,0,0
"C3538","5","3122","46","0","2020","A","N","New Orleans-Metairie, LA MSA","Private","NAICS 3122 Tobacco manufacturing","MSA, NAICS 4-digit -- by ownership sector","All establishment sizes",2,0,0,0,0,0,0,"N",1.27,0,0,0,0,0,0,"N",0,0.0,0,0,0,0,0,0,0,0,0,0,0,0
"C3538","5","31223","47","0","2020","A","N","New Orleans-Metairie, LA MSA","Private","NAICS 31223 Tobacco manufacturing","MSA, NAICS 5-digit -- by ownership sector","All establishment sizes",2,0,0,0,0,0,0,"N",1.27,0,0,0,0,0,0,"N",0,0.0,0,0,0,0,0,0,0,0,0,0,0,0
"C3538","5","312230","48","0","2020","A","N","New Orleans-Metairie, LA MSA","Private","NAICS 312230 Tobacco manufacturing","MSA, NAICS 6-digit -- by ownership sector","All establishment sizes",2,0,0,0,0,0,0,"N",1.27,0,0,0,0,0,0,"N",0,0.0,0,0,0,0,0,0,0,0,0,0,0,0
"C3538","5","313","45","0","2020","A","N","New Orleans-Metairie, LA MSA","Private","NAICS 313 Textile mills","MSA, NAICS 3-digit -- by ownership sector","All establishment sizes",2,0,0,0,0,0,0,"N",0.19,0,0,0,0,0,0,"N",-1,-33.3,0,0,0,0,0,0,0,0,0,0,0,0
"C3538","5","3131","46","0","2020","A","N","New Orleans-Metairie, LA MSA","Private","NAICS 3131 Fiber, yarn, and thread mills","MSA, NAICS 4-digit -- by ownership sector","All establishment sizes",1,0,0,0,0,0,0,"N",0.63,0,0,0,0,0,0,"N",-1,-50.0,0,0,0,0,0,0,0,0,0,0,0,0
"C3538","5","31311","47","0","2020","A","N","New Orleans-Metairie, LA MSA","Private","NAICS 31311 Fiber, yarn, and thread mills","MSA, NAICS 5-digit -- by ownership sector","All establishment sizes",1,0,0,0,0,0,0,"N",0.63,0,0,0,0,0,0,"N",-1,-50.0,0,0,0,0,0,0,0,0,0,0,0,0
"C3538","5","313110","48","0","2020","A","N","New Orleans-Metairie, LA MSA","Private","NAICS 313110 Fiber, yarn, and thread mills","MSA, NAICS 6-digit -- by ownership sector","All establishment sizes",1,0,0,0,0,0,0,"N",0.63,0,0,0,0,0,0,"N",-1,-50.0,0,0,0,0,0,0,0,0,0,0,0,0
"C3538","5","3132","46","0","2020","A","N","New Orleans-Metairie, LA MSA","Private","NAICS 3132 Fabric mills","MSA, NAICS 4-digit -- by ownership sector","All establishment sizes",1,0,0,0,0,0,0,"N",0.24,0,0,0,0,0,0,"N",0,0.0,0,0,0,0,0,0,0,0,0,0,0,0
"C3538","5","31321","47","0","2020","A","N","New Orleans-Metairie, LA MSA","Private","NAICS 31321 Broadwoven fabric mills","MSA, NAICS 5-digit -- by ownership sector","All establishment sizes",1,0,0,0,0,0,0,"N",0.64,0,0,0,0,0,0,"N",0,0.0,0,0,0,0,0,0,0,0,0,0,0,0
"C3538","5","313210","48","0","2020","A","N","New Orleans-Metairie, LA MSA","Private","NAICS 313210 Broadwoven fabric mills","MSA, NAICS 6-digit -- by ownership sector","All establishment sizes",1,0,0,0,0,0,0,"N",0.64,0,0,0,0,0,0,"N",0,0.0,0,0,0,0,0,0,0,0,0,0,0,0
"C3538","5","314","45","0","2020","A","","New Orleans-Metairie, LA MSA","Private","NAICS 314 Textile product mills","MSA, NAICS 3-digit -- by ownership sector","All establishment sizes",34,176,6883884,1541851,19618,754,39206,"",1.32,0.49,0.47,0.46,0.46,0.96,0.96,"",-2,-5.6,-18,-9.3,-1235,0.0,-234939,-13.2,-5977,-23.4,70,10.2,3624,10.2
"C3538","5","3141","46","0","2020","A","","New Orleans-Metairie, LA MSA","Private","NAICS 3141 Textile furnishings mills","MSA, NAICS 4-digit -- by ownership sector","All establishment sizes",8,22,610607,191393,1450,544,28291,"",1.17,0.14,0.09,0.15,0.07,0.66,0.66,"",0,0.0,-5,-18.5,-39743,-6.1,-63789,-25.0,-1100,-43.1,86,18.8,4498,18.9
"C3538","5","31412","47","0","2020","A","","New Orleans-Metairie, LA MSA","Private","NAICS 31412 Curtain and linen mills","MSA, NAICS 5-digit -- by ownership sector","All establishment sizes",8,22,610607,191393,1450,544,28291,"",1.53,0.38,0.28,0.33,0.20,0.76,0.76,"",0,0.0,-5,-18.5,-39743,-6.1,-63789,-25.0,-1100,-43.1,86,18.8,4498,18.9
"C3538","5","314120","48","0","2020","A","","New Orleans-Metairie, LA MSA","Private","NAICS 314120 Curtain and linen mills","MSA, NAICS 6-digit -- by ownership sector","All establishment sizes",8,22,610607,191393,1450,544,28291,"",1.53,0.38,0.28,0.33,0.20,0.76,0.76,"",0,0.0,-5,-18.5,-39743,-6.1,-63789,-25.0,-1100,-43.1,86,18.8,4498,18.9
"C3538","5","3149","46","0","2020","A","","New Orleans-Metairie, LA MSA","Private","NAICS 3149 Other textile product mills","MSA, NAICS 4-digit -- by ownership sector","All establishment sizes",27,154,6273277,1350458,18168,783,40736,"",1.43,0.75,0.78,0.65,0.82,1.04,1.04,"",-1,-3.6,-12,-7.2,38508,0.6,-171150,-11.2,-4877,-21.2,61,8.4,3215,8.6
"C3538","5","31491","47","0","2020","A","","New Orleans-Metairie, LA MSA","Private","NAICS 31491 Textile bag and canvas mills","MSA, NAICS 5-digit -- by ownership sector","All establishment sizes",9,59,2389627,580489,8797,778,40445,"",1.32,0.69,0.68,0.67,0.83,0.99,0.99,"",0,0.0,2,3.5,284319,13.5,-23793,-3.9,-2805,-24.2,67,9.4,3456,9.3
"C3538","5","314910","48","0","2020","A","","New Orleans-Metairie, LA MSA","Private","NAICS 314910 Textile bag and canvas mills","MSA, NAICS 6-digit -- by ownership sector","All establishment sizes",9,59,2389627,580489,8797,778,40445,"",1.32,0.69,0.68,0.67,0.83,0.99,0.99,"",0,0.0,2,3.5,284319,13.5,-23793,-3.9,-2805,-24.2,67,9.4,3456,9.3
"C3538","5","31499","47","0","2020","A","","New Orleans-Metairie, LA MSA","Private","NAICS 31499 All other textile product mills","MSA, NAICS 5-digit -- by ownership sector","All establishment sizes",18,95,3883650,769969,9371,787,40916,"",1.49,0.79,0.85,0.64,0.81,1.08,1.08,"",-1,-5.3,-14,-12.8,-245811,-6.0,-147357,-16.1,-2072,-18.1,60,8.3,3118,8.2
"C3538","5","314994","48","0","2020","A","N","New Orleans-Metairie, LA MSA","Private","NAICS 314994 Rope, twine, tire cord and tire fabric mills","MSA, NAICS 6-digit -- by ownership sector","All establishment sizes",2,0,0,0,0,0,0,"N",2.79,0,0,0,0,0,0,"N",0,0.0,0,0,0,0,0,0,0,0,0,0,0,0
"C3538","5","314999","48","0","2020","A","N","New Orleans-Metairie, LA MSA","Private","NAICS 314999 All other miscellaneous textile product mills","MSA, NAICS 6-digit -- by ownership sector","All establishment sizes",16,0,0,0,0,0,0,"N",1.41,0,0,0,0,0,0,"N",-1,-5.9,0,0,0,0,0,0,0,0,0,0,0,0
"C3538","5","315","45","0","2020","A","","New Orleans-Metairie, LA MSA","Private","NAICS 315 Apparel manufacturing","MSA, NAICS 3-digit -- by ownership sector","All establishment sizes",19,46,1522437,425472,2735,633,32918,"",0.74,0.14,0.11,0.15,0.05,0.78,0.78,"",3,18.8,-11,-19.3,-354646,-18.9,-81538,-16.1,-1463,-34.8,0,0.0,-13,0.0
"C3538","5","3152","46","0","2020","A","","New Orleans-Metairie, LA MSA","Private","NAICS 3152 Cut and sew apparel manufacturing","MSA, NAICS 4-digit -- by ownership sector","All establishment sizes",15,38,1190691,345507,1583,604,31403,"",0.71,0.15,0.11,0.15,0.04,0.72,0.72,"N",3,25.0,0,0,0,0,0,0,0,0,0,0,0,0
"C3538","5","31521","47","0","2020","A","N","New Orleans-Metairie, LA MSA","Private","NAICS 31521 Cut and sew apparel contractors","MSA, NAICS 5-digit -- by ownership sector","All establishment sizes",5,0,0,0,0,0,0,"N",0.44,0,0,0,0,0,0,"N",2,66.7,0,0,0,0,0,0,0,0,0,0,0,0
"C3538","5","315210","48","0","2020","A","N","New Orleans-Metairie, LA MSA","Private","NAICS 315210 Cut and sew apparel contractors","MSA, NAICS 6-digit -- by ownership sector","All establishment sizes",5,0,0,0,0,0,0,"N",0.44,0,0,0,0,0,0,"N",2,66.7,0,0,0,0,0,0,0,0,0,0,0,0
"C3538","5","31522","47","0","2020","A","N","New Orleans-Metairie, LA MSA","Private","NAICS 31522 Men's and boys' cut and sew apparel mfg","MSA, NAICS 5-digit -- by ownership sector","All establishment sizes",4,0,0,0,0,0,0,"N",1.40,0,0,0,0,0,0,"N",1,33.3,0,0,0,0,0,0,0,0,0,0,0,0
"C3538","5","315220","48","0","2020","A","N","New Orleans-Metairie, LA MSA","Private","NAICS 315220 Men's and boys' cut and sew apparel mfg","MSA, NAICS 6-digit -- by ownership sector","All establishment sizes",4,0,0,0,0,0,0,"N",1.40,0,0,0,0,0,0,"N",1,33.3,0,0,0,0,0,0,0,0,0,0,0,0
"C3538","5","31524","47","0","2020","A","N","New Orleans-Metairie, LA MSA","Private","NAICS 31524 Women's, girls', infants' cut-sew apparel mfg","MSA, NAICS 5-digit -- by ownership sector","All establishment sizes",2,0,0,0,0,0,0,"N",0.46,0,0,0,0,0,0,"N",0,0.0,0,0,0,0,0,0,0,0,0,0,0,0
"C3538","5","315240","48","0","2020","A","N","New Orleans-Metairie, LA MSA","Private","NAICS 315240 Women's, girls', infants' cut-sew apparel mfg","MSA, NAICS 6-digit -- by ownership sector","All establishment sizes",2,0,0,0,0,0,0,"N",0.46,0,0,0,0,0,0,"N",0,0.0,0,0,0,0,0,0,0,0,0,0,0,0
"C3538","5","31528","47","0","2020","A","","New Orleans-Metairie, LA MSA","Private","NAICS 31528 Other cut and sew apparel manufacturing","MSA, NAICS 5-digit -- by ownership sector","All establishment sizes",4,18,563105,146041,1000,613,31874,"",1.54,0.47,0.35,0.42,0.16,0.76,0.76,"",0,0.0,-2,-10.0,-98451,-14.9,-21049,-12.6,-754,-43.0,-10,-1.6,-529,-1.6
"C3538","5","315280","48","0","2020","A","","New Orleans-Metairie, LA MSA","Private","NAICS 315280 Other cut and sew apparel manufacturing","MSA, NAICS 6-digit -- by ownership sector","All establishment sizes",4,18,563105,146041,1000,613,31874,"",1.54,0.47,0.35,0.42,0.16,0.76,0.76,"",0,0.0,-2,-10.0,-98451,-14.9,-21049,-12.6,-754,-43.0,-10,-1.6,-529,-1.6
"C3538","5","3159","46","0","2020","A","","New Orleans-Metairie, LA MSA","Private","NAICS 3159 Accessories and other apparel manufacturing","MSA, NAICS 4-digit -- by ownership sector","All establishment sizes",4,8,331746,79965,1152,766,39810,"",1.09,0.21,0.23,0.21,0.22,1.04,1.04,"N",0,0.0,0,0,0,0,0,0,0,0,0,0,0,0
"C3538","5","31599","47","0","2020","A","","New Orleans-Metairie, LA MSA","Private","NAICS 31599 Accessories and other apparel manufacturing","MSA, NAICS 5-digit -- by ownership sector","All establishment sizes",4,8,331746,79965,1152,766,39810,"",1.09,0.21,0.23,0.21,0.22,1.04,1.04,"N",0,0.0,0,0,0,0,0,0,0,0,0,0,0,0
"C3538","5","315990","48","0","2020","A","","New Orleans-Metairie, LA MSA","Private","NAICS 315990 Accessories and other apparel manufacturing","MSA, NAICS 6-digit -- by ownership sector","All establishment sizes",4,8,331746,79965,1152,766,39810,"",1.09,0.21,0.23,0.21,0.22,1.04,1.04,"N",0,0.0,0,0,0,0,0,0,0,0,0,0,0,0
"C3538","5","316","45","0","2020","A","N","New Orleans-Metairie, LA MSA","Private","NAICS 316 Leather and allied product manufacturing","MSA, NAICS 3-digit -- by ownership sector","All establishment sizes",3,0,0,0,0,0,0,"N",0.54,0,0,0,0,0,0,"N",0,0.0,0,0,0,0,0,0,0,0,0,0,0,0
"C3538","5","3169","46","0","2020","A","N","New Orleans-Metairie, LA MSA","Private","NAICS 3169 Other leather product manufacturing","MSA, NAICS 4-digit -- by ownership sector","All establishment sizes",3,0,0,0,0,0,0,"N",0.87,0,0,0,0,0,0,"N",0,0.0,0,0,0,0,0,0,0,0,0,0,0,0
"C3538","5","31699","47","0","2020","A","N","New Orleans-Metairie, LA MSA","Private","NAICS 31699 Other leather product manufacturing","MSA, NAICS 5-digit -- by ownership sector","All establishment sizes",3,0,0,0,0,0,0,"N",0.87,0,0,0,0,0,0,"N",0,0.0,0,0,0,0,0,0,0,0,0,0,0,0
"C3538","5","316998","48","0","2020","A","N","New Orleans-Metairie, LA MSA","Private","NAICS 316998 All other leather and allied good mfg.","MSA, NAICS 6-digit -- by ownership sector","All establishment sizes",3,0,0,0,0,0,0,"N",1.01,0,0,0,0,0,0,"N",0,0.0,0,0,0,0,0,0,0,0,0,0,0,0
"C3538","5","321","45","0","2020","A","","New Orleans-Metairie, LA MSA","Private","NAICS 321 Wood product manufacturing","MSA, NAICS 3-digit -- by ownership sector","All establishment sizes",23,135,5755701,1481546,23059,821,42688,"",0.38,0.10,0.09,0.09,0.13,0.95,0.95,"",1,4.5,-22,-14.0,-423336,-6.9,-109340,-6.9,-4166,-15.3,64,8.5,3331,8.5
"C3538","5","3211","46","0","2020","A","N","New Orleans-Metairie, LA MSA","Private","NAICS 3211 Sawmills and wood preservation","MSA, NAICS 4-digit -- by ownership sector","All establishment sizes",3,0,0,0,0,0,0,"N",0.21,0,0,0,0,0,0,"N",0,0.0,0,0,0,0,0,0,0,0,0,0,0,0
"C3538","5","32111","47","0","2020","A","N","New Orleans-Metairie, LA MSA","Private","NAICS 32111 Sawmills and wood preservation","MSA, NAICS 5-digit -- by ownership sector","All establishment sizes",3,0,0,0,0,0,0,"N",0.21,0,0,0,0,0,0,"N",0,0.0,0,0,0,0,0,0,0,0,0,0,0,0
"C3538","5","321113","48","0","2020","A","N","New Orleans-Metairie, LA MSA","Private","NAICS 321113 Sawmills","MSA, NAICS 6-digit -- by ownership sector","All establishment sizes",2,0,0,0,0,0,0,"N",0.16,0,0,0,0,0,0,"N",0,0.0,0,0,0,0,0,0,0,0,0,0,0,0
"C3538","5","321114","48","0","2020","A","N","New Orleans-Metairie, LA MSA","Private","NAICS 321114 Wood preservation","MSA, NAICS 6-digit -- by ownership sector","All establishment sizes",1,0,0,0,0,0,0,"N",0.56,0,0,0,0,0,0,"N",0,0.0,0,0,0,0,0,0,0,0,0,0,0,0
"C3538","5","3212","46","0","2020","A","N","New Orleans-Metairie, LA MSA","Private","NAICS 3212 Plywood and engineered wood product mfg.","MSA, NAICS 4-digit -- by ownership sector","All establishment sizes",1,0,0,0,0,0,0,"N",0.15,0,0,0,0,0,0,"N",0,0.0,0,0,0,0,0,0,0,0,0,0,0,0
"C3538","5","32121","47","0","2020","A","N","New Orleans-Metairie, LA MSA","Private","NAICS 32121 Plywood and engineered wood product mfg.","MSA, NAICS 5-digit -- by ownership sector","All establishment sizes",1,0,0,0,0,0,0,"N",0.15,0,0,0,0,0,0,"N",0,0.0,0,0,0,0,0,0,0,0,0,0,0,0
"C3538","5","321212","48","0","2020","A","N","New Orleans-Metairie, LA MSA","Private","NAICS 321212 Softwood veneer and plywood manufacturing","MSA, NAICS 6-digit -- by ownership sector","All establishment sizes",1,0,0,0,0,0,0,"N",2.11,0,0,0,0,0,0,"N",0,0.0,0,0,0,0,0,0,0,0,0,0,0,0
"C3538","5","3219","46","0","2020","A","","New Orleans-Metairie, LA MSA","Private","NAICS 3219 Other wood product manufacturing","MSA, NAICS 4-digit -- by ownership sector","All establishment sizes",19,122,5357716,1330294,22194,845,43946,"",0.48,0.15,0.15,0.15,0.22,1.03,1.03,"",1,5.6,-21,-14.7,-343987,-6.0,-89804,-6.3,-3889,-14.9,76,9.9,3934,9.8
"C3538","5","32191","47","0","2020","A","","New Orleans-Metairie, LA MSA","Private","NAICS 32191 Millwork","MSA, NAICS 5-digit -- by ownership sector","All establishment sizes",12,73,2620271,693776,9632,686,35690,"",0.87,0.21,0.17,0.16,0.23,0.80,0.80,"N",1,9.1,0,0,0,0,0,0,0,0,0,0,0,0
"C3538","5","321911","48","0","2020","A","N","New Orleans-Metairie, LA MSA","Private","NAICS 321911 Wood window and door manufacturing","MSA, NAICS 6-digit -- by ownership sector","All establishment sizes",5,0,0,0,0,0,0,"N",1.08,0,0,0,0,0,0,"N",1,25.0,0,0,0,0,0,0,0,0,0,0,0,0
"C3538","5","321912","48","0","2020","A","N","New Orleans-Metairie, LA MSA","Private","NAICS 321912 Cut stock, resawing lumber, and planing","MSA, NAICS 6-digit -- by ownership sector","All establishment sizes",1,0,0,0,0,0,0,"N",0.46,0,0,0,0,0,0,"N",0,0.0,0,0,0,0,0,0,0,0,0,0,0,0
"C3538","5","321918","48","0","2020","A","","New Orleans-Metairie, LA MSA","Private","NAICS 321918 Other millwork, including flooring","MSA, NAICS 6-digit -- by ownership sector","All establishment sizes",6,51,1714163,475908,7049,651,33832,"",0.85,0.42,0.33,0.41,0.49,0.80,0.80,"",0,0.0,-15,-22.7,-634860,-27.0,-149797,-23.9,-4892,-41.0,-36,-5.2,-1895,-5.3
"C3538","5","32192","47","0","2020","A","N","New Orleans-Metairie, LA MSA","Private","NAICS 32192 Wood container and pallet manufacturing","MSA, NAICS 5-digit -- by ownership sector","All establishment sizes",2,0,0,0,0,0,0,"N",0.17,0,0,0,0,0,0,"N",0,0.0,0,0,0,0,0,0,0,0,0,0,0,0
"C3538","5","321920","48","0","2020","A","N","New Orleans-Metairie, LA MSA","Private","NAICS 321920 Wood container and pallet manufacturing","MSA, NAICS 6-digit -- by ownership sector","All establishment sizes",2,0,0,0,0,0,0,"N",0.17,0,0,0,0,0,0,"N",0,0.0,0,0,0,0,0,0,0,0,0,0,0,0
"C3538","5","32199","47","0","2020","A","N","New Orleans-Metairie, LA MSA","Private","NAICS 32199 All other wood product manufacturing","MSA, NAICS 5-digit -- by ownership sector","All establishment sizes",5,0,0,0,0,0,0,"N",0.37,0,0,0,0,0,0,"N",0,0.0,0,0,0,0,0,0,0,0,0,0,0,0
"C3538","5","321992","48","0","2020","A","N","New Orleans-Metairie, LA MSA","Private","NAICS 321992 Prefabricated wood building manufacturing","MSA, NAICS 6-digit -- by ownership sector","All establishment sizes",2,0,0,0,0,0,0,"N",0.61,0,0,0,0,0,0,"N",1,100.0,0,0,0,0,0,0,0,0,0,0,0,0
"C3538","5","321999","48","0","2020","A","","New Orleans-Metairie, LA MSA","Private","NAICS 321999 Miscellaneous wood product manufacturing","MSA, NAICS 6-digit -- by ownership sector","All establishment sizes",4,6,176190,49622,722,573,29779,"",0.45,0.07,0.05,0.06,0.07,0.68,0.68,"",0,0.0,-13,-68.4,-538729,-75.4,-121441,-71.0,-2356,-76.5,-167,-22.6,-8692,-22.6
"C3538","5","322","45","0","2020","A","","New Orleans-Metairie, LA MSA","Private","NAICS 322 Paper manufacturing","MSA, NAICS 3-digit -- by ownership sector","All establishment sizes",8,217,9614656,1037310,7326,850,44222,"",0.37,0.17,0.12,0.08,0.06,0.69,0.69,"",-1,-11.1,8,3.8,511390,5.6,40096,4.0,-2339,-24.2,12,1.4,648,1.5
"C3538","5","3222","46","0","2020","A","","New Orleans-Metairie, LA MSA","Private","NAICS 3222 Converted paper product manufacturing","MSA, NAICS 4-digit -- by ownership sector","All establishment sizes",8,217,9614656,1037310,7326,850,44222,"",0.44,0.23,0.17,0.11,0.07,0.75,0.75,"",-1,-11.1,8,3.8,511390,5.6,40096,4.0,-2339,-24.2,12,1.4,648,1.5
"C3538","5","32221","47","0","2020","A","N","New Orleans-Metairie, LA MSA","Private","NAICS 32221 Paperboard container manufacturing","MSA, NAICS 5-digit -- by ownership sector","All establishment sizes",2,0,0,0,0,0,0,"N",0.21,0,0,0,0,0,0,"N",0,0.0,0,0,0,0,0,0,0,0,0,0,0,0
"C3538","5","322211","48","0","2020","A","N","New Orleans-Metairie, LA MSA","Private","NAICS 322211 Corrugated and solid fiber box manufacturing","MSA, NAICS 6-digit -- by ownership sector","All establishment sizes",2,0,0,0,0,0,0,"N",0.32,0,0,0,0,0,0,"N",0,0.0,0,0,0,0,0,0,0,0,0,0,0,0
"C3538","5","32222","47","0","2020","A","N","New Orleans-Metairie, LA MSA","Private","NAICS 32222 Paper bag and coated and treated paper mfg.","MSA, NAICS 5-digit -- by ownership sector","All establishment sizes",2,0,0,0,0,0,0,"N",0.48,0,0,0,0,0,0,"N",0,0.0,0,0,0,0,0,0,0,0,0,0,0,0
"C3538","5","322220","48","0","2020","A","N","New Orleans-Metairie, LA MSA","Private","NAICS 322220 Paper bag and coated and treated paper mfg.","MSA, NAICS 6-digit -- by ownership sector","All establishment sizes",2,0,0,0,0,0,0,"N",0.48,0,0,0,0,0,0,"N",0,0.0,0,0,0,0,0,0,0,0,0,0,0,0
"C3538","5","32229","47","0","2020","A","N","New Orleans-Metairie, LA MSA","Private","NAICS 32229 Other converted paper product manufacturing","MSA, NAICS 5-digit -- by ownership sector","All establishment sizes",4,0,0,0,0,0,0,"N",1.33,0,0,0,0,0,0,"N",0,0.0,0,0,0,0,0,0,0,0,0,0,0,0
"C3538","5","322299","48","0","2020","A","N","New Orleans-Metairie, LA MSA","Private","NAICS 322299 All other converted paper product mfg.","MSA, NAICS 6-digit -- by ownership sector","All establishment sizes",4,0,0,0,0,0,0,"N",1.88,0,0,0,0,0,0,"N",0,0.0,0,0,0,0,0,0,0,0,0,0,0,0
"C3538","5","323","45","0","2020","A","","New Orleans-Metairie, LA MSA","Private","NAICS 323 Printing and related support activities","MSA, NAICS 3-digit -- by ownership sector","All establishment sizes",124,873,36157554,8144439,109818,797,41441,"",1.11,0.65,0.58,0.59,0.67,0.89,0.89,"",0,0.0,-183,-17.3,-6344041,-14.9,-1295210,-13.7,-26742,-19.6,23,3.0,1174,2.9
"C3538","5","3231","46","0","2020","A","","New Orleans-Metairie, LA MSA","Private","NAICS 3231 Printing and related support activities","MSA, NAICS 4-digit -- by ownership sector","All establishment sizes",124,873,36157554,8144439,109818,797,41441,"",1.11,0.65,0.58,0.59,0.67,0.89,0.89,"",0,0.0,-183,-17.3,-6344041,-14.9,-1295210,-13.7,-26742,-19.6,23,3.0,1174,2.9
"C3538","5","32311","47","0","2020","A","","New Orleans-Metairie, LA MSA","Private","NAICS 32311 Printing","MSA, NAICS 5-digit -- by ownership sector","All establishment sizes",119,856,35521064,8017659,109125,798,41488,"",1.12,0.67,0.60,0.62,0.70,0.89,0.89,"",0,0.0,-183,-17.6,-6252623,-15.0,-1294850,-13.9,-26868,-19.8,25,3.2,1276,3.2
"C3538","5","323111","48","0","2020","A","","New Orleans-Metairie, LA MSA","Private","NAICS 323111 Commercial printing, except screen and books","MSA, NAICS 6-digit -- by ownership sector","All establishment sizes",84,657,28765024,6073616,87677,842,43771,"",1.10,0.67,0.59,0.60,0.72,0.88,0.88,"",-1,-1.2,-155,-19.1,-5259135,-15.5,-1110679,-15.5,-24607,-21.9,36,4.5,1874,4.5
"C3538","5","323113","48","0","2020","A","","New Orleans-Metairie, LA MSA","Private","NAICS 323113 Commercial screen printing","MSA, NAICS 6-digit -- by ownership sector","All establishment sizes",35,199,6756040,1944043,21448,653,33950,"",1.22,0.83,0.81,0.83,0.81,0.97,0.97,"",1,2.9,-28,-12.3,-993488,-12.8,-184171,-8.7,-2261,-9.5,-4,-0.6,-227,-0.7
"C3538","5","32312","47","0","2020","A","","New Orleans-Metairie, LA MSA","Private","NAICS 32312 Support activities for printing","MSA, NAICS 5-digit -- by ownership sector","All establishment sizes",6,16,636490,126780,693,749,38969,"",1.09,0.24,0.20,0.18,0.08,0.79,0.79,"",1,20.0,-1,-5.9,-91418,-12.6,-360,-0.3,126,22.2,-91,-10.8,-4705,-10.8
"C3538","5","323120","48","0","2020","A","","New Orleans-Metairie, LA MSA","Private","NAICS 323120 Support activities for printing","MSA, NAICS 6-digit -- by ownership sector","All establishment sizes",6,16,636490,126780,693,749,38969,"",1.09,0.24,0.20,0.18,0.08,0.79,0.79,"",1,20.0,-1,-5.9,-91418,-12.6,-360,-0.3,126,22.2,-91,-10.8,-4705,-10.8
"C3538","5","324","45","0","2020","A","","New Orleans-Metairie, LA MSA","Private","NAICS 324 Petroleum and coal products manufacturing","MSA, NAICS 3-digit -- by ownership sector","All establishment sizes",26,5037,755887498,42448932,125470,2886,150077,"",2.76,12.91,17.69,11.19,2.50,1.37,1.37,"",0,0.0,-139,-2.7,-32504878,-4.1,-2020004,-4.5,-47043,-27.3,-43,-1.5,-2247,-1.5
"C3538","5","3241","46","0","2020","A","","New Orleans-Metairie, LA MSA","Private","NAICS 3241 Petroleum and coal products manufacturing","MSA, NAICS 4-digit -- by ownership sector","All establishment sizes",26,5037,755887498,42448932,125470,2886,150077,"",2.76,12.91,17.69,11.19,2.50,1.37,1.37,"",0,0.0,-139,-2.7,-32504878,-4.1,-2020004,-4.5,-47043,-27.3,-43,-1.5,-2247,-1.5
"C3538","5","32411","47","0","2020","A","","New Orleans-Metairie, LA MSA","Private","NAICS 32411 Petroleum refineries","MSA, NAICS 5-digit -- by ownership sector","All establishment sizes",15,4694,721171145,39557330,96720,2955,153645,"",6.18,19.79,22.97,17.15,5.89,1.16,1.16,"",0,0.0,-115,-2.4,-34950583,-4.6,-1140820,-2.8,-30962,-24.2,-69,-2.3,-3583,-2.3
"C3538","5","324110","48","0","2020","A","","New Orleans-Metairie, LA MSA","Private","NAICS 324110 Petroleum refineries","MSA, NAICS 6-digit -- by ownership sector","All establishment sizes",15,4694,721171145,39557330,96720,2955,153645,"",6.18,19.79,22.97,17.15,5.89,1.16,1.16,"",0,0.0,-115,-2.4,-34950583,-4.6,-1140820,-2.8,-30962,-24.2,-69,-2.3,-3583,-2.3
"C3538","5","32412","47","0","2020","A","","New Orleans-Metairie, LA MSA","Private","NAICS 32412 Asphalt paving and roofing materials mfg.","MSA, NAICS 5-digit -- by ownership sector","All establishment sizes",6,214,22956909,1832675,17522,2067,107485,"",1.21,2.22,3.24,1.80,0.63,1.46,1.46,"",0,0.0,-21,-8.9,2869204,14.3,-825593,-31.1,-14901,-46.0,420,25.5,21823,25.5
"C3538","5","324121","48","0","2020","A","N","New Orleans-Metairie, LA MSA","Private","NAICS 324121 Asphalt paving mixture and block mfg.","MSA, NAICS 6-digit -- by ownership sector","All establishment sizes",3,0,0,0,0,0,0,"N",0.80,0,0,0,0,0,0,"N",0,0.0,0,0,0,0,0,0,0,0,0,0,0,0
"C3538","5","324122","48","0","2020","A","N","New Orleans-Metairie, LA MSA","Private","NAICS 324122 Asphalt shingle and coating materials mfg.","MSA, NAICS 6-digit -- by ownership sector","All establishment sizes",3,0,0,0,0,0,0,"N",2.52,0,0,0,0,0,0,"N",0,0.0,0,0,0,0,0,0,0,0,0,0,0,0
"C3538","5","32419","47","0","2020","A","","New Orleans-Metairie, LA MSA","Private","NAICS 32419 Other petroleum and coal products mfg.","MSA, NAICS 5-digit -- by ownership sector","All establishment sizes",5,129,11759444,1058927,11228,1749,90924,"",2.45,2.28,2.77,2.28,1.96,1.21,1.21,"",-1,-16.7,-3,-2.3,-423499,-3.5,-53591,-4.8,-1180,-9.5,-24,-1.4,-1255,-1.4
"C3538","5","324191","48","0","2020","A","N","New Orleans-Metairie, LA MSA","Private","NAICS 324191 Petroleum lubricating oil and grease mfg.","MSA, NAICS 6-digit -- by ownership sector","All establishment sizes",2,0,0,0,0,0,0,"N",1.28,0,0,0,0,0,0,"N",-1,-33.3,0,0,0,0,0,0,0,0,0,0,0,0
"C3538","5","324199","48","0","2020","A","N","New Orleans-Metairie, LA MSA","Private","NAICS 324199 All other petroleum and coal products mfg.","MSA, NAICS 6-digit -- by ownership sector","All establishment sizes",3,0,0,0,0,0,0,"N",6.22,0,0,0,0,0,0,"N",0,0.0,0,0,0,0,0,0,0,0,0,0,0,0
"C3538","5","325","45","0","2020","A","N","New Orleans-Metairie, LA MSA","Private","NAICS 325 Chemical manufacturing","MSA, NAICS 3-digit -- by ownership sector","All establishment sizes",94,0,0,0,0,0,0,"N",1.15,0,0,0,0,0,0,"N",3,3.3,0,0,0,0,0,0,0,0,0,0,0,0
"C3538","5","3251","46","0","2020","A","","New Orleans-Metairie, LA MSA","Private","NAICS 3251 Basic chemical manufacturing","MSA, NAICS 4-digit -- by ownership sector","All establishment sizes",38,2394,293814792,19751839,61997,2361,122755,"",2.79,4.50,5.79,4.10,1.34,1.29,1.29,"",0,0.0,63,2.7,12962272,4.6,-37671,-0.2,-2023,-3.2,44,1.9,2273,1.9
"C3538","5","32511","47","0","2020","A","","New Orleans-Metairie, LA MSA","Private","NAICS 32511 Petrochemical manufacturing","MSA, NAICS 5-digit -- by ownership sector","All establishment sizes",5,208,30031919,1824627,3208,2777,144384,"",5.86,2.23,2.74,2.98,0.53,1.23,1.23,"N",0,0.0,0,0,0,0,0,0,0,0,0,0,0,0
"C3538","5","325110","48","0","2020","A","","New Orleans-Metairie, LA MSA","Private","NAICS 325110 Petrochemical manufacturing","MSA, NAICS 6-digit -- by ownership sector","All establishment sizes",5,208,30031919,1824627,3208,2777,144384,"",5.86,2.23,2.74,2.98,0.53,1.23,1.23,"N",0,0.0,0,0,0,0,0,0,0,0,0,0,0,0
"C3538","5","32512","47","0","2020","A","","New Orleans-Metairie, LA MSA","Private","NAICS 32512 Industrial gas manufacturing","MSA, NAICS 5-digit -- by ownership sector","All establishment sizes",17,527,58883564,4035244,5825,2150,111804,"",5.50,7.88,8.42,6.34,0.79,1.07,1.07,"",0,0.0,-18,-3.3,-6833230,-10.4,-563872,-12.3,-4855,-45.5,-168,-7.2,-8740,-7.3
"C3538","5","325120","48","0","2020","A","","New Orleans-Metairie, LA MSA","Private","NAICS 325120 Industrial gas manufacturing","MSA, NAICS 6-digit -- by ownership sector","All establishment sizes",17,527,58883564,4035244,5825,2150,111804,"",5.50,7.88,8.42,6.34,0.79,1.07,1.07,"",0,0.0,-18,-3.3,-6833230,-10.4,-563872,-12.3,-4855,-45.5,-168,-7.2,-8740,-7.3
"C3538","5","32518","47","0","2020","A","","New Orleans-Metairie, LA MSA","Private","NAICS 32518 Other basic inorganic chemical manufacturing","MSA, NAICS 5-digit -- by ownership sector","All establishment sizes",10,1394,176190539,11812585,30883,2431,126437,"",2.88,9.80,13.41,9.13,2.76,1.37,1.37,"",-1,-9.1,32,2.3,10315481,6.2,362612,3.2,1755,6.0,89,3.8,4649,3.8
"C3538","5","325180","48","0","2020","A","","New Orleans-Metairie, LA MSA","Private","NAICS 325180 Other basic inorganic chemical manufacturing","MSA, NAICS 6-digit -- by ownership sector","All establishment sizes",10,1394,176190539,11812585,30883,2431,126437,"",2.88,9.80,13.41,9.13,2.76,1.37,1.37,"",-1,-9.1,32,2.3,10315481,6.2,362612,3.2,1755,6.0,89,3.8,4649,3.8
"C3538","5","32519","47","0","2020","A","","New Orleans-Metairie, LA MSA","Private","NAICS 32519 Other basic organic chemical manufacturing","MSA, NAICS 5-digit -- by ownership sector","All establishment sizes",6,265,28708770,2079383,22081,2081,108199,"",1.19,1.37,1.71,1.06,1.19,1.24,1.24,"N",1,20.0,0,0,0,0,0,0,0,0,0,0,0,0
"C3538","5","325194","48","0","2020","A","N","New Orleans-Metairie, LA MSA","Private","NAICS 325194 Cyclic crude, intermediate, wood chemical mfg","MSA, NAICS 6-digit -- by ownership sector","All establishment sizes",1,0,0,0,0,0,0,"N",2.70,0,0,0,0,0,0,"N",0,0.0,0,0,0,0,0,0,0,0,0,0,0,0
"C3538","5","325199","48","0","2020","A","N","New Orleans-Metairie, LA MSA","Private","NAICS 325199 All other basic organic chemical mfg.","MSA, NAICS 6-digit -- by ownership sector","All establishment sizes",5,0,0,0,0,0,0,"N",1.31,0,0,0,0,0,0,"N",1,25.0,0,0,0,0,0,0,0,0,0,0,0,0
"C3538","5","3252","46","0","2020","A","","New Orleans-Metairie, LA MSA","Private","NAICS 3252 Resin, rubber, and artificial fibers mfg.","MSA, NAICS 4-digit -- by ownership sector","All establishment sizes",12,1145,135497853,9833932,59767,2275,118322,"",1.76,3.50,4.79,3.62,2.14,1.37,1.37,"",0,0.0,-21,-1.8,541154,0.4,-1360351,-12.2,-1292,-2.1,50,2.2,2604,2.3
"C3538","5","32521","47","0","2020","A","","New Orleans-Metairie, LA MSA","Private","NAICS 32521 Resin and synthetic rubber manufacturing","MSA, NAICS 5-digit -- by ownership sector","All establishment sizes",12,1145,135497853,9833932,59767,2275,118322,"",2.02,4.73,6.29,4.83,2.58,1.33,1.33,"",0,0.0,-21,-1.8,541154,0.4,-1360351,-12.2,-1292,-2.1,50,2.2,2604,2.3
"C3538","5","325211","48","0","2020","A","N","New Orleans-Metairie, LA MSA","Private","NAICS 325211 Plastics material and resin manufacturing","MSA, NAICS 6-digit -- by ownership sector","All establishment sizes",8,0,0,0,0,0,0,"N",1.56,0,0,0,0,0,0,"N",0,0.0,0,0,0,0,0,0,0,0,0,0,0,0
"C3538","5","325212","48","0","2020","A","N","New Orleans-Metairie, LA MSA","Private","NAICS 325212 Synthetic rubber manufacturing","MSA, NAICS 6-digit -- by ownership sector","All establishment sizes",4,0,0,0,0,0,0,"N",5.02,0,0,0,0,0,0,"N",0,0.0,0,0,0,0,0,0,0,0,0,0,0,0
"C3538","5","3253","46","0","2020","A","","New Orleans-Metairie, LA MSA","Private","NAICS 3253 Agricultural chemical manufacturing","MSA, NAICS 4-digit -- by ownership sector","All establishment sizes",8,1104,123837382,9377130,38494,2157,112188,"",1.43,8.36,11.51,7.08,2.84,1.38,1.38,"N",2,33.3,0,0,0,0,0,0,0,0,0,0,0,0
"C3538","5","32531","47","0","2020","A","N","New Orleans-Metairie, LA MSA","Private","NAICS 32531 Fertilizer manufacturing","MSA, NAICS 5-digit -- by ownership sector","All establishment sizes",5,0,0,0,0,0,0,"N",1.26,0,0,0,0,0,0,"N",1,25.0,0,0,0,0,0,0,0,0,0,0,0,0
"C3538","5","325311","48","0","2020","A","N","New Orleans-Metairie, LA MSA","Private","NAICS 325311 Nitrogenous fertilizer manufacturing","MSA, NAICS 6-digit -- by ownership sector","All establishment sizes",2,0,0,0,0,0,0,"N",1.57,0,0,0,0,0,0,"N",1,100.0,0,0,0,0,0,0,0,0,0,0,0,0
"C3538","5","325312","48","0","2020","A","N","New Orleans-Metairie, LA MSA","Private","NAICS 325312 Phosphatic fertilizer manufacturing","MSA, NAICS 6-digit -- by ownership sector","All establishment sizes",3,0,0,0,0,0,0,"N",11.65,0,0,0,0,0,0,"N",0,0.0,0,0,0,0,0,0,0,0,0,0,0,0
"C3538","5","32532","47","0","2020","A","N","New Orleans-Metairie, LA MSA","Private","NAICS 32532 Pesticide and other ag. chemical mfg.","MSA, NAICS 5-digit -- by ownership sector","All establishment sizes",3,0,0,0,0,0,0,"N",1.84,0,0,0,0,0,0,"N",1,50.0,0,0,0,0,0,0,0,0,0,0,0,0
"C3538","5","325320","48","0","2020","A","N","New Orleans-Metairie, LA MSA","Private","NAICS 325320 Pesticide and other ag. chemical mfg.","MSA, NAICS 6-digit -- by ownership sector","All establishment sizes",3,0,0,0,0,0,0,"N",1.84,0,0,0,0,0,0,"N",1,50.0,0,0,0,0,0,0,0,0,0,0,0,0
"C3538","5","3254","46","0","2020","A","N","New Orleans-Metairie, LA MSA","Private","NAICS 3254 Pharmaceutical and medicine manufacturing","MSA, NAICS 4-digit -- by ownership sector","All establishment sizes",13,0,0,0,0,0,0,"N",0.61,0,0,0,0,0,0,"N",2,18.2,0,0,0,0,0,0,0,0,0,0,0,0
"C3538","5","32541","47","0","2020","A","N","New Orleans-Metairie, LA MSA","Private","NAICS 32541 Pharmaceutical and medicine manufacturing","MSA, NAICS 5-digit -- by ownership sector","All establishment sizes",13,0,0,0,0,0,0,"N",0.61,0,0,0,0,0,0,"N",2,18.2,0,0,0,0,0,0,0,0,0,0,0,0
"C3538","5","325412","48","0","2020","A","","New Orleans-Metairie, LA MSA","Private","NAICS 325412 Pharmaceutical preparation manufacturing","MSA, NAICS 6-digit -- by ownership sector","All establishment sizes",10,43,4306666,401748,3923,1941,100937,"",0.74,0.06,0.05,0.05,0.04,0.86,0.86,"N",0,0.0,0,0,0,0,0,0,0,0,0,0,0,0
"C3538","5","325413","48","0","2020","A","N","New Orleans-Metairie, LA MSA","Private","NAICS 325413 In-vitro diagnostic substance manufacturing","MSA, NAICS 6-digit -- by ownership sector","All establishment sizes",2,0,0,0,0,0,0,"N",1.38,0,0,0,0,0,0,"N",1,100.0,0,0,0,0,0,0,0,0,0,0,0,0
"C3538","5","325414","48","0","2020","A","N","New Orleans-Metairie, LA MSA","Private","NAICS 325414 Other biological product manufacturing","MSA, NAICS 6-digit -- by ownership sector","All establishment sizes",1,0,0,0,0,0,0,"N",0.49,0,0,0,0,0,0,"N",1,100.0,0,0,0,0,0,0,0,0,0,0,0,0
"C3538","5","3255","46","0","2020","A","","New Orleans-Metairie, LA MSA","Private","NAICS 3255 Paint, coating, and adhesive manufacturing","MSA, NAICS 4-digit -- by ownership sector","All establishment sizes",9,101,7193045,930532,9965,1374,71454,"",0.99,0.44,0.45,0.45,0.38,1.03,1.03,"",-1,-10.0,-1,-1.0,-63279,-0.9,-3129,-0.3,1412,16.5,6,0.4,314,0.4
"C3538","5","32551","47","0","2020","A","N","New Orleans-Metairie, LA MSA","Private","NAICS 32551 Paint and coating manufacturing","MSA, NAICS 5-digit -- by ownership sector","All establishment sizes",5,0,0,0,0,0,0,"N",0.78,0,0,0,0,0,0,"N",-1,-16.7,0,0,0,0,0,0,0,0,0,0,0,0
"C3538","5","325510","48","0","2020","A","N","New Orleans-Metairie, LA MSA","Private","NAICS 325510 Paint and coating manufacturing","MSA, NAICS 6-digit -- by ownership sector","All establishment sizes",5,0,0,0,0,0,0,"N",0.78,0,0,0,0,0,0,"N",-1,-16.7,0,0,0,0,0,0,0,0,0,0,0,0
"C3538","5","32552","47","0","2020","A","N","New Orleans-Metairie, LA MSA","Private","NAICS 32552 Adhesive manufacturing","MSA, NAICS 5-digit -- by ownership sector","All establishment sizes",4,0,0,0,0,0,0,"N",1.46,0,0,0,0,0,0,"N",0,0.0,0,0,0,0,0,0,0,0,0,0,0,0
"C3538","5","325520","48","0","2020","A","N","New Orleans-Metairie, LA MSA","Private","NAICS 325520 Adhesive manufacturing","MSA, NAICS 6-digit -- by ownership sector","All establishment sizes",4,0,0,0,0,0,0,"N",1.46,0,0,0,0,0,0,"N",0,0.0,0,0,0,0,0,0,0,0,0,0,0,0
"C3538","5","3256","46","0","2020","A","","New Orleans-Metairie, LA MSA","Private","NAICS 3256 Soap, cleaning compound, and toiletry mfg.","MSA, NAICS 4-digit -- by ownership sector","All establishment sizes",8,92,5076347,784895,6841,1067,55479,"",0.61,0.23,0.18,0.19,0.15,0.77,0.77,"",0,0.0,-24,-20.7,-2430508,-32.4,-363379,-31.6,-2766,-28.8,-182,-14.6,-9469,-14.6
"C3538","5","32561","47","0","2020","A","N","New Orleans-Metairie, LA MSA","Private","NAICS 32561 Soap and cleaning compound manufacturing","MSA, NAICS 5-digit -- by ownership sector","All establishment sizes",7,0,0,0,0,0,0,"N",0.99,0,0,0,0,0,0,"N",0,0.0,0,0,0,0,0,0,0,0,0,0,0,0
"C3538","5","325611","48","0","2020","A","N","New Orleans-Metairie, LA MSA","Private","NAICS 325611 Soap and other detergent manufacturing","MSA, NAICS 6-digit -- by ownership sector","All establishment sizes",3,0,0,0,0,0,0,"N",0.85,0,0,0,0,0,0,"N",0,0.0,0,0,0,0,0,0,0,0,0,0,0,0
"C3538","5","325612","48","0","2020","A","N","New Orleans-Metairie, LA MSA","Private","NAICS 325612 Polish and other sanitation good mfg.","MSA, NAICS 6-digit -- by ownership sector","All establishment sizes",3,0,0,0,0,0,0,"N",1.01,0,0,0,0,0,0,"N",0,0.0,0,0,0,0,0,0,0,0,0,0,0,0
"C3538","5","325613","48","0","2020","A","N","New Orleans-Metairie, LA MSA","Private","NAICS 325613 Surface active agent manufacturing","MSA, NAICS 6-digit -- by ownership sector","All establishment sizes",1,0,0,0,0,0,0,"N",1.75,0,0,0,0,0,0,"N",0,0.0,0,0,0,0,0,0,0,0,0,0,0,0
"C3538","5","32562","47","0","2020","A","N","New Orleans-Metairie, LA MSA","Private","NAICS 32562 Toilet preparation manufacturing","MSA, NAICS 5-digit -- by ownership sector","All establishment sizes",1,0,0,0,0,0,0,"N",0.17,0,0,0,0,0,0,"N",0,0.0,0,0,0,0,0,0,0,0,0,0,0,0
"C3538","5","325620","48","0","2020","A","N","New Orleans-Metairie, LA MSA","Private","NAICS 325620 Toilet preparation manufacturing","MSA, NAICS 6-digit -- by ownership sector","All establishment sizes",1,0,0,0,0,0,0,"N",0.17,0,0,0,0,0,0,"N",0,0.0,0,0,0,0,0,0,0,0,0,0,0,0
"C3538","5","3259","46","0","2020","A","","New Orleans-Metairie, LA MSA","Private","NAICS 3259 Other chemical product and preparation mfg.","MSA, NAICS 4-digit -- by ownership sector","All establishment sizes",6,69,27206183,711174,7138,7537,391926,"",0.49,0.24,1.42,0.27,0.21,5.79,5.79,"N",0,0.0,0,0,0,0,0,0,0,0,0,0,0,0
"C3538","5","32599","47","0","2020","A","","New Orleans-Metairie, LA MSA","Private","NAICS 32599 All other chemical preparation manufacturing","MSA, NAICS 5-digit -- by ownership sector","All establishment sizes",6,69,27206183,711174,7138,7537,391926,"",0.60,0.30,1.74,0.32,0.25,5.79,5.79,"N",0,0.0,0,0,0,0,0,0,0,0,0,0,0,0
"C3538","5","325991","48","0","2020","A","N","New Orleans-Metairie, LA MSA","Private","NAICS 325991 Custom compounding of purchased resins","MSA, NAICS 6-digit -- by ownership sector","All establishment sizes",0,0,0,0,0,0,0,"N",0.00,0,0,0,0,0,0,"N",-1,-100.0,0,0,0,0,0,0,0,0,0,0,0,0
"C3538","5","325998","48","0","2020","A","N","New Orleans-Metairie, LA MSA","Private","NAICS 325998 Other miscellaneous chemical product mfg.","MSA, NAICS 6-digit -- by ownership sector","All establishment sizes",6,0,0,0,0,0,0,"N",0.83,0,0,0,0,0,0,"N",1,20.0,0,0,0,0,0,0,0,0,0,0,0,0
"C3538","5","326","45","0","2020","A","","New Orleans-Metairie, LA MSA","Private","NAICS 326 Plastics and rubber products manufacturing","MSA, NAICS 3-digit -- by ownership sector","All establishment sizes",28,1415,101766081,12078308,136200,1383,71911,"",0.52,0.57,0.79,0.49,0.48,1.39,1.38,"",1,3.7,-121,-7.9,-8457385,-7.7,-1585046,-11.6,-31134,-18.6,3,0.2,143,0.2
"C3538","5","3261","46","0","2020","A","N","New Orleans-Metairie, LA MSA","Private","NAICS 3261 Plastics product manufacturing","MSA, NAICS 4-digit -- by ownership sector","All establishment sizes",23,0,0,0,0,0,0,"N",0.51,0,0,0,0,0,0,"N",1,4.5,0,0,0,0,0,0,0,0,0,0,0,0
"C3538","5","32611","47","0","2020","A","N","New Orleans-Metairie, LA MSA","Private","NAICS 32611 Plastics packaging materials, film and sheet","MSA, NAICS 5-digit -- by ownership sector","All establishment sizes",2,0,0,0,0,0,0,"N",0.34,0,0,0,0,0,0,"N",1,100.0,0,0,0,0,0,0,0,0,0,0,0,0
"C3538","5","326111","48","0","2020","A","N","New Orleans-Metairie, LA MSA","Private","NAICS 326111 Plastics bag and pouch manufacturing","MSA, NAICS 6-digit -- by ownership sector","All establishment sizes",1,0,0,0,0,0,0,"N",0.51,0,0,0,0,0,0,"N",0,0.0,0,0,0,0,0,0,0,0,0,0,0,0
"C3538","5","326112","48","0","2020","A","N","New Orleans-Metairie, LA MSA","Private","NAICS 326112 Plastics packaging film and sheet mfg.","MSA, NAICS 6-digit -- by ownership sector","All establishment sizes",1,0,0,0,0,0,0,"N",0.57,0,0,0,0,0,0,"N",1,100.0,0,0,0,0,0,0,0,0,0,0,0,0
"C3538","5","32612","47","0","2020","A","N","New Orleans-Metairie, LA MSA","Private","NAICS 32612 Plastics pipe, fittings, and profile shapes","MSA, NAICS 5-digit -- by ownership sector","All establishment sizes",1,0,0,0,0,0,0,"N",0.23,0,0,0,0,0,0,"N",0,0.0,0,0,0,0,0,0,0,0,0,0,0,0
"C3538","5","326122","48","0","2020","A","N","New Orleans-Metairie, LA MSA","Private","NAICS 326122 Plastics pipe and pipe fitting manufacturing","MSA, NAICS 6-digit -- by ownership sector","All establishment sizes",1,0,0,0,0,0,0,"N",0.42,0,0,0,0,0,0,"N",0,0.0,0,0,0,0,0,0,0,0,0,0,0,0
"C3538","5","32614","47","0","2020","A","N","New Orleans-Metairie, LA MSA","Private","NAICS 32614 Polystyrene foam product manufacturing","MSA, NAICS 5-digit -- by ownership sector","All establishment sizes",1,0,0,0,0,0,0,"N",0.44,0,0,0,0,0,0,"N",0,0.0,0,0,0,0,0,0,0,0,0,0,0,0
"C3538","5","326140","48","0","2020","A","N","New Orleans-Metairie, LA MSA","Private","NAICS 326140 Polystyrene foam product manufacturing","MSA, NAICS 6-digit -- by ownership sector","All establishment sizes",1,0,0,0,0,0,0,"N",0.44,0,0,0,0,0,0,"N",0,0.0,0,0,0,0,0,0,0,0,0,0,0,0
"C3538","5","32615","47","0","2020","A","N","New Orleans-Metairie, LA MSA","Private","NAICS 32615 Urethane and other foam product manufacturing","MSA, NAICS 5-digit -- by ownership sector","All establishment sizes",1,0,0,0,0,0,0,"N",0.28,0,0,0,0,0,0,"N",0,0.0,0,0,0,0,0,0,0,0,0,0,0,0
"C3538","5","326150","48","0","2020","A","N","New Orleans-Metairie, LA MSA","Private","NAICS 326150 Urethane and other foam product manufacturing","MSA, NAICS 6-digit -- by ownership sector","All establishment sizes",1,0,0,0,0,0,0,"N",0.28,0,0,0,0,0,0,"N",0,0.0,0,0,0,0,0,0,0,0,0,0,0,0
"C3538","5","32616","47","0","2020","A","N","New Orleans-Metairie, LA MSA","Private","NAICS 32616 Plastics bottle manufacturing","MSA, NAICS 5-digit -- by ownership sector","All establishment sizes",1,0,0,0,0,0,0,"N",0.47,0,0,0,0,0,0,"N",0,0.0,0,0,0,0,0,0,0,0,0,0,0,0
"C3538","5","326160","48","0","2020","A","N","New Orleans-Metairie, LA MSA","Private","NAICS 326160 Plastics bottle manufacturing","MSA, NAICS 6-digit -- by ownership sector","All establishment sizes",1,0,0,0,0,0,0,"N",0.47,0,0,0,0,0,0,"N",0,0.0,0,0,0,0,0,0,0,0,0,0,0,0
"C3538","5","32619","47","0","2020","A","","New Orleans-Metairie, LA MSA","Private","NAICS 32619 Other plastics product manufacturing","MSA, NAICS 5-digit -- by ownership sector","All establishment sizes",16,152,8420168,1420502,23230,1065,55396,"",0.63,0.14,0.16,0.13,0.17,1.12,1.12,"",-1,-5.9,-8,-5.0,-803101,-8.7,-100765,-6.6,-5689,-19.7,-42,-3.8,-2189,-3.8
"C3538","5","326191","48","0","2020","A","","New Orleans-Metairie, LA MSA","Private","NAICS 326191 Plastics plumbing fixture manufacturing","MSA, NAICS 6-digit -- by ownership sector","All establishment sizes",3,25,974441,247490,6111,752,39108,"",2.17,0.49,0.42,0.51,1.08,0.85,0.85,"",0,0.0,2,8.7,85142,9.6,49595,25.1,1095,21.8,8,1.1,443,1.1
"C3538","5","326199","48","0","2020","A","","New Orleans-Metairie, LA MSA","Private","NAICS 326199 All other plastics product manufacturing","MSA, NAICS 6-digit -- by ownership sector","All establishment sizes",13,127,7445727,1173012,17119,1127,58589,"",0.54,0.12,0.14,0.11,0.13,1.18,1.18,"",-1,-7.1,-10,-7.3,-888243,-10.7,-150360,-11.4,-6784,-28.4,-41,-3.5,-2169,-3.6
"C3538","5","3262","46","0","2020","A","N","New Orleans-Metairie, LA MSA","Private","NAICS 3262 Rubber product manufacturing","MSA, NAICS 4-digit -- by ownership sector","All establishment sizes",5,0,0,0,0,0,0,"N",0.60,0,0,0,0,0,0,"N",0,0.0,0,0,0,0,0,0,0,0,0,0,0,0
"C3538","5","32622","47","0","2020","A","N","New Orleans-Metairie, LA MSA","Private","NAICS 32622 Rubber and plastics hose and belting mfg.","MSA, NAICS 5-digit -- by ownership sector","All establishment sizes",3,0,0,0,0,0,0,"N",1.66,0,0,0,0,0,0,"N",0,0.0,0,0,0,0,0,0,0,0,0,0,0,0
"C3538","5","326220","48","0","2020","A","N","New Orleans-Metairie, LA MSA","Private","NAICS 326220 Rubber and plastics hose and belting mfg.","MSA, NAICS 6-digit -- by ownership sector","All establishment sizes",3,0,0,0,0,0,0,"N",1.66,0,0,0,0,0,0,"N",0,0.0,0,0,0,0,0,0,0,0,0,0,0,0
"C3538","5","32629","47","0","2020","A","N","New Orleans-Metairie, LA MSA","Private","NAICS 32629 Other rubber product manufacturing","MSA, NAICS 5-digit -- by ownership sector","All establishment sizes",2,0,0,0,0,0,0,"N",0.44,0,0,0,0,0,0,"N",-1,-33.3,0,0,0,0,0,0,0,0,0,0,0,0
"C3538","5","326299","48","0","2020","A","N","New Orleans-Metairie, LA MSA","Private","NAICS 326299 All other rubber product manufacturing","MSA, NAICS 6-digit -- by ownership sector","All establishment sizes",2,0,0,0,0,0,0,"N",0.75,0,0,0,0,0,0,"N",-1,-33.3,0,0,0,0,0,0,0,0,0,0,0,0
"C3538","5","327","45","0","2020","A","","New Orleans-Metairie, LA MSA","Private","NAICS 327 Nonmetallic mineral product manufacturing","MSA, NAICS 3-digit -- by ownership sector","All establishment sizes",64,942,56425103,9214280,104103,1152,59915,"",0.95,0.66,0.70,0.62,0.42,1.06,1.06,"",0,0.0,-68,-6.7,-3409920,-5.7,-447683,-4.6,-6655,-6.0,13,1.1,697,1.2
"C3538","5","3271","46","0","2020","A","N","New Orleans-Metairie, LA MSA","Private","NAICS 3271 Clay product and refractory manufacturing","MSA, NAICS 4-digit -- by ownership sector","All establishment sizes",5,0,0,0,0,0,0,"N",0.89,0,0,0,0,0,0,"N",0,0.0,0,0,0,0,0,0,0,0,0,0,0,0
"C3538","5","32711","47","0","2020","A","N","New Orleans-Metairie, LA MSA","Private","NAICS 32711 Pottery, ceramics, and plumbing fixture mfg","MSA, NAICS 5-digit -- by ownership sector","All establishment sizes",4,0,0,0,0,0,0,"N",1.34,0,0,0,0,0,0,"N",0,0.0,0,0,0,0,0,0,0,0,0,0,0,0
"C3538","5","327110","48","0","2020","A","N","New Orleans-Metairie, LA MSA","Private","NAICS 327110 Pottery, ceramics, and plumbing fixture mfg","MSA, NAICS 6-digit -- by ownership sector","All establishment sizes",4,0,0,0,0,0,0,"N",1.34,0,0,0,0,0,0,"N",0,0.0,0,0,0,0,0,0,0,0,0,0,0,0
"C3538","5","32712","47","0","2020","A","N","New Orleans-Metairie, LA MSA","Private","NAICS 32712 Clay building material and refractories mfg.","MSA, NAICS 5-digit -- by ownership sector","All establishment sizes",1,0,0,0,0,0,0,"N",0.38,0,0,0,0,0,0,"N",0,0.0,0,0,0,0,0,0,0,0,0,0,0,0
"C3538","5","327120","48","0","2020","A","N","New Orleans-Metairie, LA MSA","Private","NAICS 327120 Clay building material and refractories mfg","MSA, NAICS 6-digit -- by ownership sector","All establishment sizes",1,0,0,0,0,0,0,"N",0.38,0,0,0,0,0,0,"N",0,0.0,0,0,0,0,0,0,0,0,0,0,0,0
"C3538","5","3272","46","0","2020","A","","New Orleans-Metairie, LA MSA","Private","NAICS 3272 Glass and glass product manufacturing","MSA, NAICS 4-digit -- by ownership sector","All establishment sizes",5,40,1305315,373952,2326,634,32976,"",0.66,0.14,0.08,0.12,0.06,0.59,0.59,"",1,25.0,-2,-4.8,52294,4.2,-11615,-3.0,-651,-21.9,55,9.5,2843,9.4
"C3538","5","32721","47","0","2020","A","","New Orleans-Metairie, LA MSA","Private","NAICS 32721 Glass and glass product manufacturing","MSA, NAICS 5-digit -- by ownership sector","All establishment sizes",5,40,1305315,373952,2326,634,32976,"",0.66,0.14,0.08,0.12,0.06,0.59,0.59,"",1,25.0,-2,-4.8,52294,4.2,-11615,-3.0,-651,-21.9,55,9.5,2843,9.4
"C3538","5","327212","48","0","2020","A","N","New Orleans-Metairie, LA MSA","Private","NAICS 327212 Other pressed and blown glass and glassware","MSA, NAICS 6-digit -- by ownership sector","All establishment sizes",1,0,0,0,0,0,0,"N",0.59,0,0,0,0,0,0,"N",0,0.0,0,0,0,0,0,0,0,0,0,0,0,0
"C3538","5","327215","48","0","2020","A","N","New Orleans-Metairie, LA MSA","Private","NAICS 327215 Glass product mfg. made of purchased glass","MSA, NAICS 6-digit -- by ownership sector","All establishment sizes",4,0,0,0,0,0,0,"N",0.84,0,0,0,0,0,0,"N",1,33.3,0,0,0,0,0,0,0,0,0,0,0,0
"C3538","5","3273","46","0","2020","A","","New Orleans-Metairie, LA MSA","Private","NAICS 3273 Cement and concrete product manufacturing","MSA, NAICS 4-digit -- by ownership sector","All establishment sizes",35,530,31001777,5344278,61249,1124,58448,"",0.96,0.76,0.78,0.74,0.40,1.02,1.02,"",-2,-5.4,-30,-5.4,-1921224,-5.8,-136819,-2.5,-1127,-1.8,-7,-0.6,-352,-0.6
"C3538","5","32731","47","0","2020","A","N","New Orleans-Metairie, LA MSA","Private","NAICS 32731 Cement manufacturing","MSA, NAICS 5-digit -- by ownership sector","All establishment sizes",3,0,0,0,0,0,0,"N",1.91,0,0,0,0,0,0,"N",-2,-40.0,0,0,0,0,0,0,0,0,0,0,0,0
"C3538","5","327310","48","0","2020","A","N","New Orleans-Metairie, LA MSA","Private","NAICS 327310 Cement manufacturing","MSA, NAICS 6-digit -- by ownership sector","All establishment sizes",3,0,0,0,0,0,0,"N",1.91,0,0,0,0,0,0,"N",-2,-40.0,0,0,0,0,0,0,0,0,0,0,0,0
"C3538","5","32732","47","0","2020","A","","New Orleans-Metairie, LA MSA","Private","NAICS 32732 Ready-mix concrete manufacturing","MSA, NAICS 5-digit -- by ownership sector","All establishment sizes",24,411,24832907,4138024,38468,1162,60445,"",1.10,1.17,1.22,1.08,0.39,1.04,1.04,"",0,0.0,-27,-6.2,-2144461,-7.9,-120747,-2.8,191,0.5,-23,-1.9,-1182,-1.9
"C3538","5","327320","48","0","2020","A","","New Orleans-Metairie, LA MSA","Private","NAICS 327320 Ready-mix concrete manufacturing","MSA, NAICS 6-digit -- by ownership sector","All establishment sizes",24,411,24832907,4138024,38468,1162,60445,"",1.10,1.17,1.22,1.08,0.39,1.04,1.04,"",0,0.0,-27,-6.2,-2144461,-7.9,-120747,-2.8,191,0.5,-23,-1.9,-1182,-1.9
"C3538","5","32733","47","0","2020","A","","New Orleans-Metairie, LA MSA","Private","NAICS 32733 Concrete pipe, brick, and block manufacturing","MSA, NAICS 5-digit -- by ownership sector","All establishment sizes",4,67,3821268,726848,14408,1102,57319,"",0.90,0.70,0.71,0.77,0.89,1.01,1.01,"",0,0.0,-1,-1.5,387223,11.3,-6215,-0.8,-1332,-8.5,134,13.8,7003,13.9
"C3538","5","327331","48","0","2020","A","N","New Orleans-Metairie, LA MSA","Private","NAICS 327331 Concrete block and brick manufacturing","MSA, NAICS 6-digit -- by ownership sector","All establishment sizes",2,0,0,0,0,0,0,"N",0.58,0,0,0,0,0,0,"N",0,0.0,0,0,0,0,0,0,0,0,0,0,0,0
"C3538","5","327332","48","0","2020","A","N","New Orleans-Metairie, LA MSA","Private","NAICS 327332 Concrete pipe manufacturing","MSA, NAICS 6-digit -- by ownership sector","All establishment sizes",2,0,0,0,0,0,0,"N",1.98,0,0,0,0,0,0,"N",0,0.0,0,0,0,0,0,0,0,0,0,0,0,0
"C3538","5","32739","47","0","2020","A","N","New Orleans-Metairie, LA MSA","Private","NAICS 32739 Other concrete product manufacturing","MSA, NAICS 5-digit -- by ownership sector","All establishment sizes",4,0,0,0,0,0,0,"N",0.47,0,0,0,0,0,0,"N",0,0.0,0,0,0,0,0,0,0,0,0,0,0,0
"C3538","5","327390","48","0","2020","A","N","New Orleans-Metairie, LA MSA","Private","NAICS 327390 Other concrete product manufacturing","MSA, NAICS 6-digit -- by ownership sector","All establishment sizes",4,0,0,0,0,0,0,"N",0.47,0,0,0,0,0,0,"N",0,0.0,0,0,0,0,0,0,0,0,0,0,0,0
"C3538","5","3274","46","0","2020","A","N","New Orleans-Metairie, LA MSA","Private","NAICS 3274 Lime and gypsum product manufacturing","MSA, NAICS 4-digit -- by ownership sector","All establishment sizes",3,0,0,0,0,0,0,"N",2.03,0,0,0,0,0,0,"N",1,50.0,0,0,0,0,0,0,0,0,0,0,0,0
"C3538","5","32742","47","0","2020","A","N","New Orleans-Metairie, LA MSA","Private","NAICS 32742 Gypsum product manufacturing","MSA, NAICS 5-digit -- by ownership sector","All establishment sizes",3,0,0,0,0,0,0,"N",2.69,0,0,0,0,0,0,"N",1,50.0,0,0,0,0,0,0,0,0,0,0,0,0
"C3538","5","327420","48","0","2020","A","N","New Orleans-Metairie, LA MSA","Private","NAICS 327420 Gypsum product manufacturing","MSA, NAICS 6-digit -- by ownership sector","All establishment sizes",3,0,0,0,0,0,0,"N",2.69,0,0,0,0,0,0,"N",1,50.0,0,0,0,0,0,0,0,0,0,0,0,0
"C3538","5","3279","46","0","2020","A","","New Orleans-Metairie, LA MSA","Private","NAICS 3279 Other nonmetallic mineral products","MSA, NAICS 4-digit -- by ownership sector","All establishment sizes",16,180,8689098,1748284,13466,927,48184,"",0.99,0.67,0.59,0.63,0.39,0.89,0.89,"",-1,-5.9,-23,-11.3,-632370,-6.8,-157651,-8.3,-2234,-14.2,45,5.1,2341,5.1
"C3538","5","32791","47","0","2020","A","N","New Orleans-Metairie, LA MSA","Private","NAICS 32791 Abrasive product manufacturing","MSA, NAICS 5-digit -- by ownership sector","All establishment sizes",1,0,0,0,0,0,0,"N",0.71,0,0,0,0,0,0,"N",0,0.0,0,0,0,0,0,0,0,0,0,0,0,0
"C3538","5","327910","48","0","2020","A","N","New Orleans-Metairie, LA MSA","Private","NAICS 327910 Abrasive product manufacturing","MSA, NAICS 6-digit -- by ownership sector","All establishment sizes",1,0,0,0,0,0,0,"N",0.71,0,0,0,0,0,0,"N",0,0.0,0,0,0,0,0,0,0,0,0,0,0,0
"C3538","5","32799","47","0","2020","A","N","New Orleans-Metairie, LA MSA","Private","NAICS 32799 All other nonmetallic mineral products mfg.","MSA, NAICS 5-digit -- by ownership sector","All establishment sizes",15,0,0,0,0,0,0,"N",1.02,0,0,0,0,0,0,"N",-1,-6.2,0,0,0,0,0,0,0,0,0,0,0,0
"C3538","5","327991","48","0","2020","A","","New Orleans-Metairie, LA MSA","Private","NAICS 327991 Cut stone and stone product manufacturing","MSA, NAICS 6-digit -- by ownership sector","All establishment sizes",11,114,5345374,1101063,11147,904,46992,"",1.02,0.97,1.03,0.86,0.78,1.06,1.06,"",-1,-8.3,-22,-16.2,-656279,-10.9,-216845,-16.5,-2335,-17.3,55,6.5,2862,6.5
"C3538","5","327992","48","0","2020","A","N","New Orleans-Metairie, LA MSA","Private","NAICS 327992 Ground or treated minerals and earths mfg.","MSA, NAICS 6-digit -- by ownership sector","All establishment sizes",1,0,0,0,0,0,0,"N",1.52,0,0,0,0,0,0,"N",0,0.0,0,0,0,0,0,0,0,0,0,0,0,0
"C3538","5","327999","48","0","2020","A","N","New Orleans-Metairie, LA MSA","Private","NAICS 327999 Miscellaneous nonmetallic mineral products","MSA, NAICS 6-digit -- by ownership sector","All establishment sizes",3,0,0,0,0,0,0,"N",1.48,0,0,0,0,0,0,"N",0,0.0,0,0,0,0,0,0,0,0,0,0,0,0
"C3538","5","331","45","0","2020","A","","New Orleans-Metairie, LA MSA","Private","NAICS 331 Primary metal manufacturing","MSA, NAICS 3-digit -- by ownership sector","All establishment sizes",16,845,86062344,7952615,179331,1958,101819,"",0.72,0.67,1.07,0.65,1.03,1.59,1.59,"",1,6.7,-307,-26.6,-26608174,-23.6,-3049921,-27.7,-21641,-10.8,77,4.1,4015,4.1
"C3538","5","3311","46","0","2020","A","N","New Orleans-Metairie, LA MSA","Private","NAICS 3311 Iron and steel mills and ferroalloy mfg.","MSA, NAICS 4-digit -- by ownership sector","All establishment sizes",5,0,0,0,0,0,0,"N",1.38,0,0,0,0,0,0,"N",-1,-16.7,0,0,0,0,0,0,0,0,0,0,0,0
"C3538","5","33111","47","0","2020","A","N","New Orleans-Metairie, LA MSA","Private","NAICS 33111 Iron and steel mills and ferroalloy mfg.","MSA, NAICS 5-digit -- by ownership sector","All establishment sizes",5,0,0,0,0,0,0,"N",1.38,0,0,0,0,0,0,"N",-1,-16.7,0,0,0,0,0,0,0,0,0,0,0,0
"C3538","5","331110","48","0","2020","A","N","New Orleans-Metairie, LA MSA","Private","NAICS 331110 Iron and steel mills and ferroalloy mfg.","MSA, NAICS 6-digit -- by ownership sector","All establishment sizes",5,0,0,0,0,0,0,"N",1.38,0,0,0,0,0,0,"N",-1,-16.7,0,0,0,0,0,0,0,0,0,0,0,0
"C3538","5","3312","46","0","2020","A","","New Orleans-Metairie, LA MSA","Private","NAICS 3312 Steel product mfg. from purchased steel","MSA, NAICS 4-digit -- by ownership sector","All establishment sizes",6,73,3834544,654634,9207,1007,52349,"",1.25,0.38,0.32,0.38,0.34,0.85,0.85,"",1,20.0,30,69.8,1710984,80.6,288044,78.6,7788,548.8,66,7.0,3438,7.0
"C3538","5","33121","47","0","2020","A","N","New Orleans-Metairie, LA MSA","Private","NAICS 33121 Iron, steel pipe and tube from purchase steel","MSA, NAICS 5-digit -- by ownership sector","All establishment sizes",0,0,0,0,0,0,0,"N",0.00,0,0,0,0,0,0,"N",0,0,0,0,0,0,0,0,0,0,0,0,0,0
"C3538","5","331210","48","0","2020","A","N","New Orleans-Metairie, LA MSA","Private","NAICS 331210 Iron, steel pipe and tube from purchase steel","MSA, NAICS 6-digit -- by ownership sector","All establishment sizes",0,0,0,0,0,0,0,"N",0.00,0,0,0,0,0,0,"N",0,0,0,0,0,0,0,0,0,0,0,0,0,0
"C3538","5","33122","47","0","2020","A","N","New Orleans-Metairie, LA MSA","Private","NAICS 33122 Rolling and drawing of purchased steel","MSA, NAICS 5-digit -- by ownership sector","All establishment sizes",6,0,0,0,0,0,0,"N",2.15,0,0,0,0,0,0,"N",1,20.0,0,0,0,0,0,0,0,0,0,0,0,0
"C3538","5","331221","48","0","2020","A","N","New Orleans-Metairie, LA MSA","Private","NAICS 331221 Rolled steel shape manufacturing","MSA, NAICS 6-digit -- by ownership sector","All establishment sizes",5,0,0,0,0,0,0,"N",2.78,0,0,0,0,0,0,"N",1,25.0,0,0,0,0,0,0,0,0,0,0,0,0
"C3538","5","331222","48","0","2020","A","N","New Orleans-Metairie, LA MSA","Private","NAICS 331222 Steel wire drawing","MSA, NAICS 6-digit -- by ownership sector","All establishment sizes",1,0,0,0,0,0,0,"N",1.00,0,0,0,0,0,0,"N",0,0.0,0,0,0,0,0,0,0,0,0,0,0,0
"C3538","5","3313","46","0","2020","A","N","New Orleans-Metairie, LA MSA","Private","NAICS 3313 Alumina and aluminum production","MSA, NAICS 4-digit -- by ownership sector","All establishment sizes",3,0,0,0,0,0,0,"N",1.09,0,0,0,0,0,0,"N",0,0.0,0,0,0,0,0,0,0,0,0,0,0,0
"C3538","5","33131","47","0","2020","A","N","New Orleans-Metairie, LA MSA","Private","NAICS 33131 Alumina and aluminum production","MSA, NAICS 5-digit -- by ownership sector","All establishment sizes",3,0,0,0,0,0,0,"N",1.09,0,0,0,0,0,0,"N",0,0.0,0,0,0,0,0,0,0,0,0,0,0,0
"C3538","5","331313","48","0","2020","A","N","New Orleans-Metairie, LA MSA","Private","NAICS 331313 Alumina refining, primary aluminum production","MSA, NAICS 6-digit -- by ownership sector","All establishment sizes",1,0,0,0,0,0,0,"N",2.26,0,0,0,0,0,0,"N",0,0.0,0,0,0,0,0,0,0,0,0,0,0,0
"C3538","5","331315","48","0","2020","A","N","New Orleans-Metairie, LA MSA","Private","NAICS 331315 Aluminum sheet, plate, and foil manufacturing","MSA, NAICS 6-digit -- by ownership sector","All establishment sizes",1,0,0,0,0,0,0,"N",1.59,0,0,0,0,0,0,"N",0,0.0,0,0,0,0,0,0,0,0,0,0,0,0
"C3538","5","331318","48","0","2020","A","N","New Orleans-Metairie, LA MSA","Private","NAICS 331318 Other aluminum rolling, drawing and extruding","MSA, NAICS 6-digit -- by ownership sector","All establishment sizes",1,0,0,0,0,0,0,"N",0.81,0,0,0,0,0,0,"N",0,0.0,0,0,0,0,0,0,0,0,0,0,0,0
"C3538","5","3315","46","0","2020","A","N","New Orleans-Metairie, LA MSA","Private","NAICS 3315 Foundries","MSA, NAICS 4-digit -- by ownership sector","All establishment sizes",1,0,0,0,0,0,0,"N",0.14,0,0,0,0,0,0,"N",0,0.0,0,0,0,0,0,0,0,0,0,0,0,0
"C3538","5","33152","47","0","2020","A","N","New Orleans-Metairie, LA MSA","Private","NAICS 33152 Nonferrous metal foundries","MSA, NAICS 5-digit -- by ownership sector","All establishment sizes",1,0,0,0,0,0,0,"N",0.25,0,0,0,0,0,0,"N",0,0.0,0,0,0,0,0,0,0,0,0,0,0,0
"C3538","5","331523","48","0","2020","A","N","New Orleans-Metairie, LA MSA","Private","NAICS 331523 Nonferrous metal die-casting foundries","MSA, NAICS 6-digit -- by ownership sector","All establishment sizes",1,0,0,0,0,0,0,"N",0.79,0,0,0,0,0,0,"N",0,0.0,0,0,0,0,0,0,0,0,0,0,0,0
"C3538","5","332","45","0","2020","A","N","New Orleans-Metairie, LA MSA","Private","NAICS 332 Fabricated metal product manufacturing","MSA, NAICS 3-digit -- by ownership sector","All establishment sizes",152,0,0,0,0,0,0,"N",0.65,0,0,0,0,0,0,"N",0,0.0,0,0,0,0,0,0,0,0,0,0,0,0
"C3538","5","3321","46","0","2020","A","N","New Orleans-Metairie, LA MSA","Private","NAICS 3321 Forging and stamping","MSA, NAICS 4-digit -- by ownership sector","All establishment sizes",1,0,0,0,0,0,0,"N",0.11,0,0,0,0,0,0,"N",0,0.0,0,0,0,0,0,0,0,0,0,0,0,0
"C3538","5","33211","47","0","2020","A","N","New Orleans-Metairie, LA MSA","Private","NAICS 33211 Forging and stamping","MSA, NAICS 5-digit -- by ownership sector","All establishment sizes",1,0,0,0,0,0,0,"N",0.11,0,0,0,0,0,0,"N",0,0.0,0,0,0,0,0,0,0,0,0,0,0,0
"C3538","5","332112","48","0","2020","A","N","New Orleans-Metairie, LA MSA","Private","NAICS 332112 Nonferrous forging","MSA, NAICS 6-digit -- by ownership sector","All establishment sizes",0,0,0,0,0,0,0,"N",0.00,0,0,0,0,0,0,"N",0,0,0,0,0,0,0,0,0,0,0,0,0,0
"C3538","5","332117","48","0","2020","A","N","New Orleans-Metairie, LA MSA","Private","NAICS 332117 Powder metallurgy part manufacturing","MSA, NAICS 6-digit -- by ownership sector","All establishment sizes",1,0,0,0,0,0,0,"N",1.51,0,0,0,0,0,0,"N",0,0.0,0,0,0,0,0,0,0,0,0,0,0,0
"C3538","5","3322","46","0","2020","A","N","New Orleans-Metairie, LA MSA","Private","NAICS 3322 Cutlery and handtool manufacturing","MSA, NAICS 4-digit -- by ownership sector","All establishment sizes",2,0,0,0,0,0,0,"N",0.38,0,0,0,0,0,0,"N",1,100.0,0,0,0,0,0,0,0,0,0,0,0,0
"C3538","5","33221","47","0","2020","A","N","New Orleans-Metairie, LA MSA","Private","NAICS 33221 Cutlery and handtool manufacturing","MSA, NAICS 5-digit -- by ownership sector","All establishment sizes",2,0,0,0,0,0,0,"N",0.38,0,0,0,0,0,0,"N",1,100.0,0,0,0,0,0,0,0,0,0,0,0,0
"C3538","5","332215","48","0","2020","A","N","New Orleans-Metairie, LA MSA","Private","NAICS 332215 Metal cookware, cutlery and flatware mfg","MSA, NAICS 6-digit -- by ownership sector","All establishment sizes",1,0,0,0,0,0,0,"N",0.91,0,0,0,0,0,0,"N",0,0.0,0,0,0,0,0,0,0,0,0,0,0,0
"C3538","5","332216","48","0","2020","A","N","New Orleans-Metairie, LA MSA","Private","NAICS 332216 Saw blade and handtool manufacturing","MSA, NAICS 6-digit -- by ownership sector","All establishment sizes",1,0,0,0,0,0,0,"N",0.24,0,0,0,0,0,0,"N",1,100.0,0,0,0,0,0,0,0,0,0,0,0,0
"C3538","5","3323","46","0","2020","A","","New Orleans-Metairie, LA MSA","Private","NAICS 3323 Architectural and structural metals mfg.","MSA, NAICS 4-digit -- by ownership sector","All establishment sizes",51,842,47508408,8135297,140152,1085,56395,"",0.83,0.62,0.66,0.59,0.75,1.07,1.07,"",-3,-5.6,-82,-8.9,-3538645,-6.9,-848522,-9.4,-26806,-16.1,23,2.2,1154,2.1
"C3538","5","33231","47","0","2020","A","","New Orleans-Metairie, LA MSA","Private","NAICS 33231 Plate work and fabricated structural products","MSA, NAICS 5-digit -- by ownership sector","All establishment sizes",23,462,27415871,4562436,89858,1141,59331,"",0.88,0.78,0.82,0.75,1.09,1.06,1.06,"",-1,-4.2,-73,-13.6,-4518408,-14.1,-688734,-13.1,-16478,-15.5,-8,-0.7,-396,-0.7
"C3538","5","332311","48","0","2020","A","","New Orleans-Metairie, LA MSA","Private","NAICS 332311 Prefabricated metal buildings and components","MSA, NAICS 6-digit -- by ownership sector","All establishment sizes",5,126,6511421,1290201,28615,997,51849,"",1.11,1.10,1.02,1.17,1.86,0.93,0.93,"",0,0.0,-16,-11.3,-1071812,-14.1,-205071,-13.7,-3207,-10.1,-28,-2.7,-1429,-2.7
"C3538","5","332312","48","0","2020","A","","New Orleans-Metairie, LA MSA","Private","NAICS 332312 Fabricated structural metal manufacturing","MSA, NAICS 6-digit -- by ownership sector","All establishment sizes",10,214,13521795,2053665,36559,1218,63334,"",0.72,0.67,0.75,0.61,0.80,1.12,1.12,"",-2,-16.7,-33,-13.4,-1957171,-12.6,-282991,-12.1,-7490,-17.0,15,1.2,772,1.2
"C3538","5","332313","48","0","2020","A","","New Orleans-Metairie, LA MSA","Private","NAICS 332313 Plate work manufacturing","MSA, NAICS 6-digit -- by ownership sector","All establishment sizes",8,123,7382655,1218570,24684,1154,60022,"",1.03,0.78,0.84,0.77,1.16,1.08,1.08,"",1,14.3,-22,-15.2,-1489425,-16.8,-200672,-14.1,-5781,-19.0,-23,-2.0,-1200,-2.0
"C3538","5","33232","47","0","2020","A","","New Orleans-Metairie, LA MSA","Private","NAICS 33232 Ornamental and architectural metal products","MSA, NAICS 5-digit -- by ownership sector","All establishment sizes",29,380,20092537,3572861,50294,1016,52829,"",0.81,0.50,0.52,0.46,0.48,1.05,1.05,"",-1,-3.3,-9,-2.3,979763,5.1,-159788,-4.3,-10328,-17.0,72,7.6,3748,7.6
"C3538","5","332321","48","0","2020","A","","New Orleans-Metairie, LA MSA","Private","NAICS 332321 Metal window and door manufacturing","MSA, NAICS 6-digit -- by ownership sector","All establishment sizes",4,35,2009292,310936,800,1109,57683,"",0.71,0.15,0.18,0.15,0.03,1.20,1.20,"",0,0.0,-2,-5.4,-14764,-0.7,-3428,-1.1,61,8.3,62,5.9,3224,5.9
"C3538","5","332322","48","0","2020","A","","New Orleans-Metairie, LA MSA","Private","NAICS 332322 Sheet metal work manufacturing","MSA, NAICS 6-digit -- by ownership sector","All establishment sizes",15,198,9839065,1830497,31217,957,49776,"",0.84,0.51,0.49,0.44,0.54,0.98,0.98,"",-1,-6.2,-11,-5.3,-290770,-2.9,-240496,-11.6,-6542,-17.3,24,2.6,1269,2.6
"C3538","5","332323","48","0","2020","A","","New Orleans-Metairie, LA MSA","Private","NAICS 332323 Ornamental and architectural metal work mfg.","MSA, NAICS 6-digit -- by ownership sector","All establishment sizes",10,148,8244180,1431428,18277,1072,55767,"",0.82,1.00,1.07,0.90,0.83,1.07,1.07,"",0,0.0,5,3.5,1285297,18.5,84136,6.2,-3847,-17.4,139,14.9,7245,14.9
"C3538","5","3324","46","0","2020","A","","New Orleans-Metairie, LA MSA","Private","NAICS 3324 Boiler, tank, and shipping container mfg.","MSA, NAICS 4-digit -- by ownership sector","All establishment sizes",5,205,15935921,1816691,35247,1494,77705,"",0.63,0.66,0.84,0.57,0.76,1.27,1.27,"",0,0.0,-11,-5.1,-1113913,-6.5,-94113,-4.9,-3629,-9.3,-25,-1.6,-1260,-1.6
"C3538","5","33241","47","0","2020","A","N","New Orleans-Metairie, LA MSA","Private","NAICS 33241 Power boiler and heat exchanger manufacturing","MSA, NAICS 5-digit -- by ownership sector","All establishment sizes",2,0,0,0,0,0,0,"N",1.28,0,0,0,0,0,0,"N",0,0.0,0,0,0,0,0,0,0,0,0,0,0,0
"C3538","5","332410","48","0","2020","A","N","New Orleans-Metairie, LA MSA","Private","NAICS 332410 Power boiler and heat exchanger manufacturing","MSA, NAICS 6-digit -- by ownership sector","All establishment sizes",2,0,0,0,0,0,0,"N",1.28,0,0,0,0,0,0,"N",0,0.0,0,0,0,0,0,0,0,0,0,0,0,0
"C3538","5","33242","47","0","2020","A","N","New Orleans-Metairie, LA MSA","Private","NAICS 33242 Metal tank, heavy gauge, manufacturing","MSA, NAICS 5-digit -- by ownership sector","All establishment sizes",3,0,0,0,0,0,0,"N",0.78,0,0,0,0,0,0,"N",0,0.0,0,0,0,0,0,0,0,0,0,0,0,0
"C3538","5","332420","48","0","2020","A","N","New Orleans-Metairie, LA MSA","Private","NAICS 332420 Metal tank, heavy gauge, manufacturing","MSA, NAICS 6-digit -- by ownership sector","All establishment sizes",3,0,0,0,0,0,0,"N",0.78,0,0,0,0,0,0,"N",0,0.0,0,0,0,0,0,0,0,0,0,0,0,0
"C3538","5","3326","46","0","2020","A","","New Orleans-Metairie, LA MSA","Private","NAICS 3326 Spring and wire product manufacturing","MSA, NAICS 4-digit -- by ownership sector","All establishment sizes",6,72,3934419,663378,8025,1045,54330,"",1.15,0.51,0.55,0.48,0.45,1.07,1.07,"",0,0.0,-7,-8.9,-428040,-9.8,-10106,-1.5,-1389,-14.8,-20,-1.9,-1066,-1.9
"C3538","5","33261","47","0","2020","A","","New Orleans-Metairie, LA MSA","Private","NAICS 33261 Spring and wire product manufacturing","MSA, NAICS 5-digit -- by ownership sector","All establishment sizes",6,72,3934419,663378,8025,1045,54330,"",1.15,0.51,0.55,0.48,0.45,1.07,1.07,"",0,0.0,-7,-8.9,-428040,-9.8,-10106,-1.5,-1389,-14.8,-20,-1.9,-1066,-1.9
"C3538","5","332618","48","0","2020","A","","New Orleans-Metairie, LA MSA","Private","NAICS 332618 Other fabricated wire product manufacturing","MSA, NAICS 6-digit -- by ownership sector","All establishment sizes",6,72,3934419,663378,8025,1045,54330,"",1.72,0.86,0.94,0.77,0.75,1.09,1.09,"",0,0.0,-7,-8.9,-428040,-9.8,-10106,-1.5,-1389,-14.8,-20,-1.9,-1066,-1.9
"C3538","5","3327","46","0","2020","A","","New Orleans-Metairie, LA MSA","Private","NAICS 3327 Machine shops and threaded product mfg.","MSA, NAICS 4-digit -- by ownership sector","All establishment sizes",40,482,36426654,4291283,44915,1454,75613,"",0.46,0.41,0.59,0.37,0.29,1.45,1.45,"",-4,-9.1,-41,-7.8,-2743329,-7.0,-691039,-13.9,-16190,-26.5,14,1.0,742,1.0
"C3538","5","33271","47","0","2020","A","","New Orleans-Metairie, LA MSA","Private","NAICS 33271 Machine shops","MSA, NAICS 5-digit -- by ownership sector","All establishment sizes",40,482,36426654,4291283,44915,1454,75613,"",0.51,0.52,0.76,0.46,0.37,1.47,1.47,"",-4,-9.1,-41,-7.8,-2743329,-7.0,-691039,-13.9,-16190,-26.5,14,1.0,742,1.0
"C3538","5","332710","48","0","2020","A","","New Orleans-Metairie, LA MSA","Private","NAICS 332710 Machine shops","MSA, NAICS 6-digit -- by ownership sector","All establishment sizes",40,482,36426654,4291283,44915,1454,75613,"",0.51,0.52,0.76,0.46,0.37,1.47,1.47,"",-4,-9.1,-41,-7.8,-2743329,-7.0,-691039,-13.9,-16190,-26.5,14,1.0,742,1.0
"C3538","5","3328","46","0","2020","A","","New Orleans-Metairie, LA MSA","Private","NAICS 3328 Coating, engraving, and heat treating metals","MSA, NAICS 4-digit -- by ownership sector","All establishment sizes",12,140,7725494,1461503,28329,1061,55182,"",0.48,0.31,0.36,0.34,0.49,1.16,1.16,"",0,0.0,-1,-0.7,-805487,-9.4,-192468,-11.6,-6254,-18.1,-103,-8.8,-5321,-8.8
"C3538","5","33281","47","0","2020","A","","New Orleans-Metairie, LA MSA","Private","NAICS 33281 Coating, engraving, and heat treating metals","MSA, NAICS 5-digit -- by ownership sector","All establishment sizes",12,140,7725494,1461503,28329,1061,55182,"",0.48,0.31,0.36,0.34,0.49,1.16,1.16,"",0,0.0,-1,-0.7,-805487,-9.4,-192468,-11.6,-6254,-18.1,-103,-8.8,-5321,-8.8
"C3538","5","332811","48","0","2020","A","N","New Orleans-Metairie, LA MSA","Private","NAICS 332811 Metal heat treating","MSA, NAICS 6-digit -- by ownership sector","All establishment sizes",1,0,0,0,0,0,0,"N",0.37,0,0,0,0,0,0,"N",0,0.0,0,0,0,0,0,0,0,0,0,0,0,0
"C3538","5","332812","48","0","2020","A","N","New Orleans-Metairie, LA MSA","Private","NAICS 332812 Metal coating and nonprecious engraving","MSA, NAICS 6-digit -- by ownership sector","All establishment sizes",6,0,0,0,0,0,0,"N",0.49,0,0,0,0,0,0,"N",0,0.0,0,0,0,0,0,0,0,0,0,0,0,0
"C3538","5","332813","48","0","2020","A","N","New Orleans-Metairie, LA MSA","Private","NAICS 332813 Electroplating, anodizing, and coloring metal","MSA, NAICS 6-digit -- by ownership sector","All establishment sizes",5,0,0,0,0,0,0,"N",0.49,0,0,0,0,0,0,"N",0,0.0,0,0,0,0,0,0,0,0,0,0,0,0
"C3538","5","3329","46","0","2020","A","","New Orleans-Metairie, LA MSA","Private","NAICS 3329 Other fabricated metal product manufacturing","MSA, NAICS 4-digit -- by ownership sector","All establishment sizes",35,437,26669686,4147427,76240,1173,60994,"",1.13,0.47,0.48,0.46,0.67,1.02,1.02,"",5,16.7,34,8.4,-126430,-0.5,-40975,-1.0,1019,1.4,-107,-8.4,-5580,-8.4
"C3538","5","33291","47","0","2020","A","N","New Orleans-Metairie, LA MSA","Private","NAICS 33291 Metal valve manufacturing","MSA, NAICS 5-digit -- by ownership sector","All establishment sizes",4,0,0,0,0,0,0,"N",0.56,0,0,0,0,0,0,"N",0,0.0,0,0,0,0,0,0,0,0,0,0,0,0
"C3538","5","332911","48","0","2020","A","N","New Orleans-Metairie, LA MSA","Private","NAICS 332911 Industrial valve manufacturing","MSA, NAICS 6-digit -- by ownership sector","All establishment sizes",1,0,0,0,0,0,0,"N",0.38,0,0,0,0,0,0,"N",0,0.0,0,0,0,0,0,0,0,0,0,0,0,0
"C3538","5","332912","48","0","2020","A","N","New Orleans-Metairie, LA MSA","Private","NAICS 332912 Fluid power valve and hose fitting mfg.","MSA, NAICS 6-digit -- by ownership sector","All establishment sizes",3,0,0,0,0,0,0,"N",1.29,0,0,0,0,0,0,"N",0,0.0,0,0,0,0,0,0,0,0,0,0,0,0
"C3538","5","33299","47","0","2020","A","N","New Orleans-Metairie, LA MSA","Private","NAICS 33299 All other fabricated metal product mfg.","MSA, NAICS 5-digit -- by ownership sector","All establishment sizes",31,0,0,0,0,0,0,"N",1.31,0,0,0,0,0,0,"N",5,19.2,0,0,0,0,0,0,0,0,0,0,0,0
"C3538","5","332992","48","0","2020","A","N","New Orleans-Metairie, LA MSA","Private","NAICS 332992 Small arms ammunition manufacturing","MSA, NAICS 6-digit -- by ownership sector","All establishment sizes",1,0,0,0,0,0,0,"N",1.49,0,0,0,0,0,0,"N",0,0.0,0,0,0,0,0,0,0,0,0,0,0,0
"C3538","5","332994","48","0","2020","A","N","New Orleans-Metairie, LA MSA","Private","NAICS 332994 Small arms and ordnance manufacturing","MSA, NAICS 6-digit -- by ownership sector","All establishment sizes",1,0,0,0,0,0,0,"N",0.39,0,0,0,0,0,0,"N",1,100.0,0,0,0,0,0,0,0,0,0,0,0,0
"C3538","5","332996","48","0","2020","A","","New Orleans-Metairie, LA MSA","Private","NAICS 332996 Fabricated pipe and pipe fitting mfg.","MSA, NAICS 6-digit -- by ownership sector","All establishment sizes",7,74,4838850,587569,11986,1263,65686,"",1.83,0.72,0.87,0.61,0.73,1.20,1.20,"",0,0.0,-2,-2.6,-157242,-3.1,-51054,-8.0,-2287,-16.0,4,0.3,235,0.4
"C3538","5","332999","48","0","2020","A","","New Orleans-Metairie, LA MSA","Private","NAICS 332999 Miscellaneous fabricated metal product mfg.","MSA, NAICS 6-digit -- by ownership sector","All establishment sizes",22,296,14040149,2807066,59186,911,47380,"",1.43,1.07,0.96,1.01,1.75,0.89,0.89,"",4,22.2,40,15.6,2104000,17.6,214931,8.3,5529,10.3,13,1.4,694,1.5
"C3538","5","333","45","0","2020","A","","New Orleans-Metairie, LA MSA","Private","NAICS 333 Machinery manufacturing","MSA, NAICS 3-digit -- by ownership sector","All establishment sizes",60,1801,116808281,16326369,213338,1247,64854,"",0.48,0.48,0.47,0.43,0.40,0.98,0.98,"",-2,-3.2,-25,-1.4,-4385863,-3.6,-920890,-5.3,-29826,-12.3,-30,-2.3,-1526,-2.3
"C3538","5","3331","46","0","2020","A","","New Orleans-Metairie, LA MSA","Private","NAICS 3331 Ag., construction, and mining machinery mfg.","MSA, NAICS 4-digit -- by ownership sector","All establishment sizes",22,535,40092235,5030204,84732,1442,74962,"",1.24,0.76,0.84,0.63,0.59,1.11,1.11,"",-2,-8.3,-42,-7.3,-3660473,-8.4,-801370,-13.7,-27613,-24.6,-16,-1.1,-877,-1.2
"C3538","5","33311","47","0","2020","A","N","New Orleans-Metairie, LA MSA","Private","NAICS 33311 Agricultural implement manufacturing","MSA, NAICS 5-digit -- by ownership sector","All establishment sizes",1,0,0,0,0,0,0,"N",0.14,0,0,0,0,0,0,"N",0,0.0,0,0,0,0,0,0,0,0,0,0,0,0
"C3538","5","333111","48","0","2020","A","N","New Orleans-Metairie, LA MSA","Private","NAICS 333111 Farm machinery and equipment manufacturing","MSA, NAICS 6-digit -- by ownership sector","All establishment sizes",1,0,0,0,0,0,0,"N",0.17,0,0,0,0,0,0,"N",0,0.0,0,0,0,0,0,0,0,0,0,0,0,0
"C3538","5","33312","47","0","2020","A","N","New Orleans-Metairie, LA MSA","Private","NAICS 33312 Construction machinery manufacturing","MSA, NAICS 5-digit -- by ownership sector","All establishment sizes",2,0,0,0,0,0,0,"N",0.49,0,0,0,0,0,0,"N",-1,-33.3,0,0,0,0,0,0,0,0,0,0,0,0
"C3538","5","333120","48","0","2020","A","N","New Orleans-Metairie, LA MSA","Private","NAICS 333120 Construction machinery manufacturing","MSA, NAICS 6-digit -- by ownership sector","All establishment sizes",2,0,0,0,0,0,0,"N",0.49,0,0,0,0,0,0,"N",-1,-33.3,0,0,0,0,0,0,0,0,0,0,0,0
"C3538","5","33313","47","0","2020","A","","New Orleans-Metairie, LA MSA","Private","NAICS 33313 Mining and oil and gas field machinery mfg.","MSA, NAICS 5-digit -- by ownership sector","All establishment sizes",19,419,30014417,3953788,67817,1378,71633,"",2.84,2.08,1.78,2.21,1.72,0.85,0.85,"",-1,-5.0,-39,-8.5,-3923028,-11.6,-742683,-15.8,-25097,-27.0,-49,-3.4,-2547,-3.4
"C3538","5","333131","48","0","2020","A","N","New Orleans-Metairie, LA MSA","Private","NAICS 333131 Mining machinery and equipment manufacturing","MSA, NAICS 6-digit -- by ownership sector","All establishment sizes",1,0,0,0,0,0,0,"N",0.87,0,0,0,0,0,0,"N",0,0.0,0,0,0,0,0,0,0,0,0,0,0,0
"C3538","5","333132","48","0","2020","A","N","New Orleans-Metairie, LA MSA","Private","NAICS 333132 Oil and gas field machinery and equipment","MSA, NAICS 6-digit -- by ownership sector","All establishment sizes",18,0,0,0,0,0,0,"N",3.24,0,0,0,0,0,0,"N",-1,-5.3,0,0,0,0,0,0,0,0,0,0,0,0
"C3538","5","3332","46","0","2020","A","","New Orleans-Metairie, LA MSA","Private","NAICS 3332 Industrial machinery manufacturing","MSA, NAICS 4-digit -- by ownership sector","All establishment sizes",9,318,23249079,2896598,45578,1405,73072,"",0.48,0.78,0.68,0.67,0.74,0.88,0.88,"",-1,-10.0,16,5.3,1520070,7.0,25481,0.9,-5676,-11.1,22,1.6,1141,1.6
"C3538","5","33324","47","0","2020","A","","New Orleans-Metairie, LA MSA","Private","NAICS 33324 Industrial machinery manufacturing","MSA, NAICS 5-digit -- by ownership sector","All establishment sizes",9,318,23249079,2896598,45578,1405,73072,"",0.48,0.78,0.68,0.67,0.74,0.88,0.88,"",-1,-10.0,16,5.3,1520070,7.0,25481,0.9,-5676,-11.1,22,1.6,1141,1.6
"C3538","5","333241","48","0","2020","A","N","New Orleans-Metairie, LA MSA","Private","NAICS 333241 Food product machinery manufacturing","MSA, NAICS 6-digit -- by ownership sector","All establishment sizes",4,0,0,0,0,0,0,"N",1.31,0,0,0,0,0,0,"N",0,0.0,0,0,0,0,0,0,0,0,0,0,0,0
"C3538","5","333244","48","0","2020","A","N","New Orleans-Metairie, LA MSA","Private","NAICS 333244 Printing machinery and equipment mfg.","MSA, NAICS 6-digit -- by ownership sector","All establishment sizes",1,0,0,0,0,0,0,"N",0.62,0,0,0,0,0,0,"N",0,0.0,0,0,0,0,0,0,0,0,0,0,0,0
"C3538","5","333249","48","0","2020","A","","New Orleans-Metairie, LA MSA","Private","NAICS 333249 Other industrial machinery manufacturing","MSA, NAICS 6-digit -- by ownership sector","All establishment sizes",4,21,1016103,161700,356,953,49566,"",0.37,0.11,0.08,0.08,0.01,0.76,0.76,"N",-1,-20.0,0,0,0,0,0,0,0,0,0,0,0,0
"C3538","5","3333","46","0","2020","A","N","New Orleans-Metairie, LA MSA","Private","NAICS 3333 Commercial and service industry machinery","MSA, NAICS 4-digit -- by ownership sector","All establishment sizes",3,0,0,0,0,0,0,"N",0.25,0,0,0,0,0,0,"N",-1,-25.0,0,0,0,0,0,0,0,0,0,0,0,0
"C3538","5","33331","47","0","2020","A","N","New Orleans-Metairie, LA MSA","Private","NAICS 33331 Commercial and service industry machinery","MSA, NAICS 5-digit -- by ownership sector","All establishment sizes",3,0,0,0,0,0,0,"N",0.25,0,0,0,0,0,0,"N",-1,-25.0,0,0,0,0,0,0,0,0,0,0,0,0
"C3538","5","333318","48","0","2020","A","N","New Orleans-Metairie, LA MSA","Private","NAICS 333318 Other commercial and service machinery mfg.","MSA, NAICS 6-digit -- by ownership sector","All establishment sizes",3,0,0,0,0,0,0,"N",0.35,0,0,0,0,0,0,"N",-1,-25.0,0,0,0,0,0,0,0,0,0,0,0,0
"C3538","5","3334","46","0","2020","A","N","New Orleans-Metairie, LA MSA","Private","NAICS 3334 Hvac and commercial refrigeration equipment","MSA, NAICS 4-digit -- by ownership sector","All establishment sizes",6,0,0,0,0,0,0,"N",0.61,0,0,0,0,0,0,"N",0,0.0,0,0,0,0,0,0,0,0,0,0,0,0
"C3538","5","33341","47","0","2020","A","N","New Orleans-Metairie, LA MSA","Private","NAICS 33341 Hvac and commercial refrigeration equipment","MSA, NAICS 5-digit -- by ownership sector","All establishment sizes",6,0,0,0,0,0,0,"N",0.61,0,0,0,0,0,0,"N",0,0.0,0,0,0,0,0,0,0,0,0,0,0,0
"C3538","5","333413","48","0","2020","A","N","New Orleans-Metairie, LA MSA","Private","NAICS 333413 Fan, blower, air purification equipment mfg.","MSA, NAICS 6-digit -- by ownership sector","All establishment sizes",1,0,0,0,0,0,0,"N",0.35,0,0,0,0,0,0,"N",0,0.0,0,0,0,0,0,0,0,0,0,0,0,0
"C3538","5","333415","48","0","2020","A","N","New Orleans-Metairie, LA MSA","Private","NAICS 333415 Ac, refrigeration, and forced air heating","MSA, NAICS 6-digit -- by ownership sector","All establishment sizes",5,0,0,0,0,0,0,"N",0.97,0,0,0,0,0,0,"N",0,0.0,0,0,0,0,0,0,0,0,0,0,0,0
"C3538","5","3335","46","0","2020","A","N","New Orleans-Metairie, LA MSA","Private","NAICS 3335 Metalworking machinery manufacturing","MSA, NAICS 4-digit -- by ownership sector","All establishment sizes",2,0,0,0,0,0,0,"N",0.06,0,0,0,0,0,0,"N",0,0.0,0,0,0,0,0,0,0,0,0,0,0,0
"C3538","5","33351","47","0","2020","A","N","New Orleans-Metairie, LA MSA","Private","NAICS 33351 Metalworking machinery manufacturing","MSA, NAICS 5-digit -- by ownership sector","All establishment sizes",2,0,0,0,0,0,0,"N",0.06,0,0,0,0,0,0,"N",0,0.0,0,0,0,0,0,0,0,0,0,0,0,0
"C3538","5","333514","48","0","2020","A","N","New Orleans-Metairie, LA MSA","Private","NAICS 333514 Special tool, die, jig, and fixture mfg.","MSA, NAICS 6-digit -- by ownership sector","All establishment sizes",1,0,0,0,0,0,0,"N",0.09,0,0,0,0,0,0,"N",0,0.0,0,0,0,0,0,0,0,0,0,0,0,0
"C3538","5","333517","48","0","2020","A","N","New Orleans-Metairie, LA MSA","Private","NAICS 333517 Machine tool manufacturing","MSA, NAICS 6-digit -- by ownership sector","All establishment sizes",1,0,0,0,0,0,0,"N",0.12,0,0,0,0,0,0,"N",0,0.0,0,0,0,0,0,0,0,0,0,0,0,0
"C3538","5","3336","46","0","2020","A","N","New Orleans-Metairie, LA MSA","Private","NAICS 3336 Turbine and power transmission equipment mfg.","MSA, NAICS 4-digit -- by ownership sector","All establishment sizes",5,0,0,0,0,0,0,"N",0.96,0,0,0,0,0,0,"N",2,66.7,0,0,0,0,0,0,0,0,0,0,0,0
"C3538","5","33361","47","0","2020","A","N","New Orleans-Metairie, LA MSA","Private","NAICS 33361 Turbine and power transmission equipment mfg.","MSA, NAICS 5-digit -- by ownership sector","All establishment sizes",5,0,0,0,0,0,0,"N",0.96,0,0,0,0,0,0,"N",2,66.7,0,0,0,0,0,0,0,0,0,0,0,0
"C3538","5","333611","48","0","2020","A","N","New Orleans-Metairie, LA MSA","Private","NAICS 333611 Turbine and turbine generator set units mfg.","MSA, NAICS 6-digit -- by ownership sector","All establishment sizes",2,0,0,0,0,0,0,"N",1.33,0,0,0,0,0,0,"N",1,100.0,0,0,0,0,0,0,0,0,0,0,0,0
"C3538","5","333612","48","0","2020","A","N","New Orleans-Metairie, LA MSA","Private","NAICS 333612 Speed changer, drive, and gear manufacturing","MSA, NAICS 6-digit -- by ownership sector","All establishment sizes",1,0,0,0,0,0,0,"N",0.89,0,0,0,0,0,0,"N",0,0.0,0,0,0,0,0,0,0,0,0,0,0,0
"C3538","5","333618","48","0","2020","A","N","New Orleans-Metairie, LA MSA","Private","NAICS 333618 Other engine equipment manufacturing","MSA, NAICS 6-digit -- by ownership sector","All establishment sizes",2,0,0,0,0,0,0,"N",1.49,0,0,0,0,0,0,"N",1,100.0,0,0,0,0,0,0,0,0,0,0,0,0
"C3538","5","3339","46","0","2020","A","","New Orleans-Metairie, LA MSA","Private","NAICS 3339 Other general purpose machinery manufacturing","MSA, NAICS 4-digit -- by ownership sector","All establishment sizes",13,182,13163180,1707930,20054,1391,72325,"",0.43,0.20,0.22,0.18,0.18,1.11,1.11,"",0,0.0,2,1.1,362052,2.8,-2777,-0.2,-4236,-17.4,20,1.5,1010,1.4
"C3538","5","33391","47","0","2020","A","N","New Orleans-Metairie, LA MSA","Private","NAICS 33391 Pump and compressor manufacturing","MSA, NAICS 5-digit -- by ownership sector","All establishment sizes",2,0,0,0,0,0,0,"N",0.40,0,0,0,0,0,0,"N",-1,-33.3,0,0,0,0,0,0,0,0,0,0,0,0
"C3538","5","333914","48","0","2020","A","N","New Orleans-Metairie, LA MSA","Private","NAICS 333914 Measuring, dispensing, and other pumping equipment manufacturing","MSA, NAICS 6-digit -- by ownership sector","All establishment sizes",2,0,0,0,0,0,0,"N",0.59,0,0,0,0,0,0,"N",0,0.0,0,0,0,0,0,0,0,0,0,0,0,0
"C3538","5","33392","47","0","2020","A","N","New Orleans-Metairie, LA MSA","Private","NAICS 33392 Material handling equipment manufacturing","MSA, NAICS 5-digit -- by ownership sector","All establishment sizes",2,0,0,0,0,0,0,"N",0.26,0,0,0,0,0,0,"N",1,100.0,0,0,0,0,0,0,0,0,0,0,0,0
"C3538","5","333923","48","0","2020","A","N","New Orleans-Metairie, LA MSA","Private","NAICS 333923 Overhead cranes, hoists, and monorail systems","MSA, NAICS 6-digit -- by ownership sector","All establishment sizes",1,0,0,0,0,0,0,"N",0.60,0,0,0,0,0,0,"N",0,0.0,0,0,0,0,0,0,0,0,0,0,0,0
"C3538","5","333924","48","0","2020","A","N","New Orleans-Metairie, LA MSA","Private","NAICS 333924 Industrial truck, trailer, and stacker mfg.","MSA, NAICS 6-digit -- by ownership sector","All establishment sizes",1,0,0,0,0,0,0,"N",0.64,0,0,0,0,0,0,"N",1,100.0,0,0,0,0,0,0,0,0,0,0,0,0
"C3538","5","33399","47","0","2020","A","","New Orleans-Metairie, LA MSA","Private","NAICS 33399 All other general purpose machinery mfg.","MSA, NAICS 5-digit -- by ownership sector","All establishment sizes",10,103,7983388,907086,7553,1494,77697,"",0.58,0.22,0.26,0.19,0.13,1.18,1.18,"",1,11.1,-5,-4.6,-167072,-2.0,-65644,-6.7,-4527,-37.5,48,3.3,2520,3.4
"C3538","5","333991","48","0","2020","A","N","New Orleans-Metairie, LA MSA","Private","NAICS 333991 Power-driven handtool manufacturing","MSA, NAICS 6-digit -- by ownership sector","All establishment sizes",1,0,0,0,0,0,0,"N",1.14,0,0,0,0,0,0,"N",0,0.0,0,0,0,0,0,0,0,0,0,0,0,0
"C3538","5","333995","48","0","2020","A","N","New Orleans-Metairie, LA MSA","Private","NAICS 333995 Fluid power cylinder and actuator mfg.","MSA, NAICS 6-digit -- by ownership sector","All establishment sizes",1,0,0,0,0,0,0,"N",0.67,0,0,0,0,0,0,"N",0,0.0,0,0,0,0,0,0,0,0,0,0,0,0
"C3538","5","333996","48","0","2020","A","N","New Orleans-Metairie, LA MSA","Private","NAICS 333996 Fluid power pump and motor manufacturing","MSA, NAICS 6-digit -- by ownership sector","All establishment sizes",2,0,0,0,0,0,0,"N",1.90,0,0,0,0,0,0,"N",0,0.0,0,0,0,0,0,0,0,0,0,0,0,0
"C3538","5","333999","48","0","2020","A","","New Orleans-Metairie, LA MSA","Private","NAICS 333999 Miscellaneous general purpose machinery mfg.","MSA, NAICS 6-digit -- by ownership sector","All establishment sizes",6,59,5087454,493632,4456,1647,85623,"",0.92,0.43,0.59,0.36,0.26,1.37,1.37,"",1,20.0,5,9.3,537040,11.8,25978,5.6,-976,-18.0,21,1.3,1095,1.3
"C3538","5","334","45","0","2020","A","","New Orleans-Metairie, LA MSA","Private","NAICS 334 Computer and electronic product manufacturing","MSA, NAICS 3-digit -- by ownership sector","All establishment sizes",44,1183,105825980,11202884,193305,1721,89481,"",0.51,0.31,0.23,0.28,0.37,0.73,0.73,"",3,7.3,40,3.5,-1922308,-1.8,241015,2.2,272,0.1,-93,-5.1,-4821,-5.1
"C3538","5","3341","46","0","2020","A","","New Orleans-Metairie, LA MSA","Private","NAICS 3341 Computer and peripheral equipment mfg.","MSA, NAICS 4-digit -- by ownership sector","All establishment sizes",4,13,1013629,113123,2232,1490,77475,"",0.53,0.02,0.01,0.02,0.03,0.36,0.36,"",1,33.3,1,8.3,-7532,-0.7,6218,5.8,85,4.0,-158,-9.6,-8217,-9.6
"C3538","5","33411","47","0","2020","A","","New Orleans-Metairie, LA MSA","Private","NAICS 33411 Computer and peripheral equipment mfg.","MSA, NAICS 5-digit -- by ownership sector","All establishment sizes",4,13,1013629,113123,2232,1490,77475,"",0.53,0.02,0.01,0.02,0.03,0.36,0.36,"",1,33.3,1,8.3,-7532,-0.7,6218,5.8,85,4.0,-158,-9.6,-8217,-9.6
"C3538","5","334111","48","0","2020","A","N","New Orleans-Metairie, LA MSA","Private","NAICS 334111 Electronic computer manufacturing","MSA, NAICS 6-digit -- by ownership sector","All establishment sizes",3,0,0,0,0,0,0,"N",0.93,0,0,0,0,0,0,"N",1,50.0,0,0,0,0,0,0,0,0,0,0,0,0
"C3538","5","334118","48","0","2020","A","N","New Orleans-Metairie, LA MSA","Private","NAICS 334118 Other computer peripheral equipment mfg","MSA, NAICS 6-digit -- by ownership sector","All establishment sizes",1,0,0,0,0,0,0,"N",0.29,0,0,0,0,0,0,"N",0,0.0,0,0,0,0,0,0,0,0,0,0,0,0
"C3538","5","3342","46","0","2020","A","","New Orleans-Metairie, LA MSA","Private","NAICS 3342 Communications equipment manufacturing","MSA, NAICS 4-digit -- by ownership sector","All establishment sizes",4,54,4406494,409651,3123,1579,82109,"",0.41,0.18,0.14,0.15,0.07,0.80,0.80,"",0,0.0,3,5.9,634534,16.8,9735,2.4,-132,-4.1,157,11.0,8149,11.0
"C3538","5","33421","47","0","2020","A","N","New Orleans-Metairie, LA MSA","Private","NAICS 33421 Telephone apparatus manufacturing","MSA, NAICS 5-digit -- by ownership sector","All establishment sizes",2,0,0,0,0,0,0,"N",1.16,0,0,0,0,0,0,"N",0,0.0,0,0,0,0,0,0,0,0,0,0,0,0
"C3538","5","334210","48","0","2020","A","N","New Orleans-Metairie, LA MSA","Private","NAICS 334210 Telephone apparatus manufacturing","MSA, NAICS 6-digit -- by ownership sector","All establishment sizes",2,0,0,0,0,0,0,"N",1.16,0,0,0,0,0,0,"N",0,0.0,0,0,0,0,0,0,0,0,0,0,0,0
"C3538","5","33422","47","0","2020","A","N","New Orleans-Metairie, LA MSA","Private","NAICS 33422 Broadcast and wireless communications equip.","MSA, NAICS 5-digit -- by ownership sector","All establishment sizes",2,0,0,0,0,0,0,"N",0.37,0,0,0,0,0,0,"N",0,0.0,0,0,0,0,0,0,0,0,0,0,0,0
"C3538","5","334220","48","0","2020","A","N","New Orleans-Metairie, LA MSA","Private","NAICS 334220 Broadcast and wireless communications equip.","MSA, NAICS 6-digit -- by ownership sector","All establishment sizes",2,0,0,0,0,0,0,"N",0.37,0,0,0,0,0,0,"N",0,0.0,0,0,0,0,0,0,0,0,0,0,0,0
"C3538","5","3343","46","0","2020","A","N","New Orleans-Metairie, LA MSA","Private","NAICS 3343 Audio and video equipment manufacturing","MSA, NAICS 4-digit -- by ownership sector","All establishment sizes",3,0,0,0,0,0,0,"N",0.87,0,0,0,0,0,0,"N",1,50.0,0,0,0,0,0,0,0,0,0,0,0,0
"C3538","5","33431","47","0","2020","A","N","New Orleans-Metairie, LA MSA","Private","NAICS 33431 Audio and video equipment manufacturing","MSA, NAICS 5-digit -- by ownership sector","All establishment sizes",3,0,0,0,0,0,0,"N",0.87,0,0,0,0,0,0,"N",1,50.0,0,0,0,0,0,0,0,0,0,0,0,0
"C3538","5","334310","48","0","2020","A","N","New Orleans-Metairie, LA MSA","Private","NAICS 334310 Audio and video equipment manufacturing","MSA, NAICS 6-digit -- by ownership sector","All establishment sizes",3,0,0,0,0,0,0,"N",0.87,0,0,0,0,0,0,"N",1,50.0,0,0,0,0,0,0,0,0,0,0,0,0
"C3538","5","3344","46","0","2020","A","","New Orleans-Metairie, LA MSA","Private","NAICS 3344 Semiconductor and electronic component mfg.","MSA, NAICS 4-digit -- by ownership sector","All establishment sizes",5,160,12266309,1528320,17913,1471,76505,"",0.21,0.12,0.08,0.11,0.10,0.69,0.69,"",-1,-16.7,-10,-5.9,-344069,-2.7,-165751,-9.8,-998,-5.3,42,2.9,2217,3.0
"C3538","5","33441","47","0","2020","A","","New Orleans-Metairie, LA MSA","Private","NAICS 33441 Semiconductor and electronic component mfg.","MSA, NAICS 5-digit -- by ownership sector","All establishment sizes",5,160,12266309,1528320,17913,1471,76505,"",0.21,0.12,0.08,0.11,0.10,0.69,0.69,"",-1,-16.7,-10,-5.9,-344069,-2.7,-165751,-9.8,-998,-5.3,42,2.9,2217,3.0
"C3538","5","334413","48","0","2020","A","N","New Orleans-Metairie, LA MSA","Private","NAICS 334413 Semiconductors and related device mfg.","MSA, NAICS 6-digit -- by ownership sector","All establishment sizes",1,0,0,0,0,0,0,"N",0.13,0,0,0,0,0,0,"N",-1,-50.0,0,0,0,0,0,0,0,0,0,0,0,0
"C3538","5","334416","48","0","2020","A","N","New Orleans-Metairie, LA MSA","Private","NAICS 334416 Capacitor, resistor, and inductor mfg.","MSA, NAICS 6-digit -- by ownership sector","All establishment sizes",1,0,0,0,0,0,0,"N",0.57,0,0,0,0,0,0,"N",0,0.0,0,0,0,0,0,0,0,0,0,0,0,0
"C3538","5","334418","48","0","2020","A","N","New Orleans-Metairie, LA MSA","Private","NAICS 334418 Printed circuit assembly manufacturing","MSA, NAICS 6-digit -- by ownership sector","All establishment sizes",2,0,0,0,0,0,0,"N",0.43,0,0,0,0,0,0,"N",0,0.0,0,0,0,0,0,0,0,0,0,0,0,0
"C3538","5","334419","48","0","2020","A","N","New Orleans-Metairie, LA MSA","Private","NAICS 334419 Other electronic component manufacturing","MSA, NAICS 6-digit -- by ownership sector","All establishment sizes",1,0,0,0,0,0,0,"N",0.16,0,0,0,0,0,0,"N",0,0.0,0,0,0,0,0,0,0,0,0,0,0,0
"C3538","5","3345","46","0","2020","A","","New Orleans-Metairie, LA MSA","Private","NAICS 3345 Electronic instrument manufacturing","MSA, NAICS 4-digit -- by ownership sector","All establishment sizes",25,951,87597872,9117514,169649,1772,92119,"",0.68,0.64,0.59,0.55,0.90,0.92,0.92,"",1,4.2,44,4.9,-2372113,-2.6,383958,4.4,1285,0.8,-137,-7.2,-7131,-7.2
"C3538","5","33451","47","0","2020","A","","New Orleans-Metairie, LA MSA","Private","NAICS 33451 Electronic instrument manufacturing","MSA, NAICS 5-digit -- by ownership sector","All establishment sizes",25,951,87597872,9117514,169649,1772,92119,"",0.68,0.64,0.59,0.55,0.90,0.92,0.92,"",1,4.2,44,4.9,-2372113,-2.6,383958,4.4,1285,0.8,-137,-7.2,-7131,-7.2
"C3538","5","334510","48","0","2020","A","","New Orleans-Metairie, LA MSA","Private","NAICS 334510 Electromedical apparatus manufacturing","MSA, NAICS 6-digit -- by ownership sector","All establishment sizes",5,14,2778250,139823,1805,3749,194965,"",0.72,0.05,0.09,0.04,0.05,1.71,1.71,"N",-1,-16.7,0,0,0,0,0,0,0,0,0,0,0,0
"C3538","5","334511","48","0","2020","A","N","New Orleans-Metairie, LA MSA","Private","NAICS 334511 Search, detection, and navigation instruments","MSA, NAICS 6-digit -- by ownership sector","All establishment sizes",3,0,0,0,0,0,0,"N",0.70,0,0,0,0,0,0,"N",0,0.0,0,0,0,0,0,0,0,0,0,0,0,0
"C3538","5","334512","48","0","2020","A","N","New Orleans-Metairie, LA MSA","Private","NAICS 334512 Automatic environmental control manufacturing","MSA, NAICS 6-digit -- by ownership sector","All establishment sizes",2,0,0,0,0,0,0,"N",1.02,0,0,0,0,0,0,"N",1,100.0,0,0,0,0,0,0,0,0,0,0,0,0
"C3538","5","334513","48","0","2020","A","","New Orleans-Metairie, LA MSA","Private","NAICS 334513 Industrial process variable instruments","MSA, NAICS 6-digit -- by ownership sector","All establishment sizes",8,163,12558903,1575712,28377,1482,77048,"",1.01,0.75,0.75,0.63,1.02,1.00,1.00,"",0,0.0,-30,-15.5,-3288129,-20.7,-378509,-19.4,-9434,-25.0,-101,-6.4,-5274,-6.4
"C3538","5","334515","48","0","2020","A","N","New Orleans-Metairie, LA MSA","Private","NAICS 334515 Electricity and signal testing instruments","MSA, NAICS 6-digit -- by ownership sector","All establishment sizes",2,0,0,0,0,0,0,"N",0.42,0,0,0,0,0,0,"N",2,100.0,0,0,0,0,0,0,0,0,0,0,0,0
"C3538","5","334516","48","0","2020","A","N","New Orleans-Metairie, LA MSA","Private","NAICS 334516 Analytical laboratory instrument mfg.","MSA, NAICS 6-digit -- by ownership sector","All establishment sizes",2,0,0,0,0,0,0,"N",0.52,0,0,0,0,0,0,"N",1,100.0,0,0,0,0,0,0,0,0,0,0,0,0
"C3538","5","334517","48","0","2020","A","N","New Orleans-Metairie, LA MSA","Private","NAICS 334517 Irradiation apparatus manufacturing","MSA, NAICS 6-digit -- by ownership sector","All establishment sizes",4,0,0,0,0,0,0,"N",3.50,0,0,0,0,0,0,"N",0,0.0,0,0,0,0,0,0,0,0,0,0,0,0
"C3538","5","334519","48","0","2020","A","N","New Orleans-Metairie, LA MSA","Private","NAICS 334519 Other measuring and controlling device mfg.","MSA, NAICS 6-digit -- by ownership sector","All establishment sizes",1,0,0,0,0,0,0,"N",0.20,0,0,0,0,0,0,"N",0,0.0,0,0,0,0,0,0,0,0,0,0,0,0
"C3538","5","3346","46","0","2020","A","N","New Orleans-Metairie, LA MSA","Private","NAICS 3346 Magnetic media manufacturing and reproducing","MSA, NAICS 4-digit -- by ownership sector","All establishment sizes",3,0,0,0,0,0,0,"N",0.73,0,0,0,0,0,0,"N",1,50.0,0,0,0,0,0,0,0,0,0,0,0,0
"C3538","5","33461","47","0","2020","A","N","New Orleans-Metairie, LA MSA","Private","NAICS 33461 Magnetic media manufacturing and reproducing","MSA, NAICS 5-digit -- by ownership sector","All establishment sizes",3,0,0,0,0,0,0,"N",0.73,0,0,0,0,0,0,"N",1,50.0,0,0,0,0,0,0,0,0,0,0,0,0
"C3538","5","334614","48","0","2020","A","N","New Orleans-Metairie, LA MSA","Private","NAICS 334614 Software and prerecorded media reproducing","MSA, NAICS 6-digit -- by ownership sector","All establishment sizes",3,0,0,0,0,0,0,"N",0.79,0,0,0,0,0,0,"N",1,50.0,0,0,0,0,0,0,0,0,0,0,0,0
"C3538","5","335","45","0","2020","A","","New Orleans-Metairie, LA MSA","Private","NAICS 335 Electrical equipment and appliance mfg.","MSA, NAICS 3-digit -- by ownership sector","All establishment sizes",28,357,26462923,3332450,47132,1425,74126,"",0.82,0.26,0.30,0.24,0.27,1.14,1.14,"",2,7.7,-2,-0.6,1570344,6.3,145584,4.6,-5823,-11.0,92,6.9,4836,7.0
"C3538","5","3351","46","0","2020","A","N","New Orleans-Metairie, LA MSA","Private","NAICS 3351 Electric lighting equipment manufacturing","MSA, NAICS 4-digit -- by ownership sector","All establishment sizes",6,0,0,0,0,0,0,"N",0.88,0,0,0,0,0,0,"N",0,0.0,0,0,0,0,0,0,0,0,0,0,0,0
"C3538","5","33512","47","0","2020","A","N","New Orleans-Metairie, LA MSA","Private","NAICS 33512 Lighting fixture manufacturing","MSA, NAICS 5-digit -- by ownership sector","All establishment sizes",6,0,0,0,0,0,0,"N",1.00,0,0,0,0,0,0,"N",0,0.0,0,0,0,0,0,0,0,0,0,0,0,0
"C3538","5","335121","48","0","2020","A","N","New Orleans-Metairie, LA MSA","Private","NAICS 335121 Residential electric lighting fixture mfg.","MSA, NAICS 6-digit -- by ownership sector","All establishment sizes",5,0,0,0,0,0,0,"N",2.84,0,0,0,0,0,0,"N",0,0.0,0,0,0,0,0,0,0,0,0,0,0,0
"C3538","5","335129","48","0","2020","A","N","New Orleans-Metairie, LA MSA","Private","NAICS 335129 Other lighting equipment manufacturing","MSA, NAICS 6-digit -- by ownership sector","All establishment sizes",1,0,0,0,0,0,0,"N",0.74,0,0,0,0,0,0,"N",0,0.0,0,0,0,0,0,0,0,0,0,0,0,0
"C3538","5","3352","46","0","2020","A","N","New Orleans-Metairie, LA MSA","Private","NAICS 3352 Household appliance manufacturing","MSA, NAICS 4-digit -- by ownership sector","All establishment sizes",1,0,0,0,0,0,0,"N",0.43,0,0,0,0,0,0,"N",-1,-50.0,0,0,0,0,0,0,0,0,0,0,0,0
"C3538","5","33522","47","0","2020","A","N","New Orleans-Metairie, LA MSA","Private","NAICS 33522 Major household appliance manufacturing","MSA, NAICS 5-digit -- by ownership sector","All establishment sizes",1,0,0,0,0,0,0,"N",0.93,0,0,0,0,0,0,"N",0,0.0,0,0,0,0,0,0,0,0,0,0,0,0
"C3538","5","335220","48","0","2020","A","N","New Orleans-Metairie, LA MSA","Private","NAICS 335220 Major household appliance manufacturing","MSA, NAICS 6-digit -- by ownership sector","All establishment sizes",1,0,0,0,0,0,0,"N",0.93,0,0,0,0,0,0,"N",0,0.0,0,0,0,0,0,0,0,0,0,0,0,0
"C3538","5","3353","46","0","2020","A","","New Orleans-Metairie, LA MSA","Private","NAICS 3353 Electrical equipment manufacturing","MSA, NAICS 4-digit -- by ownership sector","All establishment sizes",14,245,18033893,2253490,30445,1416,73633,"",1.21,0.50,0.55,0.45,0.58,1.10,1.10,"",0,0.0,3,1.2,1837620,11.3,92945,4.3,-6057,-16.6,128,9.9,6637,9.9
"C3538","5","33531","47","0","2020","A","","New Orleans-Metairie, LA MSA","Private","NAICS 33531 Electrical equipment manufacturing","MSA, NAICS 5-digit -- by ownership sector","All establishment sizes",14,245,18033893,2253490,30445,1416,73633,"",1.21,0.50,0.55,0.45,0.58,1.10,1.10,"",0,0.0,3,1.2,1837620,11.3,92945,4.3,-6057,-16.6,128,9.9,6637,9.9
"C3538","5","335311","48","0","2020","A","N","New Orleans-Metairie, LA MSA","Private","NAICS 335311 Electric power and specialty transformer mfg.","MSA, NAICS 6-digit -- by ownership sector","All establishment sizes",2,0,0,0,0,0,0,"N",0.95,0,0,0,0,0,0,"N",0,0.0,0,0,0,0,0,0,0,0,0,0,0,0
"C3538","5","335312","48","0","2020","A","","New Orleans-Metairie, LA MSA","Private","NAICS 335312 Motor and generator manufacturing","MSA, NAICS 6-digit -- by ownership sector","All establishment sizes",5,53,2504293,445459,8703,917,47701,"",1.93,0.42,0.33,0.34,0.51,0.80,0.80,"",0,0.0,-1,-1.9,21630,0.9,-31693,-6.6,-2167,-19.9,26,2.9,1368,3.0
"C3538","5","335313","48","0","2020","A","","New Orleans-Metairie, LA MSA","Private","NAICS 335313 Switchgear and switchboard apparatus mfg.","MSA, NAICS 6-digit -- by ownership sector","All establishment sizes",5,140,9933089,1243284,12296,1369,71162,"",1.65,1.16,1.21,1.13,0.98,1.05,1.05,"",0,0.0,2,1.4,713937,7.7,19886,1.6,-5364,-30.4,84,6.5,4357,6.5
"C3538","5","335314","48","0","2020","A","N","New Orleans-Metairie, LA MSA","Private","NAICS 335314 Relay and industrial control manufacturing","MSA, NAICS 6-digit -- by ownership sector","All establishment sizes",2,0,0,0,0,0,0,"N",0.52,0,0,0,0,0,0,"N",0,0.0,0,0,0,0,0,0,0,0,0,0,0,0
"C3538","5","3359","46","0","2020","A","","New Orleans-Metairie, LA MSA","Private","NAICS 3359 Other electrical equipment and component mfg.","MSA, NAICS 4-digit -- by ownership sector","All establishment sizes",7,9,887780,183346,3974,1846,95976,"",0.53,0.02,0.03,0.03,0.05,1.43,1.43,"",2,40.0,-9,-50.0,-1081311,-54.9,-24506,-11.8,-199,-4.8,-297,-13.9,-15482,-13.9
"C3538","5","33599","47","0","2020","A","","New Orleans-Metairie, LA MSA","Private","NAICS 33599 Other electrical equipment and component mfg.","MSA, NAICS 5-digit -- by ownership sector","All establishment sizes",7,9,887780,183346,3974,1846,95976,"",1.04,0.07,0.09,0.13,0.20,1.27,1.27,"",2,40.0,-9,-50.0,-1081311,-54.9,-24506,-11.8,-199,-4.8,-297,-13.9,-15482,-13.9
"C3538","5","335999","48","0","2020","A","","New Orleans-Metairie, LA MSA","Private","NAICS 335999 Miscellaneous electrical equipment mfg.","MSA, NAICS 6-digit -- by ownership sector","All establishment sizes",7,9,887780,183346,3974,1846,95976,"",1.18,0.09,0.11,0.17,0.25,1.20,1.20,"",2,40.0,-9,-50.0,-1081311,-54.9,-24506,-11.8,-199,-4.8,-297,-13.9,-15482,-13.9
"C3538","5","336","45","0","2020","A","","New Orleans-Metairie, LA MSA","Private","NAICS 336 Transportation equipment manufacturing","MSA, NAICS 3-digit -- by ownership sector","All establishment sizes",47,2213,174461856,22781535,489456,1516,78838,"",0.75,0.39,0.43,0.40,0.59,1.11,1.11,"",-3,-6.0,-158,-6.7,-10036994,-5.4,-707153,-3.0,-51596,-9.5,20,1.3,1020,1.3
"C3538","5","3361","46","0","2020","A","N","New Orleans-Metairie, LA MSA","Private","NAICS 3361 Motor vehicle manufacturing","MSA, NAICS 4-digit -- by ownership sector","All establishment sizes",2,0,0,0,0,0,0,"N",0.81,0,0,0,0,0,0,"N",0,0.0,0,0,0,0,0,0,0,0,0,0,0,0
"C3538","5","33611","47","0","2020","A","N","New Orleans-Metairie, LA MSA","Private","NAICS 33611 Automobile and light truck manufacturing","MSA, NAICS 5-digit -- by ownership sector","All establishment sizes",1,0,0,0,0,0,0,"N",0.58,0,0,0,0,0,0,"N",0,0.0,0,0,0,0,0,0,0,0,0,0,0,0
"C3538","5","336111","48","0","2020","A","N","New Orleans-Metairie, LA MSA","Private","NAICS 336111 Automobile manufacturing","MSA, NAICS 6-digit -- by ownership sector","All establishment sizes",1,0,0,0,0,0,0,"N",0.74,0,0,0,0,0,0,"N",0,0.0,0,0,0,0,0,0,0,0,0,0,0,0
"C3538","5","33612","47","0","2020","A","N","New Orleans-Metairie, LA MSA","Private","NAICS 33612 Heavy duty truck manufacturing","MSA, NAICS 5-digit -- by ownership sector","All establishment sizes",1,0,0,0,0,0,0,"N",1.33,0,0,0,0,0,0,"N",0,0.0,0,0,0,0,0,0,0,0,0,0,0,0
"C3538","5","336120","48","0","2020","A","N","New Orleans-Metairie, LA MSA","Private","NAICS 336120 Heavy duty truck manufacturing","MSA, NAICS 6-digit -- by ownership sector","All establishment sizes",1,0,0,0,0,0,0,"N",1.33,0,0,0,0,0,0,"N",0,0.0,0,0,0,0,0,0,0,0,0,0,0,0
"C3538","5","3362","46","0","2020","A","N","New Orleans-Metairie, LA MSA","Private","NAICS 3362 Motor vehicle body and trailer manufacturing","MSA, NAICS 4-digit -- by ownership sector","All establishment sizes",3,0,0,0,0,0,0,"N",0.33,0,0,0,0,0,0,"N",0,0.0,0,0,0,0,0,0,0,0,0,0,0,0
"C3538","5","33621","47","0","2020","A","N","New Orleans-Metairie, LA MSA","Private","NAICS 33621 Motor vehicle body and trailer manufacturing","MSA, NAICS 5-digit -- by ownership sector","All establishment sizes",3,0,0,0,0,0,0,"N",0.33,0,0,0,0,0,0,"N",0,0.0,0,0,0,0,0,0,0,0,0,0,0,0
"C3538","5","336211","48","0","2020","A","N","New Orleans-Metairie, LA MSA","Private","NAICS 336211 Motor vehicle body manufacturing","MSA, NAICS 6-digit -- by ownership sector","All establishment sizes",1,0,0,0,0,0,0,"N",0.30,0,0,0,0,0,0,"N",0,0.0,0,0,0,0,0,0,0,0,0,0,0,0
"C3538","5","336212","48","0","2020","A","N","New Orleans-Metairie, LA MSA","Private","NAICS 336212 Truck trailer manufacturing","MSA, NAICS 6-digit -- by ownership sector","All establishment sizes",1,0,0,0,0,0,0,"N",0.40,0,0,0,0,0,0,"N",0,0.0,0,0,0,0,0,0,0,0,0,0,0,0
"C3538","5","336214","48","0","2020","A","N","New Orleans-Metairie, LA MSA","Private","NAICS 336214 Travel trailer and camper manufacturing","MSA, NAICS 6-digit -- by ownership sector","All establishment sizes",1,0,0,0,0,0,0,"N",0.33,0,0,0,0,0,0,"N",0,0.0,0,0,0,0,0,0,0,0,0,0,0,0
"C3538","5","3363","46","0","2020","A","","New Orleans-Metairie, LA MSA","Private","NAICS 3363 Motor vehicle parts manufacturing","MSA, NAICS 4-digit -- by ownership sector","All establishment sizes",3,33,1911419,308454,3831,1108,57631,"",0.13,0.02,0.02,0.02,0.01,1.03,1.03,"",0,0.0,-1,-2.9,102324,5.7,-3512,-1.1,465,13.8,69,6.6,3628,6.7
"C3538","5","33632","47","0","2020","A","N","New Orleans-Metairie, LA MSA","Private","NAICS 33632 Motor vehicle electric equipment mfg.","MSA, NAICS 5-digit -- by ownership sector","All establishment sizes",1,0,0,0,0,0,0,"N",0.31,0,0,0,0,0,0,"N",0,0.0,0,0,0,0,0,0,0,0,0,0,0,0
"C3538","5","336320","48","0","2020","A","N","New Orleans-Metairie, LA MSA","Private","NAICS 336320 Motor vehicle electric equipment mfg.","MSA, NAICS 6-digit -- by ownership sector","All establishment sizes",1,0,0,0,0,0,0,"N",0.31,0,0,0,0,0,0,"N",0,0.0,0,0,0,0,0,0,0,0,0,0,0,0
"C3538","5","33635","47","0","2020","A","N","New Orleans-Metairie, LA MSA","Private","NAICS 33635 Motor vehicle power train components mfg.","MSA, NAICS 5-digit -- by ownership sector","All establishment sizes",2,0,0,0,0,0,0,"N",0.84,0,0,0,0,0,0,"N",0,0.0,0,0,0,0,0,0,0,0,0,0,0,0
"C3538","5","336350","48","0","2020","A","N","New Orleans-Metairie, LA MSA","Private","NAICS 336350 Motor vehicle power train components mfg.","MSA, NAICS 6-digit -- by ownership sector","All establishment sizes",2,0,0,0,0,0,0,"N",0.84,0,0,0,0,0,0,"N",0,0.0,0,0,0,0,0,0,0,0,0,0,0,0
"C3538","5","3364","46","0","2020","A","N","New Orleans-Metairie, LA MSA","Private","NAICS 3364 Aerospace product and parts manufacturing","MSA, NAICS 4-digit -- by ownership sector","All establishment sizes",2,0,0,0,0,0,0,"N",0.14,0,0,0,0,0,0,"N",-1,-33.3,0,0,0,0,0,0,0,0,0,0,0,0
"C3538","5","33641","47","0","2020","A","N","New Orleans-Metairie, LA MSA","Private","NAICS 33641 Aerospace product and parts manufacturing","MSA, NAICS 5-digit -- by ownership sector","All establishment sizes",2,0,0,0,0,0,0,"N",0.14,0,0,0,0,0,0,"N",-1,-33.3,0,0,0,0,0,0,0,0,0,0,0,0
"C3538","5","336411","48","0","2020","A","N","New Orleans-Metairie, LA MSA","Private","NAICS 336411 Aircraft manufacturing","MSA, NAICS 6-digit -- by ownership sector","All establishment sizes",1,0,0,0,0,0,0,"N",0.30,0,0,0,0,0,0,"N",-1,-50.0,0,0,0,0,0,0,0,0,0,0,0,0
"C3538","5","336415","48","0","2020","A","N","New Orleans-Metairie, LA MSA","Private","NAICS 336415 Space vehicle propulsion units and parts mfg.","MSA, NAICS 6-digit -- by ownership sector","All establishment sizes",1,0,0,0,0,0,0,"N",3.66,0,0,0,0,0,0,"N",0,0.0,0,0,0,0,0,0,0,0,0,0,0,0
"C3538","5","3366","46","0","2020","A","","New Orleans-Metairie, LA MSA","Private","NAICS 3366 Ship and boat building","MSA, NAICS 4-digit -- by ownership sector","All establishment sizes",35,1253,92899654,12648209,266183,1426,74162,"",4.47,2.54,3.11,2.61,3.90,1.22,1.22,"",-3,-7.9,-58,-4.4,-6375944,-6.4,-1278710,-9.2,-56901,-17.6,-30,-2.1,-1549,-2.0
"C3538","5","33661","47","0","2020","A","","New Orleans-Metairie, LA MSA","Private","NAICS 33661 Ship and boat building","MSA, NAICS 5-digit -- by ownership sector","All establishment sizes",35,1253,92899654,12648209,266183,1426,74162,"",4.47,2.54,3.11,2.61,3.90,1.22,1.22,"",-3,-7.9,-58,-4.4,-6375944,-6.4,-1278710,-9.2,-56901,-17.6,-30,-2.1,-1549,-2.0
"C3538","5","336611","48","0","2020","A","","New Orleans-Metairie, LA MSA","Private","NAICS 336611 Ship building and repairing","MSA, NAICS 6-digit -- by ownership sector","All establishment sizes",28,1206,90645748,12219621,254666,1445,75152,"",7.90,3.42,3.86,3.66,5.02,1.13,1.13,"",-3,-9.7,-55,-4.4,-6376733,-6.6,-1251091,-9.3,-56133,-18.1,-34,-2.3,-1763,-2.3
"C3538","5","336612","48","0","2020","A","","New Orleans-Metairie, LA MSA","Private","NAICS 336612 Boat building","MSA, NAICS 6-digit -- by ownership sector","All establishment sizes",7,47,2253906,428588,11517,932,48471,"",1.63,0.33,0.35,0.29,0.66,1.06,1.06,"",0,0.0,-3,-6.0,789,0.0,-27619,-6.1,-768,-6.3,63,7.2,3258,7.2
"C3538","5","3369","46","0","2020","A","N","New Orleans-Metairie, LA MSA","Private","NAICS 3369 Other transportation equipment manufacturing","MSA, NAICS 4-digit -- by ownership sector","All establishment sizes",2,0,0,0,0,0,0,"N",0.45,0,0,0,0,0,0,"N",1,100.0,0,0,0,0,0,0,0,0,0,0,0,0
"C3538","5","33699","47","0","2020","A","N","New Orleans-Metairie, LA MSA","Private","NAICS 33699 Other transportation equipment manufacturing","MSA, NAICS 5-digit -- by ownership sector","All establishment sizes",2,0,0,0,0,0,0,"N",0.45,0,0,0,0,0,0,"N",1,100.0,0,0,0,0,0,0,0,0,0,0,0,0
"C3538","5","336992","48","0","2020","A","N","New Orleans-Metairie, LA MSA","Private","NAICS 336992 Military armored vehicles and tank parts mfg.","MSA, NAICS 6-digit -- by ownership sector","All establishment sizes",2,0,0,0,0,0,0,"N",5.99,0,0,0,0,0,0,"N",1,100.0,0,0,0,0,0,0,0,0,0,0,0,0
"C3538","5","337","45","0","2020","A","","New Orleans-Metairie, LA MSA","Private","NAICS 337 Furniture and related product manufacturing","MSA, NAICS 3-digit -- by ownership sector","All establishment sizes",39,206,8576240,2113813,31859,799,41565,"",0.55,0.16,0.15,0.15,0.21,0.94,0.94,"N",0,0.0,0,0,0,0,0,0,0,0,0,0,0,0
"C3538","5","3371","46","0","2020","A","","New Orleans-Metairie, LA MSA","Private","NAICS 3371 Household and institutional furniture mfg.","MSA, NAICS 4-digit -- by ownership sector","All establishment sizes",24,129,5242747,1254033,18221,782,40641,"",0.47,0.16,0.16,0.14,0.21,0.99,0.99,"",-1,-4.0,-20,-13.4,-567124,-9.8,-247676,-16.5,-6132,-25.2,31,4.1,1605,4.1
"C3538","5","33711","47","0","2020","A","N","New Orleans-Metairie, LA MSA","Private","NAICS 33711 Wood kitchen cabinet and countertop mfg.","MSA, NAICS 5-digit -- by ownership sector","All establishment sizes",19,0,0,0,0,0,0,"N",0.58,0,0,0,0,0,0,"N",0,0.0,0,0,0,0,0,0,0,0,0,0,0,0
"C3538","5","337110","48","0","2020","A","N","New Orleans-Metairie, LA MSA","Private","NAICS 337110 Wood kitchen cabinet and countertop mfg.","MSA, NAICS 6-digit -- by ownership sector","All establishment sizes",19,0,0,0,0,0,0,"N",0.58,0,0,0,0,0,0,"N",0,0.0,0,0,0,0,0,0,0,0,0,0,0,0
"C3538","5","33712","47","0","2020","A","N","New Orleans-Metairie, LA MSA","Private","NAICS 33712 Other household and institutional furniture","MSA, NAICS 5-digit -- by ownership sector","All establishment sizes",5,0,0,0,0,0,0,"N",0.27,0,0,0,0,0,0,"N",-1,-16.7,0,0,0,0,0,0,0,0,0,0,0,0
"C3538","5","337122","48","0","2020","A","N","New Orleans-Metairie, LA MSA","Private","NAICS 337122 Nonupholstered wood household furniture mfg.","MSA, NAICS 6-digit -- by ownership sector","All establishment sizes",4,0,0,0,0,0,0,"N",0.40,0,0,0,0,0,0,"N",-1,-20.0,0,0,0,0,0,0,0,0,0,0,0,0
"C3538","5","337127","48","0","2020","A","N","New Orleans-Metairie, LA MSA","Private","NAICS 337127 Institutional furniture manufacturing","MSA, NAICS 6-digit -- by ownership sector","All establishment sizes",1,0,0,0,0,0,0,"N",0.38,0,0,0,0,0,0,"N",0,0.0,0,0,0,0,0,0,0,0,0,0,0,0
"C3538","5","3372","46","0","2020","A","N","New Orleans-Metairie, LA MSA","Private","NAICS 3372 Office furniture and fixtures manufacturing","MSA, NAICS 4-digit -- by ownership sector","All establishment sizes",13,0,0,0,0,0,0,"N",0.80,0,0,0,0,0,0,"N",1,8.3,0,0,0,0,0,0,0,0,0,0,0,0
"C3538","5","33721","47","0","2020","A","N","New Orleans-Metairie, LA MSA","Private","NAICS 33721 Office furniture and fixtures manufacturing","MSA, NAICS 5-digit -- by ownership sector","All establishment sizes",13,0,0,0,0,0,0,"N",0.80,0,0,0,0,0,0,"N",1,8.3,0,0,0,0,0,0,0,0,0,0,0,0
"C3538","5","337212","48","0","2020","A","","New Orleans-Metairie, LA MSA","Private","NAICS 337212 Custom architectural woodwork and millwork","MSA, NAICS 6-digit -- by ownership sector","All establishment sizes",11,63,2826094,745100,12834,862,44799,"",1.57,0.74,0.65,0.81,0.86,0.88,0.88,"",1,10.0,21,50.0,773550,37.7,298960,67.0,5509,75.2,-72,-7.7,-3782,-7.8
"C3538","5","337215","48","0","2020","A","N","New Orleans-Metairie, LA MSA","Private","NAICS 337215 Showcases, partitions, shelving, and lockers","MSA, NAICS 6-digit -- by ownership sector","All establishment sizes",2,0,0,0,0,0,0,"N",0.37,0,0,0,0,0,0,"N",0,0.0,0,0,0,0,0,0,0,0,0,0,0,0
"C3538","5","3379","46","0","2020","A","N","New Orleans-Metairie, LA MSA","Private","NAICS 3379 Other furniture related product manufacturing","MSA, NAICS 4-digit -- by ownership sector","All establishment sizes",2,0,0,0,0,0,0,"N",0.52,0,0,0,0,0,0,"N",0,0.0,0,0,0,0,0,0,0,0,0,0,0,0
"C3538","5","33792","47","0","2020","A","N","New Orleans-Metairie, LA MSA","Private","NAICS 33792 Blind and shade manufacturing","MSA, NAICS 5-digit -- by ownership sector","All establishment sizes",2,0,0,0,0,0,0,"N",1.16,0,0,0,0,0,0,"N",0,0.0,0,0,0,0,0,0,0,0,0,0,0,0
"C3538","5","337920","48","0","2020","A","N","New Orleans-Metairie, LA MSA","Private","NAICS 337920 Blind and shade manufacturing","MSA, NAICS 6-digit -- by ownership sector","All establishment sizes",2,0,0,0,0,0,0,"N",1.16,0,0,0,0,0,0,"N",0,0.0,0,0,0,0,0,0,0,0,0,0,0,0
"C3538","5","339","45","0","2020","A","","New Orleans-Metairie, LA MSA","Private","NAICS 339 Miscellaneous manufacturing","MSA, NAICS 3-digit -- by ownership sector","All establishment sizes",135,633,30038375,6290013,75205,913,47473,"",1.01,0.30,0.23,0.29,0.29,0.76,0.76,"",8,6.3,-94,-12.9,-2161149,-6.7,-479653,-7.1,-17205,-18.6,61,7.2,3167,7.1
"C3538","5","3391","46","0","2020","A","","New Orleans-Metairie, LA MSA","Private","NAICS 3391 Medical equipment and supplies manufacturing","MSA, NAICS 4-digit -- by ownership sector","All establishment sizes",56,120,6971166,1247105,14662,1116,58053,"",1.10,0.11,0.09,0.11,0.11,0.82,0.82,"N",2,3.7,0,0,0,0,0,0,0,0,0,0,0,0
"C3538","5","33911","47","0","2020","A","","New Orleans-Metairie, LA MSA","Private","NAICS 33911 Medical equipment and supplies manufacturing","MSA, NAICS 5-digit -- by ownership sector","All establishment sizes",56,120,6971166,1247105,14662,1116,58053,"",1.10,0.11,0.09,0.11,0.11,0.82,0.82,"N",2,3.7,0,0,0,0,0,0,0,0,0,0,0,0
"C3538","5","339112","48","0","2020","A","","New Orleans-Metairie, LA MSA","Private","NAICS 339112 Surgical and medical instrument manufacturing","MSA, NAICS 6-digit -- by ownership sector","All establishment sizes",11,7,1477153,93635,1895,3830,199167,"",1.03,0.01,0.04,0.02,0.03,2.51,2.51,"",2,22.2,-3,-30.0,144221,10.8,-15178,-13.9,-277,-12.8,1245,48.2,64754,48.2
"C3538","5","339113","48","0","2020","A","N","New Orleans-Metairie, LA MSA","Private","NAICS 339113 Surgical appliance and supplies manufacturing","MSA, NAICS 6-digit -- by ownership sector","All establishment sizes",13,0,0,0,0,0,0,"N",1.01,0,0,0,0,0,0,"N",0,0.0,0,0,0,0,0,0,0,0,0,0,0,0
"C3538","5","339114","48","0","2020","A","N","New Orleans-Metairie, LA MSA","Private","NAICS 339114 Dental equipment and supplies manufacturing","MSA, NAICS 6-digit -- by ownership sector","All establishment sizes",3,0,0,0,0,0,0,"N",1.09,0,0,0,0,0,0,"N",1,50.0,0,0,0,0,0,0,0,0,0,0,0,0
"C3538","5","339115","48","0","2020","A","N","New Orleans-Metairie, LA MSA","Private","NAICS 339115 Ophthalmic goods manufacturing","MSA, NAICS 6-digit -- by ownership sector","All establishment sizes",3,0,0,0,0,0,0,"N",1.17,0,0,0,0,0,0,"N",0,0.0,0,0,0,0,0,0,0,0,0,0,0,0
"C3538","5","339116","48","0","2020","A","","New Orleans-Metairie, LA MSA","Private","NAICS 339116 Dental laboratories","MSA, NAICS 6-digit -- by ownership sector","All establishment sizes",26,70,2509693,767887,10259,686,35683,"",1.17,0.51,0.42,0.57,0.70,0.83,0.83,"N",-2,-7.1,0,0,0,0,0,0,0,0,0,0,0,0
"C3538","5","3399","46","0","2020","A","","New Orleans-Metairie, LA MSA","Private","NAICS 3399 Other miscellaneous manufacturing","MSA, NAICS 4-digit -- by ownership sector","All establishment sizes",80,513,23067209,5042908,60543,865,44995,"",0.96,0.54,0.46,0.49,0.47,0.86,0.86,"N",7,9.6,0,0,0,0,0,0,0,0,0,0,0,0
"C3538","5","33991","47","0","2020","A","","New Orleans-Metairie, LA MSA","Private","NAICS 33991 Jewelry and silverware manufacturing","MSA, NAICS 5-digit -- by ownership sector","All establishment sizes",14,48,2209150,515089,4628,885,46024,"",1.65,0.70,0.65,0.65,0.36,0.93,0.93,"N",1,7.7,0,0,0,0,0,0,0,0,0,0,0,0
"C3538","5","339910","48","0","2020","A","","New Orleans-Metairie, LA MSA","Private","NAICS 339910 Jewelry and silverware manufacturing","MSA, NAICS 6-digit -- by ownership sector","All establishment sizes",14,48,2209150,515089,4628,885,46024,"",1.65,0.70,0.65,0.65,0.36,0.93,0.93,"N",1,7.7,0,0,0,0,0,0,0,0,0,0,0,0
"C3538","5","33992","47","0","2020","A","N","New Orleans-Metairie, LA MSA","Private","NAICS 33992 Sporting and athletic goods manufacturing","MSA, NAICS 5-digit -- by ownership sector","All establishment sizes",1,0,0,0,0,0,0,"N",0.13,0,0,0,0,0,0,"N",0,0.0,0,0,0,0,0,0,0,0,0,0,0,0
"C3538","5","339920","48","0","2020","A","N","New Orleans-Metairie, LA MSA","Private","NAICS 339920 Sporting and athletic goods manufacturing","MSA, NAICS 6-digit -- by ownership sector","All establishment sizes",1,0,0,0,0,0,0,"N",0.13,0,0,0,0,0,0,"N",0,0.0,0,0,0,0,0,0,0,0,0,0,0,0
"C3538","5","33994","47","0","2020","A","N","New Orleans-Metairie, LA MSA","Private","NAICS 33994 Office supplies, except paper, manufacturing","MSA, NAICS 5-digit -- by ownership sector","All establishment sizes",1,0,0,0,0,0,0,"N",0.49,0,0,0,0,0,0,"N",0,0.0,0,0,0,0,0,0,0,0,0,0,0,0
"C3538","5","339940","48","0","2020","A","N","New Orleans-Metairie, LA MSA","Private","NAICS 339940 Office supplies, except paper, manufacturing","MSA, NAICS 6-digit -- by ownership sector","All establishment sizes",1,0,0,0,0,0,0,"N",0.49,0,0,0,0,0,0,"N",0,0.0,0,0,0,0,0,0,0,0,0,0,0,0
"C3538","5","33995","47","0","2020","A","","New Orleans-Metairie, LA MSA","Private","NAICS 33995 Sign manufacturing","MSA, NAICS 5-digit -- by ownership sector","All establishment sizes",35,204,8759099,1947309,16663,826,42972,"",1.20,0.79,0.71,0.73,0.54,0.90,0.90,"",2,6.1,-8,-3.8,311240,3.7,-12833,-0.7,-5175,-23.7,60,7.8,3139,7.9
"C3538","5","339950","48","0","2020","A","","New Orleans-Metairie, LA MSA","Private","NAICS 339950 Sign manufacturing","MSA, NAICS 6-digit -- by ownership sector","All establishment sizes",35,204,8759099,1947309,16663,826,42972,"",1.20,0.79,0.71,0.73,0.54,0.90,0.90,"",2,6.1,-8,-3.8,311240,3.7,-12833,-0.7,-5175,-23.7,60,7.8,3139,7.9
"C3538","5","33999","47","0","2020","A","","New Orleans-Metairie, LA MSA","Private","NAICS 33999 All other miscellaneous manufacturing","MSA, NAICS 5-digit -- by ownership sector","All establishment sizes",29,260,12044960,2572810,39245,891,46356,"",0.89,0.64,0.55,0.61,0.70,0.87,0.87,"",4,16.0,-42,-13.9,-1640673,-12.0,-276824,-9.7,-7909,-16.8,19,2.2,989,2.2
"C3538","5","339991","48","0","2020","A","","New Orleans-Metairie, LA MSA","Private","NAICS 339991 Gasket, packing, and sealing device mfg.","MSA, NAICS 6-digit -- by ownership sector","All establishment sizes",3,34,1581126,265398,3486,888,46164,"",0.96,0.34,0.28,0.29,0.28,0.82,0.82,"",0,0.0,-6,-15.0,-279164,-15.0,-64186,-19.5,-829,-19.2,-12,-1.3,-636,-1.4
"C3538","5","339994","48","0","2020","A","N","New Orleans-Metairie, LA MSA","Private","NAICS 339994 Broom, brush, and mop manufacturing","MSA, NAICS 6-digit -- by ownership sector","All establishment sizes",1,0,0,0,0,0,0,"N",1.11,0,0,0,0,0,0,"N",0,0.0,0,0,0,0,0,0,0,0,0,0,0,0
"C3538","5","339995","48","0","2020","A","N","New Orleans-Metairie, LA MSA","Private","NAICS 339995 Burial casket manufacturing","MSA, NAICS 6-digit -- by ownership sector","All establishment sizes",1,0,0,0,0,0,0,"N",2.35,0,0,0,0,0,0,"N",0,0.0,0,0,0,0,0,0,0,0,0,0,0,0
"C3538","5","339999","48","0","2020","A","","New Orleans-Metairie, LA MSA","Private","NAICS 339999 All other miscellaneous manufacturing","MSA, NAICS 6-digit -- by ownership sector","All establishment sizes",24,212,9977992,2194213,35657,907,47140,"",0.97,0.99,0.87,0.91,1.09,0.88,0.88,"",4,20.0,-33,-13.5,-1400037,-12.3,-244127,-10.0,-7100,-16.6,12,1.3,620,1.3
"C3538","5","42","44","0","2020","A","","New Orleans-Metairie, LA MSA","Private","NAICS 42 Wholesale trade","MSA, NAICS Sector -- by ownership sector","All establishment sizes",2679,19610,1519847163,186746815,2050515,1490,77503,"",1.08,0.97,1.00,0.89,0.84,1.03,1.03,"",15,0.6,-1192,-5.7,-67058753,-4.2,-9537544,-4.9,-313458,-13.3,23,1.6,1218,1.6
"C3538","5","423","45","0","2020","A","N","New Orleans-Metairie, LA MSA","Private","NAICS 423 Merchant wholesalers, durable goods","MSA, NAICS 3-digit -- by ownership sector","All establishment sizes",1349,0,0,0,0,0,0,"N",1.10,0,0,0,0,0,0,"N",21,1.6,0,0,0,0,0,0,0,0,0,0,0,0
"C3538","5","4231","46","0","2020","A","","New Orleans-Metairie, LA MSA","Private","NAICS 4231 Motor vehicle and parts merchant wholesalers","MSA, NAICS 4-digit -- by ownership sector","All establishment sizes",88,624,35421834,5847644,79370,1092,56758,"",0.86,0.51,0.51,0.49,0.62,0.99,0.98,"",4,4.8,51,8.9,3727081,11.8,361589,6.6,799,1.0,27,2.5,1396,2.5
"C3538","5","42311","47","0","2020","A","","New Orleans-Metairie, LA MSA","Private","NAICS 42311 Motor vehicle merchant wholesalers","MSA, NAICS 5-digit -- by ownership sector","All establishment sizes",24,231,12447622,1998278,24877,1039,54003,"",0.87,0.53,0.45,0.45,0.60,0.85,0.85,"",2,9.1,80,53.0,3076222,32.8,496373,33.0,5866,30.9,-157,-13.1,-8197,-13.2
"C3538","5","423110","48","0","2020","A","","New Orleans-Metairie, LA MSA","Private","NAICS 423110 Motor vehicle merchant wholesalers","MSA, NAICS 6-digit -- by ownership sector","All establishment sizes",24,231,12447622,1998278,24877,1039,54003,"",0.87,0.53,0.45,0.45,0.60,0.85,0.85,"",2,9.1,80,53.0,3076222,32.8,496373,33.0,5866,30.9,-157,-13.1,-8197,-13.2
"C3538","5","42312","47","0","2020","A","","New Orleans-Metairie, LA MSA","Private","NAICS 42312 New motor vehicle parts merchant wholesalers","MSA, NAICS 5-digit -- by ownership sector","All establishment sizes",44,265,15295451,2602042,36398,1110,57701,"",0.77,0.45,0.47,0.46,0.55,1.04,1.04,"",2,4.8,-20,-7.0,63579,0.4,-64224,-2.4,-3809,-9.5,81,7.9,4193,7.8
"C3538","5","423120","48","0","2020","A","","New Orleans-Metairie, LA MSA","Private","NAICS 423120 New motor vehicle parts merchant wholesalers","MSA, NAICS 6-digit -- by ownership sector","All establishment sizes",44,265,15295451,2602042,36398,1110,57701,"",0.77,0.45,0.47,0.46,0.55,1.04,1.04,"",2,4.8,-20,-7.0,63579,0.4,-64224,-2.4,-3809,-9.5,81,7.9,4193,7.8
"C3538","5","42313","47","0","2020","A","N","New Orleans-Metairie, LA MSA","Private","NAICS 42313 Tire and tube merchant wholesalers","MSA, NAICS 5-digit -- by ownership sector","All establishment sizes",11,0,0,0,0,0,0,"N",1.17,0,0,0,0,0,0,"N",1,10.0,0,0,0,0,0,0,0,0,0,0,0,0
"C3538","5","423130","48","0","2020","A","N","New Orleans-Metairie, LA MSA","Private","NAICS 423130 Tire and tube merchant wholesalers","MSA, NAICS 6-digit -- by ownership sector","All establishment sizes",11,0,0,0,0,0,0,"N",1.17,0,0,0,0,0,0,"N",1,10.0,0,0,0,0,0,0,0,0,0,0,0,0
"C3538","5","42314","47","0","2020","A","N","New Orleans-Metairie, LA MSA","Private","NAICS 42314 Used motor vehicle parts merchant wholesalers","MSA, NAICS 5-digit -- by ownership sector","All establishment sizes",10,0,0,0,0,0,0,"N",1.19,0,0,0,0,0,0,"N",0,0.0,0,0,0,0,0,0,0,0,0,0,0,0
"C3538","5","423140","48","0","2020","A","N","New Orleans-Metairie, LA MSA","Private","NAICS 423140 Used motor vehicle parts merchant wholesalers","MSA, NAICS 6-digit -- by ownership sector","All establishment sizes",10,0,0,0,0,0,0,"N",1.19,0,0,0,0,0,0,"N",0,0.0,0,0,0,0,0,0,0,0,0,0,0,0
"C3538","5","4232","46","0","2020","A","N","New Orleans-Metairie, LA MSA","Private","NAICS 4232 Furniture and furnishing merchant wholesalers","MSA, NAICS 4-digit -- by ownership sector","All establishment sizes",40,0,0,0,0,0,0,"N",0.82,0,0,0,0,0,0,"N",1,2.6,0,0,0,0,0,0,0,0,0,0,0,0
"C3538","5","42321","47","0","2020","A","N","New Orleans-Metairie, LA MSA","Private","NAICS 42321 Furniture merchant wholesalers","MSA, NAICS 5-digit -- by ownership sector","All establishment sizes",16,0,0,0,0,0,0,"N",0.72,0,0,0,0,0,0,"N",1,6.7,0,0,0,0,0,0,0,0,0,0,0,0
"C3538","5","423210","48","0","2020","A","N","New Orleans-Metairie, LA MSA","Private","NAICS 423210 Furniture merchant wholesalers","MSA, NAICS 6-digit -- by ownership sector","All establishment sizes",16,0,0,0,0,0,0,"N",0.72,0,0,0,0,0,0,"N",1,6.7,0,0,0,0,0,0,0,0,0,0,0,0
"C3538","5","42322","47","0","2020","A","N","New Orleans-Metairie, LA MSA","Private","NAICS 42322 Home furnishing merchant wholesalers","MSA, NAICS 5-digit -- by ownership sector","All establishment sizes",24,0,0,0,0,0,0,"N",0.90,0,0,0,0,0,0,"N",-1,-4.0,0,0,0,0,0,0,0,0,0,0,0,0
"C3538","5","423220","48","0","2020","A","N","New Orleans-Metairie, LA MSA","Private","NAICS 423220 Home furnishing merchant wholesalers","MSA, NAICS 6-digit -- by ownership sector","All establishment sizes",24,0,0,0,0,0,0,"N",0.90,0,0,0,0,0,0,"N",-1,-4.0,0,0,0,0,0,0,0,0,0,0,0,0
"C3538","5","4233","46","0","2020","A","","New Orleans-Metairie, LA MSA","Private","NAICS 4233 Lumber and const. supply merchant wholesalers","MSA, NAICS 4-digit -- by ownership sector","All establishment sizes",102,948,56661672,8998530,112574,1150,59775,"",1.10,1.10,1.05,0.97,0.97,0.96,0.96,"",0,0.0,0,0.0,2272203,4.2,104761,1.2,-13071,-10.4,47,4.3,2417,4.2
"C3538","5","42331","47","0","2020","A","","New Orleans-Metairie, LA MSA","Private","NAICS 42331 Lumber and wood merchant wholesalers","MSA, NAICS 5-digit -- by ownership sector","All establishment sizes",34,399,24222782,3507233,40883,1169,60785,"",0.94,1.03,1.00,0.80,0.91,0.97,0.97,"",2,6.2,22,5.8,1625800,7.2,276828,8.6,-104,-0.3,17,1.5,886,1.5
"C3538","5","423310","48","0","2020","A","","New Orleans-Metairie, LA MSA","Private","NAICS 423310 Lumber and wood merchant wholesalers","MSA, NAICS 6-digit -- by ownership sector","All establishment sizes",34,399,24222782,3507233,40883,1169,60785,"",0.94,1.03,1.00,0.80,0.91,0.97,0.97,"",2,6.2,22,5.8,1625800,7.2,276828,8.6,-104,-0.3,17,1.5,886,1.5
"C3538","5","42332","47","0","2020","A","","New Orleans-Metairie, LA MSA","Private","NAICS 42332 Masonry material merchant wholesalers","MSA, NAICS 5-digit -- by ownership sector","All establishment sizes",37,282,15898099,2737771,35502,1083,56326,"",1.47,1.26,1.19,1.23,1.03,0.95,0.95,"",1,2.8,-12,-4.1,350296,2.3,-120254,-4.2,-4121,-10.4,67,6.6,3517,6.7
"C3538","5","423320","48","0","2020","A","","New Orleans-Metairie, LA MSA","Private","NAICS 423320 Masonry material merchant wholesalers","MSA, NAICS 6-digit -- by ownership sector","All establishment sizes",37,282,15898099,2737771,35502,1083,56326,"",1.47,1.26,1.19,1.23,1.03,0.95,0.95,"",1,2.8,-12,-4.1,350296,2.3,-120254,-4.2,-4121,-10.4,67,6.6,3517,6.7
"C3538","5","42333","47","0","2020","A","N","New Orleans-Metairie, LA MSA","Private","NAICS 42333 Roofing and siding merchant wholesalers","MSA, NAICS 5-digit -- by ownership sector","All establishment sizes",18,0,0,0,0,0,0,"N",1.26,0,0,0,0,0,0,"N",0,0.0,0,0,0,0,0,0,0,0,0,0,0,0
"C3538","5","423330","48","0","2020","A","N","New Orleans-Metairie, LA MSA","Private","NAICS 423330 Roofing and siding merchant wholesalers","MSA, NAICS 6-digit -- by ownership sector","All establishment sizes",18,0,0,0,0,0,0,"N",1.26,0,0,0,0,0,0,"N",0,0.0,0,0,0,0,0,0,0,0,0,0,0,0
"C3538","5","42339","47","0","2020","A","N","New Orleans-Metairie, LA MSA","Private","NAICS 42339 Other const. material merchant wholesalers","MSA, NAICS 5-digit -- by ownership sector","All establishment sizes",14,0,0,0,0,0,0,"N",0.82,0,0,0,0,0,0,"N",-2,-12.5,0,0,0,0,0,0,0,0,0,0,0,0
"C3538","5","423390","48","0","2020","A","N","New Orleans-Metairie, LA MSA","Private","NAICS 423390 Other const. material merchant wholesalers","MSA, NAICS 6-digit -- by ownership sector","All establishment sizes",14,0,0,0,0,0,0,"N",0.82,0,0,0,0,0,0,"N",-2,-12.5,0,0,0,0,0,0,0,0,0,0,0,0
"C3538","5","4234","46","0","2020","A","","New Orleans-Metairie, LA MSA","Private","NAICS 4234 Commercial equip. merchant wholesalers","MSA, NAICS 4-digit -- by ownership sector","All establishment sizes",342,2169,203444434,19371102,212094,1804,93800,"",1.33,0.89,0.80,0.77,0.65,0.90,0.90,"",12,3.6,43,2.0,1554441,0.8,-353141,-1.8,-15091,-6.6,-22,-1.2,-1177,-1.2
"C3538","5","42341","47","0","2020","A","","New Orleans-Metairie, LA MSA","Private","NAICS 42341 Photographic equip. merchant wholesalers","MSA, NAICS 5-digit -- by ownership sector","All establishment sizes",5,17,2054706,148610,575,2291,119113,"",0.99,0.37,0.47,0.27,0.08,1.28,1.28,"",0,0.0,-2,-10.5,-112405,-5.2,-17972,-10.8,-69,-10.7,145,6.8,7502,6.7
"C3538","5","423410","48","0","2020","A","","New Orleans-Metairie, LA MSA","Private","NAICS 423410 Photographic equip. merchant wholesalers","MSA, NAICS 6-digit -- by ownership sector","All establishment sizes",5,17,2054706,148610,575,2291,119113,"",0.99,0.37,0.47,0.27,0.08,1.28,1.28,"",0,0.0,-2,-10.5,-112405,-5.2,-17972,-10.8,-69,-10.7,145,6.8,7502,6.7
"C3538","5","42342","47","0","2020","A","","New Orleans-Metairie, LA MSA","Private","NAICS 42342 Office equipment merchant wholesalers","MSA, NAICS 5-digit -- by ownership sector","All establishment sizes",37,500,30931980,4381656,30141,1189,61823,"",1.53,1.90,1.78,1.55,0.79,0.94,0.94,"N",-1,-2.6,0,0,0,0,0,0,0,0,0,0,0,0
"C3538","5","423420","48","0","2020","A","","New Orleans-Metairie, LA MSA","Private","NAICS 423420 Office equipment merchant wholesalers","MSA, NAICS 6-digit -- by ownership sector","All establishment sizes",37,500,30931980,4381656,30141,1189,61823,"",1.53,1.90,1.78,1.55,0.79,0.94,0.94,"N",-1,-2.6,0,0,0,0,0,0,0,0,0,0,0,0
"C3538","5","42343","47","0","2020","A","","New Orleans-Metairie, LA MSA","Private","NAICS 42343 Computer and software merchant wholesalers","MSA, NAICS 5-digit -- by ownership sector","All establishment sizes",46,199,20937103,1915081,20041,2028,105432,"",0.77,0.25,0.19,0.23,0.18,0.78,0.78,"",2,4.5,-12,-5.7,43050,0.2,5233,0.3,-1572,-7.3,121,6.3,6291,6.3
"C3538","5","423430","48","0","2020","A","","New Orleans-Metairie, LA MSA","Private","NAICS 423430 Computer and software merchant wholesalers","MSA, NAICS 6-digit -- by ownership sector","All establishment sizes",46,199,20937103,1915081,20041,2028,105432,"",0.77,0.25,0.19,0.23,0.18,0.78,0.78,"",2,4.5,-12,-5.7,43050,0.2,5233,0.3,-1572,-7.3,121,6.3,6291,6.3
"C3538","5","42344","47","0","2020","A","","New Orleans-Metairie, LA MSA","Private","NAICS 42344 Other commercial equip. merchant wholesalers","MSA, NAICS 5-digit -- by ownership sector","All establishment sizes",33,175,10231556,1815066,18178,1124,58438,"",1.28,0.93,0.87,0.95,0.79,0.93,0.93,"",2,6.5,-22,-11.2,-1051623,-9.3,-56190,-3.0,-5204,-22.3,20,1.8,1017,1.8
"C3538","5","423440","48","0","2020","A","","New Orleans-Metairie, LA MSA","Private","NAICS 423440 Other commercial equip. merchant wholesalers","MSA, NAICS 6-digit -- by ownership sector","All establishment sizes",33,175,10231556,1815066,18178,1124,58438,"",1.28,0.93,0.87,0.95,0.79,0.93,0.93,"",2,6.5,-22,-11.2,-1051623,-9.3,-56190,-3.0,-5204,-22.3,20,1.8,1017,1.8
"C3538","5","42345","47","0","2020","A","N","New Orleans-Metairie, LA MSA","Private","NAICS 42345 Medical equipment merchant wholesalers","MSA, NAICS 5-digit -- by ownership sector","All establishment sizes",201,0,0,0,0,0,0,"N",1.73,0,0,0,0,0,0,"N",9,4.7,0,0,0,0,0,0,0,0,0,0,0,0
"C3538","5","423450","48","0","2020","A","N","New Orleans-Metairie, LA MSA","Private","NAICS 423450 Medical equipment merchant wholesalers","MSA, NAICS 6-digit -- by ownership sector","All establishment sizes",201,0,0,0,0,0,0,"N",1.73,0,0,0,0,0,0,"N",9,4.7,0,0,0,0,0,0,0,0,0,0,0,0
"C3538","5","42346","47","0","2020","A","N","New Orleans-Metairie, LA MSA","Private","NAICS 42346 Ophthalmic goods merchant wholesalers","MSA, NAICS 5-digit -- by ownership sector","All establishment sizes",14,0,0,0,0,0,0,"N",1.53,0,0,0,0,0,0,"N",-1,-6.7,0,0,0,0,0,0,0,0,0,0,0,0
"C3538","5","423460","48","0","2020","A","N","New Orleans-Metairie, LA MSA","Private","NAICS 423460 Ophthalmic goods merchant wholesalers","MSA, NAICS 6-digit -- by ownership sector","All establishment sizes",14,0,0,0,0,0,0,"N",1.53,0,0,0,0,0,0,"N",-1,-6.7,0,0,0,0,0,0,0,0,0,0,0,0
"C3538","5","42349","47","0","2020","A","","New Orleans-Metairie, LA MSA","Private","NAICS 42349 Other professional equip. merchant wholesaler","MSA, NAICS 5-digit -- by ownership sector","All establishment sizes",5,65,3806881,603995,5317,1121,58269,"",0.30,0.55,0.39,0.49,0.37,0.71,0.71,"",0,0.0,1,1.6,261402,7.4,51352,9.3,-1355,-20.3,60,5.7,3086,5.6
"C3538","5","423490","48","0","2020","A","","New Orleans-Metairie, LA MSA","Private","NAICS 423490 Other professional equip. merchant wholesaler","MSA, NAICS 6-digit -- by ownership sector","All establishment sizes",5,65,3806881,603995,5317,1121,58269,"",0.30,0.55,0.39,0.49,0.37,0.71,0.71,"",0,0.0,1,1.6,261402,7.4,51352,9.3,-1355,-20.3,60,5.7,3086,5.6
"C3538","5","4235","46","0","2020","A","","New Orleans-Metairie, LA MSA","Private","NAICS 4235 Metal and mineral merchant wholesalers","MSA, NAICS 4-digit -- by ownership sector","All establishment sizes",41,422,31712618,4248318,49191,1444,75104,"",0.91,0.94,1.04,0.96,0.95,1.11,1.11,"",-1,-2.4,-57,-11.9,-2037648,-6.0,-311225,-6.8,-17162,-25.9,90,6.6,4681,6.6
"C3538","5","42351","47","0","2020","A","N","New Orleans-Metairie, LA MSA","Private","NAICS 42351 Metal merchant wholesalers","MSA, NAICS 5-digit -- by ownership sector","All establishment sizes",39,0,0,0,0,0,0,"N",0.90,0,0,0,0,0,0,"N",-1,-2.5,0,0,0,0,0,0,0,0,0,0,0,0
"C3538","5","423510","48","0","2020","A","N","New Orleans-Metairie, LA MSA","Private","NAICS 423510 Metal merchant wholesalers","MSA, NAICS 6-digit -- by ownership sector","All establishment sizes",39,0,0,0,0,0,0,"N",0.90,0,0,0,0,0,0,"N",-1,-2.5,0,0,0,0,0,0,0,0,0,0,0,0
"C3538","5","42352","47","0","2020","A","N","New Orleans-Metairie, LA MSA","Private","NAICS 42352 Coal and other mineral merchant wholesalers","MSA, NAICS 5-digit -- by ownership sector","All establishment sizes",1,0,0,0,0,0,0,"N",0.48,0,0,0,0,0,0,"N",-1,-50.0,0,0,0,0,0,0,0,0,0,0,0,0
"C3538","5","423520","48","0","2020","A","N","New Orleans-Metairie, LA MSA","Private","NAICS 423520 Coal and other mineral merchant wholesalers","MSA, NAICS 6-digit -- by ownership sector","All establishment sizes",1,0,0,0,0,0,0,"N",0.48,0,0,0,0,0,0,"N",-1,-50.0,0,0,0,0,0,0,0,0,0,0,0,0
"C3538","5","4236","46","0","2020","A","","New Orleans-Metairie, LA MSA","Private","NAICS 4236 Appliance and electric goods merchant whls.","MSA, NAICS 4-digit -- by ownership sector","All establishment sizes",150,835,60031466,8141357,99238,1382,71872,"",1.05,0.68,0.58,0.65,0.64,0.85,0.85,"",2,1.4,-186,-18.2,-17575988,-22.6,-1552391,-16.0,-36890,-27.1,-80,-5.5,-4176,-5.5
"C3538","5","42361","47","0","2020","A","N","New Orleans-Metairie, LA MSA","Private","NAICS 42361 Elec. equip. and wiring merchant wholesalers","MSA, NAICS 5-digit -- by ownership sector","All establishment sizes",84,0,0,0,0,0,0,"N",1.21,0,0,0,0,0,0,"N",4,5.0,0,0,0,0,0,0,0,0,0,0,0,0
"C3538","5","423610","48","0","2020","A","N","New Orleans-Metairie, LA MSA","Private","NAICS 423610 Elec. equip. and wiring merchant wholesalers","MSA, NAICS 6-digit -- by ownership sector","All establishment sizes",84,0,0,0,0,0,0,"N",1.21,0,0,0,0,0,0,"N",4,5.0,0,0,0,0,0,0,0,0,0,0,0,0
"C3538","5","42362","47","0","2020","A","N","New Orleans-Metairie, LA MSA","Private","NAICS 42362 Appliance and electronics merchant whls.","MSA, NAICS 5-digit -- by ownership sector","All establishment sizes",14,0,0,0,0,0,0,"N",0.85,0,0,0,0,0,0,"N",-3,-17.6,0,0,0,0,0,0,0,0,0,0,0,0
"C3538","5","423620","48","0","2020","A","N","New Orleans-Metairie, LA MSA","Private","NAICS 423620 Appliance and electronics merchant whls.","MSA, NAICS 6-digit -- by ownership sector","All establishment sizes",14,0,0,0,0,0,0,"N",0.85,0,0,0,0,0,0,"N",-3,-17.6,0,0,0,0,0,0,0,0,0,0,0,0
"C3538","5","42369","47","0","2020","A","","New Orleans-Metairie, LA MSA","Private","NAICS 42369 Other electronic parts merchant wholesalers","MSA, NAICS 5-digit -- by ownership sector","All establishment sizes",52,169,9217661,1569698,22037,1048,54515,"",0.91,0.35,0.20,0.31,0.33,0.57,0.57,"",1,2.0,3,1.8,461627,5.3,69896,4.7,1315,6.3,31,3.0,1608,3.0
"C3538","5","423690","48","0","2020","A","","New Orleans-Metairie, LA MSA","Private","NAICS 423690 Other electronic parts merchant wholesalers","MSA, NAICS 6-digit -- by ownership sector","All establishment sizes",52,169,9217661,1569698,22037,1048,54515,"",0.91,0.35,0.20,0.31,0.33,0.57,0.57,"",1,2.0,3,1.8,461627,5.3,69896,4.7,1315,6.3,31,3.0,1608,3.0
"C3538","5","4237","46","0","2020","A","","New Orleans-Metairie, LA MSA","Private","NAICS 4237 Hardware and plumbing merchant wholesalers","MSA, NAICS 4-digit -- by ownership sector","All establishment sizes",111,806,56153821,7292265,92200,1340,69684,"",1.09,0.81,0.84,0.71,0.88,1.03,1.03,"",-5,-4.3,-74,-8.4,-1230179,-2.1,-569280,-7.2,-12941,-12.3,86,6.9,4463,6.8
"C3538","5","42371","47","0","2020","A","","New Orleans-Metairie, LA MSA","Private","NAICS 42371 Hardware merchant wholesalers","MSA, NAICS 5-digit -- by ownership sector","All establishment sizes",19,85,5602643,872538,10712,1266,65849,"",0.60,0.28,0.30,0.28,0.32,1.08,1.08,"",-4,-17.4,-45,-34.6,-2414392,-30.1,-379102,-30.3,-6831,-38.9,79,6.7,4140,6.7
"C3538","5","423710","48","0","2020","A","","New Orleans-Metairie, LA MSA","Private","NAICS 423710 Hardware merchant wholesalers","MSA, NAICS 6-digit -- by ownership sector","All establishment sizes",19,85,5602643,872538,10712,1266,65849,"",0.60,0.28,0.30,0.28,0.32,1.08,1.08,"",-4,-17.4,-45,-34.6,-2414392,-30.1,-379102,-30.3,-6831,-38.9,79,6.7,4140,6.7
"C3538","5","42372","47","0","2020","A","","New Orleans-Metairie, LA MSA","Private","NAICS 42372 Plumbing equip. merchant wholesalers","MSA, NAICS 5-digit -- by ownership sector","All establishment sizes",33,263,17483862,2477598,35949,1280,66542,"",0.86,0.69,0.69,0.60,0.87,0.99,0.99,"",2,6.5,-8,-3.0,746744,4.5,-3723,-0.2,-4182,-10.4,94,7.9,4876,7.9
"C3538","5","423720","48","0","2020","A","","New Orleans-Metairie, LA MSA","Private","NAICS 423720 Plumbing equip. merchant wholesalers","MSA, NAICS 6-digit -- by ownership sector","All establishment sizes",33,263,17483862,2477598,35949,1280,66542,"",0.86,0.69,0.69,0.60,0.87,0.99,0.99,"",2,6.5,-8,-3.0,746744,4.5,-3723,-0.2,-4182,-10.4,94,7.9,4876,7.9
"C3538","5","42373","47","0","2020","A","","New Orleans-Metairie, LA MSA","Private","NAICS 42373 Hvac equip. merchant wholesalers","MSA, NAICS 5-digit -- by ownership sector","All establishment sizes",37,381,29211485,3345002,38462,1474,76671,"",1.48,1.50,1.48,1.35,1.51,0.99,0.99,"",-1,-2.6,-10,-2.6,660813,2.3,-132557,-3.8,-1112,-2.8,68,4.8,3558,4.9
"C3538","5","423730","48","0","2020","A","","New Orleans-Metairie, LA MSA","Private","NAICS 423730 Hvac equip. merchant wholesalers","MSA, NAICS 6-digit -- by ownership sector","All establishment sizes",37,381,29211485,3345002,38462,1474,76671,"",1.48,1.50,1.48,1.35,1.51,0.99,0.99,"",-1,-2.6,-10,-2.6,660813,2.3,-132557,-3.8,-1112,-2.8,68,4.8,3558,4.9
"C3538","5","42374","47","0","2020","A","","New Orleans-Metairie, LA MSA","Private","NAICS 42374 Refrigeration equip. merchant wholesalers","MSA, NAICS 5-digit -- by ownership sector","All establishment sizes",23,77,3855831,597127,7077,963,50076,"",3.45,1.49,1.13,1.21,1.33,0.76,0.76,"",-1,-4.2,-11,-12.5,-223344,-5.5,-53898,-8.3,-816,-10.3,72,8.1,3722,8.0
"C3538","5","423740","48","0","2020","A","","New Orleans-Metairie, LA MSA","Private","NAICS 423740 Refrigeration equip. merchant wholesalers","MSA, NAICS 6-digit -- by ownership sector","All establishment sizes",23,77,3855831,597127,7077,963,50076,"",3.45,1.49,1.13,1.21,1.33,0.76,0.76,"",-1,-4.2,-11,-12.5,-223344,-5.5,-53898,-8.3,-816,-10.3,72,8.1,3722,8.0
"C3538","5","4238","46","0","2020","A","","New Orleans-Metairie, LA MSA","Private","NAICS 4238 Machinery and supply merchant wholesalers","MSA, NAICS 4-digit -- by ownership sector","All establishment sizes",342,3129,237922502,29166370,328870,1462,76030,"",1.19,1.27,1.39,1.13,1.25,1.09,1.09,"",2,0.6,-156,-4.7,-14992599,-5.9,-965039,-3.2,-43898,-11.8,-19,-1.3,-969,-1.3
"C3538","5","42381","47","0","2020","A","N","New Orleans-Metairie, LA MSA","Private","NAICS 42381 Construction equipment merchant wholesalers","MSA, NAICS 5-digit -- by ownership sector","All establishment sizes",15,0,0,0,0,0,0,"N",0.68,0,0,0,0,0,0,"N",-1,-6.2,0,0,0,0,0,0,0,0,0,0,0,0
"C3538","5","423810","48","0","2020","A","N","New Orleans-Metairie, LA MSA","Private","NAICS 423810 Construction equipment merchant wholesalers","MSA, NAICS 6-digit -- by ownership sector","All establishment sizes",15,0,0,0,0,0,0,"N",0.68,0,0,0,0,0,0,"N",-1,-6.2,0,0,0,0,0,0,0,0,0,0,0,0
"C3538","5","42382","47","0","2020","A","N","New Orleans-Metairie, LA MSA","Private","NAICS 42382 Farm and garden equip. merchant wholesalers","MSA, NAICS 5-digit -- by ownership sector","All establishment sizes",13,0,0,0,0,0,0,"N",0.36,0,0,0,0,0,0,"N",0,0.0,0,0,0,0,0,0,0,0,0,0,0,0
"C3538","5","423820","48","0","2020","A","N","New Orleans-Metairie, LA MSA","Private","NAICS 423820 Farm and garden equip. merchant wholesalers","MSA, NAICS 6-digit -- by ownership sector","All establishment sizes",13,0,0,0,0,0,0,"N",0.36,0,0,0,0,0,0,"N",0,0.0,0,0,0,0,0,0,0,0,0,0,0,0
"C3538","5","42383","47","0","2020","A","","New Orleans-Metairie, LA MSA","Private","NAICS 42383 Industrial machinery merchant wholesalers","MSA, NAICS 5-digit -- by ownership sector","All establishment sizes",168,1483,121398607,14564217,176757,1575,81879,"",1.20,1.32,1.47,1.27,1.39,1.11,1.11,"",3,1.8,-131,-8.1,-11966640,-9.0,-721709,-4.7,-31861,-15.3,-14,-0.9,-764,-0.9
"C3538","5","423830","48","0","2020","A","","New Orleans-Metairie, LA MSA","Private","NAICS 423830 Industrial machinery merchant wholesalers","MSA, NAICS 6-digit -- by ownership sector","All establishment sizes",168,1483,121398607,14564217,176757,1575,81879,"",1.20,1.32,1.47,1.27,1.39,1.11,1.11,"",3,1.8,-131,-8.1,-11966640,-9.0,-721709,-4.7,-31861,-15.3,-14,-0.9,-764,-0.9
"C3538","5","42384","47","0","2020","A","","New Orleans-Metairie, LA MSA","Private","NAICS 42384 Industrial supplies merchant wholesalers","MSA, NAICS 5-digit -- by ownership sector","All establishment sizes",75,553,37486089,5064797,63467,1303,67766,"",1.54,1.62,1.60,1.42,1.68,0.99,0.99,"N",-1,-1.3,0,0,0,0,0,0,0,0,0,0,0,0
"C3538","5","423840","48","0","2020","A","","New Orleans-Metairie, LA MSA","Private","NAICS 423840 Industrial supplies merchant wholesalers","MSA, NAICS 6-digit -- by ownership sector","All establishment sizes",75,553,37486089,5064797,63467,1303,67766,"",1.54,1.62,1.60,1.42,1.68,0.99,0.99,"N",-1,-1.3,0,0,0,0,0,0,0,0,0,0,0,0
"C3538","5","42385","47","0","2020","A","","New Orleans-Metairie, LA MSA","Private","NAICS 42385 Service estab. equip. merchant wholesalers","MSA, NAICS 5-digit -- by ownership sector","All establishment sizes",34,376,25785895,3602498,34791,1317,68504,"",1.37,1.97,2.50,1.89,1.75,1.27,1.27,"",1,3.0,-6,-1.6,-1065762,-4.0,-206060,-5.4,-3681,-9.6,-34,-2.5,-1758,-2.5
"C3538","5","423850","48","0","2020","A","","New Orleans-Metairie, LA MSA","Private","NAICS 423850 Service estab. equip. merchant wholesalers","MSA, NAICS 6-digit -- by ownership sector","All establishment sizes",34,376,25785895,3602498,34791,1317,68504,"",1.37,1.97,2.50,1.89,1.75,1.27,1.27,"",1,3.0,-6,-1.6,-1065762,-4.0,-206060,-5.4,-3681,-9.6,-34,-2.5,-1758,-2.5
"C3538","5","42386","47","0","2020","A","","New Orleans-Metairie, LA MSA","Private","NAICS 42386 Transport. goods merchant wholesalers","MSA, NAICS 5-digit -- by ownership sector","All establishment sizes",37,431,34704674,3864338,35508,1547,80459,"",2.28,3.66,3.65,3.46,2.68,1.00,1.00,"",0,0.0,7,1.7,192398,0.6,170402,4.6,-2181,-5.8,-20,-1.3,-1034,-1.3
"C3538","5","423860","48","0","2020","A","","New Orleans-Metairie, LA MSA","Private","NAICS 423860 Transport. goods merchant wholesalers","MSA, NAICS 6-digit -- by ownership sector","All establishment sizes",37,431,34704674,3864338,35508,1547,80459,"",2.28,3.66,3.65,3.46,2.68,1.00,1.00,"",0,0.0,7,1.7,192398,0.6,170402,4.6,-2181,-5.8,-20,-1.3,-1034,-1.3
"C3538","5","4239","46","0","2020","A","","New Orleans-Metairie, LA MSA","Private","NAICS 4239 Misc. durable goods merchant wholesalers","MSA, NAICS 4-digit -- by ownership sector","All establishment sizes",135,949,58580714,7771277,83634,1188,61751,"",0.88,0.95,0.98,0.76,0.66,1.04,1.04,"",7,5.5,-20,-2.1,-4436283,-7.0,-85551,-1.1,-5336,-6.0,-63,-5.0,-3282,-5.0
"C3538","5","42391","47","0","2020","A","","New Orleans-Metairie, LA MSA","Private","NAICS 42391 Sporting goods merchant wholesalers","MSA, NAICS 5-digit -- by ownership sector","All establishment sizes",26,368,27370436,1863824,9963,1431,74410,"",0.90,1.83,2.14,0.87,0.39,1.17,1.17,"",1,4.0,8,2.2,-1729558,-5.9,-28901,-1.5,-822,-7.6,-125,-8.0,-6498,-8.0
"C3538","5","423910","48","0","2020","A","","New Orleans-Metairie, LA MSA","Private","NAICS 423910 Sporting goods merchant wholesalers","MSA, NAICS 6-digit -- by ownership sector","All establishment sizes",26,368,27370436,1863824,9963,1431,74410,"",0.90,1.83,2.14,0.87,0.39,1.17,1.17,"",1,4.0,8,2.2,-1729558,-5.9,-28901,-1.5,-822,-7.6,-125,-8.0,-6498,-8.0
"C3538","5","42392","47","0","2020","A","N","New Orleans-Metairie, LA MSA","Private","NAICS 42392 Toy and hobby goods merchant wholesalers","MSA, NAICS 5-digit -- by ownership sector","All establishment sizes",7,0,0,0,0,0,0,"N",0.73,0,0,0,0,0,0,"N",0,0.0,0,0,0,0,0,0,0,0,0,0,0,0
"C3538","5","423920","48","0","2020","A","N","New Orleans-Metairie, LA MSA","Private","NAICS 423920 Toy and hobby goods merchant wholesalers","MSA, NAICS 6-digit -- by ownership sector","All establishment sizes",7,0,0,0,0,0,0,"N",0.73,0,0,0,0,0,0,"N",0,0.0,0,0,0,0,0,0,0,0,0,0,0,0
"C3538","5","42393","47","0","2020","A","","New Orleans-Metairie, LA MSA","Private","NAICS 42393 Recyclable material merchant wholesalers","MSA, NAICS 5-digit -- by ownership sector","All establishment sizes",19,138,6017477,1497578,19497,837,43526,"",0.61,0.41,0.35,0.44,0.50,0.86,0.86,"",1,5.6,-6,-4.2,-399369,-6.2,28252,1.9,-640,-3.2,-20,-2.3,-1035,-2.3
"C3538","5","423930","48","0","2020","A","","New Orleans-Metairie, LA MSA","Private","NAICS 423930 Recyclable material merchant wholesalers","MSA, NAICS 6-digit -- by ownership sector","All establishment sizes",19,138,6017477,1497578,19497,837,43526,"",0.61,0.41,0.35,0.44,0.50,0.86,0.86,"",1,5.6,-6,-4.2,-399369,-6.2,28252,1.9,-640,-3.2,-20,-2.3,-1035,-2.3
"C3538","5","42394","47","0","2020","A","N","New Orleans-Metairie, LA MSA","Private","NAICS 42394 Jewelry merchant wholesalers","MSA, NAICS 5-digit -- by ownership sector","All establishment sizes",26,0,0,0,0,0,0,"N",0.92,0,0,0,0,0,0,"N",0,0.0,0,0,0,0,0,0,0,0,0,0,0,0
"C3538","5","423940","48","0","2020","A","N","New Orleans-Metairie, LA MSA","Private","NAICS 423940 Jewelry merchant wholesalers","MSA, NAICS 6-digit -- by ownership sector","All establishment sizes",26,0,0,0,0,0,0,"N",0.92,0,0,0,0,0,0,"N",0,0.0,0,0,0,0,0,0,0,0,0,0,0,0
"C3538","5","42399","47","0","2020","A","","New Orleans-Metairie, LA MSA","Private","NAICS 42399 Other durable goods merchant wholesalers","MSA, NAICS 5-digit -- by ownership sector","All establishment sizes",58,304,19085781,3092352,41095,1207,62782,"",1.06,1.08,1.06,1.06,1.17,0.98,0.98,"",6,11.5,-11,-3.5,-1875959,-8.9,-37930,-1.2,-2521,-5.8,-72,-5.6,-3710,-5.6
"C3538","5","423990","48","0","2020","A","","New Orleans-Metairie, LA MSA","Private","NAICS 423990 Other durable goods merchant wholesalers","MSA, NAICS 6-digit -- by ownership sector","All establishment sizes",58,304,19085781,3092352,41095,1207,62782,"",1.06,1.08,1.06,1.06,1.17,0.98,0.98,"",6,11.5,-11,-3.5,-1875959,-8.9,-37930,-1.2,-2521,-5.8,-72,-5.6,-3710,-5.6
"C3538","5","424","45","0","2020","A","N","New Orleans-Metairie, LA MSA","Private","NAICS 424 Merchant wholesalers, nondurable goods","MSA, NAICS 3-digit -- by ownership sector","All establishment sizes",718,0,0,0,0,0,0,"N",1.05,0,0,0,0,0,0,"N",39,5.7,0,0,0,0,0,0,0,0,0,0,0,0
"C3538","5","4241","46","0","2020","A","","New Orleans-Metairie, LA MSA","Private","NAICS 4241 Paper and paper product merchant wholesalers","MSA, NAICS 4-digit -- by ownership sector","All establishment sizes",36,247,16968998,2251456,24518,1321,68700,"",0.86,0.58,0.61,0.52,0.48,1.06,1.06,"N",5,16.1,0,0,0,0,0,0,0,0,0,0,0,0
"C3538","5","42411","47","0","2020","A","","New Orleans-Metairie, LA MSA","Private","NAICS 42411 Printing and writing paper merch. whls.","MSA, NAICS 5-digit -- by ownership sector","All establishment sizes",7,33,2234049,335525,3084,1315,68389,"",1.13,0.78,0.64,0.73,0.55,0.83,0.83,"",2,40.0,-9,-21.4,-623517,-21.8,-63963,-16.0,-2185,-41.5,14,1.1,754,1.1
"C3538","5","424110","48","0","2020","A","","New Orleans-Metairie, LA MSA","Private","NAICS 424110 Printing and writing paper merch. whls.","MSA, NAICS 6-digit -- by ownership sector","All establishment sizes",7,33,2234049,335525,3084,1315,68389,"",1.13,0.78,0.64,0.73,0.55,0.83,0.83,"",2,40.0,-9,-21.4,-623517,-21.8,-63963,-16.0,-2185,-41.5,14,1.1,754,1.1
"C3538","5","42412","47","0","2020","A","","New Orleans-Metairie, LA MSA","Private","NAICS 42412 Office supplies merchant wholesalers","MSA, NAICS 5-digit -- by ownership sector","All establishment sizes",10,33,2030006,287716,4771,1195,62143,"",0.68,0.21,0.27,0.21,0.27,1.28,1.28,"N",1,11.1,0,0,0,0,0,0,0,0,0,0,0,0
"C3538","5","424120","48","0","2020","A","","New Orleans-Metairie, LA MSA","Private","NAICS 424120 Office supplies merchant wholesalers","MSA, NAICS 6-digit -- by ownership sector","All establishment sizes",10,33,2030006,287716,4771,1195,62143,"",0.68,0.21,0.27,0.21,0.27,1.28,1.28,"N",1,11.1,0,0,0,0,0,0,0,0,0,0,0,0
"C3538","5","42413","47","0","2020","A","","New Orleans-Metairie, LA MSA","Private","NAICS 42413 Industrial paper merchant wholesalers","MSA, NAICS 5-digit -- by ownership sector","All establishment sizes",20,182,12704943,1628215,16663,1345,69935,"",0.96,0.80,0.76,0.65,0.60,0.95,0.95,"",3,17.6,-1,-0.5,481327,3.9,-74374,-4.4,-5299,-24.1,62,4.8,3230,4.8
"C3538","5","424130","48","0","2020","A","","New Orleans-Metairie, LA MSA","Private","NAICS 424130 Industrial paper merchant wholesalers","MSA, NAICS 6-digit -- by ownership sector","All establishment sizes",20,182,12704943,1628215,16663,1345,69935,"",0.96,0.80,0.76,0.65,0.60,0.95,0.95,"",3,17.6,-1,-0.5,481327,3.9,-74374,-4.4,-5299,-24.1,62,4.8,3230,4.8
"C3538","5","4242","46","0","2020","A","","New Orleans-Metairie, LA MSA","Private","NAICS 4242 Druggists' goods merchant wholesalers","MSA, NAICS 4-digit -- by ownership sector","All establishment sizes",118,519,76074461,4794188,47353,2818,146532,"",1.40,0.62,0.72,0.54,0.40,1.18,1.18,"",9,8.3,37,7.7,-4963003,-6.1,105432,2.2,-3735,-7.3,-415,-12.8,-21566,-12.8
"C3538","5","42421","47","0","2020","A","","New Orleans-Metairie, LA MSA","Private","NAICS 42421 Druggists' goods merchant wholesalers","MSA, NAICS 5-digit -- by ownership sector","All establishment sizes",118,519,76074461,4794188,47353,2818,146532,"",1.40,0.62,0.72,0.54,0.40,1.18,1.18,"",9,8.3,37,7.7,-4963003,-6.1,105432,2.2,-3735,-7.3,-415,-12.8,-21566,-12.8
"C3538","5","424210","48","0","2020","A","","New Orleans-Metairie, LA MSA","Private","NAICS 424210 Druggists' goods merchant wholesalers","MSA, NAICS 6-digit -- by ownership sector","All establishment sizes",118,519,76074461,4794188,47353,2818,146532,"",1.40,0.62,0.72,0.54,0.40,1.18,1.18,"",9,8.3,37,7.7,-4963003,-6.1,105432,2.2,-3735,-7.3,-415,-12.8,-21566,-12.8
"C3538","5","4243","46","0","2020","A","","New Orleans-Metairie, LA MSA","Private","NAICS 4243 Apparel and piece goods merchant wholesalers","MSA, NAICS 4-digit -- by ownership sector","All establishment sizes",54,267,12305649,2935391,47282,886,46089,"",0.86,0.57,0.39,0.60,0.63,0.69,0.69,"",6,12.5,-101,-27.4,-2860273,-18.9,-353615,-10.8,-9192,-16.3,94,11.9,4896,11.9
"C3538","5","42431","47","0","2020","A","N","New Orleans-Metairie, LA MSA","Private","NAICS 42431 Piece goods merchant wholesalers","MSA, NAICS 5-digit -- by ownership sector","All establishment sizes",12,0,0,0,0,0,0,"N",0.81,0,0,0,0,0,0,"N",-1,-7.7,0,0,0,0,0,0,0,0,0,0,0,0
"C3538","5","424310","48","0","2020","A","N","New Orleans-Metairie, LA MSA","Private","NAICS 424310 Piece goods merchant wholesalers","MSA, NAICS 6-digit -- by ownership sector","All establishment sizes",12,0,0,0,0,0,0,"N",0.81,0,0,0,0,0,0,"N",-1,-7.7,0,0,0,0,0,0,0,0,0,0,0,0
"C3538","5","42432","47","0","2020","A","","New Orleans-Metairie, LA MSA","Private","NAICS 42432 Men's and boys' clothing merchant wholesalers","MSA, NAICS 5-digit -- by ownership sector","All establishment sizes",13,158,6397043,1757807,32894,780,40552,"",1.16,1.76,1.13,1.78,2.47,0.64,0.64,"",1,8.3,-75,-32.2,-1947728,-23.3,-296531,-14.4,-7331,-18.2,92,13.4,4776,13.3
"C3538","5","424320","48","0","2020","A","","New Orleans-Metairie, LA MSA","Private","NAICS 424320 Men's and boys' clothing merchant wholesalers","MSA, NAICS 6-digit -- by ownership sector","All establishment sizes",13,158,6397043,1757807,32894,780,40552,"",1.16,1.76,1.13,1.78,2.47,0.64,0.64,"",1,8.3,-75,-32.2,-1947728,-23.3,-296531,-14.4,-7331,-18.2,92,13.4,4776,13.3
"C3538","5","42433","47","0","2020","A","","New Orleans-Metairie, LA MSA","Private","NAICS 42433 Women's and children's clothing merch. whls.","MSA, NAICS 5-digit -- by ownership sector","All establishment sizes",24,86,4665597,898114,12853,1047,54462,"",0.81,0.39,0.31,0.39,0.33,0.80,0.80,"",5,26.3,-19,-18.1,-758503,-14.0,-64734,-6.7,-2135,-14.2,51,5.1,2681,5.2
"C3538","5","424330","48","0","2020","A","","New Orleans-Metairie, LA MSA","Private","NAICS 424330 Women's and children's clothing merch. whls.","MSA, NAICS 6-digit -- by ownership sector","All establishment sizes",24,86,4665597,898114,12853,1047,54462,"",0.81,0.39,0.31,0.39,0.33,0.80,0.80,"",5,26.3,-19,-18.1,-758503,-14.0,-64734,-6.7,-2135,-14.2,51,5.1,2681,5.2
"C3538","5","42434","47","0","2020","A","N","New Orleans-Metairie, LA MSA","Private","NAICS 42434 Footwear merchant wholesalers","MSA, NAICS 5-digit -- by ownership sector","All establishment sizes",5,0,0,0,0,0,0,"N",0.69,0,0,0,0,0,0,"N",1,25.0,0,0,0,0,0,0,0,0,0,0,0,0
"C3538","5","424340","48","0","2020","A","N","New Orleans-Metairie, LA MSA","Private","NAICS 424340 Footwear merchant wholesalers","MSA, NAICS 6-digit -- by ownership sector","All establishment sizes",5,0,0,0,0,0,0,"N",0.69,0,0,0,0,0,0,"N",1,25.0,0,0,0,0,0,0,0,0,0,0,0,0
"C3538","5","4244","46","0","2020","A","N","New Orleans-Metairie, LA MSA","Private","NAICS 4244 Grocery and related product wholesalers","MSA, NAICS 4-digit -- by ownership sector","All establishment sizes",218,0,0,0,0,0,0,"N",1.20,0,0,0,0,0,0,"N",5,2.3,0,0,0,0,0,0,0,0,0,0,0,0
"C3538","5","42441","47","0","2020","A","","New Orleans-Metairie, LA MSA","Private","NAICS 42441 General line grocery merchant wholesalers","MSA, NAICS 5-digit -- by ownership sector","All establishment sizes",42,1164,70004045,12492534,191023,1157,60154,"",1.50,1.40,1.45,1.37,1.93,1.04,1.04,"",5,13.5,-56,-4.6,-561477,-0.8,-757449,-5.7,-20667,-9.8,45,4.0,2313,4.0
"C3538","5","424410","48","0","2020","A","","New Orleans-Metairie, LA MSA","Private","NAICS 424410 General line grocery merchant wholesalers","MSA, NAICS 6-digit -- by ownership sector","All establishment sizes",42,1164,70004045,12492534,191023,1157,60154,"",1.50,1.40,1.45,1.37,1.93,1.04,1.04,"",5,13.5,-56,-4.6,-561477,-0.8,-757449,-5.7,-20667,-9.8,45,4.0,2313,4.0
"C3538","5","42442","47","0","2020","A","","New Orleans-Metairie, LA MSA","Private","NAICS 42442 Packaged frozen food merchant wholesalers","MSA, NAICS 5-digit -- by ownership sector","All establishment sizes",14,53,2979849,532953,6643,1088,56579,"",1.39,0.50,0.44,0.48,0.53,0.89,0.89,"",1,7.7,-5,-8.6,-544010,-15.4,-25040,-4.5,-1390,-17.3,-74,-6.4,-3830,-6.3
"C3538","5","424420","48","0","2020","A","","New Orleans-Metairie, LA MSA","Private","NAICS 424420 Packaged frozen food merchant wholesalers","MSA, NAICS 6-digit -- by ownership sector","All establishment sizes",14,53,2979849,532953,6643,1088,56579,"",1.39,0.50,0.44,0.48,0.53,0.89,0.89,"",1,7.7,-5,-8.6,-544010,-15.4,-25040,-4.5,-1390,-17.3,-74,-6.4,-3830,-6.3
"C3538","5","42443","47","0","2020","A","","New Orleans-Metairie, LA MSA","Private","NAICS 42443 Dairy product merchant wholesalers","MSA, NAICS 5-digit -- by ownership sector","All establishment sizes",13,120,6064323,1003015,9004,969,50396,"",1.18,1.03,0.86,0.78,0.60,0.83,0.83,"",2,18.2,8,7.1,610291,11.2,20383,2.1,183,2.1,35,3.7,1808,3.7
"C3538","5","424430","48","0","2020","A","","New Orleans-Metairie, LA MSA","Private","NAICS 424430 Dairy product merchant wholesalers","MSA, NAICS 6-digit -- by ownership sector","All establishment sizes",13,120,6064323,1003015,9004,969,50396,"",1.18,1.03,0.86,0.78,0.60,0.83,0.83,"",2,18.2,8,7.1,610291,11.2,20383,2.1,183,2.1,35,3.7,1808,3.7
"C3538","5","42444","47","0","2020","A","N","New Orleans-Metairie, LA MSA","Private","NAICS 42444 Poultry product merchant wholesalers","MSA, NAICS 5-digit -- by ownership sector","All establishment sizes",3,0,0,0,0,0,0,"N",1.09,0,0,0,0,0,0,"N",1,50.0,0,0,0,0,0,0,0,0,0,0,0,0
"C3538","5","424440","48","0","2020","A","N","New Orleans-Metairie, LA MSA","Private","NAICS 424440 Poultry product merchant wholesalers","MSA, NAICS 6-digit -- by ownership sector","All establishment sizes",3,0,0,0,0,0,0,"N",1.09,0,0,0,0,0,0,"N",1,50.0,0,0,0,0,0,0,0,0,0,0,0,0
"C3538","5","42445","47","0","2020","A","","New Orleans-Metairie, LA MSA","Private","NAICS 42445 Confectionery merchant wholesalers","MSA, NAICS 5-digit -- by ownership sector","All establishment sizes",15,232,13826023,2171177,12468,1144,59509,"",0.99,1.13,1.14,1.05,0.61,1.01,1.01,"",-4,-21.1,-6,-2.5,874721,6.8,55871,2.6,-4346,-25.8,96,9.2,5035,9.2
"C3538","5","424450","48","0","2020","A","","New Orleans-Metairie, LA MSA","Private","NAICS 424450 Confectionery merchant wholesalers","MSA, NAICS 6-digit -- by ownership sector","All establishment sizes",15,232,13826023,2171177,12468,1144,59509,"",0.99,1.13,1.14,1.05,0.61,1.01,1.01,"",-4,-21.1,-6,-2.5,874721,6.8,55871,2.6,-4346,-25.8,96,9.2,5035,9.2
"C3538","5","42446","47","0","2020","A","","New Orleans-Metairie, LA MSA","Private","NAICS 42446 Fish and seafood merchant wholesalers","MSA, NAICS 5-digit -- by ownership sector","All establishment sizes",43,245,12717456,2603327,27801,997,51837,"",3.93,2.67,2.72,2.59,2.26,1.02,1.02,"",4,10.3,-40,-14.0,-1683912,-11.7,-116484,-4.3,-6932,-20.0,26,2.7,1365,2.7
"C3538","5","424460","48","0","2020","A","","New Orleans-Metairie, LA MSA","Private","NAICS 424460 Fish and seafood merchant wholesalers","MSA, NAICS 6-digit -- by ownership sector","All establishment sizes",43,245,12717456,2603327,27801,997,51837,"",3.93,2.67,2.72,2.59,2.26,1.02,1.02,"",4,10.3,-40,-14.0,-1683912,-11.7,-116484,-4.3,-6932,-20.0,26,2.7,1365,2.7
"C3538","5","42447","47","0","2020","A","N","New Orleans-Metairie, LA MSA","Private","NAICS 42447 Meat and meat product merchant wholesalers","MSA, NAICS 5-digit -- by ownership sector","All establishment sizes",6,0,0,0,0,0,0,"N",0.50,0,0,0,0,0,0,"N",0,0.0,0,0,0,0,0,0,0,0,0,0,0,0
"C3538","5","424470","48","0","2020","A","N","New Orleans-Metairie, LA MSA","Private","NAICS 424470 Meat and meat product merchant wholesalers","MSA, NAICS 6-digit -- by ownership sector","All establishment sizes",6,0,0,0,0,0,0,"N",0.50,0,0,0,0,0,0,"N",0,0.0,0,0,0,0,0,0,0,0,0,0,0,0
"C3538","5","42448","47","0","2020","A","","New Orleans-Metairie, LA MSA","Private","NAICS 42448 Fruit and vegetable merchant wholesalers","MSA, NAICS 5-digit -- by ownership sector","All establishment sizes",8,194,8348200,2138837,17493,828,43050,"",0.41,0.59,0.49,0.63,0.40,0.83,0.82,"",-1,-11.1,-42,-17.8,-1412851,-14.5,-258841,-10.8,-4679,-21.1,34,4.3,1763,4.3
"C3538","5","424480","48","0","2020","A","","New Orleans-Metairie, LA MSA","Private","NAICS 424480 Fruit and vegetable merchant wholesalers","MSA, NAICS 6-digit -- by ownership sector","All establishment sizes",8,194,8348200,2138837,17493,828,43050,"",0.41,0.59,0.49,0.63,0.40,0.83,0.82,"",-1,-11.1,-42,-17.8,-1412851,-14.5,-258841,-10.8,-4679,-21.1,34,4.3,1763,4.3
"C3538","5","42449","47","0","2020","A","","New Orleans-Metairie, LA MSA","Private","NAICS 42449 Other grocery product merchant wholesalers","MSA, NAICS 5-digit -- by ownership sector","All establishment sizes",76,610,42996222,6049022,81390,1356,70505,"",1.05,0.77,0.90,0.72,0.88,1.17,1.17,"",-2,-2.6,15,2.5,211828,0.5,305106,5.3,-2143,-2.6,-26,-1.9,-1361,-1.9
"C3538","5","424490","48","0","2020","A","","New Orleans-Metairie, LA MSA","Private","NAICS 424490 Other grocery product merchant wholesalers","MSA, NAICS 6-digit -- by ownership sector","All establishment sizes",76,610,42996222,6049022,81390,1356,70505,"",1.05,0.77,0.90,0.72,0.88,1.17,1.17,"",-2,-2.6,15,2.5,211828,0.5,305106,5.3,-2143,-2.6,-26,-1.9,-1361,-1.9
"C3538","5","4245","46","0","2020","A","","New Orleans-Metairie, LA MSA","Private","NAICS 4245 Farm product raw material merch. whls.","MSA, NAICS 4-digit -- by ownership sector","All establishment sizes",11,437,42316785,3737357,14505,1861,96779,"",0.41,1.80,3.63,1.39,0.69,2.02,2.02,"",3,37.5,49,12.6,4252815,11.2,298725,8.7,-18827,-56.5,-25,-1.3,-1303,-1.3
"C3538","5","42451","47","0","2020","A","N","New Orleans-Metairie, LA MSA","Private","NAICS 42451 Grain and field bean merchant wholesalers","MSA, NAICS 5-digit -- by ownership sector","All establishment sizes",10,0,0,0,0,0,0,"N",0.63,0,0,0,0,0,0,"N",2,25.0,0,0,0,0,0,0,0,0,0,0,0,0
"C3538","5","424510","48","0","2020","A","N","New Orleans-Metairie, LA MSA","Private","NAICS 424510 Grain and field bean merchant wholesalers","MSA, NAICS 6-digit -- by ownership sector","All establishment sizes",10,0,0,0,0,0,0,"N",0.63,0,0,0,0,0,0,"N",2,25.0,0,0,0,0,0,0,0,0,0,0,0,0
"C3538","5","42459","47","0","2020","A","N","New Orleans-Metairie, LA MSA","Private","NAICS 42459 Other farm product raw material merch. whls.","MSA, NAICS 5-digit -- by ownership sector","All establishment sizes",1,0,0,0,0,0,0,"N",0.18,0,0,0,0,0,0,"N",1,100.0,0,0,0,0,0,0,0,0,0,0,0,0
"C3538","5","424590","48","0","2020","A","N","New Orleans-Metairie, LA MSA","Private","NAICS 424590 Other farm product raw material merch. whls.","MSA, NAICS 6-digit -- by ownership sector","All establishment sizes",1,0,0,0,0,0,0,"N",0.18,0,0,0,0,0,0,"N",1,100.0,0,0,0,0,0,0,0,0,0,0,0,0
"C3538","5","4246","46","0","2020","A","","New Orleans-Metairie, LA MSA","Private","NAICS 4246 Chemical merchant wholesalers","MSA, NAICS 4-digit -- by ownership sector","All establishment sizes",59,403,44760068,4006801,27952,2134,110975,"",0.81,0.78,1.03,0.77,0.46,1.32,1.32,"",3,5.4,19,4.9,4549458,11.3,-109628,-2.7,-296,-1.0,121,6.0,6305,6.0
"C3538","5","42461","47","0","2020","A","N","New Orleans-Metairie, LA MSA","Private","NAICS 42461 Plastics materials merchant wholesalers","MSA, NAICS 5-digit -- by ownership sector","All establishment sizes",7,0,0,0,0,0,0,"N",0.38,0,0,0,0,0,0,"N",0,0.0,0,0,0,0,0,0,0,0,0,0,0,0
"C3538","5","424610","48","0","2020","A","N","New Orleans-Metairie, LA MSA","Private","NAICS 424610 Plastics materials merchant wholesalers","MSA, NAICS 6-digit -- by ownership sector","All establishment sizes",7,0,0,0,0,0,0,"N",0.38,0,0,0,0,0,0,"N",0,0.0,0,0,0,0,0,0,0,0,0,0,0,0
"C3538","5","42469","47","0","2020","A","N","New Orleans-Metairie, LA MSA","Private","NAICS 42469 Other chemicals merchant wholesalers","MSA, NAICS 5-digit -- by ownership sector","All establishment sizes",52,0,0,0,0,0,0,"N",0.96,0,0,0,0,0,0,"N",2,4.0,0,0,0,0,0,0,0,0,0,0,0,0
"C3538","5","424690","48","0","2020","A","N","New Orleans-Metairie, LA MSA","Private","NAICS 424690 Other chemicals merchant wholesalers","MSA, NAICS 6-digit -- by ownership sector","All establishment sizes",52,0,0,0,0,0,0,"N",0.96,0,0,0,0,0,0,"N",2,4.0,0,0,0,0,0,0,0,0,0,0,0,0
"C3538","5","4247","46","0","2020","A","","New Orleans-Metairie, LA MSA","Private","NAICS 4247 Petroleum merchant wholesalers","MSA, NAICS 4-digit -- by ownership sector","All establishment sizes",46,616,56761064,6071633,61213,1771,92095,"",1.37,1.74,1.92,1.60,1.55,1.11,1.11,"",4,9.5,-17,-2.7,580964,1.0,-445654,-6.8,-6207,-9.2,65,3.8,3378,3.8
"C3538","5","42471","47","0","2020","A","","New Orleans-Metairie, LA MSA","Private","NAICS 42471 Petroleum bulk stations and terminals","MSA, NAICS 5-digit -- by ownership sector","All establishment sizes",13,249,28200471,2498524,18217,2182,113483,"",1.18,2.08,3.02,1.86,1.47,1.45,1.45,"N",3,30.0,0,0,0,0,0,0,0,0,0,0,0,0
"C3538","5","424710","48","0","2020","A","","New Orleans-Metairie, LA MSA","Private","NAICS 424710 Petroleum bulk stations and terminals","MSA, NAICS 6-digit -- by ownership sector","All establishment sizes",13,249,28200471,2498524,18217,2182,113483,"",1.18,2.08,3.02,1.86,1.47,1.45,1.45,"N",3,30.0,0,0,0,0,0,0,0,0,0,0,0,0
"C3538","5","42472","47","0","2020","A","","New Orleans-Metairie, LA MSA","Private","NAICS 42472 Other petroleum merchant wholesalers","MSA, NAICS 5-digit -- by ownership sector","All establishment sizes",33,368,28560593,3573109,42996,1493,77645,"",1.47,1.57,1.42,1.46,1.59,0.90,0.90,"N",1,3.1,0,0,0,0,0,0,0,0,0,0,0,0
"C3538","5","424720","48","0","2020","A","","New Orleans-Metairie, LA MSA","Private","NAICS 424720 Other petroleum merchant wholesalers","MSA, NAICS 6-digit -- by ownership sector","All establishment sizes",33,368,28560593,3573109,42996,1493,77645,"",1.47,1.57,1.42,1.46,1.59,0.90,0.90,"N",1,3.1,0,0,0,0,0,0,0,0,0,0,0,0
"C3538","5","4248","46","0","2020","A","","New Orleans-Metairie, LA MSA","Private","NAICS 4248 Alcoholic beverage merchant wholesalers","MSA, NAICS 4-digit -- by ownership sector","All establishment sizes",65,1688,111926064,16910811,128411,1275,66304,"",1.95,2.39,2.27,2.32,1.91,0.95,0.95,"",2,3.2,-52,-3.0,3038471,2.8,-808412,-4.6,-8873,-6.5,71,5.9,3713,5.9
"C3538","5","42481","47","0","2020","A","","New Orleans-Metairie, LA MSA","Private","NAICS 42481 Beer and ale merchant wholesalers","MSA, NAICS 5-digit -- by ownership sector","All establishment sizes",12,755,39066195,7839182,46216,995,51755,"",1.00,1.91,1.77,1.92,1.29,0.93,0.93,"",0,0.0,102,15.6,5064880,14.9,916834,13.2,-4626,-9.1,-6,-0.6,-281,-0.5
"C3538","5","424810","48","0","2020","A","","New Orleans-Metairie, LA MSA","Private","NAICS 424810 Beer and ale merchant wholesalers","MSA, NAICS 6-digit -- by ownership sector","All establishment sizes",12,755,39066195,7839182,46216,995,51755,"",1.00,1.91,1.77,1.92,1.29,0.93,0.93,"",0,0.0,102,15.6,5064880,14.9,916834,13.2,-4626,-9.1,-6,-0.6,-281,-0.5
"C3538","5","42482","47","0","2020","A","","New Orleans-Metairie, LA MSA","Private","NAICS 42482 Wine and spirit merchant wholesalers","MSA, NAICS 5-digit -- by ownership sector","All establishment sizes",53,933,72859869,9071629,82195,1501,78071,"",2.48,2.99,2.68,2.83,2.61,0.89,0.89,"",1,1.9,-153,-14.1,-2026409,-2.7,-1725246,-16.0,-4247,-4.9,175,13.2,9131,13.2
"C3538","5","424820","48","0","2020","A","","New Orleans-Metairie, LA MSA","Private","NAICS 424820 Wine and spirit merchant wholesalers","MSA, NAICS 6-digit -- by ownership sector","All establishment sizes",53,933,72859869,9071629,82195,1501,78071,"",2.48,2.99,2.68,2.83,2.61,0.89,0.89,"",1,1.9,-153,-14.1,-2026409,-2.7,-1725246,-16.0,-4247,-4.9,175,13.2,9131,13.2
"C3538","5","4249","46","0","2020","A","","New Orleans-Metairie, LA MSA","Private","NAICS 4249 Misc. nondurable goods merchant wholesalers","MSA, NAICS 4-digit -- by ownership sector","All establishment sizes",113,754,43356106,7463388,72091,1106,57489,"",0.77,0.67,0.70,0.64,0.52,1.04,1.04,"",4,3.7,-26,-3.3,2804590,6.9,-216106,-2.8,-18298,-20.2,106,10.6,5500,10.6
"C3538","5","42491","47","0","2020","A","","New Orleans-Metairie, LA MSA","Private","NAICS 42491 Farm supplies merchant wholesalers","MSA, NAICS 5-digit -- by ownership sector","All establishment sizes",12,54,3178916,528689,4967,1125,58508,"",0.24,0.13,0.12,0.11,0.09,0.95,0.95,"",-2,-14.3,-16,-22.9,-863445,-21.4,-281042,-34.7,-6611,-57.1,13,1.2,691,1.2
"C3538","5","424910","48","0","2020","A","","New Orleans-Metairie, LA MSA","Private","NAICS 424910 Farm supplies merchant wholesalers","MSA, NAICS 6-digit -- by ownership sector","All establishment sizes",12,54,3178916,528689,4967,1125,58508,"",0.24,0.13,0.12,0.11,0.09,0.95,0.95,"",-2,-14.3,-16,-22.9,-863445,-21.4,-281042,-34.7,-6611,-57.1,13,1.2,691,1.2
"C3538","5","42492","47","0","2020","A","","New Orleans-Metairie, LA MSA","Private","NAICS 42492 Book and periodical merchant wholesalers","MSA, NAICS 5-digit -- by ownership sector","All establishment sizes",7,19,828448,134227,754,850,44184,"",0.82,0.17,0.16,0.12,0.06,0.96,0.96,"",0,0.0,-2,-9.5,-184387,-18.2,-39833,-22.9,-761,-50.2,-59,-6.5,-3108,-6.6
"C3538","5","424920","48","0","2020","A","","New Orleans-Metairie, LA MSA","Private","NAICS 424920 Book and periodical merchant wholesalers","MSA, NAICS 6-digit -- by ownership sector","All establishment sizes",7,19,828448,134227,754,850,44184,"",0.82,0.17,0.16,0.12,0.06,0.96,0.96,"",0,0.0,-2,-9.5,-184387,-18.2,-39833,-22.9,-761,-50.2,-59,-6.5,-3108,-6.6
"C3538","5","42493","47","0","2020","A","","New Orleans-Metairie, LA MSA","Private","NAICS 42493 Nursery and florist merchant wholesalers","MSA, NAICS 5-digit -- by ownership sector","All establishment sizes",8,63,2443016,552119,4698,752,39088,"",0.57,0.41,0.42,0.39,0.25,1.02,1.02,"",0,0.0,-7,-10.0,-81340,-3.2,-6562,-1.2,494,11.8,58,8.4,2983,8.3
"C3538","5","424930","48","0","2020","A","","New Orleans-Metairie, LA MSA","Private","NAICS 424930 Nursery and florist merchant wholesalers","MSA, NAICS 6-digit -- by ownership sector","All establishment sizes",8,63,2443016,552119,4698,752,39088,"",0.57,0.41,0.42,0.39,0.25,1.02,1.02,"",0,0.0,-7,-10.0,-81340,-3.2,-6562,-1.2,494,11.8,58,8.4,2983,8.3
"C3538","5","42494","47","0","2020","A","","New Orleans-Metairie, LA MSA","Private","NAICS 42494 Tobacco and tobacco product merch. whls.","MSA, NAICS 5-digit -- by ownership sector","All establishment sizes",13,326,18331475,3452285,25646,1080,56174,"",1.70,3.78,3.76,4.00,3.07,0.99,0.99,"",2,18.2,6,1.9,2991742,19.5,224232,6.9,-9017,-26.0,157,17.0,8175,17.0
"C3538","5","424940","48","0","2020","A","","New Orleans-Metairie, LA MSA","Private","NAICS 424940 Tobacco and tobacco product merch. whls.","MSA, NAICS 6-digit -- by ownership sector","All establishment sizes",13,326,18331475,3452285,25646,1080,56174,"",1.70,3.78,3.76,4.00,3.07,0.99,0.99,"",2,18.2,6,1.9,2991742,19.5,224232,6.9,-9017,-26.0,157,17.0,8175,17.0
"C3538","5","42495","47","0","2020","A","","New Orleans-Metairie, LA MSA","Private","NAICS 42495 Paint and supplies merchant wholesalers","MSA, NAICS 5-digit -- by ownership sector","All establishment sizes",18,57,4818130,563880,6264,1630,84776,"",1.57,0.74,0.98,0.75,0.75,1.33,1.33,"",2,12.5,-1,-1.7,255819,5.6,6792,1.2,1101,21.3,124,8.2,6453,8.2
"C3538","5","424950","48","0","2020","A","","New Orleans-Metairie, LA MSA","Private","NAICS 424950 Paint and supplies merchant wholesalers","MSA, NAICS 6-digit -- by ownership sector","All establishment sizes",18,57,4818130,563880,6264,1630,84776,"",1.57,0.74,0.98,0.75,0.75,1.33,1.33,"",2,12.5,-1,-1.7,255819,5.6,6792,1.2,1101,21.3,124,8.2,6453,8.2
"C3538","5","42499","47","0","2020","A","","New Orleans-Metairie, LA MSA","Private","NAICS 42499 Other nondurable goods merchant wholesalers","MSA, NAICS 5-digit -- by ownership sector","All establishment sizes",55,235,13756121,2232188,29762,1124,58433,"",1.00,0.86,0.89,0.85,0.82,1.03,1.03,"",1,1.9,-6,-2.5,686201,5.3,-119693,-5.1,-3504,-10.5,81,7.8,4182,7.7
"C3538","5","424990","48","0","2020","A","","New Orleans-Metairie, LA MSA","Private","NAICS 424990 Other nondurable goods merchant wholesalers","MSA, NAICS 6-digit -- by ownership sector","All establishment sizes",55,235,13756121,2232188,29762,1124,58433,"",1.00,0.86,0.89,0.85,0.82,1.03,1.03,"",1,1.9,-6,-2.5,686201,5.3,-119693,-5.1,-3504,-10.5,81,7.8,4182,7.7
"C3538","5","425","45","0","2020","A","","New Orleans-Metairie, LA MSA","Private","NAICS 425 Electronic markets and agents and brokers","MSA, NAICS 3-digit -- by ownership sector","All establishment sizes",612,1902,200084229,18230165,190575,2023,105178,"",1.10,1.08,1.17,0.97,0.84,1.09,1.08,"N",-45,-6.8,0,0,0,0,0,0,0,0,0,0,0,0
"C3538","5","4251","46","0","2020","A","","New Orleans-Metairie, LA MSA","Private","NAICS 4251 Electronic markets and agents and brokers","MSA, NAICS 4-digit -- by ownership sector","All establishment sizes",612,1902,200084229,18230165,190575,2023,105178,"",1.10,1.08,1.17,0.97,0.84,1.09,1.08,"N",-45,-6.8,0,0,0,0,0,0,0,0,0,0,0,0
"C3538","5","42511","47","0","2020","A","N","New Orleans-Metairie, LA MSA","Private","NAICS 42511 Business to business electronic markets","MSA, NAICS 5-digit -- by ownership sector","All establishment sizes",20,0,0,0,0,0,0,"N",1.36,0,0,0,0,0,0,"N",-1,-4.8,0,0,0,0,0,0,0,0,0,0,0,0
"C3538","5","425110","48","0","2020","A","N","New Orleans-Metairie, LA MSA","Private","NAICS 425110 Business to business electronic markets","MSA, NAICS 6-digit -- by ownership sector","All establishment sizes",20,0,0,0,0,0,0,"N",1.36,0,0,0,0,0,0,"N",-1,-4.8,0,0,0,0,0,0,0,0,0,0,0,0
"C3538","5","42512","47","0","2020","A","N","New Orleans-Metairie, LA MSA","Private","NAICS 42512 Wholesale trade agents and brokers","MSA, NAICS 5-digit -- by ownership sector","All establishment sizes",592,0,0,0,0,0,0,"N",1.09,0,0,0,0,0,0,"N",-44,-6.9,0,0,0,0,0,0,0,0,0,0,0,0
"C3538","5","425120","48","0","2020","A","N","New Orleans-Metairie, LA MSA","Private","NAICS 425120 Wholesale trade agents and brokers","MSA, NAICS 6-digit -- by ownership sector","All establishment sizes",592,0,0,0,0,0,0,"N",1.09,0,0,0,0,0,0,"N",-44,-6.9,0,0,0,0,0,0,0,0,0,0,0,0
"C3538","5","44-45","44","0","2020","A","","New Orleans-Metairie, LA MSA","Private","NAICS 44-45 Retail trade","MSA, NAICS Sector -- by ownership sector","All establishment sizes",5073,56442,1832578566,539018239,4880734,624,32469,"",1.21,1.07,1.05,1.17,1.19,0.98,0.98,"",82,1.6,-3955,-6.5,10766412,0.6,-8309878,-1.5,-798344,-14.1,44,7.6,2305,7.6
"C3538","5","441","45","0","2020","A","","New Orleans-Metairie, LA MSA","Private","NAICS 441 Motor vehicle and parts dealers","MSA, NAICS 3-digit -- by ownership sector","All establishment sizes",442,6578,347195462,67716546,738811,1015,52782,"",0.93,0.97,1.01,1.00,1.05,1.04,1.04,"",4,0.9,-631,-8.8,-11481915,-3.2,-6968455,-9.3,-221455,-23.1,58,6.1,3026,6.1
"C3538","5","4411","46","0","2020","A","","New Orleans-Metairie, LA MSA","Private","NAICS 4411 Automobile dealers","MSA, NAICS 4-digit -- by ownership sector","All establishment sizes",132,4082,255370586,43509517,507952,1203,62568,"",0.71,0.95,1.02,0.98,1.03,1.07,1.07,"",-2,-1.5,-379,-8.5,-4533334,-1.7,-4838728,-10.0,-146021,-22.3,83,7.4,4306,7.4
"C3538","5","44111","47","0","2020","A","N","New Orleans-Metairie, LA MSA","Private","NAICS 44111 New car dealers","MSA, NAICS 5-digit -- by ownership sector","All establishment sizes",73,0,0,0,0,0,0,"N",0.89,0,0,0,0,0,0,"N",-2,-2.7,0,0,0,0,0,0,0,0,0,0,0,0
"C3538","5","441110","48","0","2020","A","N","New Orleans-Metairie, LA MSA","Private","NAICS 441110 New car dealers","MSA, NAICS 6-digit -- by ownership sector","All establishment sizes",73,0,0,0,0,0,0,"N",0.89,0,0,0,0,0,0,"N",-2,-2.7,0,0,0,0,0,0,0,0,0,0,0,0
"C3538","5","44112","47","0","2020","A","N","New Orleans-Metairie, LA MSA","Private","NAICS 44112 Used car dealers","MSA, NAICS 5-digit -- by ownership sector","All establishment sizes",59,0,0,0,0,0,0,"N",0.57,0,0,0,0,0,0,"N",0,0.0,0,0,0,0,0,0,0,0,0,0,0,0
"C3538","5","441120","48","0","2020","A","N","New Orleans-Metairie, LA MSA","Private","NAICS 441120 Used car dealers","MSA, NAICS 6-digit -- by ownership sector","All establishment sizes",59,0,0,0,0,0,0,"N",0.57,0,0,0,0,0,0,"N",0,0.0,0,0,0,0,0,0,0,0,0,0,0,0
"C3538","5","4412","46","0","2020","A","N","New Orleans-Metairie, LA MSA","Private","NAICS 4412 Other motor vehicle dealers","MSA, NAICS 4-digit -- by ownership sector","All establishment sizes",56,0,0,0,0,0,0,"N",0.99,0,0,0,0,0,0,"N",-4,-6.7,0,0,0,0,0,0,0,0,0,0,0,0
"C3538","5","44121","47","0","2020","A","N","New Orleans-Metairie, LA MSA","Private","NAICS 44121 Recreational vehicle dealers","MSA, NAICS 5-digit -- by ownership sector","All establishment sizes",5,0,0,0,0,0,0,"N",0.46,0,0,0,0,0,0,"N",0,0.0,0,0,0,0,0,0,0,0,0,0,0,0
"C3538","5","441210","48","0","2020","A","N","New Orleans-Metairie, LA MSA","Private","NAICS 441210 Recreational vehicle dealers","MSA, NAICS 6-digit -- by ownership sector","All establishment sizes",5,0,0,0,0,0,0,"N",0.46,0,0,0,0,0,0,"N",0,0.0,0,0,0,0,0,0,0,0,0,0,0,0
"C3538","5","44122","47","0","2020","A","","New Orleans-Metairie, LA MSA","Private","NAICS 44122 Motorcycle, boat, and other vehicle dealers","MSA, NAICS 5-digit -- by ownership sector","All establishment sizes",51,421,21367973,4100765,46949,977,50785,"",1.11,1.11,1.21,1.04,0.92,1.09,1.09,"",-4,-7.3,-99,-19.0,-2207377,-9.4,-1089173,-21.0,-29085,-38.3,104,11.9,5411,11.9
"C3538","5","441222","48","0","2020","A","N","New Orleans-Metairie, LA MSA","Private","NAICS 441222 Boat dealers","MSA, NAICS 6-digit -- by ownership sector","All establishment sizes",31,0,0,0,0,0,0,"N",1.76,0,0,0,0,0,0,"N",-1,-3.1,0,0,0,0,0,0,0,0,0,0,0,0
"C3538","5","441228","48","0","2020","A","N","New Orleans-Metairie, LA MSA","Private","NAICS 441228 Motorcycle, atv, and other vehicle dealers","MSA, NAICS 6-digit -- by ownership sector","All establishment sizes",21,0,0,0,0,0,0,"N",0.75,0,0,0,0,0,0,"N",-2,-8.7,0,0,0,0,0,0,0,0,0,0,0,0
"C3538","5","4413","46","0","2020","A","N","New Orleans-Metairie, LA MSA","Private","NAICS 4413 Auto parts, accessories, and tire stores","MSA, NAICS 4-digit -- by ownership sector","All establishment sizes",255,0,0,0,0,0,0,"N",1.10,0,0,0,0,0,0,"N",10,4.1,0,0,0,0,0,0,0,0,0,0,0,0
"C3538","5","44131","47","0","2020","A","","New Orleans-Metairie, LA MSA","Private","NAICS 44131 Automotive parts and accessories stores","MSA, NAICS 5-digit -- by ownership sector","All establishment sizes",156,1341,38380826,12547751,93530,550,28625,"",1.04,1.03,0.97,1.14,1.14,0.94,0.94,"",0,0.0,-124,-8.5,-3157589,-7.6,-709974,-5.4,-26945,-22.4,5,0.9,271,1.0
"C3538","5","441310","48","0","2020","A","","New Orleans-Metairie, LA MSA","Private","NAICS 441310 Automotive parts and accessories stores","MSA, NAICS 6-digit -- by ownership sector","All establishment sizes",156,1341,38380826,12547751,93530,550,28625,"",1.04,1.03,0.97,1.14,1.14,0.94,0.94,"",0,0.0,-124,-8.5,-3157589,-7.6,-709974,-5.4,-26945,-22.4,5,0.9,271,1.0
"C3538","5","44132","47","0","2020","A","N","New Orleans-Metairie, LA MSA","Private","NAICS 44132 Tire dealers","MSA, NAICS 5-digit -- by ownership sector","All establishment sizes",98,0,0,0,0,0,0,"N",1.20,0,0,0,0,0,0,"N",9,10.1,0,0,0,0,0,0,0,0,0,0,0,0
"C3538","5","441320","48","0","2020","A","N","New Orleans-Metairie, LA MSA","Private","NAICS 441320 Tire dealers","MSA, NAICS 6-digit -- by ownership sector","All establishment sizes",98,0,0,0,0,0,0,"N",1.20,0,0,0,0,0,0,"N",9,10.1,0,0,0,0,0,0,0,0,0,0,0,0
"C3538","5","442","45","0","2020","A","","New Orleans-Metairie, LA MSA","Private","NAICS 442 Furniture and home furnishings stores","MSA, NAICS 3-digit -- by ownership sector","All establishment sizes",186,1721,66117812,16716097,185667,739,38429,"",1.00,1.18,1.17,1.21,1.28,0.99,0.99,"N",-1,-0.5,0,0,0,0,0,0,0,0,0,0,0,0
"C3538","5","4421","46","0","2020","A","","New Orleans-Metairie, LA MSA","Private","NAICS 4421 Furniture stores","MSA, NAICS 4-digit -- by ownership sector","All establishment sizes",81,934,40219899,9678896,128441,828,43043,"",0.91,1.32,1.30,1.34,1.65,0.98,0.98,"",1,1.2,-76,-7.5,2522077,6.7,-328737,-3.3,-39374,-23.5,111,15.5,5734,15.4
"C3538","5","44211","47","0","2020","A","","New Orleans-Metairie, LA MSA","Private","NAICS 44211 Furniture stores","MSA, NAICS 5-digit -- by ownership sector","All establishment sizes",81,934,40219899,9678896,128441,828,43043,"",0.91,1.32,1.30,1.34,1.65,0.98,0.98,"",1,1.2,-76,-7.5,2522077,6.7,-328737,-3.3,-39374,-23.5,111,15.5,5734,15.4
"C3538","5","442110","48","0","2020","A","","New Orleans-Metairie, LA MSA","Private","NAICS 442110 Furniture stores","MSA, NAICS 6-digit -- by ownership sector","All establishment sizes",81,934,40219899,9678896,128441,828,43043,"",0.91,1.32,1.30,1.34,1.65,0.98,0.98,"",1,1.2,-76,-7.5,2522077,6.7,-328737,-3.3,-39374,-23.5,111,15.5,5734,15.4
"C3538","5","4422","46","0","2020","A","","New Orleans-Metairie, LA MSA","Private","NAICS 4422 Home furnishings stores","MSA, NAICS 4-digit -- by ownership sector","All establishment sizes",105,786,25897913,7037201,57226,634,32946,"",1.09,1.04,1.01,1.08,0.86,0.98,0.97,"N",-2,-1.9,0,0,0,0,0,0,0,0,0,0,0,0
"C3538","5","44221","47","0","2020","A","N","New Orleans-Metairie, LA MSA","Private","NAICS 44221 Floor covering stores","MSA, NAICS 5-digit -- by ownership sector","All establishment sizes",35,0,0,0,0,0,0,"N",0.93,0,0,0,0,0,0,"N",0,0.0,0,0,0,0,0,0,0,0,0,0,0,0
"C3538","5","442210","48","0","2020","A","N","New Orleans-Metairie, LA MSA","Private","NAICS 442210 Floor covering stores","MSA, NAICS 6-digit -- by ownership sector","All establishment sizes",35,0,0,0,0,0,0,"N",0.93,0,0,0,0,0,0,"N",0,0.0,0,0,0,0,0,0,0,0,0,0,0,0
"C3538","5","44229","47","0","2020","A","N","New Orleans-Metairie, LA MSA","Private","NAICS 44229 Other home furnishings stores","MSA, NAICS 5-digit -- by ownership sector","All establishment sizes",71,0,0,0,0,0,0,"N",1.21,0,0,0,0,0,0,"N",-1,-1.4,0,0,0,0,0,0,0,0,0,0,0,0
"C3538","5","442291","48","0","2020","A","N","New Orleans-Metairie, LA MSA","Private","NAICS 442291 Window treatment stores","MSA, NAICS 6-digit -- by ownership sector","All establishment sizes",6,0,0,0,0,0,0,"N",0.66,0,0,0,0,0,0,"N",0,0.0,0,0,0,0,0,0,0,0,0,0,0,0
"C3538","5","442299","48","0","2020","A","N","New Orleans-Metairie, LA MSA","Private","NAICS 442299 All other home furnishings stores","MSA, NAICS 6-digit -- by ownership sector","All establishment sizes",65,0,0,0,0,0,0,"N",1.31,0,0,0,0,0,0,"N",0,0.0,0,0,0,0,0,0,0,0,0,0,0,0
"C3538","5","443","45","0","2020","A","","New Orleans-Metairie, LA MSA","Private","NAICS 443 Electronics and appliance stores","MSA, NAICS 3-digit -- by ownership sector","All establishment sizes",284,1732,81789824,16574435,197718,908,47236,"",1.62,1.11,1.09,1.19,1.32,0.98,0.99,"",4,1.4,-97,-5.3,3509310,4.5,-997949,-5.7,-35383,-15.2,85,10.3,4427,10.3
"C3538","5","4431","46","0","2020","A","","New Orleans-Metairie, LA MSA","Private","NAICS 4431 Electronics and appliance stores","MSA, NAICS 4-digit -- by ownership sector","All establishment sizes",284,1732,81789824,16574435,197718,908,47236,"",1.62,1.11,1.09,1.19,1.32,0.98,0.99,"",4,1.4,-97,-5.3,3509310,4.5,-997949,-5.7,-35383,-15.2,85,10.3,4427,10.3
"C3538","5","44314","47","0","2020","A","","New Orleans-Metairie, LA MSA","Private","NAICS 44314 Electronics and appliance stores","MSA, NAICS 5-digit -- by ownership sector","All establishment sizes",284,1732,81789824,16574435,197718,908,47236,"",1.62,1.11,1.09,1.19,1.32,0.98,0.99,"",4,1.4,-97,-5.3,3509310,4.5,-997949,-5.7,-35383,-15.2,85,10.3,4427,10.3
"C3538","5","443141","48","0","2020","A","","New Orleans-Metairie, LA MSA","Private","NAICS 443141 Household appliance stores","MSA, NAICS 6-digit -- by ownership sector","All establishment sizes",27,118,5231388,1032368,15946,856,44522,"",1.23,0.74,0.74,0.64,1.02,1.00,1.01,"",2,8.0,-12,-9.2,-793873,-13.2,-196954,-16.0,-3938,-19.8,-37,-4.1,-1915,-4.1
"C3538","5","443142","48","0","2020","A","","New Orleans-Metairie, LA MSA","Private","NAICS 443142 Electronics stores","MSA, NAICS 6-digit -- by ownership sector","All establishment sizes",258,1614,76558436,15542067,181772,912,47434,"",1.68,1.15,1.13,1.27,1.35,0.98,0.98,"",3,1.2,-85,-5.0,4303183,6.0,-800995,-4.9,-31445,-14.7,94,11.5,4902,11.5
"C3538","5","444","45","0","2020","A","","New Orleans-Metairie, LA MSA","Private","NAICS 444 Building material and garden supply stores","MSA, NAICS 3-digit -- by ownership sector","All establishment sizes",300,5149,189974760,55119357,554089,710,36895,"",1.09,1.06,1.16,1.26,1.36,1.09,1.09,"",-3,-1.0,-23,-0.4,8924601,4.9,6422208,13.2,26839,5.1,37,5.5,1887,5.4
"C3538","5","4441","46","0","2020","A","","New Orleans-Metairie, LA MSA","Private","NAICS 4441 Building material and supplies dealers","MSA, NAICS 4-digit -- by ownership sector","All establishment sizes",262,4774,176558475,51668383,521394,711,36987,"",1.24,1.12,1.21,1.34,1.53,1.09,1.09,"",3,1.2,198,4.3,25966587,17.2,8265913,19.0,37427,7.7,78,12.3,4077,12.4
"C3538","5","44411","47","0","2020","A","","New Orleans-Metairie, LA MSA","Private","NAICS 44411 Home centers","MSA, NAICS 5-digit -- by ownership sector","All establishment sizes",29,3178,100958024,36527978,363526,611,31764,"",0.78,1.15,1.26,1.51,1.81,1.09,1.09,"",1,3.6,228,7.7,20334375,25.2,8235108,29.1,52295,16.8,85,16.2,4437,16.2
"C3538","5","444110","48","0","2020","A","","New Orleans-Metairie, LA MSA","Private","NAICS 444110 Home centers","MSA, NAICS 6-digit -- by ownership sector","All establishment sizes",29,3178,100958024,36527978,363526,611,31764,"",0.78,1.15,1.26,1.51,1.81,1.09,1.09,"",1,3.6,228,7.7,20334375,25.2,8235108,29.1,52295,16.8,85,16.2,4437,16.2
"C3538","5","44412","47","0","2020","A","","New Orleans-Metairie, LA MSA","Private","NAICS 44412 Paint and wallpaper stores","MSA, NAICS 5-digit -- by ownership sector","All establishment sizes",54,210,10871479,2001575,19240,997,51831,"",2.02,1.49,1.62,1.56,1.79,1.09,1.09,"",-3,-5.3,-8,-3.7,737761,7.3,-115974,-5.5,-4665,-19.5,103,11.5,5346,11.5
"C3538","5","444120","48","0","2020","A","","New Orleans-Metairie, LA MSA","Private","NAICS 444120 Paint and wallpaper stores","MSA, NAICS 6-digit -- by ownership sector","All establishment sizes",54,210,10871479,2001575,19240,997,51831,"",2.02,1.49,1.62,1.56,1.79,1.09,1.09,"",-3,-5.3,-8,-3.7,737761,7.3,-115974,-5.5,-4665,-19.5,103,11.5,5346,11.5
"C3538","5","44413","47","0","2020","A","","New Orleans-Metairie, LA MSA","Private","NAICS 44413 Hardware stores","MSA, NAICS 5-digit -- by ownership sector","All establishment sizes",60,438,13085313,4049019,33041,574,29847,"",1.02,0.78,0.80,0.85,0.89,1.02,1.02,"",-1,-1.6,-25,-5.4,-127410,-1.0,-90729,-2.2,-1085,-3.2,26,4.7,1325,4.6
"C3538","5","444130","48","0","2020","A","","New Orleans-Metairie, LA MSA","Private","NAICS 444130 Hardware stores","MSA, NAICS 6-digit -- by ownership sector","All establishment sizes",60,438,13085313,4049019,33041,574,29847,"",1.02,0.78,0.80,0.85,0.89,1.02,1.02,"",-1,-1.6,-25,-5.4,-127410,-1.0,-90729,-2.2,-1085,-3.2,26,4.7,1325,4.6
"C3538","5","44419","47","0","2020","A","","New Orleans-Metairie, LA MSA","Private","NAICS 44419 Other building material dealers","MSA, NAICS 5-digit -- by ownership sector","All establishment sizes",119,947,51643659,9089811,105587,1049,54539,"",1.34,1.16,1.22,1.10,1.16,1.05,1.05,"",7,6.2,3,0.3,5021861,10.8,237508,2.7,-9118,-7.9,100,10.5,5169,10.5
"C3538","5","444190","48","0","2020","A","","New Orleans-Metairie, LA MSA","Private","NAICS 444190 Other building material dealers","MSA, NAICS 6-digit -- by ownership sector","All establishment sizes",119,947,51643659,9089811,105587,1049,54539,"",1.34,1.16,1.22,1.10,1.16,1.05,1.05,"",7,6.2,3,0.3,5021861,10.8,237508,2.7,-9118,-7.9,100,10.5,5169,10.5
"C3538","5","4442","46","0","2020","A","","New Orleans-Metairie, LA MSA","Private","NAICS 4442 Lawn and garden equipment and supplies stores","MSA, NAICS 4-digit -- by ownership sector","All establishment sizes",38,376,13416285,3450974,32695,687,35729,"",0.58,0.65,0.73,0.67,0.48,1.13,1.13,"",-6,-13.6,-220,-36.9,-17041986,-56.0,-1843705,-34.8,-10588,-24.5,-296,-30.1,-15390,-30.1
"C3538","5","44421","47","0","2020","A","N","New Orleans-Metairie, LA MSA","Private","NAICS 44421 Outdoor power equipment stores","MSA, NAICS 5-digit -- by ownership sector","All establishment sizes",8,0,0,0,0,0,0,"N",0.50,0,0,0,0,0,0,"N",0,0.0,0,0,0,0,0,0,0,0,0,0,0,0
"C3538","5","444210","48","0","2020","A","N","New Orleans-Metairie, LA MSA","Private","NAICS 444210 Outdoor power equipment stores","MSA, NAICS 6-digit -- by ownership sector","All establishment sizes",8,0,0,0,0,0,0,"N",0.50,0,0,0,0,0,0,"N",0,0.0,0,0,0,0,0,0,0,0,0,0,0,0
"C3538","5","44422","47","0","2020","A","N","New Orleans-Metairie, LA MSA","Private","NAICS 44422 Nursery, garden, and farm supply stores","MSA, NAICS 5-digit -- by ownership sector","All establishment sizes",30,0,0,0,0,0,0,"N",0.61,0,0,0,0,0,0,"N",-6,-16.7,0,0,0,0,0,0,0,0,0,0,0,0
"C3538","5","444220","48","0","2020","A","N","New Orleans-Metairie, LA MSA","Private","NAICS 444220 Nursery, garden, and farm supply stores","MSA, NAICS 6-digit -- by ownership sector","All establishment sizes",30,0,0,0,0,0,0,"N",0.61,0,0,0,0,0,0,"N",-6,-16.7,0,0,0,0,0,0,0,0,0,0,0,0
"C3538","5","445","45","0","2020","A","","New Orleans-Metairie, LA MSA","Private","NAICS 445 Food and beverage stores","MSA, NAICS 3-digit -- by ownership sector","All establishment sizes",667,11246,276433402,102667952,661358,473,24580,"",1.13,1.02,0.98,1.16,1.06,0.96,0.96,"",19,2.9,285,2.6,24394363,9.7,5594739,5.8,-81654,-11.0,31,7.0,1586,6.9
"C3538","5","4451","46","0","2020","A","","New Orleans-Metairie, LA MSA","Private","NAICS 4451 Grocery stores","MSA, NAICS 4-digit -- by ownership sector","All establishment sizes",512,10189,251297482,92272362,566348,474,24663,"",1.42,1.04,1.01,1.18,1.10,0.96,0.96,"",20,4.1,506,5.2,26689490,11.9,6444066,7.5,-60021,-9.6,28,6.3,1466,6.3
"C3538","5","44511","47","0","2020","A","N","New Orleans-Metairie, LA MSA","Private","NAICS 44511 Supermarkets and other grocery stores","MSA, NAICS 5-digit -- by ownership sector","All establishment sizes",324,0,0,0,0,0,0,"N",1.41,0,0,0,0,0,0,"N",5,1.6,0,0,0,0,0,0,0,0,0,0,0,0
"C3538","5","445110","48","0","2020","A","N","New Orleans-Metairie, LA MSA","Private","NAICS 445110 Supermarkets and other grocery stores","MSA, NAICS 6-digit -- by ownership sector","All establishment sizes",324,0,0,0,0,0,0,"N",1.41,0,0,0,0,0,0,"N",5,1.6,0,0,0,0,0,0,0,0,0,0,0,0
"C3538","5","44512","47","0","2020","A","N","New Orleans-Metairie, LA MSA","Private","NAICS 44512 Convenience stores","MSA, NAICS 5-digit -- by ownership sector","All establishment sizes",189,0,0,0,0,0,0,"N",1.45,0,0,0,0,0,0,"N",16,9.2,0,0,0,0,0,0,0,0,0,0,0,0
"C3538","5","445120","48","0","2020","A","N","New Orleans-Metairie, LA MSA","Private","NAICS 445120 Convenience stores","MSA, NAICS 6-digit -- by ownership sector","All establishment sizes",189,0,0,0,0,0,0,"N",1.45,0,0,0,0,0,0,"N",16,9.2,0,0,0,0,0,0,0,0,0,0,0,0
"C3538","5","4452","46","0","2020","A","","New Orleans-Metairie, LA MSA","Private","NAICS 4452 Specialty food stores","MSA, NAICS 4-digit -- by ownership sector","All establishment sizes",119,755,17397927,7664342,72401,443,23046,"",1.16,1.04,0.89,1.25,1.10,0.86,0.86,"",-3,-2.5,-247,-24.7,-3788650,-17.9,-1587431,-17.2,-26274,-26.6,36,8.8,1905,9.0
"C3538","5","44521","47","0","2020","A","","New Orleans-Metairie, LA MSA","Private","NAICS 44521 Meat markets","MSA, NAICS 5-digit -- by ownership sector","All establishment sizes",19,104,2533244,974983,9698,468,24339,"",0.78,0.51,0.46,0.58,0.63,0.89,0.89,"",0,0.0,-23,-18.1,-110163,-4.2,-127311,-11.5,-2397,-19.8,69,17.3,3566,17.2
"C3538","5","445210","48","0","2020","A","","New Orleans-Metairie, LA MSA","Private","NAICS 445210 Meat markets","MSA, NAICS 6-digit -- by ownership sector","All establishment sizes",19,104,2533244,974983,9698,468,24339,"",0.78,0.51,0.46,0.58,0.63,0.89,0.89,"",0,0.0,-23,-18.1,-110163,-4.2,-127311,-11.5,-2397,-19.8,69,17.3,3566,17.2
"C3538","5","44522","47","0","2020","A","","New Orleans-Metairie, LA MSA","Private","NAICS 44522 Fish and seafood markets","MSA, NAICS 5-digit -- by ownership sector","All establishment sizes",45,408,9236080,4120701,30559,436,22656,"",4.97,7.91,6.21,8.88,5.28,0.79,0.79,"",0,0.0,-59,-12.6,-662707,-6.7,-123364,-2.9,-3595,-10.5,28,6.9,1441,6.8
"C3538","5","445220","48","0","2020","A","","New Orleans-Metairie, LA MSA","Private","NAICS 445220 Fish and seafood markets","MSA, NAICS 6-digit -- by ownership sector","All establishment sizes",45,408,9236080,4120701,30559,436,22656,"",4.97,7.91,6.21,8.88,5.28,0.79,0.79,"",0,0.0,-59,-12.6,-662707,-6.7,-123364,-2.9,-3595,-10.5,28,6.9,1441,6.8
"C3538","5","44523","47","0","2020","A","","New Orleans-Metairie, LA MSA","Private","NAICS 44523 Fruit and vegetable markets","MSA, NAICS 5-digit -- by ownership sector","All establishment sizes",9,34,1143969,315032,4708,652,33895,"",0.68,0.27,0.31,0.30,0.37,1.14,1.14,"",1,12.5,-7,-17.1,-424877,-27.1,-85790,-21.4,-2636,-35.9,-85,-11.5,-4447,-11.6
"C3538","5","445230","48","0","2020","A","","New Orleans-Metairie, LA MSA","Private","NAICS 445230 Fruit and vegetable markets","MSA, NAICS 6-digit -- by ownership sector","All establishment sizes",9,34,1143969,315032,4708,652,33895,"",0.68,0.27,0.31,0.30,0.37,1.14,1.14,"",1,12.5,-7,-17.1,-424877,-27.1,-85790,-21.4,-2636,-35.9,-85,-11.5,-4447,-11.6
"C3538","5","44529","47","0","2020","A","","New Orleans-Metairie, LA MSA","Private","NAICS 44529 Other specialty food stores","MSA, NAICS 5-digit -- by ownership sector","All establishment sizes",46,209,4484634,2253626,27436,412,21415,"",0.82,0.59,0.51,0.77,0.86,0.86,0.86,"",-4,-8.0,-158,-43.1,-2590903,-36.6,-1250966,-35.7,-17646,-39.1,42,11.4,2157,11.2
"C3538","5","445291","48","0","2020","A","","New Orleans-Metairie, LA MSA","Private","NAICS 445291 Baked goods stores","MSA, NAICS 6-digit -- by ownership sector","All establishment sizes",12,32,654440,402995,5982,396,20612,"",1.19,0.50,0.36,0.78,1.04,0.73,0.73,"N",-2,-14.3,0,0,0,0,0,0,0,0,0,0,0,0
"C3538","5","445292","48","0","2020","A","","New Orleans-Metairie, LA MSA","Private","NAICS 445292 Confectionery and nut stores","MSA, NAICS 6-digit -- by ownership sector","All establishment sizes",9,24,362760,229850,2158,291,15115,"",0.74,0.41,0.28,0.54,0.36,0.70,0.70,"",-3,-25.0,-23,-48.9,-437227,-54.7,-199827,-46.5,-3203,-59.7,-33,-10.2,-1756,-10.4
"C3538","5","445299","48","0","2020","A","","New Orleans-Metairie, LA MSA","Private","NAICS 445299 All other specialty food stores","MSA, NAICS 6-digit -- by ownership sector","All establishment sizes",26,154,3467434,1620781,19296,434,22565,"",0.76,0.67,0.61,0.82,0.96,0.91,0.91,"N",1,4.0,0,0,0,0,0,0,0,0,0,0,0,0
"C3538","5","4453","46","0","2020","A","","New Orleans-Metairie, LA MSA","Private","NAICS 4453 Beer, wine, and liquor stores","MSA, NAICS 4-digit -- by ownership sector","All establishment sizes",35,302,7737993,2731248,22609,493,25615,"",0.28,0.53,0.56,0.59,0.52,1.06,1.06,"",1,2.9,25,9.0,1493523,23.9,738104,37.0,4641,25.8,59,13.6,3031,13.4
"C3538","5","44531","47","0","2020","A","","New Orleans-Metairie, LA MSA","Private","NAICS 44531 Beer, wine, and liquor stores","MSA, NAICS 5-digit -- by ownership sector","All establishment sizes",35,302,7737993,2731248,22609,493,25615,"",0.28,0.53,0.56,0.59,0.52,1.06,1.06,"",1,2.9,25,9.0,1493523,23.9,738104,37.0,4641,25.8,59,13.6,3031,13.4
"C3538","5","445310","48","0","2020","A","","New Orleans-Metairie, LA MSA","Private","NAICS 445310 Beer, wine, and liquor stores","MSA, NAICS 6-digit -- by ownership sector","All establishment sizes",35,302,7737993,2731248,22609,493,25615,"",0.28,0.53,0.56,0.59,0.52,1.06,1.06,"",1,2.9,25,9.0,1493523,23.9,738104,37.0,4641,25.8,59,13.6,3031,13.4
"C3538","5","446","45","0","2020","A","","New Orleans-Metairie, LA MSA","Private","NAICS 446 Health and personal care stores","MSA, NAICS 3-digit -- by ownership sector","All establishment sizes",629,4768,195922812,42938620,341366,790,41090,"",1.39,1.37,1.43,1.45,1.34,1.05,1.05,"",5,0.8,-368,-7.2,6039195,3.2,-1099871,-2.5,-20585,-5.7,79,11.1,4121,11.1
"C3538","5","4461","46","0","2020","A","","New Orleans-Metairie, LA MSA","Private","NAICS 4461 Health and personal care stores","MSA, NAICS 4-digit -- by ownership sector","All establishment sizes",629,4768,195922812,42938620,341366,790,41090,"",1.39,1.37,1.43,1.45,1.34,1.05,1.05,"",5,0.8,-368,-7.2,6039195,3.2,-1099871,-2.5,-20585,-5.7,79,11.1,4121,11.1
"C3538","5","44611","47","0","2020","A","","New Orleans-Metairie, LA MSA","Private","NAICS 44611 Pharmacies and drug stores","MSA, NAICS 5-digit -- by ownership sector","All establishment sizes",366,3631,163403482,33390567,244894,865,45005,"",1.42,1.51,1.63,1.61,1.53,1.08,1.08,"",-3,-0.8,-139,-3.7,5520308,3.5,-436607,-1.3,-14554,-5.6,60,7.5,3121,7.5
"C3538","5","446110","48","0","2020","A","","New Orleans-Metairie, LA MSA","Private","NAICS 446110 Pharmacies and drug stores","MSA, NAICS 6-digit -- by ownership sector","All establishment sizes",366,3631,163403482,33390567,244894,865,45005,"",1.42,1.51,1.63,1.61,1.53,1.08,1.08,"",-3,-0.8,-139,-3.7,5520308,3.5,-436607,-1.3,-14554,-5.6,60,7.5,3121,7.5
"C3538","5","44612","47","0","2020","A","N","New Orleans-Metairie, LA MSA","Private","NAICS 44612 Cosmetic and beauty supply stores","MSA, NAICS 5-digit -- by ownership sector","All establishment sizes",135,0,0,0,0,0,0,"N",2.01,0,0,0,0,0,0,"N",8,6.3,0,0,0,0,0,0,0,0,0,0,0,0
"C3538","5","446120","48","0","2020","A","N","New Orleans-Metairie, LA MSA","Private","NAICS 446120 Cosmetic and beauty supply stores","MSA, NAICS 6-digit -- by ownership sector","All establishment sizes",135,0,0,0,0,0,0,"N",2.01,0,0,0,0,0,0,"N",8,6.3,0,0,0,0,0,0,0,0,0,0,0,0
"C3538","5","44613","47","0","2020","A","N","New Orleans-Metairie, LA MSA","Private","NAICS 44613 Optical goods stores","MSA, NAICS 5-digit -- by ownership sector","All establishment sizes",47,0,0,0,0,0,0,"N",1.08,0,0,0,0,0,0,"N",-1,-2.1,0,0,0,0,0,0,0,0,0,0,0,0
"C3538","5","446130","48","0","2020","A","N","New Orleans-Metairie, LA MSA","Private","NAICS 446130 Optical goods stores","MSA, NAICS 6-digit -- by ownership sector","All establishment sizes",47,0,0,0,0,0,0,"N",1.08,0,0,0,0,0,0,"N",-1,-2.1,0,0,0,0,0,0,0,0,0,0,0,0
"C3538","5","44619","47","0","2020","A","N","New Orleans-Metairie, LA MSA","Private","NAICS 44619 Other health and personal care stores","MSA, NAICS 5-digit -- by ownership sector","All establishment sizes",82,0,0,0,0,0,0,"N",1.00,0,0,0,0,0,0,"N",2,2.5,0,0,0,0,0,0,0,0,0,0,0,0
"C3538","5","446191","48","0","2020","A","N","New Orleans-Metairie, LA MSA","Private","NAICS 446191 Food, health, supplement stores","MSA, NAICS 6-digit -- by ownership sector","All establishment sizes",39,0,0,0,0,0,0,"N",0.93,0,0,0,0,0,0,"N",5,14.7,0,0,0,0,0,0,0,0,0,0,0,0
"C3538","5","446199","48","0","2020","A","","New Orleans-Metairie, LA MSA","Private","NAICS 446199 All other health and personal care stores","MSA, NAICS 6-digit -- by ownership sector","All establishment sizes",42,182,11154342,1595447,19617,1176,61176,"",1.04,0.89,1.10,0.80,0.80,1.23,1.23,"",-4,-8.7,31,20.5,2515815,29.1,286358,21.9,8996,84.7,74,6.7,3872,6.8
"C3538","5","447","45","0","2020","A","","New Orleans-Metairie, LA MSA","Private","NAICS 447 Gasoline stations","MSA, NAICS 3-digit -- by ownership sector","All establishment sizes",560,3448,89880991,35565395,395165,501,26071,"",1.30,1.05,1.20,1.31,1.89,1.15,1.15,"",9,1.6,-190,-5.2,1844279,2.1,-297635,-0.8,-58910,-13.0,36,7.7,1868,7.7
"C3538","5","4471","46","0","2020","A","","New Orleans-Metairie, LA MSA","Private","NAICS 4471 Gasoline stations","MSA, NAICS 4-digit -- by ownership sector","All establishment sizes",560,3448,89880991,35565395,395165,501,26071,"",1.30,1.05,1.20,1.31,1.89,1.15,1.15,"",9,1.6,-190,-5.2,1844279,2.1,-297635,-0.8,-58910,-13.0,36,7.7,1868,7.7
"C3538","5","44711","47","0","2020","A","","New Orleans-Metairie, LA MSA","Private","NAICS 44711 Gasoline stations with convenience stores","MSA, NAICS 5-digit -- by ownership sector","All establishment sizes",542,3027,78463753,31244958,317725,498,25918,"",1.39,1.02,1.20,1.30,1.73,1.18,1.18,"",10,1.9,-137,-4.3,2465748,3.2,-45815,-0.1,-42988,-11.9,36,7.8,1900,7.9
"C3538","5","447110","48","0","2020","A","","New Orleans-Metairie, LA MSA","Private","NAICS 447110 Gasoline stations with convenience stores","MSA, NAICS 6-digit -- by ownership sector","All establishment sizes",542,3027,78463753,31244958,317725,498,25918,"",1.39,1.02,1.20,1.30,1.73,1.18,1.18,"",10,1.9,-137,-4.3,2465748,3.2,-45815,-0.1,-42988,-11.9,36,7.8,1900,7.9
"C3538","5","44719","47","0","2020","A","","New Orleans-Metairie, LA MSA","Private","NAICS 44719 Other gasoline stations","MSA, NAICS 5-digit -- by ownership sector","All establishment sizes",18,420,11417238,4320437,77440,523,27173,"",0.46,1.26,1.22,1.45,3.08,0.97,0.97,"",-1,-5.3,-53,-11.2,-621469,-5.2,-251820,-5.5,-15922,-17.1,34,7.0,1735,6.8
"C3538","5","447190","48","0","2020","A","","New Orleans-Metairie, LA MSA","Private","NAICS 447190 Other gasoline stations","MSA, NAICS 6-digit -- by ownership sector","All establishment sizes",18,420,11417238,4320437,77440,523,27173,"",0.46,1.26,1.22,1.45,3.08,0.97,0.97,"",-1,-5.3,-53,-11.2,-621469,-5.2,-251820,-5.5,-15922,-17.1,34,7.0,1735,6.8
"C3538","5","448","45","0","2020","A","N","New Orleans-Metairie, LA MSA","Private","NAICS 448 Clothing and clothing accessories stores","MSA, NAICS 3-digit -- by ownership sector","All establishment sizes",774,0,0,0,0,0,0,"N",1.65,0,0,0,0,0,0,"N",0,0.0,0,0,0,0,0,0,0,0,0,0,0,0
"C3538","5","4481","46","0","2020","A","N","New Orleans-Metairie, LA MSA","Private","NAICS 4481 Clothing stores","MSA, NAICS 4-digit -- by ownership sector","All establishment sizes",562,0,0,0,0,0,0,"N",1.75,0,0,0,0,0,0,"N",9,1.6,0,0,0,0,0,0,0,0,0,0,0,0
"C3538","5","44811","47","0","2020","A","","New Orleans-Metairie, LA MSA","Private","NAICS 44811 Men's clothing stores","MSA, NAICS 5-digit -- by ownership sector","All establishment sizes",66,220,7216552,2238162,19766,631,32803,"",2.75,1.94,1.98,2.10,1.59,1.02,1.02,"N",2,3.1,0,0,0,0,0,0,0,0,0,0,0,0
"C3538","5","448110","48","0","2020","A","","New Orleans-Metairie, LA MSA","Private","NAICS 448110 Men's clothing stores","MSA, NAICS 6-digit -- by ownership sector","All establishment sizes",66,220,7216552,2238162,19766,631,32803,"",2.75,1.94,1.98,2.10,1.59,1.02,1.02,"N",2,3.1,0,0,0,0,0,0,0,0,0,0,0,0
"C3538","5","44812","47","0","2020","A","","New Orleans-Metairie, LA MSA","Private","NAICS 44812 Women's clothing stores","MSA, NAICS 5-digit -- by ownership sector","All establishment sizes",218,1131,22702188,9958037,94113,386,20082,"",2.08,1.89,1.73,2.30,2.00,0.92,0.92,"",3,1.4,-472,-29.4,-5833718,-20.4,-2748327,-21.6,-24331,-20.5,44,12.9,2281,12.8
"C3538","5","448120","48","0","2020","A","","New Orleans-Metairie, LA MSA","Private","NAICS 448120 Women's clothing stores","MSA, NAICS 6-digit -- by ownership sector","All establishment sizes",218,1131,22702188,9958037,94113,386,20082,"",2.08,1.89,1.73,2.30,2.00,0.92,0.92,"",3,1.4,-472,-29.4,-5833718,-20.4,-2748327,-21.6,-24331,-20.5,44,12.9,2281,12.8
"C3538","5","44813","47","0","2020","A","N","New Orleans-Metairie, LA MSA","Private","NAICS 44813 Children's and infants' clothing stores","MSA, NAICS 5-digit -- by ownership sector","All establishment sizes",33,0,0,0,0,0,0,"N",1.84,0,0,0,0,0,0,"N",-2,-5.7,0,0,0,0,0,0,0,0,0,0,0,0
"C3538","5","448130","48","0","2020","A","N","New Orleans-Metairie, LA MSA","Private","NAICS 448130 Children's and infants' clothing stores","MSA, NAICS 6-digit -- by ownership sector","All establishment sizes",33,0,0,0,0,0,0,"N",1.84,0,0,0,0,0,0,"N",-2,-5.7,0,0,0,0,0,0,0,0,0,0,0,0
"C3538","5","44814","47","0","2020","A","","New Orleans-Metairie, LA MSA","Private","NAICS 44814 Family clothing stores","MSA, NAICS 5-digit -- by ownership sector","All establishment sizes",116,1166,26245712,10546897,97011,433,22501,"",1.23,0.92,1.02,1.22,1.20,1.11,1.11,"",4,3.6,-365,-23.8,-5425095,-17.1,-1453613,-12.1,-38172,-28.2,35,8.8,1811,8.8
"C3538","5","448140","48","0","2020","A","","New Orleans-Metairie, LA MSA","Private","NAICS 448140 Family clothing stores","MSA, NAICS 6-digit -- by ownership sector","All establishment sizes",116,1166,26245712,10546897,97011,433,22501,"",1.23,0.92,1.02,1.22,1.20,1.11,1.11,"",4,3.6,-365,-23.8,-5425095,-17.1,-1453613,-12.1,-38172,-28.2,35,8.8,1811,8.8
"C3538","5","44815","47","0","2020","A","","New Orleans-Metairie, LA MSA","Private","NAICS 44815 Clothing accessories stores","MSA, NAICS 5-digit -- by ownership sector","All establishment sizes",45,207,5492456,2154586,22705,510,26512,"",1.37,1.50,1.34,1.95,1.91,0.89,0.89,"N",-2,-4.3,0,0,0,0,0,0,0,0,0,0,0,0
"C3538","5","448150","48","0","2020","A","","New Orleans-Metairie, LA MSA","Private","NAICS 448150 Clothing accessories stores","MSA, NAICS 6-digit -- by ownership sector","All establishment sizes",45,207,5492456,2154586,22705,510,26512,"",1.37,1.50,1.34,1.95,1.91,0.89,0.89,"N",-2,-4.3,0,0,0,0,0,0,0,0,0,0,0,0
"C3538","5","44819","47","0","2020","A","","New Orleans-Metairie, LA MSA","Private","NAICS 44819 Other clothing stores","MSA, NAICS 5-digit -- by ownership sector","All establishment sizes",85,443,11347108,4144437,34495,493,25614,"",1.78,1.40,1.54,1.67,1.31,1.10,1.10,"",5,6.2,-151,-25.4,-2013493,-15.1,-676819,-14.0,-12448,-26.5,61,14.1,3125,13.9
"C3538","5","448190","48","0","2020","A","","New Orleans-Metairie, LA MSA","Private","NAICS 448190 Other clothing stores","MSA, NAICS 6-digit -- by ownership sector","All establishment sizes",85,443,11347108,4144437,34495,493,25614,"",1.78,1.40,1.54,1.67,1.31,1.10,1.10,"",5,6.2,-151,-25.4,-2013493,-15.1,-676819,-14.0,-12448,-26.5,61,14.1,3125,13.9
"C3538","5","4482","46","0","2020","A","","New Orleans-Metairie, LA MSA","Private","NAICS 4482 Shoe stores","MSA, NAICS 4-digit -- by ownership sector","All establishment sizes",101,629,12196658,5438699,39329,373,19378,"",1.57,1.15,1.01,1.45,1.11,0.88,0.88,"",-9,-8.2,-202,-24.3,-2447002,-16.7,-1185617,-17.9,-19904,-33.6,34,10.0,1765,10.0
"C3538","5","44821","47","0","2020","A","","New Orleans-Metairie, LA MSA","Private","NAICS 44821 Shoe stores","MSA, NAICS 5-digit -- by ownership sector","All establishment sizes",101,629,12196658,5438699,39329,373,19378,"",1.57,1.15,1.01,1.45,1.11,0.88,0.88,"",-9,-8.2,-202,-24.3,-2447002,-16.7,-1185617,-17.9,-19904,-33.6,34,10.0,1765,10.0
"C3538","5","448210","48","0","2020","A","","New Orleans-Metairie, LA MSA","Private","NAICS 448210 Shoe stores","MSA, NAICS 6-digit -- by ownership sector","All establishment sizes",101,629,12196658,5438699,39329,373,19378,"",1.57,1.15,1.01,1.45,1.11,0.88,0.88,"",-9,-8.2,-202,-24.3,-2447002,-16.7,-1185617,-17.9,-19904,-33.6,34,10.0,1765,10.0
"C3538","5","4483","46","0","2020","A","","New Orleans-Metairie, LA MSA","Private","NAICS 4483 Jewelry, luggage, and leather goods stores","MSA, NAICS 4-digit -- by ownership sector","All establishment sizes",111,526,25144871,5021700,51688,919,47781,"",1.34,1.47,1.71,1.50,1.49,1.17,1.17,"N",0,0.0,0,0,0,0,0,0,0,0,0,0,0,0
"C3538","5","44831","47","0","2020","A","","New Orleans-Metairie, LA MSA","Private","NAICS 44831 Jewelry stores","MSA, NAICS 5-digit -- by ownership sector","All establishment sizes",104,471,23608860,4503724,50029,964,50143,"",1.34,1.46,1.80,1.50,1.65,1.23,1.23,"",0,0.0,-79,-14.4,-183345,-0.8,-251507,-5.3,-10867,-17.8,132,15.9,6865,15.9
"C3538","5","448310","48","0","2020","A","","New Orleans-Metairie, LA MSA","Private","NAICS 448310 Jewelry stores","MSA, NAICS 6-digit -- by ownership sector","All establishment sizes",104,471,23608860,4503724,50029,964,50143,"",1.34,1.46,1.80,1.50,1.65,1.23,1.23,"",0,0.0,-79,-14.4,-183345,-0.8,-251507,-5.3,-10867,-17.8,132,15.9,6865,15.9
"C3538","5","44832","47","0","2020","A","","New Orleans-Metairie, LA MSA","Private","NAICS 44832 Luggage and leather goods stores","MSA, NAICS 5-digit -- by ownership sector","All establishment sizes",7,55,1536011,517976,1659,533,27717,"",1.37,1.51,0.97,1.44,0.37,0.64,0.64,"N",0,0.0,0,0,0,0,0,0,0,0,0,0,0,0
"C3538","5","448320","48","0","2020","A","","New Orleans-Metairie, LA MSA","Private","NAICS 448320 Luggage and leather goods stores","MSA, NAICS 6-digit -- by ownership sector","All establishment sizes",7,55,1536011,517976,1659,533,27717,"",1.37,1.51,0.97,1.44,0.37,0.64,0.64,"N",0,0.0,0,0,0,0,0,0,0,0,0,0,0,0
"C3538","5","451","45","0","2020","A","","New Orleans-Metairie, LA MSA","Private","NAICS 451 Sports, hobby, music instrument, book stores","MSA, NAICS 3-digit -- by ownership sector","All establishment sizes",191,1828,43674726,16511449,93847,459,23889,"",0.99,1.08,1.11,1.24,0.88,1.02,1.02,"",6,3.2,-172,-8.6,921079,2.2,-183950,-1.1,-5403,-5.4,48,11.7,2517,11.8
"C3538","5","4511","46","0","2020","A","N","New Orleans-Metairie, LA MSA","Private","NAICS 4511 Sporting goods and musical instrument stores","MSA, NAICS 4-digit -- by ownership sector","All establishment sizes",160,0,0,0,0,0,0,"N",0.97,0,0,0,0,0,0,"N",6,3.9,0,0,0,0,0,0,0,0,0,0,0,0
"C3538","5","45111","47","0","2020","A","","New Orleans-Metairie, LA MSA","Private","NAICS 45111 Sporting goods stores","MSA, NAICS 5-digit -- by ownership sector","All establishment sizes",74,923,23447215,8760484,46720,489,25412,"",0.81,1.03,1.04,1.18,0.76,1.01,1.01,"",0,0.0,-18,-1.9,1612693,7.4,393411,4.7,-3368,-6.7,43,9.6,2217,9.6
"C3538","5","451110","48","0","2020","A","","New Orleans-Metairie, LA MSA","Private","NAICS 451110 Sporting goods stores","MSA, NAICS 6-digit -- by ownership sector","All establishment sizes",74,923,23447215,8760484,46720,489,25412,"",0.81,1.03,1.04,1.18,0.76,1.01,1.01,"",0,0.0,-18,-1.9,1612693,7.4,393411,4.7,-3368,-6.7,43,9.6,2217,9.6
"C3538","5","45112","47","0","2020","A","","New Orleans-Metairie, LA MSA","Private","NAICS 45112 Hobby, toy, and game stores","MSA, NAICS 5-digit -- by ownership sector","All establishment sizes",53,499,10805548,4409143,24196,417,21662,"",1.23,1.31,1.41,1.54,1.14,1.08,1.08,"",2,3.9,-55,-9.9,102668,1.0,-8313,-0.2,333,1.4,45,12.1,2337,12.1
"C3538","5","451120","48","0","2020","A","","New Orleans-Metairie, LA MSA","Private","NAICS 451120 Hobby, toy, and game stores","MSA, NAICS 6-digit -- by ownership sector","All establishment sizes",53,499,10805548,4409143,24196,417,21662,"",1.23,1.31,1.41,1.54,1.14,1.08,1.08,"",2,3.9,-55,-9.9,102668,1.0,-8313,-0.2,333,1.4,45,12.1,2337,12.1
"C3538","5","45113","47","0","2020","A","N","New Orleans-Metairie, LA MSA","Private","NAICS 45113 Sewing, needlework, and piece goods stores","MSA, NAICS 5-digit -- by ownership sector","All establishment sizes",21,0,0,0,0,0,0,"N",1.31,0,0,0,0,0,0,"N",3,16.7,0,0,0,0,0,0,0,0,0,0,0,0
"C3538","5","451130","48","0","2020","A","N","New Orleans-Metairie, LA MSA","Private","NAICS 451130 Sewing, needlework, and piece goods stores","MSA, NAICS 6-digit -- by ownership sector","All establishment sizes",21,0,0,0,0,0,0,"N",1.31,0,0,0,0,0,0,"N",3,16.7,0,0,0,0,0,0,0,0,0,0,0,0
"C3538","5","45114","47","0","2020","A","N","New Orleans-Metairie, LA MSA","Private","NAICS 45114 Musical instrument and supplies stores","MSA, NAICS 5-digit -- by ownership sector","All establishment sizes",12,0,0,0,0,0,0,"N",0.81,0,0,0,0,0,0,"N",0,0.0,0,0,0,0,0,0,0,0,0,0,0,0
"C3538","5","451140","48","0","2020","A","N","New Orleans-Metairie, LA MSA","Private","NAICS 451140 Musical instrument and supplies stores","MSA, NAICS 6-digit -- by ownership sector","All establishment sizes",12,0,0,0,0,0,0,"N",0.81,0,0,0,0,0,0,"N",0,0.0,0,0,0,0,0,0,0,0,0,0,0,0
"C3538","5","4512","46","0","2020","A","N","New Orleans-Metairie, LA MSA","Private","NAICS 4512 Book stores and news dealers","MSA, NAICS 4-digit -- by ownership sector","All establishment sizes",31,0,0,0,0,0,0,"N",1.09,0,0,0,0,0,0,"N",0,0.0,0,0,0,0,0,0,0,0,0,0,0,0
"C3538","5","45121","47","0","2020","A","N","New Orleans-Metairie, LA MSA","Private","NAICS 45121 Book stores and news dealers","MSA, NAICS 5-digit -- by ownership sector","All establishment sizes",31,0,0,0,0,0,0,"N",1.09,0,0,0,0,0,0,"N",0,0.0,0,0,0,0,0,0,0,0,0,0,0,0
"C3538","5","451211","48","0","2020","A","N","New Orleans-Metairie, LA MSA","Private","NAICS 451211 Book stores","MSA, NAICS 6-digit -- by ownership sector","All establishment sizes",29,0,0,0,0,0,0,"N",1.16,0,0,0,0,0,0,"N",0,0.0,0,0,0,0,0,0,0,0,0,0,0,0
"C3538","5","451212","48","0","2020","A","N","New Orleans-Metairie, LA MSA","Private","NAICS 451212 News dealers and newsstands","MSA, NAICS 6-digit -- by ownership sector","All establishment sizes",2,0,0,0,0,0,0,"N",0.58,0,0,0,0,0,0,"N",0,0.0,0,0,0,0,0,0,0,0,0,0,0,0
"C3538","5","452","45","0","2020","A","","New Orleans-Metairie, LA MSA","Private","NAICS 452 General merchandise stores","MSA, NAICS 3-digit -- by ownership sector","All establishment sizes",298,12008,308159505,112893107,1036783,494,25664,"",1.14,1.14,1.19,1.32,1.41,1.04,1.04,"",-1,-0.3,-511,-4.1,3431340,1.1,69178,0.1,-168575,-14.0,26,5.6,1323,5.4
"C3538","5","4522","46","0","2020","A","","New Orleans-Metairie, LA MSA","Private","NAICS 4522 Department stores","MSA, NAICS 4-digit -- by ownership sector","All establishment sizes",43,1962,38527779,18090155,177780,378,19637,"",0.92,0.63,0.54,0.73,0.73,0.87,0.87,"",-3,-6.5,-581,-22.8,-8942289,-18.8,-4040841,-18.3,-30247,-14.5,19,5.3,969,5.2
"C3538","5","45221","47","0","2020","A","","New Orleans-Metairie, LA MSA","Private","NAICS 45221 Department stores","MSA, NAICS 5-digit -- by ownership sector","All establishment sizes",43,1962,38527779,18090155,177780,378,19637,"",0.92,0.63,0.54,0.73,0.73,0.87,0.87,"",-3,-6.5,-581,-22.8,-8942289,-18.8,-4040841,-18.3,-30247,-14.5,19,5.3,969,5.2
"C3538","5","452210","48","0","2020","A","","New Orleans-Metairie, LA MSA","Private","NAICS 452210 Department stores","MSA, NAICS 6-digit -- by ownership sector","All establishment sizes",43,1962,38527779,18090155,177780,378,19637,"",0.92,0.63,0.54,0.73,0.73,0.87,0.87,"",-3,-6.5,-581,-22.8,-8942289,-18.8,-4040841,-18.3,-30247,-14.5,19,5.3,969,5.2
"C3538","5","4523","46","0","2020","A","","New Orleans-Metairie, LA MSA","Private","NAICS 4523 General merchandise stores, including warehouse clubs and supercenters","MSA, NAICS 4-digit -- by ownership sector","All establishment sizes",255,10046,269631726,94802952,859003,516,26841,"",1.19,1.36,1.43,1.56,1.75,1.05,1.05,"",1,0.4,70,0.7,12373629,4.8,4110019,4.5,-138328,-13.9,20,4.0,1053,4.1
"C3538","5","45231","47","0","2020","A","","New Orleans-Metairie, LA MSA","Private","NAICS 45231 General merchandise stores, including warehouse clubs and supercenters","MSA, NAICS 5-digit -- by ownership sector","All establishment sizes",255,10046,269631726,94802952,859003,516,26841,"",1.19,1.36,1.43,1.56,1.75,1.05,1.05,"",1,0.4,70,0.7,12373629,4.8,4110019,4.5,-138328,-13.9,20,4.0,1053,4.1
"C3538","5","452311","48","0","2020","A","N","New Orleans-Metairie, LA MSA","Private","NAICS 452311 Warehouse clubs and supercenters","MSA, NAICS 6-digit -- by ownership sector","All establishment sizes",26,0,0,0,0,0,0,"N",1.04,0,0,0,0,0,0,"N",0,0.0,0,0,0,0,0,0,0,0,0,0,0,0
"C3538","5","452319","48","0","2020","A","N","New Orleans-Metairie, LA MSA","Private","NAICS 452319 All other general merchandise stores","MSA, NAICS 6-digit -- by ownership sector","All establishment sizes",229,0,0,0,0,0,0,"N",1.21,0,0,0,0,0,0,"N",1,0.4,0,0,0,0,0,0,0,0,0,0,0,0
"C3538","5","453","45","0","2020","A","","New Orleans-Metairie, LA MSA","Private","NAICS 453 Miscellaneous store retailers","MSA, NAICS 3-digit -- by ownership sector","All establishment sizes",571,2945,96159256,26123702,232212,628,32648,"",1.26,1.12,1.32,1.25,1.03,1.17,1.17,"",10,1.8,-669,-18.5,-13350765,-12.2,-4038775,-13.4,-81556,-26.0,45,7.7,2349,7.8
"C3538","5","4531","46","0","2020","A","","New Orleans-Metairie, LA MSA","Private","NAICS 4531 Florists","MSA, NAICS 4-digit -- by ownership sector","All establishment sizes",57,167,4150953,1772554,23404,478,24856,"",1.17,0.95,1.13,1.27,1.84,1.20,1.20,"",2,3.6,-43,-20.5,-997357,-19.4,-142949,-7.5,-3854,-14.1,7,1.5,360,1.5
"C3538","5","45311","47","0","2020","A","","New Orleans-Metairie, LA MSA","Private","NAICS 45311 Florists","MSA, NAICS 5-digit -- by ownership sector","All establishment sizes",57,167,4150953,1772554,23404,478,24856,"",1.17,0.95,1.13,1.27,1.84,1.20,1.20,"",2,3.6,-43,-20.5,-997357,-19.4,-142949,-7.5,-3854,-14.1,7,1.5,360,1.5
"C3538","5","453110","48","0","2020","A","","New Orleans-Metairie, LA MSA","Private","NAICS 453110 Florists","MSA, NAICS 6-digit -- by ownership sector","All establishment sizes",57,167,4150953,1772554,23404,478,24856,"",1.17,0.95,1.13,1.27,1.84,1.20,1.20,"",2,3.6,-43,-20.5,-997357,-19.4,-142949,-7.5,-3854,-14.1,7,1.5,360,1.5
"C3538","5","4532","46","0","2020","A","","New Orleans-Metairie, LA MSA","Private","NAICS 4532 Office supplies, stationery, and gift stores","MSA, NAICS 4-digit -- by ownership sector","All establishment sizes",176,985,26738097,9507907,77059,522,27136,"",1.71,1.44,1.49,1.79,1.41,1.04,1.04,"",-2,-1.1,-419,-29.8,-9809518,-26.8,-2725454,-22.3,-31090,-28.7,21,4.2,1110,4.3
"C3538","5","45321","47","0","2020","A","N","New Orleans-Metairie, LA MSA","Private","NAICS 45321 Office supplies and stationery stores","MSA, NAICS 5-digit -- by ownership sector","All establishment sizes",35,0,0,0,0,0,0,"N",1.26,0,0,0,0,0,0,"N",0,0.0,0,0,0,0,0,0,0,0,0,0,0,0
"C3538","5","453210","48","0","2020","A","N","New Orleans-Metairie, LA MSA","Private","NAICS 453210 Office supplies and stationery stores","MSA, NAICS 6-digit -- by ownership sector","All establishment sizes",35,0,0,0,0,0,0,"N",1.26,0,0,0,0,0,0,"N",0,0.0,0,0,0,0,0,0,0,0,0,0,0,0
"C3538","5","45322","47","0","2020","A","N","New Orleans-Metairie, LA MSA","Private","NAICS 45322 Gift, novelty, and souvenir stores","MSA, NAICS 5-digit -- by ownership sector","All establishment sizes",142,0,0,0,0,0,0,"N",1.89,0,0,0,0,0,0,"N",-1,-0.7,0,0,0,0,0,0,0,0,0,0,0,0
"C3538","5","453220","48","0","2020","A","N","New Orleans-Metairie, LA MSA","Private","NAICS 453220 Gift, novelty, and souvenir stores","MSA, NAICS 6-digit -- by ownership sector","All establishment sizes",142,0,0,0,0,0,0,"N",1.89,0,0,0,0,0,0,"N",-1,-0.7,0,0,0,0,0,0,0,0,0,0,0,0
"C3538","5","4533","46","0","2020","A","","New Orleans-Metairie, LA MSA","Private","NAICS 4533 Used merchandise stores","MSA, NAICS 4-digit -- by ownership sector","All establishment sizes",76,625,23360102,4014279,38575,719,37386,"",1.10,1.15,1.97,1.37,1.34,1.71,1.71,"",-4,-5.0,-138,-18.1,-4632846,-16.6,-826498,-17.1,-17092,-30.7,14,2.0,714,1.9
"C3538","5","45331","47","0","2020","A","","New Orleans-Metairie, LA MSA","Private","NAICS 45331 Used merchandise stores","MSA, NAICS 5-digit -- by ownership sector","All establishment sizes",76,625,23360102,4014279,38575,719,37386,"",1.10,1.15,1.97,1.37,1.34,1.71,1.71,"",-4,-5.0,-138,-18.1,-4632846,-16.6,-826498,-17.1,-17092,-30.7,14,2.0,714,1.9
"C3538","5","453310","48","0","2020","A","","New Orleans-Metairie, LA MSA","Private","NAICS 453310 Used merchandise stores","MSA, NAICS 6-digit -- by ownership sector","All establishment sizes",76,625,23360102,4014279,38575,719,37386,"",1.10,1.15,1.97,1.37,1.34,1.71,1.71,"",-4,-5.0,-138,-18.1,-4632846,-16.6,-826498,-17.1,-17092,-30.7,14,2.0,714,1.9
"C3538","5","4539","46","0","2020","A","","New Orleans-Metairie, LA MSA","Private","NAICS 4539 Other miscellaneous store retailers","MSA, NAICS 4-digit -- by ownership sector","All establishment sizes",262,1168,41910104,10828962,93174,690,35877,"",1.13,0.95,1.06,0.97,0.72,1.11,1.11,"",14,5.6,-69,-5.6,2088956,5.2,-343874,-3.1,-29520,-24.1,71,11.5,3674,11.4
"C3538","5","45391","47","0","2020","A","","New Orleans-Metairie, LA MSA","Private","NAICS 45391 Pet and pet supplies stores","MSA, NAICS 5-digit -- by ownership sector","All establishment sizes",34,301,8413397,2817464,11577,537,27928,"",0.84,0.75,0.81,0.86,0.41,1.08,1.08,"",-1,-2.9,-29,-8.8,271054,3.3,-190531,-6.3,-6815,-37.1,62,13.1,3242,13.1
"C3538","5","453910","48","0","2020","A","","New Orleans-Metairie, LA MSA","Private","NAICS 453910 Pet and pet supplies stores","MSA, NAICS 6-digit -- by ownership sector","All establishment sizes",34,301,8413397,2817464,11577,537,27928,"",0.84,0.75,0.81,0.86,0.41,1.08,1.08,"",-1,-2.9,-29,-8.8,271054,3.3,-190531,-6.3,-6815,-37.1,62,13.1,3242,13.1
"C3538","5","45392","47","0","2020","A","N","New Orleans-Metairie, LA MSA","Private","NAICS 45392 Art dealers","MSA, NAICS 5-digit -- by ownership sector","All establishment sizes",66,0,0,0,0,0,0,"N",3.24,0,0,0,0,0,0,"N",2,3.1,0,0,0,0,0,0,0,0,0,0,0,0
"C3538","5","453920","48","0","2020","A","N","New Orleans-Metairie, LA MSA","Private","NAICS 453920 Art dealers","MSA, NAICS 6-digit -- by ownership sector","All establishment sizes",66,0,0,0,0,0,0,"N",3.24,0,0,0,0,0,0,"N",2,3.1,0,0,0,0,0,0,0,0,0,0,0,0
"C3538","5","45393","47","0","2020","A","N","New Orleans-Metairie, LA MSA","Private","NAICS 45393 Manufactured, mobile, home dealers","MSA, NAICS 5-digit -- by ownership sector","All establishment sizes",3,0,0,0,0,0,0,"N",0.35,0,0,0,0,0,0,"N",0,0.0,0,0,0,0,0,0,0,0,0,0,0,0
"C3538","5","453930","48","0","2020","A","N","New Orleans-Metairie, LA MSA","Private","NAICS 453930 Manufactured, mobile, home dealers","MSA, NAICS 6-digit -- by ownership sector","All establishment sizes",3,0,0,0,0,0,0,"N",0.35,0,0,0,0,0,0,"N",0,0.0,0,0,0,0,0,0,0,0,0,0,0,0
"C3538","5","45399","47","0","2020","A","","New Orleans-Metairie, LA MSA","Private","NAICS 45399 All other miscellaneous store retailers","MSA, NAICS 5-digit -- by ownership sector","All establishment sizes",159,668,22802208,6028072,58468,657,34139,"",0.98,0.92,0.97,0.87,0.66,1.05,1.05,"",13,8.9,-18,-2.6,2573930,12.7,-109616,-1.8,-19936,-25.4,90,15.9,4659,15.8
"C3538","5","453991","48","0","2020","A","N","New Orleans-Metairie, LA MSA","Private","NAICS 453991 Tobacco stores","MSA, NAICS 6-digit -- by ownership sector","All establishment sizes",55,0,0,0,0,0,0,"N",1.15,0,0,0,0,0,0,"N",1,1.9,0,0,0,0,0,0,0,0,0,0,0,0
"C3538","5","453998","48","0","2020","A","N","New Orleans-Metairie, LA MSA","Private","NAICS 453998 Store retailers not specified elsewhere","MSA, NAICS 6-digit -- by ownership sector","All establishment sizes",104,0,0,0,0,0,0,"N",0.91,0,0,0,0,0,0,"N",12,13.0,0,0,0,0,0,0,0,0,0,0,0,0
"C3538","5","454","45","0","2020","A","N","New Orleans-Metairie, LA MSA","Private","NAICS 454 Nonstore retailers","MSA, NAICS 3-digit -- by ownership sector","All establishment sizes",172,0,0,0,0,0,0,"N",0.73,0,0,0,0,0,0,"N",27,18.6,0,0,0,0,0,0,0,0,0,0,0,0
"C3538","5","4541","46","0","2020","A","","New Orleans-Metairie, LA MSA","Private","NAICS 4541 Electronic shopping and mail-order houses","MSA, NAICS 4-digit -- by ownership sector","All establishment sizes",85,311,14361424,3322965,47137,888,46153,"",0.60,0.21,0.11,0.15,0.23,0.55,0.55,"",15,21.4,121,63.7,5155931,56.0,1359500,69.2,18786,66.3,-44,-4.7,-2318,-4.8
"C3538","5","45411","47","0","2020","A","","New Orleans-Metairie, LA MSA","Private","NAICS 45411 Electronic shopping and mail-order houses","MSA, NAICS 5-digit -- by ownership sector","All establishment sizes",85,311,14361424,3322965,47137,888,46153,"",0.60,0.21,0.11,0.15,0.23,0.55,0.55,"",15,21.4,121,63.7,5155931,56.0,1359500,69.2,18786,66.3,-44,-4.7,-2318,-4.8
"C3538","5","454110","48","0","2020","A","","New Orleans-Metairie, LA MSA","Private","NAICS 454110 Electronic shopping and mail-order houses","MSA, NAICS 6-digit -- by ownership sector","All establishment sizes",85,311,14361424,3322965,47137,888,46153,"",0.60,0.21,0.11,0.15,0.23,0.55,0.55,"",15,21.4,121,63.7,5155931,56.0,1359500,69.2,18786,66.3,-44,-4.7,-2318,-4.8
"C3538","5","4542","46","0","2020","A","N","New Orleans-Metairie, LA MSA","Private","NAICS 4542 Vending machine operators","MSA, NAICS 4-digit -- by ownership sector","All establishment sizes",12,0,0,0,0,0,0,"N",0.85,0,0,0,0,0,0,"N",0,0.0,0,0,0,0,0,0,0,0,0,0,0,0
"C3538","5","45421","47","0","2020","A","N","New Orleans-Metairie, LA MSA","Private","NAICS 45421 Vending machine operators","MSA, NAICS 5-digit -- by ownership sector","All establishment sizes",12,0,0,0,0,0,0,"N",0.85,0,0,0,0,0,0,"N",0,0.0,0,0,0,0,0,0,0,0,0,0,0,0
"C3538","5","454210","48","0","2020","A","N","New Orleans-Metairie, LA MSA","Private","NAICS 454210 Vending machine operators","MSA, NAICS 6-digit -- by ownership sector","All establishment sizes",12,0,0,0,0,0,0,"N",0.85,0,0,0,0,0,0,"N",0,0.0,0,0,0,0,0,0,0,0,0,0,0,0
"C3538","5","4543","46","0","2020","A","","New Orleans-Metairie, LA MSA","Private","NAICS 4543 Direct selling establishments","MSA, NAICS 4-digit -- by ownership sector","All establishment sizes",75,124,5491773,1214483,15306,853,44378,"",0.93,0.27,0.22,0.23,0.22,0.83,0.83,"",12,19.0,-2,-1.6,-653181,-10.6,7717,0.6,-1297,-7.8,-87,-9.3,-4521,-9.2
"C3538","5","45431","47","0","2020","A","","New Orleans-Metairie, LA MSA","Private","NAICS 45431 Fuel dealers","MSA, NAICS 5-digit -- by ownership sector","All establishment sizes",6,37,1801434,325698,4112,947,49242,"",0.19,0.14,0.13,0.12,0.09,0.91,0.91,"",-1,-14.3,-4,-9.8,-135305,-7.0,-54271,-14.3,-672,-14.0,37,4.1,1908,4.0
"C3538","5","454310","48","0","2020","A","","New Orleans-Metairie, LA MSA","Private","NAICS 454310 Fuel dealers","MSA, NAICS 6-digit -- by ownership sector","All establishment sizes",6,37,1801434,325698,4112,947,49242,"",0.19,0.14,0.13,0.12,0.09,0.91,0.91,"",-1,-14.3,-4,-9.8,-135305,-7.0,-54271,-14.3,-672,-14.0,37,4.1,1908,4.0
"C3538","5","45439","47","0","2020","A","","New Orleans-Metairie, LA MSA","Private","NAICS 45439 Other direct selling establishments","MSA, NAICS 5-digit -- by ownership sector","All establishment sizes",69,87,3690339,888785,11194,814,42337,"",1.39,0.41,0.34,0.36,0.45,0.82,0.82,"",13,23.2,2,2.4,-517876,-12.3,61988,7.5,-625,-5.3,-141,-14.8,-7317,-14.7
"C3538","5","454390","48","0","2020","A","","New Orleans-Metairie, LA MSA","Private","NAICS 454390 Other direct selling establishments","MSA, NAICS 6-digit -- by ownership sector","All establishment sizes",69,87,3690339,888785,11194,814,42337,"",1.39,0.41,0.34,0.36,0.45,0.82,0.82,"",13,23.2,2,2.4,-517876,-12.3,61988,7.5,-625,-5.3,-141,-14.8,-7317,-14.7
"C3538","5","48-49","44","0","2020","A","","New Orleans-Metairie, LA MSA","Private","NAICS 48-49 Transportation and warehousing","MSA, NAICS Sector -- by ownership sector","All establishment sizes",1345,23861,1507022975,241213015,2897528,1215,63158,"",1.23,1.20,1.53,1.18,1.20,1.27,1.27,"",89,7.1,-2112,-8.1,-75928524,-4.8,-13470290,-5.3,-519864,-15.2,43,3.7,2212,3.6
"C3538","5","481","45","0","2020","A","","New Orleans-Metairie, LA MSA","Private","NAICS 481 Air transportation","MSA, NAICS 3-digit -- by ownership sector","All establishment sizes",29,808,46685224,7657787,45504,1111,57797,"",1.19,0.49,0.34,0.44,0.38,0.70,0.70,"",2,7.4,-135,-14.3,-9409313,-16.8,-825577,-9.7,-3794,-7.7,-33,-2.9,-1688,-2.8
"C3538","5","4811","46","0","2020","A","","New Orleans-Metairie, LA MSA","Private","NAICS 4811 Scheduled air transportation","MSA, NAICS 4-digit -- by ownership sector","All establishment sizes",14,684,36776264,6278095,36249,1033,53740,"",1.42,0.46,0.30,0.40,0.36,0.66,0.66,"",0,0.0,-85,-11.1,-5416166,-12.8,-667317,-9.6,-4508,-11.1,-22,-2.1,-1144,-2.1
"C3538","5","48111","47","0","2020","A","","New Orleans-Metairie, LA MSA","Private","NAICS 48111 Scheduled air transportation","MSA, NAICS 5-digit -- by ownership sector","All establishment sizes",14,684,36776264,6278095,36249,1033,53740,"",1.42,0.46,0.30,0.40,0.36,0.66,0.66,"",0,0.0,-85,-11.1,-5416166,-12.8,-667317,-9.6,-4508,-11.1,-22,-2.1,-1144,-2.1
"C3538","5","481111","48","0","2020","A","N","New Orleans-Metairie, LA MSA","Private","NAICS 481111 Scheduled passenger air transportation","MSA, NAICS 6-digit -- by ownership sector","All establishment sizes",12,0,0,0,0,0,0,"N",1.62,0,0,0,0,0,0,"N",0,0.0,0,0,0,0,0,0,0,0,0,0,0,0
"C3538","5","481112","48","0","2020","A","N","New Orleans-Metairie, LA MSA","Private","NAICS 481112 Scheduled freight air transportation","MSA, NAICS 6-digit -- by ownership sector","All establishment sizes",2,0,0,0,0,0,0,"N",0.81,0,0,0,0,0,0,"N",0,0.0,0,0,0,0,0,0,0,0,0,0,0,0
"C3538","5","4812","46","0","2020","A","","New Orleans-Metairie, LA MSA","Private","NAICS 4812 Nonscheduled air transportation","MSA, NAICS 4-digit -- by ownership sector","All establishment sizes",15,123,9908960,1379692,9255,1544,80289,"",1.04,0.75,0.64,0.83,0.50,0.85,0.85,"",2,15.4,-51,-29.3,-3993147,-28.7,-158260,-10.3,714,8.4,10,0.7,506,0.6
"C3538","5","48121","47","0","2020","A","","New Orleans-Metairie, LA MSA","Private","NAICS 48121 Nonscheduled air transportation","MSA, NAICS 5-digit -- by ownership sector","All establishment sizes",15,123,9908960,1379692,9255,1544,80289,"",1.04,0.75,0.64,0.83,0.50,0.85,0.85,"",2,15.4,-51,-29.3,-3993147,-28.7,-158260,-10.3,714,8.4,10,0.7,506,0.6
"C3538","5","481211","48","0","2020","A","N","New Orleans-Metairie, LA MSA","Private","NAICS 481211 Nonscheduled air passenger chartering","MSA, NAICS 6-digit -- by ownership sector","All establishment sizes",13,0,0,0,0,0,0,"N",1.37,0,0,0,0,0,0,"N",2,18.2,0,0,0,0,0,0,0,0,0,0,0,0
"C3538","5","481212","48","0","2020","A","N","New Orleans-Metairie, LA MSA","Private","NAICS 481212 Nonscheduled air freight chartering","MSA, NAICS 6-digit -- by ownership sector","All establishment sizes",2,0,0,0,0,0,0,"N",0.94,0,0,0,0,0,0,"N",0,0.0,0,0,0,0,0,0,0,0,0,0,0,0
"C3538","5","482","45","0","2020","A","N","New Orleans-Metairie, LA MSA","Private","NAICS 482 Rail transportation","MSA, NAICS 3-digit -- by ownership sector","All establishment sizes",1,0,0,0,0,0,0,"N",2.26,0,0,0,0,0,0,"N",0,0.0,0,0,0,0,0,0,0,0,0,0,0,0
"C3538","5","4821","46","0","2020","A","N","New Orleans-Metairie, LA MSA","Private","NAICS 4821 Rail transportation","MSA, NAICS 4-digit -- by ownership sector","All establishment sizes",1,0,0,0,0,0,0,"N",2.26,0,0,0,0,0,0,"N",0,0.0,0,0,0,0,0,0,0,0,0,0,0,0
"C3538","5","48211","47","0","2020","A","N","New Orleans-Metairie, LA MSA","Private","NAICS 48211 Rail transportation","MSA, NAICS 5-digit -- by ownership sector","All establishment sizes",1,0,0,0,0,0,0,"N",2.26,0,0,0,0,0,0,"N",0,0.0,0,0,0,0,0,0,0,0,0,0,0,0
"C3538","5","482112","48","0","2020","A","N","New Orleans-Metairie, LA MSA","Private","NAICS 482112 Short line railroads","MSA, NAICS 6-digit -- by ownership sector","All establishment sizes",1,0,0,0,0,0,0,"N",5.53,0,0,0,0,0,0,"N",0,0.0,0,0,0,0,0,0,0,0,0,0,0,0
"C3538","5","483","45","0","2020","A","","New Orleans-Metairie, LA MSA","Private","NAICS 483 Water transportation","MSA, NAICS 3-digit -- by ownership sector","All establishment sizes",127,3893,323198343,39561144,408117,1596,83013,"",14.75,18.47,18.30,17.83,11.25,0.99,0.99,"",7,5.8,-331,-7.8,-24146881,-7.0,-3493733,-8.1,-136601,-25.1,15,0.9,788,1.0
"C3538","5","4831","46","0","2020","A","","New Orleans-Metairie, LA MSA","Private","NAICS 4831 Sea, coastal, and great lakes transportation","MSA, NAICS 4-digit -- by ownership sector","All establishment sizes",36,855,85408371,10186780,144704,1921,99912,"",6.69,7.05,7.77,7.12,5.65,1.10,1.10,"",-1,-2.7,-339,-28.4,-29464967,-25.6,-2589376,-20.3,-75829,-34.4,71,3.8,3696,3.8
"C3538","5","48311","47","0","2020","A","","New Orleans-Metairie, LA MSA","Private","NAICS 48311 Sea, coastal, and great lakes transportation","MSA, NAICS 5-digit -- by ownership sector","All establishment sizes",36,855,85408371,10186780,144704,1921,99912,"",6.69,7.05,7.77,7.12,5.65,1.10,1.10,"",-1,-2.7,-339,-28.4,-29464967,-25.6,-2589376,-20.3,-75829,-34.4,71,3.8,3696,3.8
"C3538","5","483111","48","0","2020","A","","New Orleans-Metairie, LA MSA","Private","NAICS 483111 Deep sea freight transportation","MSA, NAICS 6-digit -- by ownership sector","All establishment sizes",11,151,19032397,2580669,67963,2431,126391,"",5.12,4.38,5.08,6.79,7.21,1.16,1.16,"",0,0.0,-29,-16.1,-3435415,-15.3,-205365,-7.4,-3603,-5.0,26,1.1,1338,1.1
"C3538","5","483112","48","0","2020","A","N","New Orleans-Metairie, LA MSA","Private","NAICS 483112 Deep sea passenger transportation","MSA, NAICS 6-digit -- by ownership sector","All establishment sizes",2,0,0,0,0,0,0,"N",3.00,0,0,0,0,0,0,"N",0,0.0,0,0,0,0,0,0,0,0,0,0,0,0
"C3538","5","483113","48","0","2020","A","","New Orleans-Metairie, LA MSA","Private","NAICS 483113 Coastal and great lakes freight transport.","MSA, NAICS 6-digit -- by ownership sector","All establishment sizes",16,621,61510131,6762354,63941,1906,99090,"",8.76,19.35,21.34,13.03,6.18,1.10,1.10,"",0,0.0,-255,-29.1,-23480655,-27.6,-1939900,-22.3,-68048,-51.6,39,2.1,2013,2.1
"C3538","5","483114","48","0","2020","A","N","New Orleans-Metairie, LA MSA","Private","NAICS 483114 Coastal and great lakes passenger transport.","MSA, NAICS 6-digit -- by ownership sector","All establishment sizes",7,0,0,0,0,0,0,"N",9.46,0,0,0,0,0,0,"N",-1,-12.5,0,0,0,0,0,0,0,0,0,0,0,0
"C3538","5","4832","46","0","2020","A","","New Orleans-Metairie, LA MSA","Private","NAICS 4832 Inland water transportation","MSA, NAICS 4-digit -- by ownership sector","All establishment sizes",91,3039,237789972,29374364,263413,1505,78259,"",28.14,33.96,35.65,37.22,24.69,1.05,1.05,"",8,9.6,9,0.3,5318086,2.3,-904357,-3.0,-60772,-18.7,30,2.0,1546,2.0
"C3538","5","48321","47","0","2020","A","","New Orleans-Metairie, LA MSA","Private","NAICS 48321 Inland water transportation","MSA, NAICS 5-digit -- by ownership sector","All establishment sizes",91,3039,237789972,29374364,263413,1505,78259,"",28.14,33.96,35.65,37.22,24.69,1.05,1.05,"",8,9.6,9,0.3,5318086,2.3,-904357,-3.0,-60772,-18.7,30,2.0,1546,2.0
"C3538","5","483211","48","0","2020","A","","New Orleans-Metairie, LA MSA","Private","NAICS 483211 Inland water freight transportation","MSA, NAICS 6-digit -- by ownership sector","All establishment sizes",75,2548,208994752,24389081,211242,1577,82018,"",32.83,32.69,34.28,36.92,24.93,1.05,1.05,"",8,11.9,18,0.7,5395053,2.6,-1165838,-4.6,-65450,-23.7,29,1.9,1546,1.9
"C3538","5","483212","48","0","2020","A","","New Orleans-Metairie, LA MSA","Private","NAICS 483212 Inland water passenger transportation","MSA, NAICS 6-digit -- by ownership sector","All establishment sizes",16,490,28795220,4985283,52171,1129,58726,"",16.86,42.45,50.09,38.77,23.77,1.18,1.18,"",0,0.0,-10,-2.0,-76967,-0.3,261481,5.5,4678,9.8,19,1.7,1020,1.8
"C3538","5","484","45","0","2020","A","","New Orleans-Metairie, LA MSA","Private","NAICS 484 Truck transportation","MSA, NAICS 3-digit -- by ownership sector","All establishment sizes",394,3167,167219805,33110913,385768,1016,52809,"",0.67,0.60,0.63,0.58,0.60,1.05,1.05,"",29,7.9,-206,-6.1,-5523618,-3.2,-845228,-2.5,-48233,-11.1,31,3.1,1590,3.1
"C3538","5","4841","46","0","2020","A","N","New Orleans-Metairie, LA MSA","Private","NAICS 4841 General freight trucking","MSA, NAICS 4-digit -- by ownership sector","All establishment sizes",250,0,0,0,0,0,0,"N",0.65,0,0,0,0,0,0,"N",24,10.6,0,0,0,0,0,0,0,0,0,0,0,0
"C3538","5","48411","47","0","2020","A","N","New Orleans-Metairie, LA MSA","Private","NAICS 48411 General freight trucking, local","MSA, NAICS 5-digit -- by ownership sector","All establishment sizes",127,0,0,0,0,0,0,"N",0.82,0,0,0,0,0,0,"N",7,5.8,0,0,0,0,0,0,0,0,0,0,0,0
"C3538","5","484110","48","0","2020","A","N","New Orleans-Metairie, LA MSA","Private","NAICS 484110 General freight trucking, local","MSA, NAICS 6-digit -- by ownership sector","All establishment sizes",127,0,0,0,0,0,0,"N",0.82,0,0,0,0,0,0,"N",7,5.8,0,0,0,0,0,0,0,0,0,0,0,0
"C3538","5","48412","47","0","2020","A","","New Orleans-Metairie, LA MSA","Private","NAICS 48412 General freight trucking, long-distance","MSA, NAICS 5-digit -- by ownership sector","All establishment sizes",123,1462,79963797,14943342,137836,1052,54707,"",0.53,0.54,0.57,0.52,0.54,1.06,1.06,"",17,16.0,-104,-6.6,-4045798,-4.8,-363209,-2.4,-14707,-9.6,20,1.9,1047,2.0
"C3538","5","484121","48","0","2020","A","","New Orleans-Metairie, LA MSA","Private","NAICS 484121 General freight trucking, long-distance tl","MSA, NAICS 6-digit -- by ownership sector","All establishment sizes",96,859,41225864,9000604,84473,923,47998,"",0.50,0.47,0.46,0.45,0.49,0.98,0.98,"",18,23.1,-72,-7.7,-2730170,-6.2,-429144,-4.6,-22416,-21.0,15,1.7,805,1.7
"C3538","5","484122","48","0","2020","A","","New Orleans-Metairie, LA MSA","Private","NAICS 484122 General freight trucking, long-distance ltl","MSA, NAICS 6-digit -- by ownership sector","All establishment sizes",27,603,38737933,5942738,53363,1236,64269,"",0.68,0.67,0.76,0.67,0.64,1.13,1.13,"",-1,-3.6,-31,-4.9,-1315628,-3.3,65935,1.1,7709,16.9,21,1.7,1110,1.8
"C3538","5","4842","46","0","2020","A","N","New Orleans-Metairie, LA MSA","Private","NAICS 4842 Specialized freight trucking","MSA, NAICS 4-digit -- by ownership sector","All establishment sizes",144,0,0,0,0,0,0,"N",0.70,0,0,0,0,0,0,"N",5,3.6,0,0,0,0,0,0,0,0,0,0,0,0
"C3538","5","48421","47","0","2020","A","N","New Orleans-Metairie, LA MSA","Private","NAICS 48421 Used household and office goods moving","MSA, NAICS 5-digit -- by ownership sector","All establishment sizes",29,0,0,0,0,0,0,"N",0.81,0,0,0,0,0,0,"N",-1,-3.3,0,0,0,0,0,0,0,0,0,0,0,0
"C3538","5","484210","48","0","2020","A","N","New Orleans-Metairie, LA MSA","Private","NAICS 484210 Used household and office goods moving","MSA, NAICS 6-digit -- by ownership sector","All establishment sizes",29,0,0,0,0,0,0,"N",0.81,0,0,0,0,0,0,"N",-1,-3.3,0,0,0,0,0,0,0,0,0,0,0,0
"C3538","5","48422","47","0","2020","A","","New Orleans-Metairie, LA MSA","Private","NAICS 48422 Other specialized trucking, local","MSA, NAICS 5-digit -- by ownership sector","All establishment sizes",76,575,32495228,5903704,80427,1088,56563,"",0.63,0.73,0.83,0.65,0.55,1.13,1.13,"",1,1.3,-32,-5.3,-274382,-0.8,-437240,-6.9,-15166,-15.9,49,4.7,2532,4.7
"C3538","5","484220","48","0","2020","A","","New Orleans-Metairie, LA MSA","Private","NAICS 484220 Other specialized trucking, local","MSA, NAICS 6-digit -- by ownership sector","All establishment sizes",76,575,32495228,5903704,80427,1088,56563,"",0.63,0.73,0.83,0.65,0.55,1.13,1.13,"",1,1.3,-32,-5.3,-274382,-0.8,-437240,-6.9,-15166,-15.9,49,4.7,2532,4.7
"C3538","5","48423","47","0","2020","A","","New Orleans-Metairie, LA MSA","Private","NAICS 48423 Other specialized trucking, long-distance","MSA, NAICS 5-digit -- by ownership sector","All establishment sizes",39,354,18371073,3363814,41124,998,51883,"",0.80,0.75,0.68,0.63,0.86,0.91,0.91,"",4,11.4,-25,-6.6,-1095584,-5.6,-146195,-4.2,-7481,-15.4,10,1.0,508,1.0
"C3538","5","484230","48","0","2020","A","","New Orleans-Metairie, LA MSA","Private","NAICS 484230 Other specialized trucking, long-distance","MSA, NAICS 6-digit -- by ownership sector","All establishment sizes",39,354,18371073,3363814,41124,998,51883,"",0.80,0.75,0.68,0.63,0.86,0.91,0.91,"",4,11.4,-25,-6.6,-1095584,-5.6,-146195,-4.2,-7481,-15.4,10,1.0,508,1.0
"C3538","5","485","45","0","2020","A","","New Orleans-Metairie, LA MSA","Private","NAICS 485 Transit and ground passenger transportation","MSA, NAICS 3-digit -- by ownership sector","All establishment sizes",102,1965,85217755,22834722,405063,834,43362,"",1.23,1.55,1.77,1.82,1.27,1.14,1.14,"",4,4.1,-534,-21.4,-17324676,-16.9,-3278095,-12.6,-78082,-16.2,45,5.7,2333,5.7
"C3538","5","4851","46","0","2020","A","N","New Orleans-Metairie, LA MSA","Private","NAICS 4851 Urban transit systems","MSA, NAICS 4-digit -- by ownership sector","All establishment sizes",4,0,0,0,0,0,0,"N",1.28,0,0,0,0,0,0,"N",1,33.3,0,0,0,0,0,0,0,0,0,0,0,0
"C3538","5","48511","47","0","2020","A","N","New Orleans-Metairie, LA MSA","Private","NAICS 48511 Urban transit systems","MSA, NAICS 5-digit -- by ownership sector","All establishment sizes",4,0,0,0,0,0,0,"N",1.28,0,0,0,0,0,0,"N",1,33.3,0,0,0,0,0,0,0,0,0,0,0,0
"C3538","5","485113","48","0","2020","A","N","New Orleans-Metairie, LA MSA","Private","NAICS 485113 Bus and other motor vehicle transit systems","MSA, NAICS 6-digit -- by ownership sector","All establishment sizes",4,0,0,0,0,0,0,"N",1.63,0,0,0,0,0,0,"N",1,33.3,0,0,0,0,0,0,0,0,0,0,0,0
"C3538","5","4852","46","0","2020","A","N","New Orleans-Metairie, LA MSA","Private","NAICS 4852 Interurban and rural bus transportation","MSA, NAICS 4-digit -- by ownership sector","All establishment sizes",1,0,0,0,0,0,0,"N",0.49,0,0,0,0,0,0,"N",0,0.0,0,0,0,0,0,0,0,0,0,0,0,0
"C3538","5","48521","47","0","2020","A","N","New Orleans-Metairie, LA MSA","Private","NAICS 48521 Interurban and rural bus transportation","MSA, NAICS 5-digit -- by ownership sector","All establishment sizes",1,0,0,0,0,0,0,"N",0.49,0,0,0,0,0,0,"N",0,0.0,0,0,0,0,0,0,0,0,0,0,0,0
"C3538","5","485210","48","0","2020","A","N","New Orleans-Metairie, LA MSA","Private","NAICS 485210 Interurban and rural bus transportation","MSA, NAICS 6-digit -- by ownership sector","All establishment sizes",1,0,0,0,0,0,0,"N",0.49,0,0,0,0,0,0,"N",0,0.0,0,0,0,0,0,0,0,0,0,0,0,0
"C3538","5","4853","46","0","2020","A","","New Orleans-Metairie, LA MSA","Private","NAICS 4853 Taxi and limousine service","MSA, NAICS 4-digit -- by ownership sector","All establishment sizes",35,216,6001325,2448714,32705,533,27741,"",1.18,1.28,0.42,1.49,1.38,0.32,0.32,"",-1,-2.8,-145,-40.2,-3924548,-39.5,-919365,-27.3,-18324,-35.9,5,0.9,271,1.0
"C3538","5","48531","47","0","2020","A","","New Orleans-Metairie, LA MSA","Private","NAICS 48531 Taxi service","MSA, NAICS 5-digit -- by ownership sector","All establishment sizes",13,39,919458,402595,5962,453,23576,"",1.10,0.41,0.07,0.46,0.50,0.18,0.18,"",0,0.0,-17,-30.4,-609819,-39.9,-147012,-26.7,-2750,-31.6,-77,-14.5,-3979,-14.4
"C3538","5","485310","48","0","2020","A","","New Orleans-Metairie, LA MSA","Private","NAICS 485310 Taxi service","MSA, NAICS 6-digit -- by ownership sector","All establishment sizes",13,39,919458,402595,5962,453,23576,"",1.10,0.41,0.07,0.46,0.50,0.18,0.18,"",0,0.0,-17,-30.4,-609819,-39.9,-147012,-26.7,-2750,-31.6,-77,-14.5,-3979,-14.4
"C3538","5","48532","47","0","2020","A","","New Orleans-Metairie, LA MSA","Private","NAICS 48532 Limousine service","MSA, NAICS 5-digit -- by ownership sector","All establishment sizes",22,177,5081867,2046119,26743,551,28657,"",1.24,2.43,2.43,2.66,2.27,1.00,1.00,"",0,0.0,-129,-42.2,-3314729,-39.5,-772353,-27.4,-15574,-36.8,23,4.4,1202,4.4
"C3538","5","485320","48","0","2020","A","","New Orleans-Metairie, LA MSA","Private","NAICS 485320 Limousine service","MSA, NAICS 6-digit -- by ownership sector","All establishment sizes",22,177,5081867,2046119,26743,551,28657,"",1.24,2.43,2.43,2.66,2.27,1.00,1.00,"",0,0.0,-129,-42.2,-3314729,-39.5,-772353,-27.4,-15574,-36.8,23,4.4,1202,4.4
"C3538","5","4854","46","0","2020","A","","New Orleans-Metairie, LA MSA","Private","NAICS 4854 School and employee bus transportation","MSA, NAICS 4-digit -- by ownership sector","All establishment sizes",14,425,15716862,7970677,218149,710,36945,"",0.81,0.80,1.20,1.46,1.00,1.51,1.50,"",1,7.7,-168,-28.3,-6899746,-30.5,-942207,-10.6,-31624,-12.7,-24,-3.3,-1221,-3.2
"C3538","5","48541","47","0","2020","A","","New Orleans-Metairie, LA MSA","Private","NAICS 48541 School and employee bus transportation","MSA, NAICS 5-digit -- by ownership sector","All establishment sizes",14,425,15716862,7970677,218149,710,36945,"",0.81,0.80,1.20,1.46,1.00,1.51,1.50,"",1,7.7,-168,-28.3,-6899746,-30.5,-942207,-10.6,-31624,-12.7,-24,-3.3,-1221,-3.2
"C3538","5","485410","48","0","2020","A","","New Orleans-Metairie, LA MSA","Private","NAICS 485410 School and employee bus transportation","MSA, NAICS 6-digit -- by ownership sector","All establishment sizes",14,425,15716862,7970677,218149,710,36945,"",0.81,0.80,1.20,1.46,1.00,1.51,1.50,"",1,7.7,-168,-28.3,-6899746,-30.5,-942207,-10.6,-31624,-12.7,-24,-3.3,-1221,-3.2
"C3538","5","4855","46","0","2020","A","N","New Orleans-Metairie, LA MSA","Private","NAICS 4855 Charter bus industry","MSA, NAICS 4-digit -- by ownership sector","All establishment sizes",8,0,0,0,0,0,0,"N",1.52,0,0,0,0,0,0,"N",1,14.3,0,0,0,0,0,0,0,0,0,0,0,0
"C3538","5","48551","47","0","2020","A","N","New Orleans-Metairie, LA MSA","Private","NAICS 48551 Charter bus industry","MSA, NAICS 5-digit -- by ownership sector","All establishment sizes",8,0,0,0,0,0,0,"N",1.52,0,0,0,0,0,0,"N",1,14.3,0,0,0,0,0,0,0,0,0,0,0,0
"C3538","5","485510","48","0","2020","A","N","New Orleans-Metairie, LA MSA","Private","NAICS 485510 Charter bus industry","MSA, NAICS 6-digit -- by ownership sector","All establishment sizes",8,0,0,0,0,0,0,"N",1.52,0,0,0,0,0,0,"N",1,14.3,0,0,0,0,0,0,0,0,0,0,0,0
"C3538","5","4859","46","0","2020","A","","New Orleans-Metairie, LA MSA","Private","NAICS 4859 Other ground passenger transportation","MSA, NAICS 4-digit -- by ownership sector","All establishment sizes",40,269,8194390,2805852,38523,585,30444,"",1.57,0.84,0.81,0.96,0.85,0.96,0.96,"",2,5.3,-81,-23.1,-2412774,-22.7,-498564,-15.1,-11051,-22.3,2,0.3,116,0.4
"C3538","5","48599","47","0","2020","A","","New Orleans-Metairie, LA MSA","Private","NAICS 48599 Other ground passenger transportation","MSA, NAICS 5-digit -- by ownership sector","All establishment sizes",40,269,8194390,2805852,38523,585,30444,"",1.57,0.84,0.81,0.96,0.85,0.96,0.96,"",2,5.3,-81,-23.1,-2412774,-22.7,-498564,-15.1,-11051,-22.3,2,0.3,116,0.4
"C3538","5","485991","48","0","2020","A","","New Orleans-Metairie, LA MSA","Private","NAICS 485991 Special needs transportation","MSA, NAICS 6-digit -- by ownership sector","All establishment sizes",17,93,2602573,920643,18005,539,28035,"",1.15,0.41,0.39,0.47,0.58,0.94,0.94,"",3,21.4,-10,-9.7,-297702,-10.3,-114738,-11.1,-2915,-13.9,-2,-0.4,-78,-0.3
"C3538","5","485999","48","0","2020","A","","New Orleans-Metairie, LA MSA","Private","NAICS 485999 All other ground passenger transportation","MSA, NAICS 6-digit -- by ownership sector","All establishment sizes",24,176,5591817,1885209,20518,610,31712,"",2.24,1.87,1.65,1.99,1.44,0.88,0.88,"",1,4.3,-71,-28.7,-2115072,-27.4,-383826,-16.9,-8136,-28.4,9,1.5,457,1.5
"C3538","5","486","45","0","2020","A","","New Orleans-Metairie, LA MSA","Private","NAICS 486 Pipeline transportation","MSA, NAICS 3-digit -- by ownership sector","All establishment sizes",29,280,35175952,2417696,15505,2412,125442,"",2.22,1.53,1.57,1.36,0.92,1.03,1.03,"",3,11.5,21,8.1,3869987,12.4,253681,11.7,1797,13.1,90,3.9,4686,3.9
"C3538","5","4861","46","0","2020","A","","New Orleans-Metairie, LA MSA","Private","NAICS 4861 Pipeline transportation of crude oil","MSA, NAICS 4-digit -- by ownership sector","All establishment sizes",16,171,22758205,1448927,11843,2567,133479,"",6.70,3.88,4.49,3.43,2.45,1.16,1.16,"",3,23.1,34,24.8,5298211,30.3,342158,30.9,2557,27.5,110,4.5,5723,4.5
"C3538","5","48611","47","0","2020","A","","New Orleans-Metairie, LA MSA","Private","NAICS 48611 Pipeline transportation of crude oil","MSA, NAICS 5-digit -- by ownership sector","All establishment sizes",16,171,22758205,1448927,11843,2567,133479,"",6.70,3.88,4.49,3.43,2.45,1.16,1.16,"",3,23.1,34,24.8,5298211,30.3,342158,30.9,2557,27.5,110,4.5,5723,4.5
"C3538","5","486110","48","0","2020","A","","New Orleans-Metairie, LA MSA","Private","NAICS 486110 Pipeline transportation of crude oil","MSA, NAICS 6-digit -- by ownership sector","All establishment sizes",16,171,22758205,1448927,11843,2567,133479,"",6.70,3.88,4.49,3.43,2.45,1.16,1.16,"",3,23.1,34,24.8,5298211,30.3,342158,30.9,2557,27.5,110,4.5,5723,4.5
"C3538","5","4862","46","0","2020","A","N","New Orleans-Metairie, LA MSA","Private","NAICS 4862 Pipeline transportation of natural gas","MSA, NAICS 4-digit -- by ownership sector","All establishment sizes",11,0,0,0,0,0,0,"N",1.37,0,0,0,0,0,0,"N",0,0.0,0,0,0,0,0,0,0,0,0,0,0,0
"C3538","5","48621","47","0","2020","A","N","New Orleans-Metairie, LA MSA","Private","NAICS 48621 Pipeline transportation of natural gas","MSA, NAICS 5-digit -- by ownership sector","All establishment sizes",11,0,0,0,0,0,0,"N",1.37,0,0,0,0,0,0,"N",0,0.0,0,0,0,0,0,0,0,0,0,0,0,0
"C3538","5","486210","48","0","2020","A","N","New Orleans-Metairie, LA MSA","Private","NAICS 486210 Pipeline transportation of natural gas","MSA, NAICS 6-digit -- by ownership sector","All establishment sizes",11,0,0,0,0,0,0,"N",1.37,0,0,0,0,0,0,"N",0,0.0,0,0,0,0,0,0,0,0,0,0,0,0
"C3538","5","4869","46","0","2020","A","N","New Orleans-Metairie, LA MSA","Private","NAICS 4869 Other pipeline transportation","MSA, NAICS 4-digit -- by ownership sector","All establishment sizes",2,0,0,0,0,0,0,"N",0.77,0,0,0,0,0,0,"N",0,0.0,0,0,0,0,0,0,0,0,0,0,0,0
"C3538","5","48691","47","0","2020","A","N","New Orleans-Metairie, LA MSA","Private","NAICS 48691 Refined petroleum product pipeline transport.","MSA, NAICS 5-digit -- by ownership sector","All establishment sizes",2,0,0,0,0,0,0,"N",0.85,0,0,0,0,0,0,"N",0,0.0,0,0,0,0,0,0,0,0,0,0,0,0
"C3538","5","486910","48","0","2020","A","N","New Orleans-Metairie, LA MSA","Private","NAICS 486910 Refined petroleum product pipeline transport.","MSA, NAICS 6-digit -- by ownership sector","All establishment sizes",2,0,0,0,0,0,0,"N",0.85,0,0,0,0,0,0,"N",0,0.0,0,0,0,0,0,0,0,0,0,0,0,0
"C3538","5","487","45","0","2020","A","","New Orleans-Metairie, LA MSA","Private","NAICS 487 Scenic and sightseeing transportation","MSA, NAICS 3-digit -- by ownership sector","All establishment sizes",45,370,11994625,5171760,59233,624,32440,"",3.30,5.40,4.97,6.39,4.08,0.92,0.92,"",1,2.3,-354,-48.9,-13620199,-53.2,-1660387,-24.3,-44595,-43.0,-57,-8.4,-2956,-8.4
"C3538","5","4871","46","0","2020","A","N","New Orleans-Metairie, LA MSA","Private","NAICS 4871 Scenic and sightseeing transportation, land","MSA, NAICS 4-digit -- by ownership sector","All establishment sizes",14,0,0,0,0,0,0,"N",3.83,0,0,0,0,0,0,"N",-1,-6.7,0,0,0,0,0,0,0,0,0,0,0,0
"C3538","5","48711","47","0","2020","A","N","New Orleans-Metairie, LA MSA","Private","NAICS 48711 Scenic and sightseeing transportation, land","MSA, NAICS 5-digit -- by ownership sector","All establishment sizes",14,0,0,0,0,0,0,"N",3.83,0,0,0,0,0,0,"N",-1,-6.7,0,0,0,0,0,0,0,0,0,0,0,0
"C3538","5","487110","48","0","2020","A","N","New Orleans-Metairie, LA MSA","Private","NAICS 487110 Scenic and sightseeing transportation, land","MSA, NAICS 6-digit -- by ownership sector","All establishment sizes",14,0,0,0,0,0,0,"N",3.83,0,0,0,0,0,0,"N",-1,-6.7,0,0,0,0,0,0,0,0,0,0,0,0
"C3538","5","4872","46","0","2020","A","","New Orleans-Metairie, LA MSA","Private","NAICS 4872 Scenic and sightseeing transportation, water","MSA, NAICS 4-digit -- by ownership sector","All establishment sizes",29,251,8721778,3321812,31507,669,34806,"",3.26,6.82,7.44,8.19,4.11,1.09,1.09,"",2,7.4,-194,-43.6,-8056843,-48.0,-948001,-22.2,-26254,-45.5,-57,-7.9,-2927,-7.8
"C3538","5","48721","47","0","2020","A","","New Orleans-Metairie, LA MSA","Private","NAICS 48721 Scenic and sightseeing transportation, water","MSA, NAICS 5-digit -- by ownership sector","All establishment sizes",29,251,8721778,3321812,31507,669,34806,"",3.26,6.82,7.44,8.19,4.11,1.09,1.09,"",2,7.4,-194,-43.6,-8056843,-48.0,-948001,-22.2,-26254,-45.5,-57,-7.9,-2927,-7.8
"C3538","5","487210","48","0","2020","A","","New Orleans-Metairie, LA MSA","Private","NAICS 487210 Scenic and sightseeing transportation, water","MSA, NAICS 6-digit -- by ownership sector","All establishment sizes",29,251,8721778,3321812,31507,669,34806,"",3.26,6.82,7.44,8.19,4.11,1.09,1.09,"",2,7.4,-194,-43.6,-8056843,-48.0,-948001,-22.2,-26254,-45.5,-57,-7.9,-2927,-7.8
"C3538","5","4879","46","0","2020","A","N","New Orleans-Metairie, LA MSA","Private","NAICS 4879 Scenic and sightseeing transportation, other","MSA, NAICS 4-digit -- by ownership sector","All establishment sizes",2,0,0,0,0,0,0,"N",1.83,0,0,0,0,0,0,"N",0,0.0,0,0,0,0,0,0,0,0,0,0,0,0
"C3538","5","48799","47","0","2020","A","N","New Orleans-Metairie, LA MSA","Private","NAICS 48799 Scenic and sightseeing transportation, other","MSA, NAICS 5-digit -- by ownership sector","All establishment sizes",2,0,0,0,0,0,0,"N",1.83,0,0,0,0,0,0,"N",0,0.0,0,0,0,0,0,0,0,0,0,0,0,0
"C3538","5","487990","48","0","2020","A","N","New Orleans-Metairie, LA MSA","Private","NAICS 487990 Scenic and sightseeing transportation, other","MSA, NAICS 6-digit -- by ownership sector","All establishment sizes",2,0,0,0,0,0,0,"N",1.83,0,0,0,0,0,0,"N",0,0.0,0,0,0,0,0,0,0,0,0,0,0,0
"C3538","5","488","45","0","2020","A","","New Orleans-Metairie, LA MSA","Private","NAICS 488 Support activities for transportation","MSA, NAICS 3-digit -- by ownership sector","All establishment sizes",427,7781,505419556,75988962,1048244,1249,64954,"",2.14,3.17,3.69,3.06,3.43,1.17,1.17,"",30,7.6,-576,-6.9,-22968575,-4.3,-7683444,-9.2,-233583,-18.2,33,2.7,1728,2.7
"C3538","5","4881","46","0","2020","A","","New Orleans-Metairie, LA MSA","Private","NAICS 4881 Support activities for air transportation","MSA, NAICS 4-digit -- by ownership sector","All establishment sizes",33,626,17618962,6891124,105177,541,28142,"",1.00,0.89,0.50,1.01,1.32,0.56,0.56,"N",9,37.5,0,0,0,0,0,0,0,0,0,0,0,0
"C3538","5","48811","47","0","2020","A","N","New Orleans-Metairie, LA MSA","Private","NAICS 48811 Airport operations","MSA, NAICS 5-digit -- by ownership sector","All establishment sizes",8,0,0,0,0,0,0,"N",0.87,0,0,0,0,0,0,"N",0,0.0,0,0,0,0,0,0,0,0,0,0,0,0
"C3538","5","488119","48","0","2020","A","N","New Orleans-Metairie, LA MSA","Private","NAICS 488119 Other airport operations","MSA, NAICS 6-digit -- by ownership sector","All establishment sizes",8,0,0,0,0,0,0,"N",0.97,0,0,0,0,0,0,"N",0,0.0,0,0,0,0,0,0,0,0,0,0,0,0
"C3538","5","48819","47","0","2020","A","N","New Orleans-Metairie, LA MSA","Private","NAICS 48819 Other support activities for air transport.","MSA, NAICS 5-digit -- by ownership sector","All establishment sizes",25,0,0,0,0,0,0,"N",1.04,0,0,0,0,0,0,"N",9,56.2,0,0,0,0,0,0,0,0,0,0,0,0
"C3538","5","488190","48","0","2020","A","N","New Orleans-Metairie, LA MSA","Private","NAICS 488190 Other support activities for air transport.","MSA, NAICS 6-digit -- by ownership sector","All establishment sizes",25,0,0,0,0,0,0,"N",1.04,0,0,0,0,0,0,"N",9,56.2,0,0,0,0,0,0,0,0,0,0,0,0
"C3538","5","4882","46","0","2020","A","N","New Orleans-Metairie, LA MSA","Private","NAICS 4882 Support activities for rail transportation","MSA, NAICS 4-digit -- by ownership sector","All establishment sizes",11,0,0,0,0,0,0,"N",1.55,0,0,0,0,0,0,"N",1,10.0,0,0,0,0,0,0,0,0,0,0,0,0
"C3538","5","48821","47","0","2020","A","N","New Orleans-Metairie, LA MSA","Private","NAICS 48821 Support activities for rail transportation","MSA, NAICS 5-digit -- by ownership sector","All establishment sizes",11,0,0,0,0,0,0,"N",1.55,0,0,0,0,0,0,"N",1,10.0,0,0,0,0,0,0,0,0,0,0,0,0
"C3538","5","488210","48","0","2020","A","N","New Orleans-Metairie, LA MSA","Private","NAICS 488210 Support activities for rail transportation","MSA, NAICS 6-digit -- by ownership sector","All establishment sizes",11,0,0,0,0,0,0,"N",1.55,0,0,0,0,0,0,"N",1,10.0,0,0,0,0,0,0,0,0,0,0,0,0
"C3538","5","4883","46","0","2020","A","N","New Orleans-Metairie, LA MSA","Private","NAICS 4883 Support activities for water transportation","MSA, NAICS 4-digit -- by ownership sector","All establishment sizes",203,0,0,0,0,0,0,"N",18.08,0,0,0,0,0,0,"N",3,1.5,0,0,0,0,0,0,0,0,0,0,0,0
"C3538","5","48831","47","0","2020","A","N","New Orleans-Metairie, LA MSA","Private","NAICS 48831 Port and harbor operations","MSA, NAICS 5-digit -- by ownership sector","All establishment sizes",9,0,0,0,0,0,0,"N",6.99,0,0,0,0,0,0,"N",1,12.5,0,0,0,0,0,0,0,0,0,0,0,0
"C3538","5","488310","48","0","2020","A","N","New Orleans-Metairie, LA MSA","Private","NAICS 488310 Port and harbor operations","MSA, NAICS 6-digit -- by ownership sector","All establishment sizes",9,0,0,0,0,0,0,"N",6.99,0,0,0,0,0,0,"N",1,12.5,0,0,0,0,0,0,0,0,0,0,0,0
"C3538","5","48832","47","0","2020","A","","New Orleans-Metairie, LA MSA","Private","NAICS 48832 Marine cargo handling","MSA, NAICS 5-digit -- by ownership sector","All establishment sizes",46,2003,116856388,18505109,260533,1122,58348,"",14.64,9.77,7.25,8.15,11.10,0.74,0.74,"",2,4.5,-175,-8.0,-13855741,-10.6,-2774535,-13.0,-68025,-20.7,-32,-2.8,-1671,-2.8
"C3538","5","488320","48","0","2020","A","","New Orleans-Metairie, LA MSA","Private","NAICS 488320 Marine cargo handling","MSA, NAICS 6-digit -- by ownership sector","All establishment sizes",46,2003,116856388,18505109,260533,1122,58348,"",14.64,9.77,7.25,8.15,11.10,0.74,0.74,"",2,4.5,-175,-8.0,-13855741,-10.6,-2774535,-13.0,-68025,-20.7,-32,-2.8,-1671,-2.8
"C3538","5","48833","47","0","2020","A","","New Orleans-Metairie, LA MSA","Private","NAICS 48833 Navigational services to shipping","MSA, NAICS 5-digit -- by ownership sector","All establishment sizes",97,1838,154603483,17657077,170729,1617,84107,"",27.34,32.43,35.26,30.29,19.62,1.09,1.09,"",0,0.0,-80,-4.2,-6761059,-4.2,-2360151,-11.8,-99403,-36.8,-1,-0.1,-14,0.0
"C3538","5","488330","48","0","2020","A","","New Orleans-Metairie, LA MSA","Private","NAICS 488330 Navigational services to shipping","MSA, NAICS 6-digit -- by ownership sector","All establishment sizes",97,1838,154603483,17657077,170729,1617,84107,"",27.34,32.43,35.26,30.29,19.62,1.09,1.09,"",0,0.0,-80,-4.2,-6761059,-4.2,-2360151,-11.8,-99403,-36.8,-1,-0.1,-14,0.0
"C3538","5","48839","47","0","2020","A","","New Orleans-Metairie, LA MSA","Private","NAICS 48839 Other support activities for water transport.","MSA, NAICS 5-digit -- by ownership sector","All establishment sizes",52,1406,94178272,13856126,233150,1288,66975,"",15.96,53.24,50.94,55.53,58.64,0.96,0.96,"",1,2.0,-77,-5.2,2627146,2.9,-585991,-4.1,-10391,-4.3,101,8.5,5259,8.5
"C3538","5","488390","48","0","2020","A","","New Orleans-Metairie, LA MSA","Private","NAICS 488390 Other support activities for water transport.","MSA, NAICS 6-digit -- by ownership sector","All establishment sizes",52,1406,94178272,13856126,233150,1288,66975,"",15.96,53.24,50.94,55.53,58.64,0.96,0.96,"",1,2.0,-77,-5.2,2627146,2.9,-585991,-4.1,-10391,-4.3,101,8.5,5259,8.5
"C3538","5","4884","46","0","2020","A","","New Orleans-Metairie, LA MSA","Private","NAICS 4884 Support activities for road transportation","MSA, NAICS 4-digit -- by ownership sector","All establishment sizes",60,303,12526157,3120300,41498,795,41329,"",1.08,0.82,0.84,0.81,0.89,1.02,1.02,"",5,9.1,16,5.6,1224645,10.8,338764,12.2,2894,7.5,37,4.9,1894,4.8
"C3538","5","48841","47","0","2020","A","","New Orleans-Metairie, LA MSA","Private","NAICS 48841 Motor vehicle towing","MSA, NAICS 5-digit -- by ownership sector","All establishment sizes",46,243,9590617,2518609,29703,758,39413,"",1.17,1.05,1.07,1.08,1.16,1.01,1.01,"",4,9.5,15,6.6,948869,11.0,217799,9.5,847,2.9,30,4.1,1580,4.2
"C3538","5","488410","48","0","2020","A","","New Orleans-Metairie, LA MSA","Private","NAICS 488410 Motor vehicle towing","MSA, NAICS 6-digit -- by ownership sector","All establishment sizes",46,243,9590617,2518609,29703,758,39413,"",1.17,1.05,1.07,1.08,1.16,1.01,1.01,"",4,9.5,15,6.6,948869,11.0,217799,9.5,847,2.9,30,4.1,1580,4.2
"C3538","5","48849","47","0","2020","A","","New Orleans-Metairie, LA MSA","Private","NAICS 48849 Other support activities for road transport.","MSA, NAICS 5-digit -- by ownership sector","All establishment sizes",14,60,2935540,601691,11795,945,49130,"",0.86,0.44,0.49,0.39,0.56,1.13,1.13,"",2,16.7,2,3.4,275776,10.4,120965,25.2,2047,21.0,66,7.5,3403,7.4
"C3538","5","488490","48","0","2020","A","","New Orleans-Metairie, LA MSA","Private","NAICS 488490 Other support activities for road transport.","MSA, NAICS 6-digit -- by ownership sector","All establishment sizes",14,60,2935540,601691,11795,945,49130,"",0.86,0.44,0.49,0.39,0.56,1.13,1.13,"",2,16.7,2,3.4,275776,10.4,120965,25.2,2047,21.0,66,7.5,3403,7.4
"C3538","5","4885","46","0","2020","A","","New Orleans-Metairie, LA MSA","Private","NAICS 4885 Freight transportation arrangement","MSA, NAICS 4-digit -- by ownership sector","All establishment sizes",108,864,62549754,8082239,93952,1392,72382,"",1.33,1.04,1.24,0.96,0.91,1.19,1.19,"",11,11.3,-54,-5.9,-408239,-0.6,-664719,-7.6,-22021,-19.0,73,5.5,3788,5.5
"C3538","5","48851","47","0","2020","A","","New Orleans-Metairie, LA MSA","Private","NAICS 48851 Freight transportation arrangement","MSA, NAICS 5-digit -- by ownership sector","All establishment sizes",108,864,62549754,8082239,93952,1392,72382,"",1.33,1.04,1.24,0.96,0.91,1.19,1.19,"",11,11.3,-54,-5.9,-408239,-0.6,-664719,-7.6,-22021,-19.0,73,5.5,3788,5.5
"C3538","5","488510","48","0","2020","A","","New Orleans-Metairie, LA MSA","Private","NAICS 488510 Freight transportation arrangement","MSA, NAICS 6-digit -- by ownership sector","All establishment sizes",108,864,62549754,8082239,93952,1392,72382,"",1.33,1.04,1.24,0.96,0.91,1.19,1.19,"",11,11.3,-54,-5.9,-408239,-0.6,-664719,-7.6,-22021,-19.0,73,5.5,3788,5.5
"C3538","5","4889","46","0","2020","A","","New Orleans-Metairie, LA MSA","Private","NAICS 4889 Other support activities for transportation","MSA, NAICS 4-digit -- by ownership sector","All establishment sizes",13,366,19390524,3597939,63753,1020,53040,"",1.17,3.13,3.36,3.32,3.78,1.08,1.08,"",2,18.2,-37,-9.2,-1075501,-5.3,-637619,-15.1,-15823,-19.9,43,4.4,2214,4.4
"C3538","5","48899","47","0","2020","A","","New Orleans-Metairie, LA MSA","Private","NAICS 48899 Other support activities for transportation","MSA, NAICS 5-digit -- by ownership sector","All establishment sizes",13,366,19390524,3597939,63753,1020,53040,"",1.17,3.13,3.36,3.32,3.78,1.08,1.08,"",2,18.2,-37,-9.2,-1075501,-5.3,-637619,-15.1,-15823,-19.9,43,4.4,2214,4.4
"C3538","5","488991","48","0","2020","A","N","New Orleans-Metairie, LA MSA","Private","NAICS 488991 Packing and crating","MSA, NAICS 6-digit -- by ownership sector","All establishment sizes",4,0,0,0,0,0,0,"N",0.77,0,0,0,0,0,0,"N",0,0.0,0,0,0,0,0,0,0,0,0,0,0,0
"C3538","5","488999","48","0","2020","A","N","New Orleans-Metairie, LA MSA","Private","NAICS 488999 All other support activities for transport.","MSA, NAICS 6-digit -- by ownership sector","All establishment sizes",9,0,0,0,0,0,0,"N",1.54,0,0,0,0,0,0,"N",2,28.6,0,0,0,0,0,0,0,0,0,0,0,0
"C3538","5","491","45","0","2020","A","N","New Orleans-Metairie, LA MSA","Private","NAICS 491 Postal service","MSA, NAICS 3-digit -- by ownership sector","All establishment sizes",5,0,0,0,0,0,0,"N",1.29,0,0,0,0,0,0,"N",-1,-16.7,0,0,0,0,0,0,0,0,0,0,0,0
"C3538","5","4911","46","0","2020","A","N","New Orleans-Metairie, LA MSA","Private","NAICS 4911 Postal service","MSA, NAICS 4-digit -- by ownership sector","All establishment sizes",5,0,0,0,0,0,0,"N",1.29,0,0,0,0,0,0,"N",-1,-16.7,0,0,0,0,0,0,0,0,0,0,0,0
"C3538","5","49111","47","0","2020","A","N","New Orleans-Metairie, LA MSA","Private","NAICS 49111 Postal service","MSA, NAICS 5-digit -- by ownership sector","All establishment sizes",5,0,0,0,0,0,0,"N",1.29,0,0,0,0,0,0,"N",-1,-16.7,0,0,0,0,0,0,0,0,0,0,0,0
"C3538","5","491110","48","0","2020","A","N","New Orleans-Metairie, LA MSA","Private","NAICS 491110 Postal service","MSA, NAICS 6-digit -- by ownership sector","All establishment sizes",5,0,0,0,0,0,0,"N",1.29,0,0,0,0,0,0,"N",-1,-16.7,0,0,0,0,0,0,0,0,0,0,0,0
"C3538","5","492","45","0","2020","A","","New Orleans-Metairie, LA MSA","Private","NAICS 492 Couriers and messengers","MSA, NAICS 3-digit -- by ownership sector","All establishment sizes",105,3194,133413327,32617739,345056,803,41777,"",1.34,0.92,0.91,0.99,1.09,0.99,0.99,"",15,16.7,328,11.4,16742689,14.4,7137600,28.0,105872,44.3,20,2.6,1070,2.6
"C3538","5","4921","46","0","2020","A","","New Orleans-Metairie, LA MSA","Private","NAICS 4921 Couriers and express delivery services","MSA, NAICS 4-digit -- by ownership sector","All establishment sizes",59,2330,111615453,23946508,202439,921,47897,"",1.28,0.79,0.87,0.88,0.86,1.10,1.10,"",8,15.7,260,12.6,13758712,14.1,4377511,22.4,71179,54.2,12,1.3,616,1.3
"C3538","5","49211","47","0","2020","A","","New Orleans-Metairie, LA MSA","Private","NAICS 49211 Couriers and express delivery services","MSA, NAICS 5-digit -- by ownership sector","All establishment sizes",59,2330,111615453,23946508,202439,921,47897,"",1.28,0.79,0.87,0.88,0.86,1.10,1.10,"",8,15.7,260,12.6,13758712,14.1,4377511,22.4,71179,54.2,12,1.3,616,1.3
"C3538","5","492110","48","0","2020","A","","New Orleans-Metairie, LA MSA","Private","NAICS 492110 Couriers and express delivery services","MSA, NAICS 6-digit -- by ownership sector","All establishment sizes",59,2330,111615453,23946508,202439,921,47897,"",1.28,0.79,0.87,0.88,0.86,1.10,1.10,"",8,15.7,260,12.6,13758712,14.1,4377511,22.4,71179,54.2,12,1.3,616,1.3
"C3538","5","4922","46","0","2020","A","","New Orleans-Metairie, LA MSA","Private","NAICS 4922 Local messengers and local delivery","MSA, NAICS 4-digit -- by ownership sector","All establishment sizes",46,863,21797874,8671231,142617,486,25253,"",1.43,1.66,1.21,1.50,1.74,0.72,0.72,"",7,17.9,67,8.4,2983977,15.9,2760089,46.7,34693,32.1,32,7.0,1630,6.9
"C3538","5","49221","47","0","2020","A","","New Orleans-Metairie, LA MSA","Private","NAICS 49221 Local messengers and local delivery","MSA, NAICS 5-digit -- by ownership sector","All establishment sizes",46,863,21797874,8671231,142617,486,25253,"",1.43,1.66,1.21,1.50,1.74,0.72,0.72,"",7,17.9,67,8.4,2983977,15.9,2760089,46.7,34693,32.1,32,7.0,1630,6.9
"C3538","5","492210","48","0","2020","A","","New Orleans-Metairie, LA MSA","Private","NAICS 492210 Local messengers and local delivery","MSA, NAICS 6-digit -- by ownership sector","All establishment sizes",46,863,21797874,8671231,142617,486,25253,"",1.43,1.66,1.21,1.50,1.74,0.72,0.72,"",7,17.9,67,8.4,2983977,15.9,2760089,46.7,34693,32.1,32,7.0,1630,6.9
"C3538","5","493","45","0","2020","A","","New Orleans-Metairie, LA MSA","Private","NAICS 493 Warehousing and storage","MSA, NAICS 3-digit -- by ownership sector","All establishment sizes",83,2377,197700469,21536439,181092,1599,83172,"",1.08,0.45,0.93,0.39,0.28,2.07,2.07,"",0,0.0,-296,-11.1,-2450038,-1.2,-2584253,-10.7,-72567,-28.6,159,11.0,8284,11.1
"C3538","5","4931","46","0","2020","A","","New Orleans-Metairie, LA MSA","Private","NAICS 4931 Warehousing and storage","MSA, NAICS 4-digit -- by ownership sector","All establishment sizes",83,2377,197700469,21536439,181092,1599,83172,"",1.08,0.45,0.93,0.39,0.28,2.07,2.07,"",0,0.0,-296,-11.1,-2450038,-1.2,-2584253,-10.7,-72567,-28.6,159,11.0,8284,11.1
"C3538","5","49311","47","0","2020","A","","New Orleans-Metairie, LA MSA","Private","NAICS 49311 General warehousing and storage","MSA, NAICS 5-digit -- by ownership sector","All establishment sizes",46,1232,81754956,11584949,91462,1276,66346,"",0.80,0.26,0.43,0.23,0.16,1.69,1.69,"",0,0.0,-195,-13.7,-1939539,-2.3,-1799376,-13.4,-63822,-41.1,148,13.1,7682,13.1
"C3538","5","493110","48","0","2020","A","","New Orleans-Metairie, LA MSA","Private","NAICS 493110 General warehousing and storage","MSA, NAICS 6-digit -- by ownership sector","All establishment sizes",46,1232,81754956,11584949,91462,1276,66346,"",0.80,0.26,0.43,0.23,0.16,1.69,1.69,"",0,0.0,-195,-13.7,-1939539,-2.3,-1799376,-13.4,-63822,-41.1,148,13.1,7682,13.1
"C3538","5","49312","47","0","2020","A","N","New Orleans-Metairie, LA MSA","Private","NAICS 49312 Refrigerated warehousing and storage","MSA, NAICS 5-digit -- by ownership sector","All establishment sizes",3,0,0,0,0,0,0,"N",0.51,0,0,0,0,0,0,"N",0,0.0,0,0,0,0,0,0,0,0,0,0,0,0
"C3538","5","493120","48","0","2020","A","N","New Orleans-Metairie, LA MSA","Private","NAICS 493120 Refrigerated warehousing and storage","MSA, NAICS 6-digit -- by ownership sector","All establishment sizes",3,0,0,0,0,0,0,"N",0.51,0,0,0,0,0,0,"N",0,0.0,0,0,0,0,0,0,0,0,0,0,0,0
"C3538","5","49319","47","0","2020","A","N","New Orleans-Metairie, LA MSA","Private","NAICS 49319 Other warehousing and storage","MSA, NAICS 5-digit -- by ownership sector","All establishment sizes",34,0,0,0,0,0,0,"N",3.36,0,0,0,0,0,0,"N",1,3.0,0,0,0,0,0,0,0,0,0,0,0,0
"C3538","5","493190","48","0","2020","A","N","New Orleans-Metairie, LA MSA","Private","NAICS 493190 Other warehousing and storage","MSA, NAICS 6-digit -- by ownership sector","All establishment sizes",34,0,0,0,0,0,0,"N",3.36,0,0,0,0,0,0,"N",1,3.0,0,0,0,0,0,0,0,0,0,0,0,0
"C3538","5","51","44","0","2020","A","","New Orleans-Metairie, LA MSA","Private","NAICS 51 Information","MSA, NAICS Sector -- by ownership sector","All establishment sizes",775,6043,409068904,68893005,1166684,1302,67690,"",0.97,0.62,0.34,0.64,0.75,0.55,0.55,"",81,11.7,-1622,-21.2,-72786813,-15.1,-23382247,-25.3,-526195,-31.1,93,7.7,4826,7.7
"C3538","5","511","45","0","2020","A","","New Orleans-Metairie, LA MSA","Private","NAICS 511 Publishing industries, except internet","MSA, NAICS 3-digit -- by ownership sector","All establishment sizes",191,593,49888749,6330184,71774,1619,84177,"",0.78,0.22,0.14,0.18,0.17,0.64,0.64,"",29,17.9,-34,-5.4,-2559552,-4.9,-63075,-1.0,12553,21.2,11,0.7,561,0.7
"C3538","5","5111","46","0","2020","A","","New Orleans-Metairie, LA MSA","Private","NAICS 5111 Newspaper, book, and directory publishers","MSA, NAICS 4-digit -- by ownership sector","All establishment sizes",73,324,23749737,3519348,25811,1410,73321,"",0.93,0.34,0.35,0.38,0.19,1.03,1.03,"",6,9.0,-113,-25.9,-9592500,-28.8,-864595,-19.7,-2723,-9.5,-59,-4.0,-3064,-4.0
"C3538","5","51111","47","0","2020","A","","New Orleans-Metairie, LA MSA","Private","NAICS 51111 Newspaper publishers","MSA, NAICS 5-digit -- by ownership sector","All establishment sizes",20,178,12175435,2003264,10026,1318,68530,"",0.73,0.44,0.56,0.51,0.18,1.29,1.29,"",1,5.3,-100,-36.0,-9219314,-43.1,-856397,-29.9,-3112,-23.7,-165,-11.1,-8568,-11.1
"C3538","5","511110","48","0","2020","A","","New Orleans-Metairie, LA MSA","Private","NAICS 511110 Newspaper publishers","MSA, NAICS 6-digit -- by ownership sector","All establishment sizes",20,178,12175435,2003264,10026,1318,68530,"",0.73,0.44,0.56,0.51,0.18,1.29,1.29,"",1,5.3,-100,-36.0,-9219314,-43.1,-856397,-29.9,-3112,-23.7,-165,-11.1,-8568,-11.1
"C3538","5","51112","47","0","2020","A","N","New Orleans-Metairie, LA MSA","Private","NAICS 51112 Periodical publishers","MSA, NAICS 5-digit -- by ownership sector","All establishment sizes",39,0,0,0,0,0,0,"N",1.44,0,0,0,0,0,0,"N",5,14.7,0,0,0,0,0,0,0,0,0,0,0,0
"C3538","5","511120","48","0","2020","A","N","New Orleans-Metairie, LA MSA","Private","NAICS 511120 Periodical publishers","MSA, NAICS 6-digit -- by ownership sector","All establishment sizes",39,0,0,0,0,0,0,"N",1.44,0,0,0,0,0,0,"N",5,14.7,0,0,0,0,0,0,0,0,0,0,0,0
"C3538","5","51113","47","0","2020","A","N","New Orleans-Metairie, LA MSA","Private","NAICS 51113 Book publishers","MSA, NAICS 5-digit -- by ownership sector","All establishment sizes",10,0,0,0,0,0,0,"N",0.64,0,0,0,0,0,0,"N",2,25.0,0,0,0,0,0,0,0,0,0,0,0,0
"C3538","5","511130","48","0","2020","A","N","New Orleans-Metairie, LA MSA","Private","NAICS 511130 Book publishers","MSA, NAICS 6-digit -- by ownership sector","All establishment sizes",10,0,0,0,0,0,0,"N",0.64,0,0,0,0,0,0,"N",2,25.0,0,0,0,0,0,0,0,0,0,0,0,0
"C3538","5","51114","47","0","2020","A","N","New Orleans-Metairie, LA MSA","Private","NAICS 51114 Directory and mailing list publishers","MSA, NAICS 5-digit -- by ownership sector","All establishment sizes",1,0,0,0,0,0,0,"N",0.30,0,0,0,0,0,0,"N",-1,-50.0,0,0,0,0,0,0,0,0,0,0,0,0
"C3538","5","511140","48","0","2020","A","N","New Orleans-Metairie, LA MSA","Private","NAICS 511140 Directory and mailing list publishers","MSA, NAICS 6-digit -- by ownership sector","All establishment sizes",1,0,0,0,0,0,0,"N",0.30,0,0,0,0,0,0,"N",-1,-50.0,0,0,0,0,0,0,0,0,0,0,0,0
"C3538","5","51119","47","0","2020","A","N","New Orleans-Metairie, LA MSA","Private","NAICS 51119 Other publishers","MSA, NAICS 5-digit -- by ownership sector","All establishment sizes",3,0,0,0,0,0,0,"N",0.57,0,0,0,0,0,0,"N",-2,-40.0,0,0,0,0,0,0,0,0,0,0,0,0
"C3538","5","511199","48","0","2020","A","N","New Orleans-Metairie, LA MSA","Private","NAICS 511199 All other publishers","MSA, NAICS 6-digit -- by ownership sector","All establishment sizes",3,0,0,0,0,0,0,"N",0.62,0,0,0,0,0,0,"N",-2,-40.0,0,0,0,0,0,0,0,0,0,0,0,0
"C3538","5","5112","46","0","2020","A","","New Orleans-Metairie, LA MSA","Private","NAICS 5112 Software publishers","MSA, NAICS 4-digit -- by ownership sector","All establishment sizes",119,269,26139012,2810836,45963,1870,97261,"",0.72,0.15,0.09,0.11,0.16,0.59,0.59,"",24,25.3,78,40.8,7032948,36.8,801520,39.9,15276,49.8,-56,-2.9,-2902,-2.9
"C3538","5","51121","47","0","2020","A","","New Orleans-Metairie, LA MSA","Private","NAICS 51121 Software publishers","MSA, NAICS 5-digit -- by ownership sector","All establishment sizes",119,269,26139012,2810836,45963,1870,97261,"",0.72,0.15,0.09,0.11,0.16,0.59,0.59,"",24,25.3,78,40.8,7032948,36.8,801520,39.9,15276,49.8,-56,-2.9,-2902,-2.9
"C3538","5","511210","48","0","2020","A","","New Orleans-Metairie, LA MSA","Private","NAICS 511210 Software publishers","MSA, NAICS 6-digit -- by ownership sector","All establishment sizes",119,269,26139012,2810836,45963,1870,97261,"",0.72,0.15,0.09,0.11,0.16,0.59,0.59,"",24,25.3,78,40.8,7032948,36.8,801520,39.9,15276,49.8,-56,-2.9,-2902,-2.9
"C3538","5","512","45","0","2020","A","","New Orleans-Metairie, LA MSA","Private","NAICS 512 Motion picture and sound recording industries","MSA, NAICS 3-digit -- by ownership sector","All establishment sizes",152,2102,96932727,30736654,636217,887,46118,"",1.10,1.98,1.09,2.70,2.15,0.55,0.55,"N",12,8.6,0,0,0,0,0,0,0,0,0,0,0,0
"C3538","5","5121","46","0","2020","A","","New Orleans-Metairie, LA MSA","Private","NAICS 5121 Motion picture and video industries","MSA, NAICS 4-digit -- by ownership sector","All establishment sizes",136,2089,96464870,30614576,635208,888,46168,"",1.12,2.10,1.16,2.82,2.21,0.55,0.55,"",5,3.8,-1509,-41.9,-68763817,-41.6,-20641121,-40.3,-438413,-40.8,5,0.6,242,0.5
"C3538","5","51211","47","0","2020","A","","New Orleans-Metairie, LA MSA","Private","NAICS 51211 Motion picture and video production","MSA, NAICS 5-digit -- by ownership sector","All establishment sizes",99,1293,80057599,24527015,548156,1190,61904,"",1.15,1.93,1.13,2.88,2.11,0.59,0.59,"",3,3.1,-934,-41.9,-58212598,-42.1,-15724970,-39.1,-380579,-41.0,-4,-0.3,-191,-0.3
"C3538","5","512110","48","0","2020","A","","New Orleans-Metairie, LA MSA","Private","NAICS 512110 Motion picture and video production","MSA, NAICS 6-digit -- by ownership sector","All establishment sizes",99,1293,80057599,24527015,548156,1190,61904,"",1.15,1.93,1.13,2.88,2.11,0.59,0.59,"",3,3.1,-934,-41.9,-58212598,-42.1,-15724970,-39.1,-380579,-41.0,-4,-0.3,-191,-0.3
"C3538","5","51212","47","0","2020","A","N","New Orleans-Metairie, LA MSA","Private","NAICS 51212 Motion picture and video distribution","MSA, NAICS 5-digit -- by ownership sector","All establishment sizes",1,0,0,0,0,0,0,"N",0.36,0,0,0,0,0,0,"N",0,0.0,0,0,0,0,0,0,0,0,0,0,0,0
"C3538","5","512120","48","0","2020","A","N","New Orleans-Metairie, LA MSA","Private","NAICS 512120 Motion picture and video distribution","MSA, NAICS 6-digit -- by ownership sector","All establishment sizes",1,0,0,0,0,0,0,"N",0.36,0,0,0,0,0,0,"N",0,0.0,0,0,0,0,0,0,0,0,0,0,0,0
"C3538","5","51213","47","0","2020","A","N","New Orleans-Metairie, LA MSA","Private","NAICS 51213 Motion picture and video exhibition","MSA, NAICS 5-digit -- by ownership sector","All establishment sizes",16,0,0,0,0,0,0,"N",0.87,0,0,0,0,0,0,"N",-1,-5.9,0,0,0,0,0,0,0,0,0,0,0,0
"C3538","5","512131","48","0","2020","A","N","New Orleans-Metairie, LA MSA","Private","NAICS 512131 Motion picture theaters, except drive-ins","MSA, NAICS 6-digit -- by ownership sector","All establishment sizes",16,0,0,0,0,0,0,"N",0.91,0,0,0,0,0,0,"N",-1,-5.9,0,0,0,0,0,0,0,0,0,0,0,0
"C3538","5","51219","47","0","2020","A","N","New Orleans-Metairie, LA MSA","Private","NAICS 51219 Postproduction and other related industries","MSA, NAICS 5-digit -- by ownership sector","All establishment sizes",20,0,0,0,0,0,0,"N",1.41,0,0,0,0,0,0,"N",3,17.6,0,0,0,0,0,0,0,0,0,0,0,0
"C3538","5","512191","48","0","2020","A","","New Orleans-Metairie, LA MSA","Private","NAICS 512191 Teleproduction and postproduction services","MSA, NAICS 6-digit -- by ownership sector","All establishment sizes",18,21,1297200,244974,2386,1174,61045,"",1.49,0.38,0.27,0.52,0.22,0.70,0.70,"",3,20.0,-1,-4.5,-432879,-25.0,4512,1.9,-461,-16.2,-321,-21.5,-16711,-21.5
"C3538","5","512199","48","0","2020","A","N","New Orleans-Metairie, LA MSA","Private","NAICS 512199 Other motion picture and video industries","MSA, NAICS 6-digit -- by ownership sector","All establishment sizes",2,0,0,0,0,0,0,"N",0.95,0,0,0,0,0,0,"N",0,0.0,0,0,0,0,0,0,0,0,0,0,0,0
"C3538","5","5122","46","0","2020","A","","New Orleans-Metairie, LA MSA","Private","NAICS 5122 Sound recording industries","MSA, NAICS 4-digit -- by ownership sector","All establishment sizes",16,12,467857,122078,1009,725,37680,"",0.95,0.19,0.08,0.23,0.13,0.43,0.43,"N",6,60.0,0,0,0,0,0,0,0,0,0,0,0,0
"C3538","5","51223","47","0","2020","A","N","New Orleans-Metairie, LA MSA","Private","NAICS 51223 Music publishers","MSA, NAICS 5-digit -- by ownership sector","All establishment sizes",4,0,0,0,0,0,0,"N",1.04,0,0,0,0,0,0,"N",1,33.3,0,0,0,0,0,0,0,0,0,0,0,0
"C3538","5","512230","48","0","2020","A","N","New Orleans-Metairie, LA MSA","Private","NAICS 512230 Music publishers","MSA, NAICS 6-digit -- by ownership sector","All establishment sizes",4,0,0,0,0,0,0,"N",1.04,0,0,0,0,0,0,"N",1,33.3,0,0,0,0,0,0,0,0,0,0,0,0
"C3538","5","51224","47","0","2020","A","N","New Orleans-Metairie, LA MSA","Private","NAICS 51224 Sound recording studios","MSA, NAICS 5-digit -- by ownership sector","All establishment sizes",6,0,0,0,0,0,0,"N",0.93,0,0,0,0,0,0,"N",4,200.0,0,0,0,0,0,0,0,0,0,0,0,0
"C3538","5","512240","48","0","2020","A","N","New Orleans-Metairie, LA MSA","Private","NAICS 512240 Sound recording studios","MSA, NAICS 6-digit -- by ownership sector","All establishment sizes",6,0,0,0,0,0,0,"N",0.93,0,0,0,0,0,0,"N",4,200.0,0,0,0,0,0,0,0,0,0,0,0,0
"C3538","5","51225","47","0","2020","A","N","New Orleans-Metairie, LA MSA","Private","NAICS 51225 Record production and distribution","MSA, NAICS 5-digit -- by ownership sector","All establishment sizes",4,0,0,0,0,0,0,"N",1.03,0,0,0,0,0,0,"N",1,33.3,0,0,0,0,0,0,0,0,0,0,0,0
"C3538","5","512250","48","0","2020","A","N","New Orleans-Metairie, LA MSA","Private","NAICS 512250 Record production and distribution","MSA, NAICS 6-digit -- by ownership sector","All establishment sizes",4,0,0,0,0,0,0,"N",1.03,0,0,0,0,0,0,"N",1,33.3,0,0,0,0,0,0,0,0,0,0,0,0
"C3538","5","51229","47","0","2020","A","N","New Orleans-Metairie, LA MSA","Private","NAICS 51229 Other sound recording industries","MSA, NAICS 5-digit -- by ownership sector","All establishment sizes",2,0,0,0,0,0,0,"N",0.77,0,0,0,0,0,0,"N",1,100.0,0,0,0,0,0,0,0,0,0,0,0,0
"C3538","5","512290","48","0","2020","A","N","New Orleans-Metairie, LA MSA","Private","NAICS 512290 Other sound recording industries","MSA, NAICS 6-digit -- by ownership sector","All establishment sizes",2,0,0,0,0,0,0,"N",0.77,0,0,0,0,0,0,"N",1,100.0,0,0,0,0,0,0,0,0,0,0,0,0
"C3538","5","515","45","0","2020","A","","New Orleans-Metairie, LA MSA","Private","NAICS 515 Broadcasting, except internet","MSA, NAICS 3-digit -- by ownership sector","All establishment sizes",39,771,54047502,6702017,63452,1348,70078,"",1.04,0.88,0.67,0.91,0.60,0.76,0.76,"",0,0.0,-42,-5.2,-6548592,-10.8,-1360531,-16.9,-36262,-36.4,-85,-5.9,-4441,-6.0
"C3538","5","5151","46","0","2020","A","N","New Orleans-Metairie, LA MSA","Private","NAICS 5151 Radio and television broadcasting","MSA, NAICS 4-digit -- by ownership sector","All establishment sizes",36,0,0,0,0,0,0,"N",1.10,0,0,0,0,0,0,"N",0,0.0,0,0,0,0,0,0,0,0,0,0,0,0
"C3538","5","51511","47","0","2020","A","N","New Orleans-Metairie, LA MSA","Private","NAICS 51511 Radio broadcasting","MSA, NAICS 5-digit -- by ownership sector","All establishment sizes",15,0,0,0,0,0,0,"N",0.72,0,0,0,0,0,0,"N",0,0.0,0,0,0,0,0,0,0,0,0,0,0,0
"C3538","5","515111","48","0","2020","A","N","New Orleans-Metairie, LA MSA","Private","NAICS 515111 Radio networks","MSA, NAICS 6-digit -- by ownership sector","All establishment sizes",6,0,0,0,0,0,0,"N",1.24,0,0,0,0,0,0,"N",-2,-25.0,0,0,0,0,0,0,0,0,0,0,0,0
"C3538","5","515112","48","0","2020","A","","New Orleans-Metairie, LA MSA","Private","NAICS 515112 Radio stations","MSA, NAICS 6-digit -- by ownership sector","All establishment sizes",9,107,4577506,786570,12493,820,42648,"",0.56,0.54,0.41,0.45,0.59,0.76,0.76,"N",2,28.6,0,0,0,0,0,0,0,0,0,0,0,0
"C3538","5","51512","47","0","2020","A","N","New Orleans-Metairie, LA MSA","Private","NAICS 51512 Television broadcasting","MSA, NAICS 5-digit -- by ownership sector","All establishment sizes",21,0,0,0,0,0,0,"N",1.78,0,0,0,0,0,0,"N",0,0.0,0,0,0,0,0,0,0,0,0,0,0,0
"C3538","5","515120","48","0","2020","A","N","New Orleans-Metairie, LA MSA","Private","NAICS 515120 Television broadcasting","MSA, NAICS 6-digit -- by ownership sector","All establishment sizes",21,0,0,0,0,0,0,"N",1.78,0,0,0,0,0,0,"N",0,0.0,0,0,0,0,0,0,0,0,0,0,0,0
"C3538","5","5152","46","0","2020","A","N","New Orleans-Metairie, LA MSA","Private","NAICS 5152 Cable and other subscription programming","MSA, NAICS 4-digit -- by ownership sector","All establishment sizes",4,0,0,0,0,0,0,"N",0.82,0,0,0,0,0,0,"N",2,100.0,0,0,0,0,0,0,0,0,0,0,0,0
"C3538","5","51521","47","0","2020","A","N","New Orleans-Metairie, LA MSA","Private","NAICS 51521 Cable and other subscription programming","MSA, NAICS 5-digit -- by ownership sector","All establishment sizes",4,0,0,0,0,0,0,"N",0.82,0,0,0,0,0,0,"N",2,100.0,0,0,0,0,0,0,0,0,0,0,0,0
"C3538","5","515210","48","0","2020","A","N","New Orleans-Metairie, LA MSA","Private","NAICS 515210 Cable and other subscription programming","MSA, NAICS 6-digit -- by ownership sector","All establishment sizes",4,0,0,0,0,0,0,"N",0.82,0,0,0,0,0,0,"N",2,100.0,0,0,0,0,0,0,0,0,0,0,0,0
"C3538","5","517","45","0","2020","A","","New Orleans-Metairie, LA MSA","Private","NAICS 517 Telecommunications","MSA, NAICS 3-digit -- by ownership sector","All establishment sizes",123,1565,135948312,14692055,220714,1671,86896,"",0.85,0.63,0.61,0.57,0.61,0.96,0.96,"",-1,-0.8,-105,-6.3,2338183,1.8,-1454044,-9.0,-53003,-19.4,132,8.6,6882,8.6
"C3538","5","5173","46","0","2020","A","","New Orleans-Metairie, LA MSA","Private","NAICS 5173 Wired and wireless telecommunications carriers","MSA, NAICS 4-digit -- by ownership sector","All establishment sizes",83,1232,108192911,11536941,154016,1690,87855,"",0.76,0.57,0.57,0.51,0.49,0.99,0.99,"",-1,-1.2,-87,-6.6,1113898,1.0,-1148413,-9.1,-44205,-22.3,129,8.3,6699,8.3
"C3538","5","51731","47","0","2020","A","","New Orleans-Metairie, LA MSA","Private","NAICS 51731 Wired and wireless telecommunications carriers","MSA, NAICS 5-digit -- by ownership sector","All establishment sizes",83,1232,108192911,11536941,154016,1690,87855,"",0.76,0.57,0.57,0.51,0.49,0.99,0.99,"",-1,-1.2,-87,-6.6,1113898,1.0,-1148413,-9.1,-44205,-22.3,129,8.3,6699,8.3
"C3538","5","517311","48","0","2020","A","N","New Orleans-Metairie, LA MSA","Private","NAICS 517311 Wired telecommunications carriers","MSA, NAICS 6-digit -- by ownership sector","All establishment sizes",53,0,0,0,0,0,0,"N",0.68,0,0,0,0,0,0,"N",-4,-7.0,0,0,0,0,0,0,0,0,0,0,0,0
"C3538","5","517312","48","0","2020","A","N","New Orleans-Metairie, LA MSA","Private","NAICS 517312 Wireless telecommunications carriers (except satellite)","MSA, NAICS 6-digit -- by ownership sector","All establishment sizes",30,0,0,0,0,0,0,"N",0.98,0,0,0,0,0,0,"N",3,11.1,0,0,0,0,0,0,0,0,0,0,0,0
"C3538","5","5174","46","0","2020","A","N","New Orleans-Metairie, LA MSA","Private","NAICS 5174 Satellite telecommunications","MSA, NAICS 4-digit -- by ownership sector","All establishment sizes",7,0,0,0,0,0,0,"N",2.12,0,0,0,0,0,0,"N",0,0.0,0,0,0,0,0,0,0,0,0,0,0,0
"C3538","5","51741","47","0","2020","A","N","New Orleans-Metairie, LA MSA","Private","NAICS 51741 Satellite telecommunications","MSA, NAICS 5-digit -- by ownership sector","All establishment sizes",7,0,0,0,0,0,0,"N",2.12,0,0,0,0,0,0,"N",0,0.0,0,0,0,0,0,0,0,0,0,0,0,0
"C3538","5","517410","48","0","2020","A","N","New Orleans-Metairie, LA MSA","Private","NAICS 517410 Satellite telecommunications","MSA, NAICS 6-digit -- by ownership sector","All establishment sizes",7,0,0,0,0,0,0,"N",2.12,0,0,0,0,0,0,"N",0,0.0,0,0,0,0,0,0,0,0,0,0,0,0
"C3538","5","5179","46","0","2020","A","N","New Orleans-Metairie, LA MSA","Private","NAICS 5179 Other telecommunications","MSA, NAICS 4-digit -- by ownership sector","All establishment sizes",33,0,0,0,0,0,0,"N",1.01,0,0,0,0,0,0,"N",0,0.0,0,0,0,0,0,0,0,0,0,0,0,0
"C3538","5","51791","47","0","2020","A","N","New Orleans-Metairie, LA MSA","Private","NAICS 51791 Other telecommunications","MSA, NAICS 5-digit -- by ownership sector","All establishment sizes",33,0,0,0,0,0,0,"N",1.01,0,0,0,0,0,0,"N",0,0.0,0,0,0,0,0,0,0,0,0,0,0,0
"C3538","5","517911","48","0","2020","A","N","New Orleans-Metairie, LA MSA","Private","NAICS 517911 Telecommunications resellers","MSA, NAICS 6-digit -- by ownership sector","All establishment sizes",16,0,0,0,0,0,0,"N",0.89,0,0,0,0,0,0,"N",1,6.7,0,0,0,0,0,0,0,0,0,0,0,0
"C3538","5","517919","48","0","2020","A","N","New Orleans-Metairie, LA MSA","Private","NAICS 517919 All other telecommunications","MSA, NAICS 6-digit -- by ownership sector","All establishment sizes",17,0,0,0,0,0,0,"N",1.16,0,0,0,0,0,0,"N",-1,-5.6,0,0,0,0,0,0,0,0,0,0,0,0
"C3538","5","518","45","0","2020","A","","New Orleans-Metairie, LA MSA","Private","NAICS 518 Data processing, hosting and related services","MSA, NAICS 3-digit -- by ownership sector","All establishment sizes",157,821,53776561,8443741,143972,1260,65508,"",1.30,0.63,0.34,0.60,0.76,0.53,0.53,"",23,17.2,41,5.3,-755938,-1.4,-399641,-4.5,-21404,-12.9,-85,-6.3,-4435,-6.3
"C3538","5","5182","46","0","2020","A","","New Orleans-Metairie, LA MSA","Private","NAICS 5182 Data processing, hosting and related services","MSA, NAICS 4-digit -- by ownership sector","All establishment sizes",157,821,53776561,8443741,143972,1260,65508,"",1.30,0.63,0.34,0.60,0.76,0.53,0.53,"",23,17.2,41,5.3,-755938,-1.4,-399641,-4.5,-21404,-12.9,-85,-6.3,-4435,-6.3
"C3538","5","51821","47","0","2020","A","","New Orleans-Metairie, LA MSA","Private","NAICS 51821 Data processing, hosting and related services","MSA, NAICS 5-digit -- by ownership sector","All establishment sizes",157,821,53776561,8443741,143972,1260,65508,"",1.30,0.63,0.34,0.60,0.76,0.53,0.53,"",23,17.2,41,5.3,-755938,-1.4,-399641,-4.5,-21404,-12.9,-85,-6.3,-4435,-6.3
"C3538","5","518210","48","0","2020","A","","New Orleans-Metairie, LA MSA","Private","NAICS 518210 Data processing, hosting and related services","MSA, NAICS 6-digit -- by ownership sector","All establishment sizes",157,821,53776561,8443741,143972,1260,65508,"",1.30,0.63,0.34,0.60,0.76,0.53,0.53,"",23,17.2,41,5.3,-755938,-1.4,-399641,-4.5,-21404,-12.9,-85,-6.3,-4435,-6.3
"C3538","5","519","45","0","2020","A","","New Orleans-Metairie, LA MSA","Private","NAICS 519 Other information services","MSA, NAICS 3-digit -- by ownership sector","All establishment sizes",114,192,18475053,1988354,30555,1850,96182,"",1.00,0.15,0.07,0.14,0.17,0.45,0.45,"N",18,18.8,0,0,0,0,0,0,0,0,0,0,0,0
"C3538","5","5191","46","0","2020","A","","New Orleans-Metairie, LA MSA","Private","NAICS 5191 Other information services","MSA, NAICS 4-digit -- by ownership sector","All establishment sizes",114,192,18475053,1988354,30555,1850,96182,"",1.00,0.15,0.07,0.14,0.17,0.45,0.45,"N",18,18.8,0,0,0,0,0,0,0,0,0,0,0,0
"C3538","5","51911","47","0","2020","A","N","New Orleans-Metairie, LA MSA","Private","NAICS 51911 News syndicates","MSA, NAICS 5-digit -- by ownership sector","All establishment sizes",3,0,0,0,0,0,0,"N",0.99,0,0,0,0,0,0,"N",0,0.0,0,0,0,0,0,0,0,0,0,0,0,0
"C3538","5","519110","48","0","2020","A","N","New Orleans-Metairie, LA MSA","Private","NAICS 519110 News syndicates","MSA, NAICS 6-digit -- by ownership sector","All establishment sizes",3,0,0,0,0,0,0,"N",0.99,0,0,0,0,0,0,"N",0,0.0,0,0,0,0,0,0,0,0,0,0,0,0
"C3538","5","51912","47","0","2020","A","N","New Orleans-Metairie, LA MSA","Private","NAICS 51912 Libraries and archives","MSA, NAICS 5-digit -- by ownership sector","All establishment sizes",2,0,0,0,0,0,0,"N",0.23,0,0,0,0,0,0,"N",1,100.0,0,0,0,0,0,0,0,0,0,0,0,0
"C3538","5","519120","48","0","2020","A","N","New Orleans-Metairie, LA MSA","Private","NAICS 519120 Libraries and archives","MSA, NAICS 6-digit -- by ownership sector","All establishment sizes",2,0,0,0,0,0,0,"N",0.23,0,0,0,0,0,0,"N",1,100.0,0,0,0,0,0,0,0,0,0,0,0,0
"C3538","5","51913","47","0","2020","A","","New Orleans-Metairie, LA MSA","Private","NAICS 51913 Internet publishing and web search portals","MSA, NAICS 5-digit -- by ownership sector","All establishment sizes",79,140,13235868,1546632,24147,1825,94881,"",1.07,0.13,0.05,0.13,0.15,0.40,0.40,"",13,19.7,26,22.8,2954656,28.7,411369,36.2,7340,43.7,84,4.8,4364,4.8
"C3538","5","519130","48","0","2020","A","","New Orleans-Metairie, LA MSA","Private","NAICS 519130 Internet publishing and web search portals","MSA, NAICS 6-digit -- by ownership sector","All establishment sizes",79,140,13235868,1546632,24147,1825,94881,"",1.07,0.13,0.05,0.13,0.15,0.40,0.40,"",13,19.7,26,22.8,2954656,28.7,411369,36.2,7340,43.7,84,4.8,4364,4.8
"C3538","5","51919","47","0","2020","A","","New Orleans-Metairie, LA MSA","Private","NAICS 51919 All other information services","MSA, NAICS 5-digit -- by ownership sector","All establishment sizes",30,29,3449885,357022,6332,2281,118621,"",1.06,0.31,0.27,0.36,0.45,0.86,0.86,"",4,15.4,1,3.6,693977,25.2,154527,76.3,2821,80.3,377,19.8,19606,19.8
"C3538","5","519190","48","0","2020","A","","New Orleans-Metairie, LA MSA","Private","NAICS 519190 All other information services","MSA, NAICS 6-digit -- by ownership sector","All establishment sizes",30,29,3449885,357022,6332,2281,118621,"",1.06,0.31,0.27,0.36,0.45,0.86,0.86,"",4,15.4,1,3.6,693977,25.2,154527,76.3,2821,80.3,377,19.8,19606,19.8
"C3538","5","52","44","0","2020","A","","New Orleans-Metairie, LA MSA","Private","NAICS 52 Finance and insurance","MSA, NAICS Sector -- by ownership sector","All establishment sizes",2441,16824,1606405274,170640348,1891615,1836,95482,"",1.18,0.78,0.68,0.78,0.78,0.88,0.88,"",72,3.0,-654,-3.7,107195379,7.2,-296378,-0.2,-68783,-3.5,186,11.3,9706,11.3
"C3538","5","521","45","0","2020","A","N","New Orleans-Metairie, LA MSA","Private","NAICS 521 Monetary authorities - central bank","MSA, NAICS 3-digit -- by ownership sector","All establishment sizes",4,0,0,0,0,0,0,"N",1.95,0,0,0,0,0,0,"N",1,33.3,0,0,0,0,0,0,0,0,0,0,0,0
"C3538","5","5211","46","0","2020","A","N","New Orleans-Metairie, LA MSA","Private","NAICS 5211 Monetary authorities - central bank","MSA, NAICS 4-digit -- by ownership sector","All establishment sizes",4,0,0,0,0,0,0,"N",1.95,0,0,0,0,0,0,"N",1,33.3,0,0,0,0,0,0,0,0,0,0,0,0
"C3538","5","52111","47","0","2020","A","N","New Orleans-Metairie, LA MSA","Private","NAICS 52111 Monetary authorities - central bank","MSA, NAICS 5-digit -- by ownership sector","All establishment sizes",4,0,0,0,0,0,0,"N",1.95,0,0,0,0,0,0,"N",1,33.3,0,0,0,0,0,0,0,0,0,0,0,0
"C3538","5","521110","48","0","2020","A","N","New Orleans-Metairie, LA MSA","Private","NAICS 521110 Monetary authorities - central bank","MSA, NAICS 6-digit -- by ownership sector","All establishment sizes",4,0,0,0,0,0,0,"N",1.95,0,0,0,0,0,0,"N",1,33.3,0,0,0,0,0,0,0,0,0,0,0,0
"C3538","5","522","45","0","2020","A","","New Orleans-Metairie, LA MSA","Private","NAICS 522 Credit intermediation and related activities","MSA, NAICS 3-digit -- by ownership sector","All establishment sizes",849,7217,701568571,75667865,856047,1869,97207,"",1.15,0.76,0.81,0.78,0.81,1.07,1.07,"",15,1.8,-152,-2.1,115716784,19.8,1428911,1.9,-14587,-1.7,340,22.2,17706,22.3
"C3538","5","5221","46","0","2020","A","N","New Orleans-Metairie, LA MSA","Private","NAICS 5221 Depository credit intermediation","MSA, NAICS 4-digit -- by ownership sector","All establishment sizes",432,0,0,0,0,0,0,"N",1.01,0,0,0,0,0,0,"N",-5,-1.1,0,0,0,0,0,0,0,0,0,0,0,0
"C3538","5","52211","47","0","2020","A","","New Orleans-Metairie, LA MSA","Private","NAICS 52211 Commercial banking","MSA, NAICS 5-digit -- by ownership sector","All establishment sizes",294,4321,480604747,49008477,497556,2139,111238,"",0.90,0.87,1.11,0.98,1.02,1.27,1.27,"",-6,-2.0,-106,-2.4,81984193,20.6,1253700,2.6,-20651,-4.0,407,23.5,21190,23.5
"C3538","5","522110","48","0","2020","A","","New Orleans-Metairie, LA MSA","Private","NAICS 522110 Commercial banking","MSA, NAICS 6-digit -- by ownership sector","All establishment sizes",294,4321,480604747,49008477,497556,2139,111238,"",0.90,0.87,1.11,0.98,1.02,1.27,1.27,"",-6,-2.0,-106,-2.4,81984193,20.6,1253700,2.6,-20651,-4.0,407,23.5,21190,23.5
"C3538","5","52212","47","0","2020","A","N","New Orleans-Metairie, LA MSA","Private","NAICS 52212 Savings institutions","MSA, NAICS 5-digit -- by ownership sector","All establishment sizes",35,0,0,0,0,0,0,"N",1.26,0,0,0,0,0,0,"N",0,0.0,0,0,0,0,0,0,0,0,0,0,0,0
"C3538","5","522120","48","0","2020","A","N","New Orleans-Metairie, LA MSA","Private","NAICS 522120 Savings institutions","MSA, NAICS 6-digit -- by ownership sector","All establishment sizes",35,0,0,0,0,0,0,"N",1.26,0,0,0,0,0,0,"N",0,0.0,0,0,0,0,0,0,0,0,0,0,0,0
"C3538","5","52213","47","0","2020","A","","New Orleans-Metairie, LA MSA","Private","NAICS 52213 Credit unions","MSA, NAICS 5-digit -- by ownership sector","All establishment sizes",102,773,36904095,6315384,83085,918,47736,"",1.44,0.77,0.66,0.62,1.05,0.86,0.86,"",1,1.0,-9,-1.2,-176981,-0.5,-236712,-3.6,-2559,-3.0,7,0.8,343,0.7
"C3538","5","522130","48","0","2020","A","","New Orleans-Metairie, LA MSA","Private","NAICS 522130 Credit unions","MSA, NAICS 6-digit -- by ownership sector","All establishment sizes",102,773,36904095,6315384,83085,918,47736,"",1.44,0.77,0.66,0.62,1.05,0.86,0.86,"",1,1.0,-9,-1.2,-176981,-0.5,-236712,-3.6,-2559,-3.0,7,0.8,343,0.7
"C3538","5","52219","47","0","2020","A","N","New Orleans-Metairie, LA MSA","Private","NAICS 52219 Other depository credit intermediation","MSA, NAICS 5-digit -- by ownership sector","All establishment sizes",1,0,0,0,0,0,0,"N",0.39,0,0,0,0,0,0,"N",0,0.0,0,0,0,0,0,0,0,0,0,0,0,0
"C3538","5","522190","48","0","2020","A","N","New Orleans-Metairie, LA MSA","Private","NAICS 522190 Other depository credit intermediation","MSA, NAICS 6-digit -- by ownership sector","All establishment sizes",1,0,0,0,0,0,0,"N",0.39,0,0,0,0,0,0,"N",0,0.0,0,0,0,0,0,0,0,0,0,0,0,0
"C3538","5","5222","46","0","2020","A","","New Orleans-Metairie, LA MSA","Private","NAICS 5222 Nondepository credit intermediation","MSA, NAICS 4-digit -- by ownership sector","All establishment sizes",295,1447,122481359,13888955,208740,1627,84621,"",1.50,0.69,0.55,0.65,0.71,0.79,0.79,"",6,2.1,-72,-4.7,22108934,22.0,-122899,-0.9,1799,0.9,356,28.0,18539,28.1
"C3538","5","52221","47","0","2020","A","N","New Orleans-Metairie, LA MSA","Private","NAICS 52221 Credit card issuing","MSA, NAICS 5-digit -- by ownership sector","All establishment sizes",9,0,0,0,0,0,0,"N",2.94,0,0,0,0,0,0,"N",0,0.0,0,0,0,0,0,0,0,0,0,0,0,0
"C3538","5","522210","48","0","2020","A","N","New Orleans-Metairie, LA MSA","Private","NAICS 522210 Credit card issuing","MSA, NAICS 6-digit -- by ownership sector","All establishment sizes",9,0,0,0,0,0,0,"N",2.94,0,0,0,0,0,0,"N",0,0.0,0,0,0,0,0,0,0,0,0,0,0,0
"C3538","5","52222","47","0","2020","A","N","New Orleans-Metairie, LA MSA","Private","NAICS 52222 Sales financing","MSA, NAICS 5-digit -- by ownership sector","All establishment sizes",31,0,0,0,0,0,0,"N",1.32,0,0,0,0,0,0,"N",0,0.0,0,0,0,0,0,0,0,0,0,0,0,0
"C3538","5","522220","48","0","2020","A","N","New Orleans-Metairie, LA MSA","Private","NAICS 522220 Sales financing","MSA, NAICS 6-digit -- by ownership sector","All establishment sizes",31,0,0,0,0,0,0,"N",1.32,0,0,0,0,0,0,"N",0,0.0,0,0,0,0,0,0,0,0,0,0,0,0
"C3538","5","52229","47","0","2020","A","","New Orleans-Metairie, LA MSA","Private","NAICS 52229 Other nondepository credit intermediation","MSA, NAICS 5-digit -- by ownership sector","All establishment sizes",255,1162,99073692,11309381,153782,1640,85274,"",1.50,0.76,0.59,0.69,0.67,0.77,0.77,"N",6,2.4,0,0,0,0,0,0,0,0,0,0,0,0
"C3538","5","522291","48","0","2020","A","N","New Orleans-Metairie, LA MSA","Private","NAICS 522291 Consumer lending","MSA, NAICS 6-digit -- by ownership sector","All establishment sizes",141,0,0,0,0,0,0,"N",2.22,0,0,0,0,0,0,"N",-1,-0.7,0,0,0,0,0,0,0,0,0,0,0,0
"C3538","5","522292","48","0","2020","A","","New Orleans-Metairie, LA MSA","Private","NAICS 522292 Real estate credit","MSA, NAICS 6-digit -- by ownership sector","All establishment sizes",67,505,67865821,5288309,63369,2584,134388,"",1.03,0.59,0.59,0.55,0.41,1.00,1.00,"",5,8.1,45,9.8,21172339,45.3,848871,19.1,14141,28.7,631,32.3,32825,32.3
"C3538","5","522293","48","0","2020","A","N","New Orleans-Metairie, LA MSA","Private","NAICS 522293 International trade financing","MSA, NAICS 6-digit -- by ownership sector","All establishment sizes",5,0,0,0,0,0,0,"N",1.67,0,0,0,0,0,0,"N",0,0.0,0,0,0,0,0,0,0,0,0,0,0,0
"C3538","5","522294","48","0","2020","A","N","New Orleans-Metairie, LA MSA","Private","NAICS 522294 Secondary market financing","MSA, NAICS 6-digit -- by ownership sector","All establishment sizes",2,0,0,0,0,0,0,"N",0.98,0,0,0,0,0,0,"N",0,0.0,0,0,0,0,0,0,0,0,0,0,0,0
"C3538","5","522298","48","0","2020","A","","New Orleans-Metairie, LA MSA","Private","NAICS 522298 All other nondepository credit intermediation","MSA, NAICS 6-digit -- by ownership sector","All establishment sizes",40,153,5910440,1361364,12299,745,38736,"",1.10,0.63,0.33,0.56,0.54,0.53,0.53,"",1,2.6,-12,-7.3,128600,2.2,-193275,-12.4,-2735,-18.2,71,10.5,3712,10.6
"C3538","5","5223","46","0","2020","A","N","New Orleans-Metairie, LA MSA","Private","NAICS 5223 Activities related to credit intermediation","MSA, NAICS 4-digit -- by ownership sector","All establishment sizes",122,0,0,0,0,0,0,"N",1.08,0,0,0,0,0,0,"N",14,13.0,0,0,0,0,0,0,0,0,0,0,0,0
"C3538","5","52231","47","0","2020","A","","New Orleans-Metairie, LA MSA","Private","NAICS 52231 Mortgage and nonmortgage loan brokers","MSA, NAICS 5-digit -- by ownership sector","All establishment sizes",45,157,17728909,1834136,25777,2179,113284,"",0.88,0.43,0.38,0.44,0.38,0.89,0.89,"",6,15.4,29,22.7,6237386,54.3,569113,45.0,8622,50.3,457,26.5,23740,26.5
"C3538","5","522310","48","0","2020","A","","New Orleans-Metairie, LA MSA","Private","NAICS 522310 Mortgage and nonmortgage loan brokers","MSA, NAICS 6-digit -- by ownership sector","All establishment sizes",45,157,17728909,1834136,25777,2179,113284,"",0.88,0.43,0.38,0.44,0.38,0.89,0.89,"",6,15.4,29,22.7,6237386,54.3,569113,45.0,8622,50.3,457,26.5,23740,26.5
"C3538","5","52232","47","0","2020","A","N","New Orleans-Metairie, LA MSA","Private","NAICS 52232 Financial transaction processing and clearing","MSA, NAICS 5-digit -- by ownership sector","All establishment sizes",33,0,0,0,0,0,0,"N",1.18,0,0,0,0,0,0,"N",6,22.2,0,0,0,0,0,0,0,0,0,0,0,0
"C3538","5","522320","48","0","2020","A","N","New Orleans-Metairie, LA MSA","Private","NAICS 522320 Financial transaction processing and clearing","MSA, NAICS 6-digit -- by ownership sector","All establishment sizes",33,0,0,0,0,0,0,"N",1.18,0,0,0,0,0,0,"N",6,22.2,0,0,0,0,0,0,0,0,0,0,0,0
"C3538","5","52239","47","0","2020","A","","New Orleans-Metairie, LA MSA","Private","NAICS 52239 Other credit intermediation activities","MSA, NAICS 5-digit -- by ownership sector","All establishment sizes",44,104,5673493,935458,13475,1054,54816,"",1.32,0.37,0.25,0.37,0.36,0.69,0.69,"",2,4.8,-3,-2.8,317495,5.9,-25071,-2.6,-1445,-9.7,88,9.1,4564,9.1
"C3538","5","522390","48","0","2020","A","","New Orleans-Metairie, LA MSA","Private","NAICS 522390 Other credit intermediation activities","MSA, NAICS 6-digit -- by ownership sector","All establishment sizes",44,104,5673493,935458,13475,1054,54816,"",1.32,0.37,0.25,0.37,0.36,0.69,0.69,"",2,4.8,-3,-2.8,317495,5.9,-25071,-2.6,-1445,-9.7,88,9.1,4564,9.1
"C3538","5","523","45","0","2020","A","","New Orleans-Metairie, LA MSA","Private","NAICS 523 Securities, commodity contracts, investments","MSA, NAICS 3-digit -- by ownership sector","All establishment sizes",430,1471,220022949,13025588,94334,2877,149625,"",0.87,0.43,0.29,0.36,0.22,0.67,0.67,"",18,4.4,-77,-5.0,-7331882,-3.2,-1124088,-7.9,-15735,-14.3,53,1.9,2779,1.9
"C3538","5","5231","46","0","2020","A","","New Orleans-Metairie, LA MSA","Private","NAICS 5231 Securities and commodity contracts brokerage","MSA, NAICS 4-digit -- by ownership sector","All establishment sizes",166,778,142777802,6468193,29542,3528,183460,"",1.02,0.49,0.40,0.38,0.17,0.81,0.81,"",-4,-2.4,-86,-10.0,-12905091,-8.3,-916743,-12.4,-6335,-17.7,61,1.8,3185,1.8
"C3538","5","52311","47","0","2020","A","N","New Orleans-Metairie, LA MSA","Private","NAICS 52311 Investment banking and securities dealing","MSA, NAICS 5-digit -- by ownership sector","All establishment sizes",20,0,0,0,0,0,0,"N",0.67,0,0,0,0,0,0,"N",-1,-4.8,0,0,0,0,0,0,0,0,0,0,0,0
"C3538","5","523110","48","0","2020","A","N","New Orleans-Metairie, LA MSA","Private","NAICS 523110 Investment banking and securities dealing","MSA, NAICS 6-digit -- by ownership sector","All establishment sizes",20,0,0,0,0,0,0,"N",0.67,0,0,0,0,0,0,"N",-1,-4.8,0,0,0,0,0,0,0,0,0,0,0,0
"C3538","5","52312","47","0","2020","A","","New Orleans-Metairie, LA MSA","Private","NAICS 52312 Securities brokerage","MSA, NAICS 5-digit -- by ownership sector","All establishment sizes",132,649,115738612,5182533,18846,3429,178288,"",1.10,0.65,0.57,0.50,0.19,0.87,0.87,"",-4,-2.9,70,12.1,20989440,22.2,378395,7.9,-1594,-7.8,282,9.0,14669,9.0
"C3538","5","523120","48","0","2020","A","","New Orleans-Metairie, LA MSA","Private","NAICS 523120 Securities brokerage","MSA, NAICS 6-digit -- by ownership sector","All establishment sizes",132,649,115738612,5182533,18846,3429,178288,"",1.10,0.65,0.57,0.50,0.19,0.87,0.87,"",-4,-2.9,70,12.1,20989440,22.2,378395,7.9,-1594,-7.8,282,9.0,14669,9.0
"C3538","5","52313","47","0","2020","A","N","New Orleans-Metairie, LA MSA","Private","NAICS 52313 Commodity contracts dealing","MSA, NAICS 5-digit -- by ownership sector","All establishment sizes",4,0,0,0,0,0,0,"N",0.59,0,0,0,0,0,0,"N",0,0.0,0,0,0,0,0,0,0,0,0,0,0,0
"C3538","5","523130","48","0","2020","A","N","New Orleans-Metairie, LA MSA","Private","NAICS 523130 Commodity contracts dealing","MSA, NAICS 6-digit -- by ownership sector","All establishment sizes",4,0,0,0,0,0,0,"N",0.59,0,0,0,0,0,0,"N",0,0.0,0,0,0,0,0,0,0,0,0,0,0,0
"C3538","5","52314","47","0","2020","A","","New Orleans-Metairie, LA MSA","Private","NAICS 52314 Commodity contracts brokerage","MSA, NAICS 5-digit -- by ownership sector","All establishment sizes",9,30,4815735,309000,4529,3078,160080,"",1.61,1.03,1.02,0.92,0.86,0.99,0.99,"",0,0.0,-2,-6.2,1076359,28.8,61054,24.6,327,7.8,825,36.6,42919,36.6
"C3538","5","523140","48","0","2020","A","","New Orleans-Metairie, LA MSA","Private","NAICS 523140 Commodity contracts brokerage","MSA, NAICS 6-digit -- by ownership sector","All establishment sizes",9,30,4815735,309000,4529,3078,160080,"",1.61,1.03,1.02,0.92,0.86,0.99,0.99,"",0,0.0,-2,-6.2,1076359,28.8,61054,24.6,327,7.8,825,36.6,42919,36.6
"C3538","5","5232","46","0","2020","A","N","New Orleans-Metairie, LA MSA","Private","NAICS 5232 Securities and commodity exchanges","MSA, NAICS 4-digit -- by ownership sector","All establishment sizes",2,0,0,0,0,0,0,"N",1.45,0,0,0,0,0,0,"N",0,0.0,0,0,0,0,0,0,0,0,0,0,0,0
"C3538","5","52321","47","0","2020","A","N","New Orleans-Metairie, LA MSA","Private","NAICS 52321 Securities and commodity exchanges","MSA, NAICS 5-digit -- by ownership sector","All establishment sizes",2,0,0,0,0,0,0,"N",1.45,0,0,0,0,0,0,"N",0,0.0,0,0,0,0,0,0,0,0,0,0,0,0
"C3538","5","523210","48","0","2020","A","N","New Orleans-Metairie, LA MSA","Private","NAICS 523210 Securities and commodity exchanges","MSA, NAICS 6-digit -- by ownership sector","All establishment sizes",2,0,0,0,0,0,0,"N",1.45,0,0,0,0,0,0,"N",0,0.0,0,0,0,0,0,0,0,0,0,0,0,0
"C3538","5","5239","46","0","2020","A","N","New Orleans-Metairie, LA MSA","Private","NAICS 5239 Other financial investment activities","MSA, NAICS 4-digit -- by ownership sector","All establishment sizes",262,0,0,0,0,0,0,"N",0.80,0,0,0,0,0,0,"N",21,8.7,0,0,0,0,0,0,0,0,0,0,0,0
"C3538","5","52391","47","0","2020","A","N","New Orleans-Metairie, LA MSA","Private","NAICS 52391 Miscellaneous intermediation","MSA, NAICS 5-digit -- by ownership sector","All establishment sizes",24,0,0,0,0,0,0,"N",0.85,0,0,0,0,0,0,"N",0,0.0,0,0,0,0,0,0,0,0,0,0,0,0
"C3538","5","523910","48","0","2020","A","N","New Orleans-Metairie, LA MSA","Private","NAICS 523910 Miscellaneous intermediation","MSA, NAICS 6-digit -- by ownership sector","All establishment sizes",24,0,0,0,0,0,0,"N",0.85,0,0,0,0,0,0,"N",0,0.0,0,0,0,0,0,0,0,0,0,0,0,0
"C3538","5","52392","47","0","2020","A","","New Orleans-Metairie, LA MSA","Private","NAICS 52392 Portfolio management","MSA, NAICS 5-digit -- by ownership sector","All establishment sizes",63,195,20093337,1758511,15562,1981,102999,"",0.66,0.25,0.09,0.21,0.14,0.36,0.36,"",-1,-1.6,-3,-1.5,451757,2.3,-350120,-16.6,-7847,-33.5,77,4.0,3966,4.0
"C3538","5","523920","48","0","2020","A","","New Orleans-Metairie, LA MSA","Private","NAICS 523920 Portfolio management","MSA, NAICS 6-digit -- by ownership sector","All establishment sizes",63,195,20093337,1758511,15562,1981,102999,"",0.66,0.25,0.09,0.21,0.14,0.36,0.36,"",-1,-1.6,-3,-1.5,451757,2.3,-350120,-16.6,-7847,-33.5,77,4.0,3966,4.0
"C3538","5","52393","47","0","2020","A","","New Orleans-Metairie, LA MSA","Private","NAICS 52393 Investment advice","MSA, NAICS 5-digit -- by ownership sector","All establishment sizes",138,340,40398305,3364955,36730,2283,118702,"",0.77,0.47,0.34,0.44,0.40,0.72,0.72,"",18,15.0,27,8.6,4630065,12.9,420142,14.3,599,1.7,83,3.8,4305,3.8
"C3538","5","523930","48","0","2020","A","","New Orleans-Metairie, LA MSA","Private","NAICS 523930 Investment advice","MSA, NAICS 6-digit -- by ownership sector","All establishment sizes",138,340,40398305,3364955,36730,2283,118702,"",0.77,0.47,0.34,0.44,0.40,0.72,0.72,"",18,15.0,27,8.6,4630065,12.9,420142,14.3,599,1.7,83,3.8,4305,3.8
"C3538","5","52399","47","0","2020","A","N","New Orleans-Metairie, LA MSA","Private","NAICS 52399 All other financial investment activities","MSA, NAICS 5-digit -- by ownership sector","All establishment sizes",37,0,0,0,0,0,0,"N",1.41,0,0,0,0,0,0,"N",5,15.6,0,0,0,0,0,0,0,0,0,0,0,0
"C3538","5","523991","48","0","2020","A","N","New Orleans-Metairie, LA MSA","Private","NAICS 523991 Trust, fiduciary, and custody activities","MSA, NAICS 6-digit -- by ownership sector","All establishment sizes",4,0,0,0,0,0,0,"N",0.41,0,0,0,0,0,0,"N",0,0.0,0,0,0,0,0,0,0,0,0,0,0,0
"C3538","5","523999","48","0","2020","A","","New Orleans-Metairie, LA MSA","Private","NAICS 523999 Miscellaneous financial investment activities","MSA, NAICS 6-digit -- by ownership sector","All establishment sizes",33,60,5548639,563854,8070,1776,92349,"",2.02,0.60,0.36,0.51,0.50,0.59,0.59,"N",4,13.8,0,0,0,0,0,0,0,0,0,0,0,0
"C3538","5","524","45","0","2020","A","","New Orleans-Metairie, LA MSA","Private","NAICS 524 Insurance carriers and related activities","MSA, NAICS 3-digit -- by ownership sector","All establishment sizes",1117,7920,657790540,75092278,895103,1597,83058,"",1.39,0.92,0.91,0.88,0.97,0.99,0.99,"",34,3.1,-431,-5.2,-4782821,-0.7,-1255576,-1.6,-52370,-5.5,71,4.7,3720,4.7
"C3538","5","5241","46","0","2020","A","","New Orleans-Metairie, LA MSA","Private","NAICS 5241 Insurance carriers","MSA, NAICS 4-digit -- by ownership sector","All establishment sizes",131,2518,244976052,24044549,277901,1871,97296,"",1.09,0.58,0.62,0.56,0.61,1.06,1.06,"",1,0.8,-132,-5.0,4088457,1.7,-738094,-3.0,-32669,-10.5,123,7.0,6378,7.0
"C3538","5","52411","47","0","2020","A","N","New Orleans-Metairie, LA MSA","Private","NAICS 52411 Direct life and health insurance carriers","MSA, NAICS 5-digit -- by ownership sector","All establishment sizes",42,0,0,0,0,0,0,"N",0.98,0,0,0,0,0,0,"N",1,2.4,0,0,0,0,0,0,0,0,0,0,0,0
"C3538","5","524113","48","0","2020","A","N","New Orleans-Metairie, LA MSA","Private","NAICS 524113 Direct life insurance carriers","MSA, NAICS 6-digit -- by ownership sector","All establishment sizes",23,0,0,0,0,0,0,"N",1.02,0,0,0,0,0,0,"N",2,9.5,0,0,0,0,0,0,0,0,0,0,0,0
"C3538","5","524114","48","0","2020","A","N","New Orleans-Metairie, LA MSA","Private","NAICS 524114 Direct health and medical insurance carriers","MSA, NAICS 6-digit -- by ownership sector","All establishment sizes",19,0,0,0,0,0,0,"N",0.94,0,0,0,0,0,0,"N",-1,-5.0,0,0,0,0,0,0,0,0,0,0,0,0
"C3538","5","52412","47","0","2020","A","","New Orleans-Metairie, LA MSA","Private","NAICS 52412 Direct insurers, except life and health","MSA, NAICS 5-digit -- by ownership sector","All establishment sizes",82,1123,113518592,9661533,72763,1943,101048,"",1.11,0.58,0.65,0.53,0.39,1.13,1.13,"",0,0.0,-62,-5.2,-48875,0.0,-503604,-5.0,-9622,-11.7,100,5.4,5231,5.5
"C3538","5","524126","48","0","2020","A","","New Orleans-Metairie, LA MSA","Private","NAICS 524126 Direct property and casualty insurers","MSA, NAICS 6-digit -- by ownership sector","All establishment sizes",62,1015,103234819,8671105,61680,1955,101684,"",1.34,0.61,0.69,0.56,0.42,1.13,1.13,"",-1,-1.6,-69,-6.4,-1472253,-1.4,-638311,-6.9,-10293,-14.3,98,5.3,5106,5.3
"C3538","5","524127","48","0","2020","A","N","New Orleans-Metairie, LA MSA","Private","NAICS 524127 Direct title insurance carriers","MSA, NAICS 6-digit -- by ownership sector","All establishment sizes",12,0,0,0,0,0,0,"N",0.54,0,0,0,0,0,0,"N",0,0.0,0,0,0,0,0,0,0,0,0,0,0,0
"C3538","5","524128","48","0","2020","A","N","New Orleans-Metairie, LA MSA","Private","NAICS 524128 Other direct insurance carriers","MSA, NAICS 6-digit -- by ownership sector","All establishment sizes",8,0,0,0,0,0,0,"N",1.45,0,0,0,0,0,0,"N",2,33.3,0,0,0,0,0,0,0,0,0,0,0,0
"C3538","5","52413","47","0","2020","A","N","New Orleans-Metairie, LA MSA","Private","NAICS 52413 Reinsurance carriers","MSA, NAICS 5-digit -- by ownership sector","All establishment sizes",8,0,0,0,0,0,0,"N",2.20,0,0,0,0,0,0,"N",0,0.0,0,0,0,0,0,0,0,0,0,0,0,0
"C3538","5","524130","48","0","2020","A","N","New Orleans-Metairie, LA MSA","Private","NAICS 524130 Reinsurance carriers","MSA, NAICS 6-digit -- by ownership sector","All establishment sizes",8,0,0,0,0,0,0,"N",2.20,0,0,0,0,0,0,"N",0,0.0,0,0,0,0,0,0,0,0,0,0,0,0
"C3538","5","5242","46","0","2020","A","","New Orleans-Metairie, LA MSA","Private","NAICS 5242 Insurance agencies and brokerages","MSA, NAICS 4-digit -- by ownership sector","All establishment sizes",986,5402,412814488,51047729,617202,1470,76421,"",1.44,1.26,1.25,1.20,1.33,1.00,1.00,"",33,3.5,-300,-5.3,-8871278,-2.1,-517482,-1.0,-19701,-3.1,48,3.4,2464,3.3
"C3538","5","52421","47","0","2020","A","","New Orleans-Metairie, LA MSA","Private","NAICS 52421 Insurance agencies and brokerages","MSA, NAICS 5-digit -- by ownership sector","All establishment sizes",819,3928,296123216,35470514,362805,1450,75386,"",1.39,1.29,1.27,1.20,1.20,0.98,0.98,"",28,3.5,-164,-4.0,4590995,1.6,-1177782,-3.2,-31358,-8.0,80,5.8,4140,5.8
"C3538","5","524210","48","0","2020","A","","New Orleans-Metairie, LA MSA","Private","NAICS 524210 Insurance agencies and brokerages","MSA, NAICS 6-digit -- by ownership sector","All establishment sizes",819,3928,296123216,35470514,362805,1450,75386,"",1.39,1.29,1.27,1.20,1.20,0.98,0.98,"",28,3.5,-164,-4.0,4590995,1.6,-1177782,-3.2,-31358,-8.0,80,5.8,4140,5.8
"C3538","5","52429","47","0","2020","A","","New Orleans-Metairie, LA MSA","Private","NAICS 52429 Other insurance related activities","MSA, NAICS 5-digit -- by ownership sector","All establishment sizes",167,1474,116691272,15577215,254397,1523,79180,"",1.77,1.17,1.22,1.21,1.57,1.04,1.04,"",5,3.1,-136,-8.4,-13462273,-10.3,660300,4.4,11657,4.8,-32,-2.1,-1669,-2.1
"C3538","5","524291","48","0","2020","A","N","New Orleans-Metairie, LA MSA","Private","NAICS 524291 Claims adjusting","MSA, NAICS 6-digit -- by ownership sector","All establishment sizes",67,0,0,0,0,0,0,"N",2.26,0,0,0,0,0,0,"N",0,0.0,0,0,0,0,0,0,0,0,0,0,0,0
"C3538","5","524292","48","0","2020","A","","New Orleans-Metairie, LA MSA","Private","NAICS 524292 Third party administration of insurance funds","MSA, NAICS 6-digit -- by ownership sector","All establishment sizes",53,915,75319026,9155300,152828,1583,82293,"",1.77,1.24,1.43,1.20,1.74,1.15,1.15,"",5,10.4,-184,-16.7,-10327046,-12.1,-911560,-9.1,-27529,-15.3,84,5.6,4368,5.6
"C3538","5","524298","48","0","2020","A","N","New Orleans-Metairie, LA MSA","Private","NAICS 524298 All other insurance related activities","MSA, NAICS 6-digit -- by ownership sector","All establishment sizes",48,0,0,0,0,0,0,"N",1.38,0,0,0,0,0,0,"N",1,2.1,0,0,0,0,0,0,0,0,0,0,0,0
"C3538","5","525","45","0","2020","A","N","New Orleans-Metairie, LA MSA","Private","NAICS 525 Funds, trusts, and other financial vehicles","MSA, NAICS 3-digit -- by ownership sector","All establishment sizes",41,0,0,0,0,0,0,"N",1.58,0,0,0,0,0,0,"N",3,7.9,0,0,0,0,0,0,0,0,0,0,0,0
"C3538","5","5251","46","0","2020","A","","New Orleans-Metairie, LA MSA","Private","NAICS 5251 Insurance and employee benefit funds","MSA, NAICS 4-digit -- by ownership sector","All establishment sizes",10,79,11271596,4758200,23976,2761,143587,"",1.99,2.93,4.75,14.68,5.54,1.63,1.63,"",2,25.0,-3,-3.7,1253289,12.5,75079,1.6,4665,24.2,414,17.6,21537,17.6
"C3538","5","52511","47","0","2020","A","N","New Orleans-Metairie, LA MSA","Private","NAICS 52511 Pension funds","MSA, NAICS 5-digit -- by ownership sector","All establishment sizes",2,0,0,0,0,0,0,"N",0.82,0,0,0,0,0,0,"N",1,100.0,0,0,0,0,0,0,0,0,0,0,0,0
"C3538","5","525110","48","0","2020","A","N","New Orleans-Metairie, LA MSA","Private","NAICS 525110 Pension funds","MSA, NAICS 6-digit -- by ownership sector","All establishment sizes",2,0,0,0,0,0,0,"N",0.82,0,0,0,0,0,0,"N",1,100.0,0,0,0,0,0,0,0,0,0,0,0,0
"C3538","5","52512","47","0","2020","A","","New Orleans-Metairie, LA MSA","Private","NAICS 52512 Health and welfare funds","MSA, NAICS 5-digit -- by ownership sector","All establishment sizes",6,36,7981920,4382958,21163,4284,222751,"",3.40,3.49,9.47,30.10,12.15,2.73,2.73,"",0,0.0,-11,-23.4,534020,7.2,-5175,-0.1,3827,22.1,1204,39.1,62581,39.1
"C3538","5","525120","48","0","2020","A","","New Orleans-Metairie, LA MSA","Private","NAICS 525120 Health and welfare funds","MSA, NAICS 6-digit -- by ownership sector","All establishment sizes",6,36,7981920,4382958,21163,4284,222751,"",3.40,3.49,9.47,30.10,12.15,2.73,2.73,"",0,0.0,-11,-23.4,534020,7.2,-5175,-0.1,3827,22.1,1204,39.1,62581,39.1
"C3538","5","52519","47","0","2020","A","N","New Orleans-Metairie, LA MSA","Private","NAICS 52519 Other insurance funds","MSA, NAICS 5-digit -- by ownership sector","All establishment sizes",2,0,0,0,0,0,0,"N",2.43,0,0,0,0,0,0,"N",0,0.0,0,0,0,0,0,0,0,0,0,0,0,0
"C3538","5","525190","48","0","2020","A","N","New Orleans-Metairie, LA MSA","Private","NAICS 525190 Other insurance funds","MSA, NAICS 6-digit -- by ownership sector","All establishment sizes",2,0,0,0,0,0,0,"N",2.43,0,0,0,0,0,0,"N",0,0.0,0,0,0,0,0,0,0,0,0,0,0,0
"C3538","5","5259","46","0","2020","A","N","New Orleans-Metairie, LA MSA","Private","NAICS 5259 Other investment pools and funds","MSA, NAICS 4-digit -- by ownership sector","All establishment sizes",31,0,0,0,0,0,0,"N",1.48,0,0,0,0,0,0,"N",1,3.3,0,0,0,0,0,0,0,0,0,0,0,0
"C3538","5","52591","47","0","2020","A","N","New Orleans-Metairie, LA MSA","Private","NAICS 52591 Open-end investment funds","MSA, NAICS 5-digit -- by ownership sector","All establishment sizes",5,0,0,0,0,0,0,"N",2.02,0,0,0,0,0,0,"N",1,25.0,0,0,0,0,0,0,0,0,0,0,0,0
"C3538","5","525910","48","0","2020","A","N","New Orleans-Metairie, LA MSA","Private","NAICS 525910 Open-end investment funds","MSA, NAICS 6-digit -- by ownership sector","All establishment sizes",5,0,0,0,0,0,0,"N",2.02,0,0,0,0,0,0,"N",1,25.0,0,0,0,0,0,0,0,0,0,0,0,0
"C3538","5","52592","47","0","2020","A","","New Orleans-Metairie, LA MSA","Private","NAICS 52592 Trusts, estates, and agency accounts","MSA, NAICS 5-digit -- by ownership sector","All establishment sizes",20,19,2396900,1045904,16483,2480,128981,"",1.98,1.89,1.43,1.81,1.74,0.77,0.77,"",0,0.0,1,5.6,552577,30.0,476278,83.6,7458,82.6,463,23.0,24091,23.0
"C3538","5","525920","48","0","2020","A","","New Orleans-Metairie, LA MSA","Private","NAICS 525920 Trusts, estates, and agency accounts","MSA, NAICS 6-digit -- by ownership sector","All establishment sizes",20,19,2396900,1045904,16483,2480,128981,"",1.98,1.89,1.43,1.81,1.74,0.77,0.77,"",0,0.0,1,5.6,552577,30.0,476278,83.6,7458,82.6,463,23.0,24091,23.0
"C3538","5","52599","47","0","2020","A","N","New Orleans-Metairie, LA MSA","Private","NAICS 52599 Other financial vehicles","MSA, NAICS 5-digit -- by ownership sector","All establishment sizes",7,0,0,0,0,0,0,"N",0.83,0,0,0,0,0,0,"N",1,16.7,0,0,0,0,0,0,0,0,0,0,0,0
"C3538","5","525990","48","0","2020","A","N","New Orleans-Metairie, LA MSA","Private","NAICS 525990 Other financial vehicles","MSA, NAICS 6-digit -- by ownership sector","All establishment sizes",7,0,0,0,0,0,0,"N",0.83,0,0,0,0,0,0,"N",1,16.7,0,0,0,0,0,0,0,0,0,0,0,0
"C3538","5","53","44","0","2020","A","","New Orleans-Metairie, LA MSA","Private","NAICS 53 Real estate and rental and leasing","MSA, NAICS Sector -- by ownership sector","All establishment sizes",1763,7738,387050519,75495865,1019799,962,50020,"",1.02,1.00,0.85,1.01,1.08,0.86,0.86,"",74,4.4,-820,-9.6,-20756859,-5.1,-5467354,-6.8,-121667,-10.7,46,5.0,2367,5.0
"C3538","5","531","45","0","2020","A","","New Orleans-Metairie, LA MSA","Private","NAICS 531 Real estate","MSA, NAICS 3-digit -- by ownership sector","All establishment sizes",1370,5056,245099334,48903695,672805,932,48475,"",0.91,0.85,0.69,0.86,0.94,0.81,0.81,"",76,5.9,-133,-2.6,8024181,3.4,-275069,-0.6,-46826,-6.5,53,6.0,2785,6.1
"C3538","5","5311","46","0","2020","A","N","New Orleans-Metairie, LA MSA","Private","NAICS 5311 Lessors of real estate","MSA, NAICS 4-digit -- by ownership sector","All establishment sizes",452,0,0,0,0,0,0,"N",0.98,0,0,0,0,0,0,"N",13,3.0,0,0,0,0,0,0,0,0,0,0,0,0
"C3538","5","53111","47","0","2020","A","N","New Orleans-Metairie, LA MSA","Private","NAICS 53111 Lessors of residential buildings","MSA, NAICS 5-digit -- by ownership sector","All establishment sizes",206,0,0,0,0,0,0,"N",0.81,0,0,0,0,0,0,"N",1,0.5,0,0,0,0,0,0,0,0,0,0,0,0
"C3538","5","531110","48","0","2020","A","N","New Orleans-Metairie, LA MSA","Private","NAICS 531110 Lessors of residential buildings","MSA, NAICS 6-digit -- by ownership sector","All establishment sizes",206,0,0,0,0,0,0,"N",0.81,0,0,0,0,0,0,"N",1,0.5,0,0,0,0,0,0,0,0,0,0,0,0
"C3538","5","53112","47","0","2020","A","","New Orleans-Metairie, LA MSA","Private","NAICS 53112 Lessors of nonresidential buildings","MSA, NAICS 5-digit -- by ownership sector","All establishment sizes",123,512,33587108,4656775,42782,1261,65589,"",1.21,1.02,0.80,0.99,0.73,0.78,0.78,"",-2,-1.6,-205,-28.6,-2980078,-8.1,-1650640,-26.2,-22787,-34.8,280,28.5,14595,28.6
"C3538","5","531120","48","0","2020","A","","New Orleans-Metairie, LA MSA","Private","NAICS 531120 Lessors of nonresidential buildings","MSA, NAICS 6-digit -- by ownership sector","All establishment sizes",123,512,33587108,4656775,42782,1261,65589,"",1.21,1.02,0.80,0.99,0.73,0.78,0.78,"",-2,-1.6,-205,-28.6,-2980078,-8.1,-1650640,-26.2,-22787,-34.8,280,28.5,14595,28.6
"C3538","5","53113","47","0","2020","A","","New Orleans-Metairie, LA MSA","Private","NAICS 53113 Miniwarehouse and self-storage unit operators","MSA, NAICS 5-digit -- by ownership sector","All establishment sizes",79,231,7428611,2040714,27999,618,32158,"",1.19,1.15,0.96,1.20,1.38,0.84,0.84,"",11,16.2,11,5.0,449218,6.4,-146952,-6.7,-3157,-10.1,9,1.5,481,1.5
"C3538","5","531130","48","0","2020","A","","New Orleans-Metairie, LA MSA","Private","NAICS 531130 Miniwarehouse and self-storage unit operators","MSA, NAICS 6-digit -- by ownership sector","All establishment sizes",79,231,7428611,2040714,27999,618,32158,"",1.19,1.15,0.96,1.20,1.38,0.84,0.84,"",11,16.2,11,5.0,449218,6.4,-146952,-6.7,-3157,-10.1,9,1.5,481,1.5
"C3538","5","53119","47","0","2020","A","","New Orleans-Metairie, LA MSA","Private","NAICS 53119 Lessors of other real estate property","MSA, NAICS 5-digit -- by ownership sector","All establishment sizes",44,89,3467036,779519,6005,752,39102,"",1.08,0.61,0.46,0.63,0.37,0.75,0.75,"",3,7.3,-12,-11.9,-44156,-1.3,-68788,-8.1,-1622,-21.3,86,12.9,4481,12.9
"C3538","5","531190","48","0","2020","A","","New Orleans-Metairie, LA MSA","Private","NAICS 531190 Lessors of other real estate property","MSA, NAICS 6-digit -- by ownership sector","All establishment sizes",44,89,3467036,779519,6005,752,39102,"",1.08,0.61,0.46,0.63,0.37,0.75,0.75,"",3,7.3,-12,-11.9,-44156,-1.3,-68788,-8.1,-1622,-21.3,86,12.9,4481,12.9
"C3538","5","5312","46","0","2020","A","N","New Orleans-Metairie, LA MSA","Private","NAICS 5312 Offices of real estate agents and brokers","MSA, NAICS 4-digit -- by ownership sector","All establishment sizes",384,0,0,0,0,0,0,"N",0.70,0,0,0,0,0,0,"N",19,5.2,0,0,0,0,0,0,0,0,0,0,0,0
"C3538","5","53121","47","0","2020","A","N","New Orleans-Metairie, LA MSA","Private","NAICS 53121 Offices of real estate agents and brokers","MSA, NAICS 5-digit -- by ownership sector","All establishment sizes",384,0,0,0,0,0,0,"N",0.70,0,0,0,0,0,0,"N",19,5.2,0,0,0,0,0,0,0,0,0,0,0,0
"C3538","5","531210","48","0","2020","A","N","New Orleans-Metairie, LA MSA","Private","NAICS 531210 Offices of real estate agents and brokers","MSA, NAICS 6-digit -- by ownership sector","All establishment sizes",384,0,0,0,0,0,0,"N",0.70,0,0,0,0,0,0,"N",19,5.2,0,0,0,0,0,0,0,0,0,0,0,0
"C3538","5","5313","46","0","2020","A","","New Orleans-Metairie, LA MSA","Private","NAICS 5313 Activities related to real estate","MSA, NAICS 4-digit -- by ownership sector","All establishment sizes",534,2325,112286585,22584008,333036,929,48290,"",1.09,0.88,0.73,0.88,0.99,0.82,0.82,"",43,8.8,79,3.5,5988368,5.6,768337,3.5,-9021,-2.6,19,2.1,967,2.0
"C3538","5","53131","47","0","2020","A","","New Orleans-Metairie, LA MSA","Private","NAICS 53131 Real estate property managers","MSA, NAICS 5-digit -- by ownership sector","All establishment sizes",379,2112,98117850,20294504,304396,893,46454,"",1.08,0.93,0.79,0.93,1.05,0.84,0.84,"",21,5.9,61,3.0,4993781,5.4,409000,2.1,-15913,-5.0,20,2.3,1052,2.3
"C3538","5","531311","48","0","2020","A","","New Orleans-Metairie, LA MSA","Private","NAICS 531311 Residential property managers","MSA, NAICS 6-digit -- by ownership sector","All establishment sizes",297,1614,66754377,15603161,254013,795,41351,"",1.13,0.96,0.85,0.96,1.17,0.88,0.88,"",15,5.3,72,4.7,4287674,6.9,408754,2.7,-5386,-2.1,16,2.1,828,2.0
"C3538","5","531312","48","0","2020","A","","New Orleans-Metairie, LA MSA","Private","NAICS 531312 Nonresidential property managers","MSA, NAICS 6-digit -- by ownership sector","All establishment sizes",83,498,31363473,4691343,50383,1212,63000,"",0.94,0.86,0.69,0.83,0.69,0.80,0.80,"",7,9.2,-12,-2.4,706107,2.3,246,0.0,-10527,-17.3,55,4.8,2838,4.7
"C3538","5","53132","47","0","2020","A","","New Orleans-Metairie, LA MSA","Private","NAICS 53132 Offices of real estate appraisers","MSA, NAICS 5-digit -- by ownership sector","All establishment sizes",56,82,3878297,742055,6151,908,47200,"",1.04,0.68,0.54,0.62,0.52,0.79,0.79,"",2,3.7,12,17.1,652580,20.2,96744,15.0,1528,33.1,20,2.3,1008,2.2
"C3538","5","531320","48","0","2020","A","","New Orleans-Metairie, LA MSA","Private","NAICS 531320 Offices of real estate appraisers","MSA, NAICS 6-digit -- by ownership sector","All establishment sizes",56,82,3878297,742055,6151,908,47200,"",1.04,0.68,0.54,0.62,0.52,0.79,0.79,"",2,3.7,12,17.1,652580,20.2,96744,15.0,1528,33.1,20,2.3,1008,2.2
"C3538","5","53139","47","0","2020","A","","New Orleans-Metairie, LA MSA","Private","NAICS 53139 Other activities related to real estate","MSA, NAICS 5-digit -- by ownership sector","All establishment sizes",99,131,10290438,1547449,22489,1512,78603,"",1.15,0.52,0.45,0.59,0.62,0.87,0.87,"",21,26.9,6,4.8,342007,3.4,262593,20.4,5364,31.3,-14,-0.9,-773,-1.0
"C3538","5","531390","48","0","2020","A","","New Orleans-Metairie, LA MSA","Private","NAICS 531390 Other activities related to real estate","MSA, NAICS 6-digit -- by ownership sector","All establishment sizes",99,131,10290438,1547449,22489,1512,78603,"",1.15,0.52,0.45,0.59,0.62,0.87,0.87,"",21,26.9,6,4.8,342007,3.4,262593,20.4,5364,31.3,-14,-0.9,-773,-1.0
"C3538","5","532","45","0","2020","A","","New Orleans-Metairie, LA MSA","Private","NAICS 532 Rental and leasing services","MSA, NAICS 3-digit -- by ownership sector","All establishment sizes",366,2584,133787811,25542432,330089,996,51772,"",1.65,1.49,1.47,1.50,1.51,0.99,0.99,"",-2,-0.5,-662,-20.4,-25146658,-15.8,-5055700,-16.5,-74399,-18.4,54,5.7,2813,5.7
"C3538","5","5321","46","0","2020","A","","New Orleans-Metairie, LA MSA","Private","NAICS 5321 Automotive equipment rental and leasing","MSA, NAICS 4-digit -- by ownership sector","All establishment sizes",84,858,31351931,8184033,76209,703,36558,"",1.22,1.28,1.01,1.32,1.20,0.80,0.80,"",2,2.4,-257,-23.0,-5444823,-14.8,-1765141,-17.7,-30992,-28.9,68,10.7,3556,10.8
"C3538","5","53211","47","0","2020","A","","New Orleans-Metairie, LA MSA","Private","NAICS 53211 Passenger car rental and leasing","MSA, NAICS 5-digit -- by ownership sector","All establishment sizes",57,593,22716392,5970112,53468,737,38340,"",1.33,1.62,1.44,1.76,1.64,0.89,0.89,"",1,1.8,-220,-27.1,-5143442,-18.5,-1431556,-19.3,-26448,-33.1,78,11.8,4058,11.8
"C3538","5","532111","48","0","2020","A","","New Orleans-Metairie, LA MSA","Private","NAICS 532111 Passenger car rental","MSA, NAICS 6-digit -- by ownership sector","All establishment sizes",52,562,19175955,5713087,52982,656,34131,"",1.31,1.69,1.46,1.89,1.79,0.86,0.86,"N",0,0.0,0,0,0,0,0,0,0,0,0,0,0,0
"C3538","5","532112","48","0","2020","A","","New Orleans-Metairie, LA MSA","Private","NAICS 532112 Passenger car leasing","MSA, NAICS 6-digit -- by ownership sector","All establishment sizes",5,31,3540437,257025,486,2220,115449,"",1.57,0.95,1.35,0.68,0.15,1.43,1.43,"N",1,25.0,0,0,0,0,0,0,0,0,0,0,0,0
"C3538","5","53212","47","0","2020","A","","New Orleans-Metairie, LA MSA","Private","NAICS 53212 Truck, trailer, and rv rental and leasing","MSA, NAICS 5-digit -- by ownership sector","All establishment sizes",27,265,8635539,2213921,22741,626,32577,"",1.04,0.86,0.57,0.79,0.74,0.66,0.66,"",1,3.8,-37,-12.3,-301381,-3.4,-333585,-13.1,-4544,-16.7,58,10.2,3017,10.2
"C3538","5","532120","48","0","2020","A","","New Orleans-Metairie, LA MSA","Private","NAICS 532120 Truck, trailer, and rv rental and leasing","MSA, NAICS 6-digit -- by ownership sector","All establishment sizes",27,265,8635539,2213921,22741,626,32577,"",1.04,0.86,0.57,0.79,0.74,0.66,0.66,"",1,3.8,-37,-12.3,-301381,-3.4,-333585,-13.1,-4544,-16.7,58,10.2,3017,10.2
"C3538","5","5322","46","0","2020","A","","New Orleans-Metairie, LA MSA","Private","NAICS 5322 Consumer goods rental","MSA, NAICS 4-digit -- by ownership sector","All establishment sizes",95,491,20014195,4851934,68800,784,40769,"",1.30,1.17,1.15,1.18,1.16,0.98,0.98,"",0,0.0,-100,-16.9,-2703232,-11.9,-772426,-13.7,-16858,-19.7,45,6.1,2325,6.0
"C3538","5","53221","47","0","2020","A","","New Orleans-Metairie, LA MSA","Private","NAICS 53221 Consumer electronics and appliances rental","MSA, NAICS 5-digit -- by ownership sector","All establishment sizes",6,16,838614,154910,1406,1003,52142,"",0.93,0.51,0.59,0.52,0.37,1.16,1.16,"",1,20.0,-1,-5.9,-27283,-3.2,-2250,-1.4,-171,-10.8,4,0.4,188,0.4
"C3538","5","532210","48","0","2020","A","","New Orleans-Metairie, LA MSA","Private","NAICS 532210 Consumer electronics and appliances rental","MSA, NAICS 6-digit -- by ownership sector","All establishment sizes",6,16,838614,154910,1406,1003,52142,"",0.93,0.51,0.59,0.52,0.37,1.16,1.16,"",1,20.0,-1,-5.9,-27283,-3.2,-2250,-1.4,-171,-10.8,4,0.4,188,0.4
"C3538","5","53228","47","0","2020","A","","New Orleans-Metairie, LA MSA","Private","NAICS 53228 Other consumer goods rental","MSA, NAICS 5-digit -- by ownership sector","All establishment sizes",89,475,19175581,4697024,67394,777,40384,"",1.33,1.22,1.19,1.24,1.22,0.98,0.98,"",-1,-1.1,-99,-17.2,-2675949,-12.2,-770176,-14.1,-16687,-19.8,45,6.1,2332,6.1
"C3538","5","532281","48","0","2020","A","","New Orleans-Metairie, LA MSA","Private","NAICS 532281 Formal wear and costume rental","MSA, NAICS 6-digit -- by ownership sector","All establishment sizes",8,31,793403,310855,3046,499,25942,"",2.30,1.84,1.38,1.90,1.09,0.76,0.76,"",0,0.0,-8,-20.5,-293231,-27.0,-20646,-6.2,-986,-24.5,-38,-7.1,-1980,-7.1
"C3538","5","532282","48","0","2020","A","N","New Orleans-Metairie, LA MSA","Private","NAICS 532282 Video tape and disc rental","MSA, NAICS 6-digit -- by ownership sector","All establishment sizes",3,0,0,0,0,0,0,"N",0.62,0,0,0,0,0,0,"N",0,0.0,0,0,0,0,0,0,0,0,0,0,0,0
"C3538","5","532283","48","0","2020","A","N","New Orleans-Metairie, LA MSA","Private","NAICS 532283 Home health equipment rental","MSA, NAICS 6-digit -- by ownership sector","All establishment sizes",12,0,0,0,0,0,0,"N",1.07,0,0,0,0,0,0,"N",0,0.0,0,0,0,0,0,0,0,0,0,0,0,0
"C3538","5","532284","48","0","2020","A","","New Orleans-Metairie, LA MSA","Private","NAICS 532284 Recreational goods rental","MSA, NAICS 6-digit -- by ownership sector","All establishment sizes",12,36,1332667,342399,5267,705,36679,"",1.08,0.68,0.73,0.68,0.63,1.06,1.06,"",1,9.1,-12,-25.0,-786536,-37.1,-103699,-23.2,-1952,-27.0,-138,-16.4,-7167,-16.3
"C3538","5","532289","48","0","2020","A","","New Orleans-Metairie, LA MSA","Private","NAICS 532289 All other consumer goods rental","MSA, NAICS 6-digit -- by ownership sector","All establishment sizes",55,244,9874876,2611039,44715,777,40416,"",1.52,1.38,1.37,1.48,1.58,0.99,0.99,"",-1,-1.8,-74,-23.3,-1777698,-15.3,-499776,-16.1,-8612,-16.1,72,10.2,3753,10.2
"C3538","5","5323","46","0","2020","A","","New Orleans-Metairie, LA MSA","Private","NAICS 5323 General rental centers","MSA, NAICS 4-digit -- by ownership sector","All establishment sizes",25,222,15405276,2182224,39386,1334,69393,"",1.76,2.11,2.93,2.05,2.95,1.39,1.39,"",0,0.0,-39,-14.9,-779208,-4.8,-329390,-13.1,524,1.3,142,11.9,7383,11.9
"C3538","5","53231","47","0","2020","A","","New Orleans-Metairie, LA MSA","Private","NAICS 53231 General rental centers","MSA, NAICS 5-digit -- by ownership sector","All establishment sizes",25,222,15405276,2182224,39386,1334,69393,"",1.76,2.11,2.93,2.05,2.95,1.39,1.39,"",0,0.0,-39,-14.9,-779208,-4.8,-329390,-13.1,524,1.3,142,11.9,7383,11.9
"C3538","5","532310","48","0","2020","A","","New Orleans-Metairie, LA MSA","Private","NAICS 532310 General rental centers","MSA, NAICS 6-digit -- by ownership sector","All establishment sizes",25,222,15405276,2182224,39386,1334,69393,"",1.76,2.11,2.93,2.05,2.95,1.39,1.39,"",0,0.0,-39,-14.9,-779208,-4.8,-329390,-13.1,524,1.3,142,11.9,7383,11.9
"C3538","5","5324","46","0","2020","A","","New Orleans-Metairie, LA MSA","Private","NAICS 5324 Machinery and equipment rental and leasing","MSA, NAICS 4-digit -- by ownership sector","All establishment sizes",163,1014,67016409,10324241,145694,1271,66113,"",2.46,1.90,1.79,1.82,1.78,0.94,0.94,"",-4,-2.4,-265,-20.7,-16219395,-19.5,-2188743,-17.5,-27073,-15.7,20,1.6,1051,1.6
"C3538","5","53241","47","0","2020","A","","New Orleans-Metairie, LA MSA","Private","NAICS 53241 Heavy machinery rental and leasing","MSA, NAICS 5-digit -- by ownership sector","All establishment sizes",64,641,45757860,6065984,87157,1372,71339,"",2.21,2.20,2.15,2.02,2.14,0.98,0.98,"",-4,-5.9,-169,-20.9,-12538965,-21.5,-1855679,-23.4,-17482,-16.7,-13,-0.9,-662,-0.9
"C3538","5","532411","48","0","2020","A","","New Orleans-Metairie, LA MSA","Private","NAICS 532411 Transportation equipment rental and leasing","MSA, NAICS 6-digit -- by ownership sector","All establishment sizes",18,165,10589373,1811540,18034,1236,64275,"",5.35,8.88,4.86,10.34,7.98,0.55,0.55,"",1,5.9,-59,-26.3,-1885118,-15.1,-608476,-25.1,-22653,-55.7,165,15.4,8585,15.4
"C3538","5","532412","48","0","2020","A","","New Orleans-Metairie, LA MSA","Private","NAICS 532412 Other heavy machinery rental and leasing","MSA, NAICS 6-digit -- by ownership sector","All establishment sizes",46,477,35168487,4254444,69123,1419,73780,"",1.80,1.75,1.84,1.50,1.80,1.05,1.05,"",-5,-9.8,-109,-18.6,-10653847,-23.3,-1247203,-22.7,5171,8.1,-86,-5.7,-4460,-5.7
"C3538","5","53242","47","0","2020","A","N","New Orleans-Metairie, LA MSA","Private","NAICS 53242 Office equipment rental and leasing","MSA, NAICS 5-digit -- by ownership sector","All establishment sizes",6,0,0,0,0,0,0,"N",1.48,0,0,0,0,0,0,"N",-1,-14.3,0,0,0,0,0,0,0,0,0,0,0,0
"C3538","5","532420","48","0","2020","A","N","New Orleans-Metairie, LA MSA","Private","NAICS 532420 Office equipment rental and leasing","MSA, NAICS 6-digit -- by ownership sector","All establishment sizes",6,0,0,0,0,0,0,"N",1.48,0,0,0,0,0,0,"N",-1,-14.3,0,0,0,0,0,0,0,0,0,0,0,0
"C3538","5","53249","47","0","2020","A","N","New Orleans-Metairie, LA MSA","Private","NAICS 53249 Other machinery rental and leasing","MSA, NAICS 5-digit -- by ownership sector","All establishment sizes",93,0,0,0,0,0,0,"N",2.79,0,0,0,0,0,0,"N",0,0.0,0,0,0,0,0,0,0,0,0,0,0,0
"C3538","5","532490","48","0","2020","A","N","New Orleans-Metairie, LA MSA","Private","NAICS 532490 Other machinery rental and leasing","MSA, NAICS 6-digit -- by ownership sector","All establishment sizes",93,0,0,0,0,0,0,"N",2.79,0,0,0,0,0,0,"N",0,0.0,0,0,0,0,0,0,0,0,0,0,0,0
"C3538","5","533","45","0","2020","A","","New Orleans-Metairie, LA MSA","Private","NAICS 533 Lessors of nonfinancial intangible assets","MSA, NAICS 3-digit -- by ownership sector","All establishment sizes",27,98,8163374,1049738,16905,1609,83655,"",2.04,1.30,0.99,1.24,1.46,0.77,0.77,"",0,0.0,-25,-20.3,-3634382,-30.8,-136585,-11.5,-442,-2.5,-237,-12.8,-12327,-12.8
"C3538","5","5331","46","0","2020","A","","New Orleans-Metairie, LA MSA","Private","NAICS 5331 Lessors of nonfinancial intangible assets","MSA, NAICS 4-digit -- by ownership sector","All establishment sizes",27,98,8163374,1049738,16905,1609,83655,"",2.04,1.30,0.99,1.24,1.46,0.77,0.77,"",0,0.0,-25,-20.3,-3634382,-30.8,-136585,-11.5,-442,-2.5,-237,-12.8,-12327,-12.8
"C3538","5","53311","47","0","2020","A","","New Orleans-Metairie, LA MSA","Private","NAICS 53311 Lessors of nonfinancial intangible assets","MSA, NAICS 5-digit -- by ownership sector","All establishment sizes",27,98,8163374,1049738,16905,1609,83655,"",2.04,1.30,0.99,1.24,1.46,0.77,0.77,"",0,0.0,-25,-20.3,-3634382,-30.8,-136585,-11.5,-442,-2.5,-237,-12.8,-12327,-12.8
"C3538","5","533110","48","0","2020","A","","New Orleans-Metairie, LA MSA","Private","NAICS 533110 Lessors of nonfinancial intangible assets","MSA, NAICS 6-digit -- by ownership sector","All establishment sizes",27,98,8163374,1049738,16905,1609,83655,"",2.04,1.30,0.99,1.24,1.46,0.77,0.77,"",0,0.0,-25,-20.3,-3634382,-30.8,-136585,-11.5,-442,-2.5,-237,-12.8,-12327,-12.8
"C3538","5","54","44","0","2020","A","N","New Orleans-Metairie, LA MSA","Private","NAICS 54 Professional and technical services","MSA, NAICS Sector -- by ownership sector","All establishment sizes",6123,0,0,0,0,0,0,"N",1.15,0,0,0,0,0,0,"N",346,6.0,0,0,0,0,0,0,0,0,0,0,0,0
"C3538","5","541","45","0","2020","A","N","New Orleans-Metairie, LA MSA","Private","NAICS 541 Professional and technical services","MSA, NAICS 3-digit -- by ownership sector","All establishment sizes",6123,0,0,0,0,0,0,"N",1.15,0,0,0,0,0,0,"N",346,6.0,0,0,0,0,0,0,0,0,0,0,0,0
"C3538","5","5411","46","0","2020","A","","New Orleans-Metairie, LA MSA","Private","NAICS 5411 Legal services","MSA, NAICS 4-digit -- by ownership sector","All establishment sizes",1554,8315,819047429,77680525,780966,1894,98500,"",2.00,2.05,2.07,1.99,1.91,1.01,1.01,"",46,3.1,-14,-0.2,41384904,5.3,-1534589,-1.9,-73486,-8.6,98,5.5,5132,5.5
"C3538","5","54111","47","0","2020","A","","New Orleans-Metairie, LA MSA","Private","NAICS 54111 Offices of lawyers","MSA, NAICS 5-digit -- by ownership sector","All establishment sizes",1414,7605,780640050,70688408,676870,1974,102643,"",1.98,2.05,2.10,1.99,1.87,1.02,1.02,"",38,2.8,-74,-1.0,35747235,4.8,-2540077,-3.5,-83609,-11.0,108,5.8,5634,5.8
"C3538","5","541110","48","0","2020","A","","New Orleans-Metairie, LA MSA","Private","NAICS 541110 Offices of lawyers","MSA, NAICS 6-digit -- by ownership sector","All establishment sizes",1414,7605,780640050,70688408,676870,1974,102643,"",1.98,2.05,2.10,1.99,1.87,1.02,1.02,"",38,2.8,-74,-1.0,35747235,4.8,-2540077,-3.5,-83609,-11.0,108,5.8,5634,5.8
"C3538","5","54119","47","0","2020","A","","New Orleans-Metairie, LA MSA","Private","NAICS 54119 Other legal services","MSA, NAICS 5-digit -- by ownership sector","All establishment sizes",140,710,38407379,6992117,104096,1041,54114,"",2.21,2.06,1.71,2.00,2.21,0.83,0.83,"",8,6.1,60,9.2,5637669,17.2,1005488,16.8,10123,10.8,72,7.4,3731,7.4
"C3538","5","541191","48","0","2020","A","N","New Orleans-Metairie, LA MSA","Private","NAICS 541191 Title abstract and settlement offices","MSA, NAICS 6-digit -- by ownership sector","All establishment sizes",79,0,0,0,0,0,0,"N",2.19,0,0,0,0,0,0,"N",5,6.8,0,0,0,0,0,0,0,0,0,0,0,0
"C3538","5","541199","48","0","2020","A","N","New Orleans-Metairie, LA MSA","Private","NAICS 541199 All other legal services","MSA, NAICS 6-digit -- by ownership sector","All establishment sizes",61,0,0,0,0,0,0,"N",2.25,0,0,0,0,0,0,"N",3,5.2,0,0,0,0,0,0,0,0,0,0,0,0
"C3538","5","5412","46","0","2020","A","","New Orleans-Metairie, LA MSA","Private","NAICS 5412 Accounting and bookkeeping services","MSA, NAICS 4-digit -- by ownership sector","All establishment sizes",712,3575,229714199,35469194,407946,1236,64254,"",1.15,0.98,0.87,0.98,0.88,0.88,0.88,"",10,1.4,15,0.4,6962963,3.1,-1090109,-3.0,-43651,-9.7,33,2.7,1686,2.7
"C3538","5","54121","47","0","2020","A","","New Orleans-Metairie, LA MSA","Private","NAICS 54121 Accounting and bookkeeping services","MSA, NAICS 5-digit -- by ownership sector","All establishment sizes",712,3575,229714199,35469194,407946,1236,64254,"",1.15,0.98,0.87,0.98,0.88,0.88,0.88,"",10,1.4,15,0.4,6962963,3.1,-1090109,-3.0,-43651,-9.7,33,2.7,1686,2.7
"C3538","5","541211","48","0","2020","A","","New Orleans-Metairie, LA MSA","Private","NAICS 541211 Offices of certified public accountants","MSA, NAICS 6-digit -- by ownership sector","All establishment sizes",295,1890,140182348,17225640,134626,1427,74184,"",1.31,1.06,0.93,0.95,0.79,0.87,0.87,"",6,2.1,40,2.2,4630618,3.4,37497,0.2,-7189,-5.1,18,1.3,929,1.3
"C3538","5","541213","48","0","2020","A","N","New Orleans-Metairie, LA MSA","Private","NAICS 541213 Tax preparation services","MSA, NAICS 6-digit -- by ownership sector","All establishment sizes",131,0,0,0,0,0,0,"N",0.96,0,0,0,0,0,0,"N",-6,-4.4,0,0,0,0,0,0,0,0,0,0,0,0
"C3538","5","541214","48","0","2020","A","N","New Orleans-Metairie, LA MSA","Private","NAICS 541214 Payroll services","MSA, NAICS 6-digit -- by ownership sector","All establishment sizes",66,0,0,0,0,0,0,"N",1.67,0,0,0,0,0,0,"N",0,0.0,0,0,0,0,0,0,0,0,0,0,0,0
"C3538","5","541219","48","0","2020","A","","New Orleans-Metairie, LA MSA","Private","NAICS 541219 Other accounting services","MSA, NAICS 6-digit -- by ownership sector","All establishment sizes",220,603,31963182,5506861,67923,1020,53051,"",1.02,0.65,0.61,0.63,0.68,0.93,0.93,"",8,3.8,13,2.2,1571684,5.2,181687,3.4,-6166,-8.3,30,3.0,1555,3.0
"C3538","5","5413","46","0","2020","A","N","New Orleans-Metairie, LA MSA","Private","NAICS 5413 Architectural and engineering services","MSA, NAICS 4-digit -- by ownership sector","All establishment sizes",788,0,0,0,0,0,0,"N",1.37,0,0,0,0,0,0,"N",3,0.4,0,0,0,0,0,0,0,0,0,0,0,0
"C3538","5","54131","47","0","2020","A","","New Orleans-Metairie, LA MSA","Private","NAICS 54131 Architectural services","MSA, NAICS 5-digit -- by ownership sector","All establishment sizes",129,679,49332651,5956240,59711,1396,72610,"",1.28,1.01,0.88,0.86,0.77,0.88,0.88,"",3,2.4,10,1.5,2218565,4.7,-145902,-2.4,-18045,-23.2,42,3.1,2185,3.1
"C3538","5","541310","48","0","2020","A","","New Orleans-Metairie, LA MSA","Private","NAICS 541310 Architectural services","MSA, NAICS 6-digit -- by ownership sector","All establishment sizes",129,679,49332651,5956240,59711,1396,72610,"",1.28,1.01,0.88,0.86,0.77,0.88,0.88,"",3,2.4,10,1.5,2218565,4.7,-145902,-2.4,-18045,-23.2,42,3.1,2185,3.1
"C3538","5","54132","47","0","2020","A","","New Orleans-Metairie, LA MSA","Private","NAICS 54132 Landscape architectural services","MSA, NAICS 5-digit -- by ownership sector","All establishment sizes",26,63,4545797,638412,5231,1399,72733,"",0.97,0.53,0.67,0.55,0.28,1.27,1.27,"",-1,-3.7,-3,-4.5,552976,13.8,-47737,-7.0,-1081,-17.1,240,20.7,12464,20.7
"C3538","5","541320","48","0","2020","A","","New Orleans-Metairie, LA MSA","Private","NAICS 541320 Landscape architectural services","MSA, NAICS 6-digit -- by ownership sector","All establishment sizes",26,63,4545797,638412,5231,1399,72733,"",0.97,0.53,0.67,0.55,0.28,1.27,1.27,"",-1,-3.7,-3,-4.5,552976,13.8,-47737,-7.0,-1081,-17.1,240,20.7,12464,20.7
"C3538","5","54133","47","0","2020","A","","New Orleans-Metairie, LA MSA","Private","NAICS 54133 Engineering services","MSA, NAICS 5-digit -- by ownership sector","All establishment sizes",475,4345,452108546,42976547,727094,2001,104047,"",1.47,1.21,1.33,1.14,1.44,1.11,1.11,"",-2,-0.4,-173,-3.8,-20153215,-4.3,-2082309,-4.6,-67415,-8.5,-9,-0.4,-476,-0.5
"C3538","5","541330","48","0","2020","A","","New Orleans-Metairie, LA MSA","Private","NAICS 541330 Engineering services","MSA, NAICS 6-digit -- by ownership sector","All establishment sizes",475,4345,452108546,42976547,727094,2001,104047,"",1.47,1.21,1.33,1.14,1.44,1.11,1.11,"",-2,-0.4,-173,-3.8,-20153215,-4.3,-2082309,-4.6,-67415,-8.5,-9,-0.4,-476,-0.5
"C3538","5","54134","47","0","2020","A","","New Orleans-Metairie, LA MSA","Private","NAICS 54134 Drafting services","MSA, NAICS 5-digit -- by ownership sector","All establishment sizes",18,50,1824786,486910,12132,701,36435,"",1.48,1.52,0.99,1.47,3.12,0.65,0.65,"N",-2,-10.0,0,0,0,0,0,0,0,0,0,0,0,0
"C3538","5","541340","48","0","2020","A","","New Orleans-Metairie, LA MSA","Private","NAICS 541340 Drafting services","MSA, NAICS 6-digit -- by ownership sector","All establishment sizes",18,50,1824786,486910,12132,701,36435,"",1.48,1.52,0.99,1.47,3.12,0.65,0.65,"N",-2,-10.0,0,0,0,0,0,0,0,0,0,0,0,0
"C3538","5","54135","47","0","2020","A","","New Orleans-Metairie, LA MSA","Private","NAICS 54135 Building inspection services","MSA, NAICS 5-digit -- by ownership sector","All establishment sizes",32,63,2943721,618982,9026,906,47100,"",1.03,0.74,0.66,0.74,0.79,0.90,0.90,"",3,10.3,2,3.3,-134752,-4.4,61099,11.0,1087,13.7,-61,-6.3,-3161,-6.3
"C3538","5","541350","48","0","2020","A","","New Orleans-Metairie, LA MSA","Private","NAICS 541350 Building inspection services","MSA, NAICS 6-digit -- by ownership sector","All establishment sizes",32,63,2943721,618982,9026,906,47100,"",1.03,0.74,0.66,0.74,0.79,0.90,0.90,"",3,10.3,2,3.3,-134752,-4.4,61099,11.0,1087,13.7,-61,-6.3,-3161,-6.3
"C3538","5","54136","47","0","2020","A","","New Orleans-Metairie, LA MSA","Private","NAICS 54136 Geophysical surveying and mapping services","MSA, NAICS 5-digit -- by ownership sector","All establishment sizes",16,32,2225708,348928,5307,1327,69014,"",1.75,0.66,0.55,0.65,0.60,0.82,0.82,"",1,6.7,-37,-53.6,-2281746,-50.6,-722157,-67.4,-19988,-79.0,77,6.2,4003,6.2
"C3538","5","541360","48","0","2020","A","","New Orleans-Metairie, LA MSA","Private","NAICS 541360 Geophysical surveying and mapping services","MSA, NAICS 6-digit -- by ownership sector","All establishment sizes",16,32,2225708,348928,5307,1327,69014,"",1.75,0.66,0.55,0.65,0.60,0.82,0.82,"",1,6.7,-37,-53.6,-2281746,-50.6,-722157,-67.4,-19988,-79.0,77,6.2,4003,6.2
"C3538","5","54137","47","0","2020","A","","New Orleans-Metairie, LA MSA","Private","NAICS 54137 Other surveying and mapping services","MSA, NAICS 5-digit -- by ownership sector","All establishment sizes",27,212,14293131,1892450,27837,1298,67473,"",0.84,1.15,1.34,1.05,1.22,1.17,1.17,"",-3,-10.0,-17,-7.4,-702868,-4.7,-223231,-10.6,-4804,-14.7,37,2.9,1917,2.9
"C3538","5","541370","48","0","2020","A","","New Orleans-Metairie, LA MSA","Private","NAICS 541370 Other surveying and mapping services","MSA, NAICS 6-digit -- by ownership sector","All establishment sizes",27,212,14293131,1892450,27837,1298,67473,"",0.84,1.15,1.34,1.05,1.22,1.17,1.17,"",-3,-10.0,-17,-7.4,-702868,-4.7,-223231,-10.6,-4804,-14.7,37,2.9,1917,2.9
"C3538","5","54138","47","0","2020","A","N","New Orleans-Metairie, LA MSA","Private","NAICS 54138 Testing laboratories","MSA, NAICS 5-digit -- by ownership sector","All establishment sizes",67,0,0,0,0,0,0,"N",1.61,0,0,0,0,0,0,"N",5,8.1,0,0,0,0,0,0,0,0,0,0,0,0
"C3538","5","541380","48","0","2020","A","N","New Orleans-Metairie, LA MSA","Private","NAICS 541380 Testing laboratories","MSA, NAICS 6-digit -- by ownership sector","All establishment sizes",67,0,0,0,0,0,0,"N",1.61,0,0,0,0,0,0,"N",5,8.1,0,0,0,0,0,0,0,0,0,0,0,0
"C3538","5","5414","46","0","2020","A","","New Orleans-Metairie, LA MSA","Private","NAICS 5414 Specialized design services","MSA, NAICS 4-digit -- by ownership sector","All establishment sizes",151,384,18108184,3977298,49284,907,47146,"",0.95,0.81,0.57,0.85,0.76,0.71,0.71,"",20,15.3,-33,-7.9,-138907,-0.8,47301,1.2,1227,2.6,66,7.8,3397,7.8
"C3538","5","54141","47","0","2020","A","","New Orleans-Metairie, LA MSA","Private","NAICS 54141 Interior design services","MSA, NAICS 5-digit -- by ownership sector","All establishment sizes",55,124,6240672,1297546,13175,968,50328,"",0.91,0.78,0.70,0.86,0.69,0.90,0.90,"N",5,10.0,0,0,0,0,0,0,0,0,0,0,0,0
"C3538","5","541410","48","0","2020","A","","New Orleans-Metairie, LA MSA","Private","NAICS 541410 Interior design services","MSA, NAICS 6-digit -- by ownership sector","All establishment sizes",55,124,6240672,1297546,13175,968,50328,"",0.91,0.78,0.70,0.86,0.69,0.90,0.90,"N",5,10.0,0,0,0,0,0,0,0,0,0,0,0,0
"C3538","5","54142","47","0","2020","A","N","New Orleans-Metairie, LA MSA","Private","NAICS 54142 Industrial design services","MSA, NAICS 5-digit -- by ownership sector","All establishment sizes",6,0,0,0,0,0,0,"N",0.60,0,0,0,0,0,0,"N",1,20.0,0,0,0,0,0,0,0,0,0,0,0,0
"C3538","5","541420","48","0","2020","A","N","New Orleans-Metairie, LA MSA","Private","NAICS 541420 Industrial design services","MSA, NAICS 6-digit -- by ownership sector","All establishment sizes",6,0,0,0,0,0,0,"N",0.60,0,0,0,0,0,0,"N",1,20.0,0,0,0,0,0,0,0,0,0,0,0,0
"C3538","5","54143","47","0","2020","A","","New Orleans-Metairie, LA MSA","Private","NAICS 54143 Graphic design services","MSA, NAICS 5-digit -- by ownership sector","All establishment sizes",62,111,4993493,1127248,10082,867,45088,"",0.88,0.56,0.39,0.55,0.37,0.71,0.71,"",9,17.0,-8,-6.7,-387458,-7.2,-58243,-4.9,723,7.7,-2,-0.2,-98,-0.2
"C3538","5","541430","48","0","2020","A","","New Orleans-Metairie, LA MSA","Private","NAICS 541430 Graphic design services","MSA, NAICS 6-digit -- by ownership sector","All establishment sizes",62,111,4993493,1127248,10082,867,45088,"",0.88,0.56,0.39,0.55,0.37,0.71,0.71,"",9,17.0,-8,-6.7,-387458,-7.2,-58243,-4.9,723,7.7,-2,-0.2,-98,-0.2
"C3538","5","54149","47","0","2020","A","N","New Orleans-Metairie, LA MSA","Private","NAICS 54149 Other specialized design services","MSA, NAICS 5-digit -- by ownership sector","All establishment sizes",28,0,0,0,0,0,0,"N",1.58,0,0,0,0,0,0,"N",5,21.7,0,0,0,0,0,0,0,0,0,0,0,0
"C3538","5","541490","48","0","2020","A","N","New Orleans-Metairie, LA MSA","Private","NAICS 541490 Other specialized design services","MSA, NAICS 6-digit -- by ownership sector","All establishment sizes",28,0,0,0,0,0,0,"N",1.58,0,0,0,0,0,0,"N",5,21.7,0,0,0,0,0,0,0,0,0,0,0,0
"C3538","5","5415","46","0","2020","A","","New Orleans-Metairie, LA MSA","Private","NAICS 5415 Computer systems design and related services","MSA, NAICS 4-digit -- by ownership sector","All establishment sizes",925,3894,339180731,40856430,667770,1675,87105,"",0.77,0.49,0.37,0.49,0.54,0.74,0.74,"N",89,10.6,0,0,0,0,0,0,0,0,0,0,0,0
"C3538","5","54151","47","0","2020","A","","New Orleans-Metairie, LA MSA","Private","NAICS 54151 Computer systems design and related services","MSA, NAICS 5-digit -- by ownership sector","All establishment sizes",925,3894,339180731,40856430,667770,1675,87105,"",0.77,0.49,0.37,0.49,0.54,0.74,0.74,"N",89,10.6,0,0,0,0,0,0,0,0,0,0,0,0
"C3538","5","541511","48","0","2020","A","","New Orleans-Metairie, LA MSA","Private","NAICS 541511 Custom computer programming services","MSA, NAICS 6-digit -- by ownership sector","All establishment sizes",425,1877,167136643,18543154,309351,1713,89052,"",0.78,0.54,0.38,0.49,0.54,0.70,0.70,"",29,7.3,111,6.3,13463033,8.8,721336,4.0,3556,1.2,39,2.3,2009,2.3
"C3538","5","541512","48","0","2020","A","","New Orleans-Metairie, LA MSA","Private","NAICS 541512 Computer systems design services","MSA, NAICS 6-digit -- by ownership sector","All establishment sizes",326,1281,114702839,14314448,211620,1722,89547,"",0.58,0.34,0.28,0.36,0.38,0.82,0.82,"",38,13.2,93,7.8,10013586,9.6,2057941,16.8,17032,8.8,27,1.6,1400,1.6
"C3538","5","541513","48","0","2020","A","N","New Orleans-Metairie, LA MSA","Private","NAICS 541513 Computer facilities management services","MSA, NAICS 6-digit -- by ownership sector","All establishment sizes",44,0,0,0,0,0,0,"N",2.23,0,0,0,0,0,0,"N",1,2.3,0,0,0,0,0,0,0,0,0,0,0,0
"C3538","5","541519","48","0","2020","A","N","New Orleans-Metairie, LA MSA","Private","NAICS 541519 Other computer related services","MSA, NAICS 6-digit -- by ownership sector","All establishment sizes",131,0,0,0,0,0,0,"N",1.68,0,0,0,0,0,0,"N",21,19.1,0,0,0,0,0,0,0,0,0,0,0,0
"C3538","5","5416","46","0","2020","A","N","New Orleans-Metairie, LA MSA","Private","NAICS 5416 Management and technical consulting services","MSA, NAICS 4-digit -- by ownership sector","All establishment sizes",930,0,0,0,0,0,0,"N",0.79,0,0,0,0,0,0,"N",55,6.3,0,0,0,0,0,0,0,0,0,0,0,0
"C3538","5","54161","47","0","2020","A","","New Orleans-Metairie, LA MSA","Private","NAICS 54161 Management consulting services","MSA, NAICS 5-digit -- by ownership sector","All establishment sizes",692,2218,172622910,22574800,364341,1497,77831,"",0.74,0.49,0.41,0.48,0.57,0.82,0.82,"",49,7.6,-137,-5.8,-11364855,-6.2,-1684202,-6.9,-41541,-10.2,-6,-0.4,-304,-0.4
"C3538","5","541611","48","0","2020","A","","New Orleans-Metairie, LA MSA","Private","NAICS 541611 Administrative management consulting services","MSA, NAICS 6-digit -- by ownership sector","All establishment sizes",358,1284,98725490,12360347,207851,1478,76869,"",0.73,0.53,0.39,0.48,0.63,0.73,0.73,"",38,11.9,49,4.0,913086,0.9,157312,1.3,1056,0.5,-45,-3.0,-2342,-3.0
"C3538","5","541612","48","0","2020","A","N","New Orleans-Metairie, LA MSA","Private","NAICS 541612 Human resources consulting services","MSA, NAICS 6-digit -- by ownership sector","All establishment sizes",36,0,0,0,0,0,0,"N",0.77,0,0,0,0,0,0,"N",2,5.9,0,0,0,0,0,0,0,0,0,0,0,0
"C3538","5","541613","48","0","2020","A","N","New Orleans-Metairie, LA MSA","Private","NAICS 541613 Marketing consulting services","MSA, NAICS 6-digit -- by ownership sector","All establishment sizes",141,0,0,0,0,0,0,"N",0.59,0,0,0,0,0,0,"N",5,3.7,0,0,0,0,0,0,0,0,0,0,0,0
"C3538","5","541614","48","0","2020","A","","New Orleans-Metairie, LA MSA","Private","NAICS 541614 Process and logistics consulting services","MSA, NAICS 6-digit -- by ownership sector","All establishment sizes",55,321,22575864,3243470,51736,1351,70275,"",0.87,0.67,0.66,0.68,0.80,0.98,0.98,"",-4,-6.8,-78,-19.5,-4365413,-16.2,-670410,-17.1,-19568,-27.4,54,4.2,2809,4.2
"C3538","5","541618","48","0","2020","A","","New Orleans-Metairie, LA MSA","Private","NAICS 541618 Other management consulting services","MSA, NAICS 6-digit -- by ownership sector","All establishment sizes",103,295,29969938,3552222,55051,1953,101564,"",1.03,0.80,0.90,0.97,1.03,1.12,1.12,"",9,9.6,-17,-5.4,-368445,-1.2,-88188,-2.4,-2820,-4.9,84,4.5,4352,4.5
"C3538","5","54162","47","0","2020","A","N","New Orleans-Metairie, LA MSA","Private","NAICS 54162 Environmental consulting services","MSA, NAICS 5-digit -- by ownership sector","All establishment sizes",50,0,0,0,0,0,0,"N",0.97,0,0,0,0,0,0,"N",1,2.0,0,0,0,0,0,0,0,0,0,0,0,0
"C3538","5","541620","48","0","2020","A","N","New Orleans-Metairie, LA MSA","Private","NAICS 541620 Environmental consulting services","MSA, NAICS 6-digit -- by ownership sector","All establishment sizes",50,0,0,0,0,0,0,"N",0.97,0,0,0,0,0,0,"N",1,2.0,0,0,0,0,0,0,0,0,0,0,0,0
"C3538","5","54169","47","0","2020","A","","New Orleans-Metairie, LA MSA","Private","NAICS 54169 Other technical consulting services","MSA, NAICS 5-digit -- by ownership sector","All establishment sizes",188,457,34670795,4677257,60249,1459,75852,"",0.98,0.66,0.55,0.64,0.54,0.83,0.83,"",5,2.7,-56,-10.9,-4980331,-12.6,-1416609,-23.2,-35490,-37.1,-27,-1.8,-1403,-1.8
"C3538","5","541690","48","0","2020","A","","New Orleans-Metairie, LA MSA","Private","NAICS 541690 Other technical consulting services","MSA, NAICS 6-digit -- by ownership sector","All establishment sizes",188,457,34670795,4677257,60249,1459,75852,"",0.98,0.66,0.55,0.64,0.54,0.83,0.83,"",5,2.7,-56,-10.9,-4980331,-12.6,-1416609,-23.2,-35490,-37.1,-27,-1.8,-1403,-1.8
"C3538","5","5417","46","0","2020","A","","New Orleans-Metairie, LA MSA","Private","NAICS 5417 Scientific research and development services","MSA, NAICS 4-digit -- by ownership sector","All establishment sizes",127,352,32860770,3523528,56099,1794,93310,"",0.87,0.13,0.09,0.14,0.16,0.67,0.67,"",20,18.7,66,23.1,8355575,34.1,564070,19.1,7711,15.9,145,8.8,7578,8.8
"C3538","5","54171","47","0","2020","A","","New Orleans-Metairie, LA MSA","Private","NAICS 54171 Research and development in the physical, engineering, and life sciences","MSA, NAICS 5-digit -- by ownership sector","All establishment sizes",104,286,27697958,2952695,48502,1861,96761,"",0.82,0.11,0.08,0.12,0.15,0.67,0.67,"N",16,18.2,0,0,0,0,0,0,0,0,0,0,0,0
"C3538","5","541713","48","0","2020","A","","New Orleans-Metairie, LA MSA","Private","NAICS 541713 Research and development in nanotechnology","MSA, NAICS 6-digit -- by ownership sector","All establishment sizes",6,46,3919363,570899,11326,1630,84743,"",0.78,0.59,0.45,0.57,1.13,0.75,0.75,"N",3,100.0,0,0,0,0,0,0,0,0,0,0,0,0
"C3538","5","541714","48","0","2020","A","","New Orleans-Metairie, LA MSA","Private","NAICS 541714 Research and development in biotechnology (except nanobiotechnology)","MSA, NAICS 6-digit -- by ownership sector","All establishment sizes",41,98,12515965,999085,14056,2469,128369,"",0.89,0.12,0.08,0.11,0.10,0.69,0.69,"N",9,28.1,0,0,0,0,0,0,0,0,0,0,0,0
"C3538","5","541715","48","0","2020","A","","New Orleans-Metairie, LA MSA","Private","NAICS 541715 Research and development in the physical, engineering, and life sciences (except nanotechnology and biotechnology)","MSA, NAICS 6-digit -- by ownership sector","All establishment sizes",57,143,11262630,1382711,23120,1520,79036,"",0.79,0.09,0.06,0.10,0.13,0.63,0.63,"",4,7.5,16,12.6,1882980,20.1,117678,9.3,1349,6.2,104,7.3,5422,7.4
"C3538","5","54172","47","0","2020","A","","New Orleans-Metairie, LA MSA","Private","NAICS 54172 Social science and humanities research","MSA, NAICS 5-digit -- by ownership sector","All establishment sizes",23,66,5162812,570833,7597,1506,78323,"",1.21,0.30,0.30,0.40,0.41,1.00,1.00,"N",4,21.1,0,0,0,0,0,0,0,0,0,0,0,0
"C3538","5","541720","48","0","2020","A","","New Orleans-Metairie, LA MSA","Private","NAICS 541720 Social science and humanities research","MSA, NAICS 6-digit -- by ownership sector","All establishment sizes",23,66,5162812,570833,7597,1506,78323,"",1.21,0.30,0.30,0.40,0.41,1.00,1.00,"N",4,21.1,0,0,0,0,0,0,0,0,0,0,0,0
"C3538","5","5418","46","0","2020","A","","New Orleans-Metairie, LA MSA","Private","NAICS 5418 Advertising, pr, and related services","MSA, NAICS 4-digit -- by ownership sector","All establishment sizes",304,1227,68327076,12030016,142747,1071,55683,"",1.35,0.78,0.53,0.76,0.61,0.68,0.68,"",19,6.7,-321,-20.7,-6715623,-8.9,-2478089,-17.1,-42772,-23.1,139,14.9,7219,14.9
"C3538","5","54181","47","0","2020","A","","New Orleans-Metairie, LA MSA","Private","NAICS 54181 Advertising agencies","MSA, NAICS 5-digit -- by ownership sector","All establishment sizes",124,559,39542142,5445491,61945,1361,70748,"",1.32,0.80,0.58,0.75,0.52,0.72,0.72,"N",9,7.8,0,0,0,0,0,0,0,0,0,0,0,0
"C3538","5","541810","48","0","2020","A","","New Orleans-Metairie, LA MSA","Private","NAICS 541810 Advertising agencies","MSA, NAICS 6-digit -- by ownership sector","All establishment sizes",124,559,39542142,5445491,61945,1361,70748,"",1.32,0.80,0.58,0.75,0.52,0.72,0.72,"N",9,7.8,0,0,0,0,0,0,0,0,0,0,0,0
"C3538","5","54182","47","0","2020","A","N","New Orleans-Metairie, LA MSA","Private","NAICS 54182 Public relations agencies","MSA, NAICS 5-digit -- by ownership sector","All establishment sizes",46,0,0,0,0,0,0,"N",1.01,0,0,0,0,0,0,"N",5,12.2,0,0,0,0,0,0,0,0,0,0,0,0
"C3538","5","541820","48","0","2020","A","N","New Orleans-Metairie, LA MSA","Private","NAICS 541820 Public relations agencies","MSA, NAICS 6-digit -- by ownership sector","All establishment sizes",46,0,0,0,0,0,0,"N",1.01,0,0,0,0,0,0,"N",5,12.2,0,0,0,0,0,0,0,0,0,0,0,0
"C3538","5","54183","47","0","2020","A","N","New Orleans-Metairie, LA MSA","Private","NAICS 54183 Media buying agencies","MSA, NAICS 5-digit -- by ownership sector","All establishment sizes",8,0,0,0,0,0,0,"N",1.65,0,0,0,0,0,0,"N",0,0.0,0,0,0,0,0,0,0,0,0,0,0,0
"C3538","5","541830","48","0","2020","A","N","New Orleans-Metairie, LA MSA","Private","NAICS 541830 Media buying agencies","MSA, NAICS 6-digit -- by ownership sector","All establishment sizes",8,0,0,0,0,0,0,"N",1.65,0,0,0,0,0,0,"N",0,0.0,0,0,0,0,0,0,0,0,0,0,0,0
"C3538","5","54184","47","0","2020","A","","New Orleans-Metairie, LA MSA","Private","NAICS 54184 Media representatives","MSA, NAICS 5-digit -- by ownership sector","All establishment sizes",14,22,964167,213285,3443,830,43172,"",1.06,0.34,0.16,0.32,0.33,0.45,0.45,"N",0,0.0,0,0,0,0,0,0,0,0,0,0,0,0
"C3538","5","541840","48","0","2020","A","","New Orleans-Metairie, LA MSA","Private","NAICS 541840 Media representatives","MSA, NAICS 6-digit -- by ownership sector","All establishment sizes",14,22,964167,213285,3443,830,43172,"",1.06,0.34,0.16,0.32,0.33,0.45,0.45,"N",0,0.0,0,0,0,0,0,0,0,0,0,0,0,0
"C3538","5","54185","47","0","2020","A","N","New Orleans-Metairie, LA MSA","Private","NAICS 54185 Outdoor advertising","MSA, NAICS 5-digit -- by ownership sector","All establishment sizes",25,0,0,0,0,0,0,"N",1.90,0,0,0,0,0,0,"N",0,0.0,0,0,0,0,0,0,0,0,0,0,0,0
"C3538","5","541850","48","0","2020","A","N","New Orleans-Metairie, LA MSA","Private","NAICS 541850 Outdoor advertising","MSA, NAICS 6-digit -- by ownership sector","All establishment sizes",25,0,0,0,0,0,0,"N",1.90,0,0,0,0,0,0,"N",0,0.0,0,0,0,0,0,0,0,0,0,0,0,0
"C3538","5","54186","47","0","2020","A","N","New Orleans-Metairie, LA MSA","Private","NAICS 54186 Direct mail advertising","MSA, NAICS 5-digit -- by ownership sector","All establishment sizes",10,0,0,0,0,0,0,"N",1.03,0,0,0,0,0,0,"N",1,11.1,0,0,0,0,0,0,0,0,0,0,0,0
"C3538","5","541860","48","0","2020","A","N","New Orleans-Metairie, LA MSA","Private","NAICS 541860 Direct mail advertising","MSA, NAICS 6-digit -- by ownership sector","All establishment sizes",10,0,0,0,0,0,0,"N",1.03,0,0,0,0,0,0,"N",1,11.1,0,0,0,0,0,0,0,0,0,0,0,0
"C3538","5","54187","47","0","2020","A","","New Orleans-Metairie, LA MSA","Private","NAICS 54187 Advertising material distribution services","MSA, NAICS 5-digit -- by ownership sector","All establishment sizes",7,5,276882,69616,823,1121,58291,"",0.67,0.13,0.13,0.18,0.14,1.06,1.06,"",1,16.7,-2,-28.6,-134768,-32.7,3296,5.0,-22,-2.6,-37,-3.2,-1950,-3.2
"C3538","5","541870","48","0","2020","A","","New Orleans-Metairie, LA MSA","Private","NAICS 541870 Advertising material distribution services","MSA, NAICS 6-digit -- by ownership sector","All establishment sizes",7,5,276882,69616,823,1121,58291,"",0.67,0.13,0.13,0.18,0.14,1.06,1.06,"",1,16.7,-2,-28.6,-134768,-32.7,3296,5.0,-22,-2.6,-37,-3.2,-1950,-3.2
"C3538","5","54189","47","0","2020","A","","New Orleans-Metairie, LA MSA","Private","NAICS 54189 Other services related to advertising","MSA, NAICS 5-digit -- by ownership sector","All establishment sizes",71,389,8841873,3667527,44729,437,22739,"",2.10,1.48,0.81,1.53,1.54,0.55,0.55,"",5,7.6,-204,-34.4,-1960325,-18.1,-1508793,-29.1,-19895,-30.8,87,24.9,4523,24.8
"C3538","5","541890","48","0","2020","A","","New Orleans-Metairie, LA MSA","Private","NAICS 541890 Other services related to advertising","MSA, NAICS 6-digit -- by ownership sector","All establishment sizes",71,389,8841873,3667527,44729,437,22739,"",2.10,1.48,0.81,1.53,1.54,0.55,0.55,"",5,7.6,-204,-34.4,-1960325,-18.1,-1508793,-29.1,-19895,-30.8,87,24.9,4523,24.8
"C3538","5","5419","46","0","2020","A","N","New Orleans-Metairie, LA MSA","Private","NAICS 5419 Other professional and technical services","MSA, NAICS 4-digit -- by ownership sector","All establishment sizes",633,0,0,0,0,0,0,"N",1.53,0,0,0,0,0,0,"N",82,14.9,0,0,0,0,0,0,0,0,0,0,0,0
"C3538","5","54191","47","0","2020","A","","New Orleans-Metairie, LA MSA","Private","NAICS 54191 Marketing research and public opinion polling","MSA, NAICS 5-digit -- by ownership sector","All establishment sizes",24,229,20540173,2322245,29572,1728,89859,"",0.72,0.81,0.78,0.84,0.73,0.97,0.97,"",5,26.3,-13,-5.4,156472,0.8,-176543,-7.1,-5915,-16.7,109,6.7,5687,6.8
"C3538","5","541910","48","0","2020","A","","New Orleans-Metairie, LA MSA","Private","NAICS 541910 Marketing research and public opinion polling","MSA, NAICS 6-digit -- by ownership sector","All establishment sizes",24,229,20540173,2322245,29572,1728,89859,"",0.72,0.81,0.78,0.84,0.73,0.97,0.97,"",5,26.3,-13,-5.4,156472,0.8,-176543,-7.1,-5915,-16.7,109,6.7,5687,6.8
"C3538","5","54192","47","0","2020","A","","New Orleans-Metairie, LA MSA","Private","NAICS 54192 Photographic services","MSA, NAICS 5-digit -- by ownership sector","All establishment sizes",83,186,5492689,1841737,20662,568,29544,"",1.46,1.47,1.28,1.54,0.98,0.87,0.87,"",7,9.2,-73,-28.2,-1251353,-18.6,-382417,-17.2,-7942,-27.8,68,13.6,3522,13.5
"C3538","5","541921","48","0","2020","A","","New Orleans-Metairie, LA MSA","Private","NAICS 541921 Photography studios, portrait","MSA, NAICS 6-digit -- by ownership sector","All establishment sizes",66,121,3142754,1237099,15651,499,25937,"",1.61,1.30,1.21,1.45,0.95,0.93,0.92,"",3,4.8,-57,-32.0,-1209264,-27.8,-279937,-18.5,-4738,-23.2,30,6.4,1545,6.3
"C3538","5","541922","48","0","2020","A","","New Orleans-Metairie, LA MSA","Private","NAICS 541922 Commercial photography","MSA, NAICS 6-digit -- by ownership sector","All establishment sizes",18,65,2349935,604638,5011,698,36292,"",1.14,1.95,1.38,1.78,1.13,0.71,0.71,"",5,38.5,-16,-19.8,-42089,-1.8,-102480,-14.5,-3204,-39.0,128,22.5,6669,22.5
"C3538","5","54193","47","0","2020","A","N","New Orleans-Metairie, LA MSA","Private","NAICS 54193 Translation and interpretation services","MSA, NAICS 5-digit -- by ownership sector","All establishment sizes",14,0,0,0,0,0,0,"N",0.84,0,0,0,0,0,0,"N",1,7.7,0,0,0,0,0,0,0,0,0,0,0,0
"C3538","5","541930","48","0","2020","A","N","New Orleans-Metairie, LA MSA","Private","NAICS 541930 Translation and interpretation services","MSA, NAICS 6-digit -- by ownership sector","All establishment sizes",14,0,0,0,0,0,0,"N",0.84,0,0,0,0,0,0,"N",1,7.7,0,0,0,0,0,0,0,0,0,0,0,0
"C3538","5","54194","47","0","2020","A","","New Orleans-Metairie, LA MSA","Private","NAICS 54194 Veterinary services","MSA, NAICS 5-digit -- by ownership sector","All establishment sizes",151,1837,73067821,17537084,118438,765,39786,"",1.15,1.25,1.22,1.29,1.16,0.97,0.97,"",3,2.0,31,1.7,6161704,9.2,851713,5.1,-15111,-11.3,52,7.3,2729,7.4
"C3538","5","541940","48","0","2020","A","","New Orleans-Metairie, LA MSA","Private","NAICS 541940 Veterinary services","MSA, NAICS 6-digit -- by ownership sector","All establishment sizes",151,1837,73067821,17537084,118438,765,39786,"",1.15,1.25,1.22,1.29,1.16,0.97,0.97,"",3,2.0,31,1.7,6161704,9.2,851713,5.1,-15111,-11.3,52,7.3,2729,7.4
"C3538","5","54199","47","0","2020","A","","New Orleans-Metairie, LA MSA","Private","NAICS 54199 All other professional and technical services","MSA, NAICS 5-digit -- by ownership sector","All establishment sizes",362,1207,96727342,12207876,202649,1541,80133,"",2.04,1.95,1.97,1.78,2.04,1.01,1.01,"",67,22.7,102,9.2,6632321,7.4,846627,7.5,6220,3.2,-27,-1.7,-1389,-1.7
"C3538","5","541990","48","0","2020","A","","New Orleans-Metairie, LA MSA","Private","NAICS 541990 All other professional and technical services","MSA, NAICS 6-digit -- by ownership sector","All establishment sizes",362,1207,96727342,12207876,202649,1541,80133,"",2.04,1.95,1.97,1.78,2.04,1.01,1.01,"",67,22.7,102,9.2,6632321,7.4,846627,7.5,6220,3.2,-27,-1.7,-1389,-1.7
"C3538","5","55","44","0","2020","A","N","New Orleans-Metairie, LA MSA","Private","NAICS 55 Management of companies and enterprises","MSA, NAICS Sector -- by ownership sector","All establishment sizes",417,0,0,0,0,0,0,"N",1.42,0,0,0,0,0,0,"N",4,1.0,0,0,0,0,0,0,0,0,0,0,0,0
"C3538","5","551","45","0","2020","A","N","New Orleans-Metairie, LA MSA","Private","NAICS 551 Management of companies and enterprises","MSA, NAICS 3-digit -- by ownership sector","All establishment sizes",417,0,0,0,0,0,0,"N",1.42,0,0,0,0,0,0,"N",4,1.0,0,0,0,0,0,0,0,0,0,0,0,0
"C3538","5","5511","46","0","2020","A","N","New Orleans-Metairie, LA MSA","Private","NAICS 5511 Management of companies and enterprises","MSA, NAICS 4-digit -- by ownership sector","All establishment sizes",417,0,0,0,0,0,0,"N",1.42,0,0,0,0,0,0,"N",4,1.0,0,0,0,0,0,0,0,0,0,0,0,0
"C3538","5","55111","47","0","2020","A","N","New Orleans-Metairie, LA MSA","Private","NAICS 55111 Management of companies and enterprises","MSA, NAICS 5-digit -- by ownership sector","All establishment sizes",417,0,0,0,0,0,0,"N",1.42,0,0,0,0,0,0,"N",4,1.0,0,0,0,0,0,0,0,0,0,0,0,0
"C3538","5","551111","48","0","2020","A","N","New Orleans-Metairie, LA MSA","Private","NAICS 551111 Offices of bank holding companies","MSA, NAICS 6-digit -- by ownership sector","All establishment sizes",2,0,0,0,0,0,0,"N",0.57,0,0,0,0,0,0,"N",0,0.0,0,0,0,0,0,0,0,0,0,0,0,0
"C3538","5","551112","48","0","2020","A","N","New Orleans-Metairie, LA MSA","Private","NAICS 551112 Offices of other holding companies","MSA, NAICS 6-digit -- by ownership sector","All establishment sizes",40,0,0,0,0,0,0,"N",0.96,0,0,0,0,0,0,"N",0,0.0,0,0,0,0,0,0,0,0,0,0,0,0
"C3538","5","551114","48","0","2020","A","","New Orleans-Metairie, LA MSA","Private","NAICS 551114 Managing offices","MSA, NAICS 6-digit -- by ownership sector","All establishment sizes",376,7029,720891661,76225470,683891,1972,102554,"",1.51,0.88,0.77,0.74,0.56,0.87,0.87,"",5,1.3,-606,-7.9,26534694,3.8,-9782971,-11.4,-176053,-20.5,223,12.8,11612,12.8
"C3538","5","56","44","0","2020","A","N","New Orleans-Metairie, LA MSA","Private","NAICS 56 Administrative and waste services","MSA, NAICS Sector -- by ownership sector","All establishment sizes",2492,0,0,0,0,0,0,"N",1.06,0,0,0,0,0,0,"N",81,3.4,0,0,0,0,0,0,0,0,0,0,0,0
"C3538","5","561","45","0","2020","A","N","New Orleans-Metairie, LA MSA","Private","NAICS 561 Administrative and support services","MSA, NAICS 3-digit -- by ownership sector","All establishment sizes",2329,0,0,0,0,0,0,"N",1.05,0,0,0,0,0,0,"N",75,3.3,0,0,0,0,0,0,0,0,0,0,0,0
"C3538","5","5611","46","0","2020","A","","New Orleans-Metairie, LA MSA","Private","NAICS 5611 Office administrative services","MSA, NAICS 4-digit -- by ownership sector","All establishment sizes",301,2942,232146383,24129709,319698,1517,78897,"",1.33,1.58,1.44,1.44,1.41,0.91,0.91,"",7,2.4,-200,-6.4,48455,0.0,-1484761,-5.8,-31095,-8.9,96,6.8,5018,6.8
"C3538","5","56111","47","0","2020","A","","New Orleans-Metairie, LA MSA","Private","NAICS 56111 Office administrative services","MSA, NAICS 5-digit -- by ownership sector","All establishment sizes",301,2942,232146383,24129709,319698,1517,78897,"",1.33,1.58,1.44,1.44,1.41,0.91,0.91,"",7,2.4,-200,-6.4,48455,0.0,-1484761,-5.8,-31095,-8.9,96,6.8,5018,6.8
"C3538","5","561110","48","0","2020","A","","New Orleans-Metairie, LA MSA","Private","NAICS 561110 Office administrative services","MSA, NAICS 6-digit -- by ownership sector","All establishment sizes",301,2942,232146383,24129709,319698,1517,78897,"",1.33,1.58,1.44,1.44,1.41,0.91,0.91,"",7,2.4,-200,-6.4,48455,0.0,-1484761,-5.8,-31095,-8.9,96,6.8,5018,6.8
"C3538","5","5612","46","0","2020","A","","New Orleans-Metairie, LA MSA","Private","NAICS 5612 Facilities support services","MSA, NAICS 4-digit -- by ownership sector","All establishment sizes",41,286,13011603,3141505,53659,876,45548,"",1.63,0.52,0.49,0.61,0.75,0.94,0.94,"",3,7.9,30,11.7,2771131,27.1,706671,29.0,15957,42.3,108,14.1,5611,14.0
"C3538","5","56121","47","0","2020","A","","New Orleans-Metairie, LA MSA","Private","NAICS 56121 Facilities support services","MSA, NAICS 5-digit -- by ownership sector","All establishment sizes",41,286,13011603,3141505,53659,876,45548,"",1.63,0.52,0.49,0.61,0.75,0.94,0.94,"",3,7.9,30,11.7,2771131,27.1,706671,29.0,15957,42.3,108,14.1,5611,14.0
"C3538","5","561210","48","0","2020","A","","New Orleans-Metairie, LA MSA","Private","NAICS 561210 Facilities support services","MSA, NAICS 6-digit -- by ownership sector","All establishment sizes",41,286,13011603,3141505,53659,876,45548,"",1.63,0.52,0.49,0.61,0.75,0.94,0.94,"",3,7.9,30,11.7,2771131,27.1,706671,29.0,15957,42.3,108,14.1,5611,14.0
"C3538","5","5613","46","0","2020","A","N","New Orleans-Metairie, LA MSA","Private","NAICS 5613 Employment services","MSA, NAICS 4-digit -- by ownership sector","All establishment sizes",499,0,0,0,0,0,0,"N",0.99,0,0,0,0,0,0,"N",18,3.7,0,0,0,0,0,0,0,0,0,0,0,0
"C3538","5","56131","47","0","2020","A","","New Orleans-Metairie, LA MSA","Private","NAICS 56131 Employment placement and executive search","MSA, NAICS 5-digit -- by ownership sector","All establishment sizes",90,720,29374391,9487637,148541,784,40793,"",0.88,0.78,0.58,0.89,0.79,0.75,0.75,"",7,8.4,138,23.7,5052737,20.8,2128562,28.9,26647,21.9,-20,-2.5,-1015,-2.4
"C3538","5","561311","48","0","2020","A","","New Orleans-Metairie, LA MSA","Private","NAICS 561311 Employment placement agencies","MSA, NAICS 6-digit -- by ownership sector","All establishment sizes",68,689,27204304,9095677,143541,759,39484,"",0.96,0.88,0.75,1.00,0.89,0.85,0.85,"",4,6.2,139,25.3,5004063,22.5,2144074,30.8,28248,24.5,-18,-2.3,-898,-2.2
"C3538","5","561312","48","0","2020","A","","New Orleans-Metairie, LA MSA","Private","NAICS 561312 Executive search services","MSA, NAICS 6-digit -- by ownership sector","All establishment sizes",22,31,2170087,391960,5000,1343,69815,"",0.72,0.23,0.15,0.24,0.18,0.68,0.68,"",2,10.0,-1,-3.1,48674,2.3,-15512,-3.8,-1601,-24.3,68,5.3,3521,5.3
"C3538","5","56132","47","0","2020","A","","New Orleans-Metairie, LA MSA","Private","NAICS 56132 Temporary help services","MSA, NAICS 5-digit -- by ownership sector","All establishment sizes",352,7842,312622102,115609633,2158815,767,39864,"",1.03,0.85,0.96,1.02,1.11,1.13,1.12,"",14,4.1,-1724,-18.0,-23050923,-6.9,-13726561,-10.6,-385777,-15.2,92,13.6,4774,13.6
"C3538","5","561320","48","0","2020","A","","New Orleans-Metairie, LA MSA","Private","NAICS 561320 Temporary help services","MSA, NAICS 6-digit -- by ownership sector","All establishment sizes",352,7842,312622102,115609633,2158815,767,39864,"",1.03,0.85,0.96,1.02,1.11,1.13,1.12,"",14,4.1,-1724,-18.0,-23050923,-6.9,-13726561,-10.6,-385777,-15.2,92,13.6,4774,13.6
"C3538","5","56133","47","0","2020","A","N","New Orleans-Metairie, LA MSA","Private","NAICS 56133 Professional employer organizations","MSA, NAICS 5-digit -- by ownership sector","All establishment sizes",57,0,0,0,0,0,0,"N",0.97,0,0,0,0,0,0,"N",-3,-5.0,0,0,0,0,0,0,0,0,0,0,0,0
"C3538","5","561330","48","0","2020","A","N","New Orleans-Metairie, LA MSA","Private","NAICS 561330 Professional employer organizations","MSA, NAICS 6-digit -- by ownership sector","All establishment sizes",57,0,0,0,0,0,0,"N",0.97,0,0,0,0,0,0,"N",-3,-5.0,0,0,0,0,0,0,0,0,0,0,0,0
"C3538","5","5614","46","0","2020","A","","New Orleans-Metairie, LA MSA","Private","NAICS 5614 Business support services","MSA, NAICS 4-digit -- by ownership sector","All establishment sizes",272,1622,73278483,16241292,263162,869,45180,"",1.32,0.55,0.56,0.58,0.73,1.02,1.02,"",6,2.3,-145,-8.2,-6568479,-8.2,219169,1.4,-3162,-1.2,0,0.0,3,0.0
"C3538","5","56141","47","0","2020","A","","New Orleans-Metairie, LA MSA","Private","NAICS 56141 Document preparation services","MSA, NAICS 5-digit -- by ownership sector","All establishment sizes",30,82,3932668,877589,7882,920,47862,"",1.07,0.58,0.77,0.73,0.55,1.34,1.34,"N",-1,-3.2,0,0,0,0,0,0,0,0,0,0,0,0
"C3538","5","561410","48","0","2020","A","","New Orleans-Metairie, LA MSA","Private","NAICS 561410 Document preparation services","MSA, NAICS 6-digit -- by ownership sector","All establishment sizes",30,82,3932668,877589,7882,920,47862,"",1.07,0.58,0.77,0.73,0.55,1.34,1.34,"N",-1,-3.2,0,0,0,0,0,0,0,0,0,0,0,0
"C3538","5","56142","47","0","2020","A","N","New Orleans-Metairie, LA MSA","Private","NAICS 56142 Telephone call centers","MSA, NAICS 5-digit -- by ownership sector","All establishment sizes",49,0,0,0,0,0,0,"N",1.10,0,0,0,0,0,0,"N",2,4.3,0,0,0,0,0,0,0,0,0,0,0,0
"C3538","5","561421","48","0","2020","A","N","New Orleans-Metairie, LA MSA","Private","NAICS 561421 Telephone answering services","MSA, NAICS 6-digit -- by ownership sector","All establishment sizes",9,0,0,0,0,0,0,"N",0.96,0,0,0,0,0,0,"N",-3,-25.0,0,0,0,0,0,0,0,0,0,0,0,0
"C3538","5","561422","48","0","2020","A","","New Orleans-Metairie, LA MSA","Private","NAICS 561422 Telemarketing and other contact centers","MSA, NAICS 6-digit -- by ownership sector","All establishment sizes",40,382,12722397,4411146,80798,641,33348,"",1.14,0.24,0.21,0.29,0.42,0.87,0.87,"",6,17.6,33,9.5,1517707,13.5,1322355,42.8,21844,37.1,23,3.7,1220,3.8
"C3538","5","56143","47","0","2020","A","","New Orleans-Metairie, LA MSA","Private","NAICS 56143 Business service centers","MSA, NAICS 5-digit -- by ownership sector","All establishment sizes",49,304,9782727,2793692,35758,620,32215,"",1.11,1.09,1.00,1.16,1.21,0.92,0.91,"",3,6.5,-11,-3.5,-397247,-3.9,40636,1.5,-4426,-11.0,-2,-0.3,-154,-0.5
"C3538","5","561431","48","0","2020","A","","New Orleans-Metairie, LA MSA","Private","NAICS 561431 Private mail centers","MSA, NAICS 6-digit -- by ownership sector","All establishment sizes",24,76,1830664,703782,6418,464,24141,"",1.10,0.64,0.58,0.72,0.59,0.91,0.91,"",2,9.1,11,16.9,321465,21.3,119097,20.4,747,13.2,20,4.5,1041,4.5
"C3538","5","561439","48","0","2020","A","","New Orleans-Metairie, LA MSA","Private","NAICS 561439 Other business service centers","MSA, NAICS 6-digit -- by ownership sector","All establishment sizes",25,228,7952063,2089910,29340,671,34903,"",1.11,1.43,1.20,1.46,1.59,0.84,0.84,"",1,4.2,-21,-8.4,-718712,-8.3,-78461,-3.6,-5173,-15.0,2,0.3,104,0.3
"C3538","5","56144","47","0","2020","A","","New Orleans-Metairie, LA MSA","Private","NAICS 56144 Collection agencies","MSA, NAICS 5-digit -- by ownership sector","All establishment sizes",38,434,26298682,4050669,83033,1167,60666,"",1.80,1.10,1.41,1.03,1.54,1.28,1.28,"",-1,-2.6,-46,-9.6,1113915,4.4,-674425,-14.3,-8589,-9.4,159,15.8,8225,15.7
"C3538","5","561440","48","0","2020","A","","New Orleans-Metairie, LA MSA","Private","NAICS 561440 Collection agencies","MSA, NAICS 6-digit -- by ownership sector","All establishment sizes",38,434,26298682,4050669,83033,1167,60666,"",1.80,1.10,1.41,1.03,1.54,1.28,1.28,"",-1,-2.6,-46,-9.6,1113915,4.4,-674425,-14.3,-8589,-9.4,159,15.8,8225,15.7
"C3538","5","56145","47","0","2020","A","N","New Orleans-Metairie, LA MSA","Private","NAICS 56145 Credit bureaus","MSA, NAICS 5-digit -- by ownership sector","All establishment sizes",6,0,0,0,0,0,0,"N",1.34,0,0,0,0,0,0,"N",1,20.0,0,0,0,0,0,0,0,0,0,0,0,0
"C3538","5","561450","48","0","2020","A","N","New Orleans-Metairie, LA MSA","Private","NAICS 561450 Credit bureaus","MSA, NAICS 6-digit -- by ownership sector","All establishment sizes",6,0,0,0,0,0,0,"N",1.34,0,0,0,0,0,0,"N",1,20.0,0,0,0,0,0,0,0,0,0,0,0,0
"C3538","5","56149","47","0","2020","A","","New Orleans-Metairie, LA MSA","Private","NAICS 56149 Other business support services","MSA, NAICS 5-digit -- by ownership sector","All establishment sizes",101,357,17043629,3364317,47544,918,47730,"",1.59,1.06,0.83,1.11,1.17,0.78,0.78,"",4,4.1,-104,-22.6,-7971706,-31.9,-555381,-14.2,-10284,-17.8,-125,-12.0,-6504,-12.0
"C3538","5","561491","48","0","2020","A","N","New Orleans-Metairie, LA MSA","Private","NAICS 561491 Repossession services","MSA, NAICS 6-digit -- by ownership sector","All establishment sizes",2,0,0,0,0,0,0,"N",0.59,0,0,0,0,0,0,"N",0,0.0,0,0,0,0,0,0,0,0,0,0,0,0
"C3538","5","561492","48","0","2020","A","N","New Orleans-Metairie, LA MSA","Private","NAICS 561492 Court reporting and stenotype services","MSA, NAICS 6-digit -- by ownership sector","All establishment sizes",41,0,0,0,0,0,0,"N",3.28,0,0,0,0,0,0,"N",-1,-2.4,0,0,0,0,0,0,0,0,0,0,0,0
"C3538","5","561499","48","0","2020","A","","New Orleans-Metairie, LA MSA","Private","NAICS 561499 All other business support services","MSA, NAICS 6-digit -- by ownership sector","All establishment sizes",57,256,12982786,2412297,35089,977,50813,"",1.20,0.94,0.73,0.98,1.05,0.78,0.78,"",4,7.5,-89,-25.8,-7311652,-36.0,-460170,-16.0,-8217,-19.0,-153,-13.5,-7955,-13.5
"C3538","5","5615","46","0","2020","A","","New Orleans-Metairie, LA MSA","Private","NAICS 5615 Travel arrangement and reservation services","MSA, NAICS 4-digit -- by ownership sector","All establishment sizes",90,337,17516314,3914960,37183,999,51939,"",1.04,0.59,0.51,0.62,0.55,0.86,0.86,"",0,0.0,-266,-44.1,-7505884,-30.0,-1604122,-29.1,-26166,-41.3,201,25.2,10454,25.2
"C3538","5","56151","47","0","2020","A","N","New Orleans-Metairie, LA MSA","Private","NAICS 56151 Travel agencies","MSA, NAICS 5-digit -- by ownership sector","All establishment sizes",48,0,0,0,0,0,0,"N",0.91,0,0,0,0,0,0,"N",0,0.0,0,0,0,0,0,0,0,0,0,0,0,0
"C3538","5","561510","48","0","2020","A","N","New Orleans-Metairie, LA MSA","Private","NAICS 561510 Travel agencies","MSA, NAICS 6-digit -- by ownership sector","All establishment sizes",48,0,0,0,0,0,0,"N",0.91,0,0,0,0,0,0,"N",0,0.0,0,0,0,0,0,0,0,0,0,0,0,0
"C3538","5","56152","47","0","2020","A","N","New Orleans-Metairie, LA MSA","Private","NAICS 56152 Tour operators","MSA, NAICS 5-digit -- by ownership sector","All establishment sizes",23,0,0,0,0,0,0,"N",1.78,0,0,0,0,0,0,"N",2,9.5,0,0,0,0,0,0,0,0,0,0,0,0
"C3538","5","561520","48","0","2020","A","N","New Orleans-Metairie, LA MSA","Private","NAICS 561520 Tour operators","MSA, NAICS 6-digit -- by ownership sector","All establishment sizes",23,0,0,0,0,0,0,"N",1.78,0,0,0,0,0,0,"N",2,9.5,0,0,0,0,0,0,0,0,0,0,0,0
"C3538","5","56159","47","0","2020","A","","New Orleans-Metairie, LA MSA","Private","NAICS 56159 Other travel arrangement services","MSA, NAICS 5-digit -- by ownership sector","All establishment sizes",19,172,11569761,1839845,14163,1293,67233,"",0.90,0.64,0.77,0.73,0.56,1.20,1.20,"",-2,-9.5,-110,-39.0,-2274496,-16.4,-826466,-31.0,-10869,-43.4,348,36.8,18111,36.9
"C3538","5","561591","48","0","2020","A","","New Orleans-Metairie, LA MSA","Private","NAICS 561591 Convention and visitors bureaus","MSA, NAICS 6-digit -- by ownership sector","All establishment sizes",6,108,8121883,978438,4474,1445,75145,"",1.50,4.20,5.44,4.04,1.90,1.29,1.29,"",0,0.0,-49,-31.2,-337830,-4.0,-471528,-32.5,-4670,-51.1,412,39.9,21404,39.8
"C3538","5","561599","48","0","2020","A","","New Orleans-Metairie, LA MSA","Private","NAICS 561599 All other travel arrangement services","MSA, NAICS 6-digit -- by ownership sector","All establishment sizes",13,64,3447878,861407,9689,1036,53873,"",0.76,0.26,0.25,0.38,0.42,0.96,0.96,"",-2,-13.3,-60,-48.4,-1936666,-36.0,-354938,-29.2,-6199,-39.0,204,24.5,10595,24.5
"C3538","5","5616","46","0","2020","A","","New Orleans-Metairie, LA MSA","Private","NAICS 5616 Investigation and security services","MSA, NAICS 4-digit -- by ownership sector","All establishment sizes",197,4834,133937695,44123744,747602,533,27709,"",1.39,1.48,1.17,1.46,1.95,0.79,0.79,"",-1,-0.5,-701,-12.7,-1123799,-0.8,-6911567,-13.5,-170377,-18.6,64,13.6,3307,13.6
"C3538","5","56161","47","0","2020","A","","New Orleans-Metairie, LA MSA","Private","NAICS 56161 Security and armored car services","MSA, NAICS 5-digit -- by ownership sector","All establishment sizes",114,4347,108821478,39496965,691372,481,25034,"",1.33,1.59,1.32,1.58,2.17,0.83,0.83,"",-6,-5.0,-683,-13.6,-2243492,-2.0,-6752892,-14.6,-162060,-19.0,56,13.2,2953,13.4
"C3538","5","561611","48","0","2020","A","","New Orleans-Metairie, LA MSA","Private","NAICS 561611 Investigation services","MSA, NAICS 6-digit -- by ownership sector","All establishment sizes",28,113,9127179,1079765,17801,1558,81010,"",1.31,0.87,1.54,0.87,1.02,1.78,1.78,"N",-2,-6.7,0,0,0,0,0,0,0,0,0,0,0,0
"C3538","5","561612","48","0","2020","A","","New Orleans-Metairie, LA MSA","Private","NAICS 561612 Security guards and patrol services","MSA, NAICS 6-digit -- by ownership sector","All establishment sizes",80,4039,92052028,36266710,637066,438,22790,"",1.30,1.61,1.26,1.59,2.19,0.78,0.78,"",-3,-3.6,-690,-14.6,-7008937,-7.1,-6794893,-15.8,-158234,-19.9,35,8.7,1841,8.8
"C3538","5","561613","48","0","2020","A","","New Orleans-Metairie, LA MSA","Private","NAICS 561613 Armored car services","MSA, NAICS 6-digit -- by ownership sector","All establishment sizes",7,195,7642271,2150490,36505,753,39158,"",2.14,2.07,2.00,2.29,3.29,0.97,0.97,"N",-1,-12.5,0,0,0,0,0,0,0,0,0,0,0,0
"C3538","5","56162","47","0","2020","A","","New Orleans-Metairie, LA MSA","Private","NAICS 56162 Security systems services","MSA, NAICS 5-digit -- by ownership sector","All establishment sizes",83,487,25116217,4626779,56230,992,51600,"",1.48,0.93,0.80,0.88,0.88,0.86,0.86,"",5,6.4,-18,-3.6,1119693,4.7,-158675,-3.3,-8317,-12.9,78,8.5,4066,8.6
"C3538","5","561621","48","0","2020","A","","New Orleans-Metairie, LA MSA","Private","NAICS 561621 Security systems services, except locksmiths","MSA, NAICS 6-digit -- by ownership sector","All establishment sizes",66,415,22146302,3905490,50582,1027,53407,"",1.68,0.89,0.76,0.83,0.87,0.86,0.86,"",6,10.0,-16,-3.7,1015258,4.8,-224492,-5.4,-7829,-13.4,85,9.0,4398,9.0
"C3538","5","561622","48","0","2020","A","","New Orleans-Metairie, LA MSA","Private","NAICS 561622 Locksmiths","MSA, NAICS 6-digit -- by ownership sector","All establishment sizes",18,72,2969915,721289,5648,792,41201,"",1.09,1.22,1.17,1.29,1.07,0.96,0.96,"",0,0.0,-2,-2.7,104435,3.6,65817,10.0,-488,-8.0,44,5.9,2303,5.9
"C3538","5","5617","46","0","2020","A","","New Orleans-Metairie, LA MSA","Private","NAICS 5617 Services to buildings and dwellings","MSA, NAICS 4-digit -- by ownership sector","All establishment sizes",754,6355,185958076,59967635,868837,563,29264,"",0.82,0.85,0.80,0.86,0.81,0.94,0.94,"",32,4.4,122,2.0,15076902,8.8,2121889,3.7,5950,0.7,36,6.8,1848,6.7
"C3538","5","56171","47","0","2020","A","","New Orleans-Metairie, LA MSA","Private","NAICS 56171 Exterminating and pest control services","MSA, NAICS 5-digit -- by ownership sector","All establishment sizes",82,726,33657674,6985875,97341,892,46366,"",1.29,1.56,1.68,1.63,1.91,1.08,1.08,"",2,2.5,-6,-0.8,670368,2.0,55123,0.8,2198,2.3,25,2.9,1307,2.9
"C3538","5","561710","48","0","2020","A","","New Orleans-Metairie, LA MSA","Private","NAICS 561710 Exterminating and pest control services","MSA, NAICS 6-digit -- by ownership sector","All establishment sizes",82,726,33657674,6985875,97341,892,46366,"",1.29,1.56,1.68,1.63,1.91,1.08,1.08,"",2,2.5,-6,-0.8,670368,2.0,55123,0.8,2198,2.3,25,2.9,1307,2.9
"C3538","5","56172","47","0","2020","A","","New Orleans-Metairie, LA MSA","Private","NAICS 56172 Janitorial services","MSA, NAICS 5-digit -- by ownership sector","All establishment sizes",311,3942,89290648,35460712,555541,436,22651,"",1.02,1.08,1.01,1.16,1.68,0.94,0.94,"",12,4.0,142,3.7,10468395,13.3,1859490,5.5,8532,1.6,37,9.3,1907,9.2
"C3538","5","561720","48","0","2020","A","","New Orleans-Metairie, LA MSA","Private","NAICS 561720 Janitorial services","MSA, NAICS 6-digit -- by ownership sector","All establishment sizes",311,3942,89290648,35460712,555541,436,22651,"",1.02,1.08,1.01,1.16,1.68,0.94,0.94,"",12,4.0,142,3.7,10468395,13.3,1859490,5.5,8532,1.6,37,9.3,1907,9.2
"C3538","5","56173","47","0","2020","A","N","New Orleans-Metairie, LA MSA","Private","NAICS 56173 Landscaping services","MSA, NAICS 5-digit -- by ownership sector","All establishment sizes",272,0,0,0,0,0,0,"N",0.60,0,0,0,0,0,0,"N",13,5.0,0,0,0,0,0,0,0,0,0,0,0,0
"C3538","5","561730","48","0","2020","A","N","New Orleans-Metairie, LA MSA","Private","NAICS 561730 Landscaping services","MSA, NAICS 6-digit -- by ownership sector","All establishment sizes",272,0,0,0,0,0,0,"N",0.60,0,0,0,0,0,0,"N",13,5.0,0,0,0,0,0,0,0,0,0,0,0,0
"C3538","5","56174","47","0","2020","A","N","New Orleans-Metairie, LA MSA","Private","NAICS 56174 Carpet and upholstery cleaning services","MSA, NAICS 5-digit -- by ownership sector","All establishment sizes",20,0,0,0,0,0,0,"N",0.66,0,0,0,0,0,0,"N",-1,-4.8,0,0,0,0,0,0,0,0,0,0,0,0
"C3538","5","561740","48","0","2020","A","N","New Orleans-Metairie, LA MSA","Private","NAICS 561740 Carpet and upholstery cleaning services","MSA, NAICS 6-digit -- by ownership sector","All establishment sizes",20,0,0,0,0,0,0,"N",0.66,0,0,0,0,0,0,"N",-1,-4.8,0,0,0,0,0,0,0,0,0,0,0,0
"C3538","5","56179","47","0","2020","A","","New Orleans-Metairie, LA MSA","Private","NAICS 56179 Other services to buildings and dwellings","MSA, NAICS 5-digit -- by ownership sector","All establishment sizes",70,287,11506667,3033048,43869,772,40151,"",1.00,0.83,0.88,0.93,0.80,1.06,1.06,"",7,11.1,-8,-2.7,-183860,-1.6,33644,1.1,-3083,-6.6,10,1.3,544,1.4
"C3538","5","561790","48","0","2020","A","","New Orleans-Metairie, LA MSA","Private","NAICS 561790 Other services to buildings and dwellings","MSA, NAICS 6-digit -- by ownership sector","All establishment sizes",70,287,11506667,3033048,43869,772,40151,"",1.00,0.83,0.88,0.93,0.80,1.06,1.06,"",7,11.1,-8,-2.7,-183860,-1.6,33644,1.1,-3083,-6.6,10,1.3,544,1.4
"C3538","5","5619","46","0","2020","A","","New Orleans-Metairie, LA MSA","Private","NAICS 5619 Other support services","MSA, NAICS 4-digit -- by ownership sector","All establishment sizes",177,1427,64854012,14320769,262527,874,45453,"",1.51,1.37,1.35,1.34,1.55,0.98,0.98,"",11,6.6,-594,-29.4,-24351858,-27.3,-6263143,-30.4,-160244,-37.9,25,2.9,1303,3.0
"C3538","5","56191","47","0","2020","A","","New Orleans-Metairie, LA MSA","Private","NAICS 56191 Packaging and labeling services","MSA, NAICS 5-digit -- by ownership sector","All establishment sizes",7,12,370966,95249,413,603,31349,"",0.65,0.06,0.04,0.04,0.02,0.71,0.71,"",1,16.7,-2,-14.3,-53840,-12.7,-23281,-19.6,-324,-44.0,30,5.2,1538,5.2
"C3538","5","561910","48","0","2020","A","","New Orleans-Metairie, LA MSA","Private","NAICS 561910 Packaging and labeling services","MSA, NAICS 6-digit -- by ownership sector","All establishment sizes",7,12,370966,95249,413,603,31349,"",0.65,0.06,0.04,0.04,0.02,0.71,0.71,"",1,16.7,-2,-14.3,-53840,-12.7,-23281,-19.6,-324,-44.0,30,5.2,1538,5.2
"C3538","5","56192","47","0","2020","A","","New Orleans-Metairie, LA MSA","Private","NAICS 56192 Convention and trade show organizers","MSA, NAICS 5-digit -- by ownership sector","All establishment sizes",54,681,34179441,7514518,163156,965,50172,"",2.14,5.54,4.69,4.55,4.38,0.85,0.85,"",2,3.8,-353,-34.1,-14799244,-30.2,-2683011,-26.3,-74145,-31.2,54,5.9,2800,5.9
"C3538","5","561920","48","0","2020","A","","New Orleans-Metairie, LA MSA","Private","NAICS 561920 Convention and trade show organizers","MSA, NAICS 6-digit -- by ownership sector","All establishment sizes",54,681,34179441,7514518,163156,965,50172,"",2.14,5.54,4.69,4.55,4.38,0.85,0.85,"",2,3.8,-353,-34.1,-14799244,-30.2,-2683011,-26.3,-74145,-31.2,54,5.9,2800,5.9
"C3538","5","56199","47","0","2020","A","","New Orleans-Metairie, LA MSA","Private","NAICS 56199 All other support services","MSA, NAICS 5-digit -- by ownership sector","All establishment sizes",116,734,30303605,6711002,98958,794,41300,"",1.42,1.04,0.97,0.98,0.95,0.93,0.93,"",8,7.4,-238,-24.5,-9498774,-23.9,-3556851,-34.6,-85775,-46.4,7,0.9,365,0.9
"C3538","5","561990","48","0","2020","A","","New Orleans-Metairie, LA MSA","Private","NAICS 561990 All other support services","MSA, NAICS 6-digit -- by ownership sector","All establishment sizes",116,734,30303605,6711002,98958,794,41300,"",1.42,1.04,0.97,0.98,0.95,0.93,0.93,"",8,7.4,-238,-24.5,-9498774,-23.9,-3556851,-34.6,-85775,-46.4,7,0.9,365,0.9
"C3538","5","562","45","0","2020","A","","New Orleans-Metairie, LA MSA","Private","NAICS 562 Waste management and remediation services","MSA, NAICS 3-digit -- by ownership sector","All establishment sizes",163,2687,151948955,29757244,523766,1087,56544,"",1.33,1.69,1.66,1.70,2.11,0.98,0.98,"N",6,3.8,0,0,0,0,0,0,0,0,0,0,0,0
"C3538","5","5621","46","0","2020","A","","New Orleans-Metairie, LA MSA","Private","NAICS 5621 Waste collection","MSA, NAICS 4-digit -- by ownership sector","All establishment sizes",54,1028,51862461,11687797,186263,970,50429,"",1.13,1.52,1.47,1.65,2.20,0.97,0.97,"",1,1.9,48,4.9,3003557,6.1,1270095,12.2,4771,2.6,11,1.1,573,1.1
"C3538","5","56211","47","0","2020","A","","New Orleans-Metairie, LA MSA","Private","NAICS 56211 Waste collection","MSA, NAICS 5-digit -- by ownership sector","All establishment sizes",54,1028,51862461,11687797,186263,970,50429,"",1.13,1.52,1.47,1.65,2.20,0.97,0.97,"",1,1.9,48,4.9,3003557,6.1,1270095,12.2,4771,2.6,11,1.1,573,1.1
"C3538","5","562111","48","0","2020","A","","New Orleans-Metairie, LA MSA","Private","NAICS 562111 Solid waste collection","MSA, NAICS 6-digit -- by ownership sector","All establishment sizes",34,823,42293768,9260783,154068,989,51416,"",0.90,1.41,1.39,1.50,2.18,0.99,0.99,"",0,0.0,5,0.6,502176,1.2,672146,7.8,1053,0.7,7,0.7,342,0.7
"C3538","5","562112","48","0","2020","A","","New Orleans-Metairie, LA MSA","Private","NAICS 562112 Hazardous waste collection","MSA, NAICS 6-digit -- by ownership sector","All establishment sizes",4,9,780042,93997,878,1682,87481,"",1.39,0.22,0.31,0.26,0.13,1.41,1.41,"",-1,-20.0,4,80.0,471715,153.0,17303,22.6,-27,-3.0,455,37.1,23689,37.1
"C3538","5","562119","48","0","2020","A","","New Orleans-Metairie, LA MSA","Private","NAICS 562119 Other waste collection","MSA, NAICS 6-digit -- by ownership sector","All establishment sizes",16,197,8788651,2333017,31317,858,44631,"",2.28,4.03,4.01,4.50,4.30,0.99,0.99,"",2,14.3,40,25.5,2029666,30.0,580646,33.1,3745,13.6,30,3.6,1557,3.6
"C3538","5","5622","46","0","2020","A","","New Orleans-Metairie, LA MSA","Private","NAICS 5622 Waste treatment and disposal","MSA, NAICS 4-digit -- by ownership sector","All establishment sizes",23,546,36062899,5584555,83753,1271,66100,"",1.41,1.55,1.47,1.46,1.95,0.95,0.95,"N",1,4.5,0,0,0,0,0,0,0,0,0,0,0,0
"C3538","5","56221","47","0","2020","A","","New Orleans-Metairie, LA MSA","Private","NAICS 56221 Waste treatment and disposal","MSA, NAICS 5-digit -- by ownership sector","All establishment sizes",23,546,36062899,5584555,83753,1271,66100,"",1.41,1.55,1.47,1.46,1.95,0.95,0.95,"N",1,4.5,0,0,0,0,0,0,0,0,0,0,0,0
"C3538","5","562211","48","0","2020","A","N","New Orleans-Metairie, LA MSA","Private","NAICS 562211 Hazardous waste treatment and disposal","MSA, NAICS 6-digit -- by ownership sector","All establishment sizes",1,0,0,0,0,0,0,"N",0.22,0,0,0,0,0,0,"N",-1,-50.0,0,0,0,0,0,0,0,0,0,0,0,0
"C3538","5","562212","48","0","2020","A","","New Orleans-Metairie, LA MSA","Private","NAICS 562212 Solid waste landfill","MSA, NAICS 6-digit -- by ownership sector","All establishment sizes",7,315,24127493,3098580,39997,1472,76555,"",1.11,2.27,2.54,2.38,2.36,1.12,1.12,"",0,0.0,-18,-5.4,-1253762,-4.9,-260138,-7.7,-6163,-13.4,7,0.5,373,0.5
"C3538","5","562213","48","0","2020","A","N","New Orleans-Metairie, LA MSA","Private","NAICS 562213 Solid waste combustors and incinerators","MSA, NAICS 6-digit -- by ownership sector","All establishment sizes",1,0,0,0,0,0,0,"N",1.46,0,0,0,0,0,0,"N",0,0.0,0,0,0,0,0,0,0,0,0,0,0,0
"C3538","5","562219","48","0","2020","A","","New Orleans-Metairie, LA MSA","Private","NAICS 562219 Other nonhazardous waste disposal","MSA, NAICS 6-digit -- by ownership sector","All establishment sizes",14,220,11416785,2377121,42681,999,51954,"",2.97,3.40,2.93,3.28,4.37,0.86,0.86,"",2,16.7,-11,-4.8,-644176,-5.3,-22137,-0.9,-1907,-4.3,-4,-0.4,-183,-0.4
"C3538","5","5629","46","0","2020","A","","New Orleans-Metairie, LA MSA","Private","NAICS 5629 Remediation and other waste services","MSA, NAICS 4-digit -- by ownership sector","All establishment sizes",87,1113,64023595,12484892,253750,1106,57511,"",1.49,1.99,2.02,1.89,2.11,1.01,1.01,"",5,6.1,-57,-4.9,-5721953,-8.2,-1300751,-9.4,-61674,-19.6,-41,-3.6,-2122,-3.6
"C3538","5","56291","47","0","2020","A","","New Orleans-Metairie, LA MSA","Private","NAICS 56291 Remediation services","MSA, NAICS 5-digit -- by ownership sector","All establishment sizes",51,694,39773086,8176326,146621,1102,57303,"",1.76,2.21,2.01,2.03,1.79,0.91,0.91,"",2,4.1,-17,-2.4,-1559637,-3.8,-410136,-4.8,-32965,-18.4,-16,-1.4,-830,-1.4
"C3538","5","562910","48","0","2020","A","","New Orleans-Metairie, LA MSA","Private","NAICS 562910 Remediation services","MSA, NAICS 6-digit -- by ownership sector","All establishment sizes",51,694,39773086,8176326,146621,1102,57303,"",1.76,2.21,2.01,2.03,1.79,0.91,0.91,"",2,4.1,-17,-2.4,-1559637,-3.8,-410136,-4.8,-32965,-18.4,-16,-1.4,-830,-1.4
"C3538","5","56292","47","0","2020","A","N","New Orleans-Metairie, LA MSA","Private","NAICS 56292 Materials recovery facilities","MSA, NAICS 5-digit -- by ownership sector","All establishment sizes",2,0,0,0,0,0,0,"N",0.37,0,0,0,0,0,0,"N",0,0.0,0,0,0,0,0,0,0,0,0,0,0,0
"C3538","5","562920","48","0","2020","A","N","New Orleans-Metairie, LA MSA","Private","NAICS 562920 Materials recovery facilities","MSA, NAICS 6-digit -- by ownership sector","All establishment sizes",2,0,0,0,0,0,0,"N",0.37,0,0,0,0,0,0,"N",0,0.0,0,0,0,0,0,0,0,0,0,0,0,0
"C3538","5","56299","47","0","2020","A","N","New Orleans-Metairie, LA MSA","Private","NAICS 56299 All other waste management services","MSA, NAICS 5-digit -- by ownership sector","All establishment sizes",34,0,0,0,0,0,0,"N",1.41,0,0,0,0,0,0,"N",3,9.7,0,0,0,0,0,0,0,0,0,0,0,0
"C3538","5","562991","48","0","2020","A","N","New Orleans-Metairie, LA MSA","Private","NAICS 562991 Septic tank and related services","MSA, NAICS 6-digit -- by ownership sector","All establishment sizes",5,0,0,0,0,0,0,"N",0.32,0,0,0,0,0,0,"N",0,0.0,0,0,0,0,0,0,0,0,0,0,0,0
"C3538","5","562998","48","0","2020","A","","New Orleans-Metairie, LA MSA","Private","NAICS 562998 Miscellaneous waste management services","MSA, NAICS 6-digit -- by ownership sector","All establishment sizes",29,369,21613846,3789470,100299,1127,58587,"",3.52,5.07,5.53,4.89,8.72,1.09,1.09,"",3,11.5,-27,-6.8,-3157964,-12.7,-673387,-15.1,-25475,-20.3,-75,-6.2,-3902,-6.2
"C3538","5","61","44","0","2020","A","N","New Orleans-Metairie, LA MSA","Private","NAICS 61 Educational services","MSA, NAICS Sector -- by ownership sector","All establishment sizes",591,0,0,0,0,0,0,"N",1.10,0,0,0,0,0,0,"N",50,9.2,0,0,0,0,0,0,0,0,0,0,0,0
"C3538","5","611","45","0","2020","A","N","New Orleans-Metairie, LA MSA","Private","NAICS 611 Educational services","MSA, NAICS 3-digit -- by ownership sector","All establishment sizes",591,0,0,0,0,0,0,"N",1.10,0,0,0,0,0,0,"N",50,9.2,0,0,0,0,0,0,0,0,0,0,0,0
"C3538","5","6111","46","0","2020","A","","New Orleans-Metairie, LA MSA","Private","NAICS 6111 Elementary and secondary schools","MSA, NAICS 4-digit -- by ownership sector","All establishment sizes",108,8523,412094404,60937326,892597,930,48353,"",1.40,2.91,3.35,4.53,6.76,1.15,1.15,"",1,0.9,-37,-0.4,11735000,2.9,-2730462,-4.3,-68781,-7.2,31,3.4,1584,3.4
"C3538","5","61111","47","0","2020","A","","New Orleans-Metairie, LA MSA","Private","NAICS 61111 Elementary and secondary schools","MSA, NAICS 5-digit -- by ownership sector","All establishment sizes",108,8523,412094404,60937326,892597,930,48353,"",1.40,2.91,3.35,4.53,6.76,1.15,1.15,"",1,0.9,-37,-0.4,11735000,2.9,-2730462,-4.3,-68781,-7.2,31,3.4,1584,3.4
"C3538","5","611110","48","0","2020","A","","New Orleans-Metairie, LA MSA","Private","NAICS 611110 Elementary and secondary schools","MSA, NAICS 6-digit -- by ownership sector","All establishment sizes",108,8523,412094404,60937326,892597,930,48353,"",1.40,2.91,3.35,4.53,6.76,1.15,1.15,"",1,0.9,-37,-0.4,11735000,2.9,-2730462,-4.3,-68781,-7.2,31,3.4,1584,3.4
"C3538","5","6112","46","0","2020","A","N","New Orleans-Metairie, LA MSA","Private","NAICS 6112 Junior colleges","MSA, NAICS 4-digit -- by ownership sector","All establishment sizes",2,0,0,0,0,0,0,"N",0.58,0,0,0,0,0,0,"N",0,0.0,0,0,0,0,0,0,0,0,0,0,0,0
"C3538","5","61121","47","0","2020","A","N","New Orleans-Metairie, LA MSA","Private","NAICS 61121 Junior colleges","MSA, NAICS 5-digit -- by ownership sector","All establishment sizes",2,0,0,0,0,0,0,"N",0.58,0,0,0,0,0,0,"N",0,0.0,0,0,0,0,0,0,0,0,0,0,0,0
"C3538","5","611210","48","0","2020","A","N","New Orleans-Metairie, LA MSA","Private","NAICS 611210 Junior colleges","MSA, NAICS 6-digit -- by ownership sector","All establishment sizes",2,0,0,0,0,0,0,"N",0.58,0,0,0,0,0,0,"N",0,0.0,0,0,0,0,0,0,0,0,0,0,0,0
"C3538","5","6113","46","0","2020","A","","New Orleans-Metairie, LA MSA","Private","NAICS 6113 Colleges and universities","MSA, NAICS 4-digit -- by ownership sector","All establishment sizes",41,8958,572970825,2728853,33359,1230,63963,"",0.95,2.09,2.05,0.54,0.64,0.98,0.98,"",1,2.5,-174,-1.9,24900707,4.5,-230065,-7.8,-10765,-24.4,76,6.6,3949,6.6
"C3538","5","61131","47","0","2020","A","","New Orleans-Metairie, LA MSA","Private","NAICS 61131 Colleges and universities","MSA, NAICS 5-digit -- by ownership sector","All establishment sizes",41,8958,572970825,2728853,33359,1230,63963,"",0.95,2.09,2.05,0.54,0.64,0.98,0.98,"",1,2.5,-174,-1.9,24900707,4.5,-230065,-7.8,-10765,-24.4,76,6.6,3949,6.6
"C3538","5","611310","48","0","2020","A","","New Orleans-Metairie, LA MSA","Private","NAICS 611310 Colleges and universities","MSA, NAICS 6-digit -- by ownership sector","All establishment sizes",41,8958,572970825,2728853,33359,1230,63963,"",0.95,2.09,2.05,0.54,0.64,0.98,0.98,"",1,2.5,-174,-1.9,24900707,4.5,-230065,-7.8,-10765,-24.4,76,6.6,3949,6.6
"C3538","5","6114","46","0","2020","A","N","New Orleans-Metairie, LA MSA","Private","NAICS 6114 Business, computer and management training","MSA, NAICS 4-digit -- by ownership sector","All establishment sizes",57,0,0,0,0,0,0,"N",1.11,0,0,0,0,0,0,"N",2,3.6,0,0,0,0,0,0,0,0,0,0,0,0
"C3538","5","61141","47","0","2020","A","N","New Orleans-Metairie, LA MSA","Private","NAICS 61141 Business and secretarial schools","MSA, NAICS 5-digit -- by ownership sector","All establishment sizes",2,0,0,0,0,0,0,"N",1.60,0,0,0,0,0,0,"N",1,100.0,0,0,0,0,0,0,0,0,0,0,0,0
"C3538","5","611410","48","0","2020","A","N","New Orleans-Metairie, LA MSA","Private","NAICS 611410 Business and secretarial schools","MSA, NAICS 6-digit -- by ownership sector","All establishment sizes",2,0,0,0,0,0,0,"N",1.60,0,0,0,0,0,0,"N",1,100.0,0,0,0,0,0,0,0,0,0,0,0,0
"C3538","5","61142","47","0","2020","A","","New Orleans-Metairie, LA MSA","Private","NAICS 61142 Computer training","MSA, NAICS 5-digit -- by ownership sector","All establishment sizes",16,23,1326312,179744,2504,1097,57046,"",1.30,0.34,0.26,0.22,0.25,0.74,0.74,"N",2,14.3,0,0,0,0,0,0,0,0,0,0,0,0
"C3538","5","611420","48","0","2020","A","","New Orleans-Metairie, LA MSA","Private","NAICS 611420 Computer training","MSA, NAICS 6-digit -- by ownership sector","All establishment sizes",16,23,1326312,179744,2504,1097,57046,"",1.30,0.34,0.26,0.22,0.25,0.74,0.74,"N",2,14.3,0,0,0,0,0,0,0,0,0,0,0,0
"C3538","5","61143","47","0","2020","A","","New Orleans-Metairie, LA MSA","Private","NAICS 61143 Management training","MSA, NAICS 5-digit -- by ownership sector","All establishment sizes",40,209,9068827,1920016,29118,833,43305,"",1.05,1.30,0.76,1.22,1.46,0.58,0.58,"",0,0.0,-201,-49.0,-12498589,-58.0,-1958240,-50.5,-39429,-57.5,-179,-17.7,-9341,-17.7
"C3538","5","611430","48","0","2020","A","","New Orleans-Metairie, LA MSA","Private","NAICS 611430 Management training","MSA, NAICS 6-digit -- by ownership sector","All establishment sizes",40,209,9068827,1920016,29118,833,43305,"",1.05,1.30,0.76,1.22,1.46,0.58,0.58,"",0,0.0,-201,-49.0,-12498589,-58.0,-1958240,-50.5,-39429,-57.5,-179,-17.7,-9341,-17.7
"C3538","5","6115","46","0","2020","A","","New Orleans-Metairie, LA MSA","Private","NAICS 6115 Technical and trade schools","MSA, NAICS 4-digit -- by ownership sector","All establishment sizes",65,554,19595371,4720206,66853,680,35360,"",1.53,1.49,1.09,1.36,1.35,0.73,0.73,"",5,8.3,-98,-15.0,-648202,-3.2,-659761,-12.3,-4962,-6.9,83,13.9,4312,13.9
"C3538","5","61151","47","0","2020","A","","New Orleans-Metairie, LA MSA","Private","NAICS 61151 Technical and trade schools","MSA, NAICS 5-digit -- by ownership sector","All establishment sizes",65,554,19595371,4720206,66853,680,35360,"",1.53,1.49,1.09,1.36,1.35,0.73,0.73,"",5,8.3,-98,-15.0,-648202,-3.2,-659761,-12.3,-4962,-6.9,83,13.9,4312,13.9
"C3538","5","611511","48","0","2020","A","","New Orleans-Metairie, LA MSA","Private","NAICS 611511 Cosmetology and barber schools","MSA, NAICS 6-digit -- by ownership sector","All establishment sizes",8,137,5656696,1411930,14531,792,41165,"",1.13,2.49,3.16,2.67,1.85,1.27,1.26,"",1,14.3,-15,-9.9,-447080,-7.3,-66535,-4.5,1997,15.9,20,2.6,1009,2.5
"C3538","5","611512","48","0","2020","A","N","New Orleans-Metairie, LA MSA","Private","NAICS 611512 Flight training","MSA, NAICS 6-digit -- by ownership sector","All establishment sizes",4,0,0,0,0,0,0,"N",0.70,0,0,0,0,0,0,"N",0,0.0,0,0,0,0,0,0,0,0,0,0,0,0
"C3538","5","611513","48","0","2020","A","N","New Orleans-Metairie, LA MSA","Private","NAICS 611513 Apprenticeship training","MSA, NAICS 6-digit -- by ownership sector","All establishment sizes",7,0,0,0,0,0,0,"N",1.17,0,0,0,0,0,0,"N",0,0.0,0,0,0,0,0,0,0,0,0,0,0,0
"C3538","5","611519","48","0","2020","A","","New Orleans-Metairie, LA MSA","Private","NAICS 611519 Other technical and trade schools","MSA, NAICS 6-digit -- by ownership sector","All establishment sizes",47,299,12104453,2763743,45351,779,40483,"",1.99,1.55,1.35,1.61,1.59,0.87,0.87,"",5,11.9,-50,-14.3,-7010,-0.1,-330924,-10.7,-4757,-9.5,112,16.8,5813,16.8
"C3538","5","6116","46","0","2020","A","","New Orleans-Metairie, LA MSA","Private","NAICS 6116 Other schools and instruction","MSA, NAICS 4-digit -- by ownership sector","All establishment sizes",212,1075,20486055,7222208,66427,367,19061,"",0.91,0.81,0.70,0.85,0.69,0.86,0.86,"",18,9.3,-154,-12.5,-29438,-0.1,-704149,-8.9,-9048,-12.0,46,14.3,2361,14.1
"C3538","5","61161","47","0","2020","A","","New Orleans-Metairie, LA MSA","Private","NAICS 61161 Fine arts schools","MSA, NAICS 5-digit -- by ownership sector","All establishment sizes",65,365,7233037,2470212,20272,381,19821,"",1.09,1.11,1.22,1.35,1.00,1.10,1.10,"",6,10.2,4,1.1,579783,8.7,10243,0.4,-4902,-19.5,27,7.6,1399,7.6
"C3538","5","611610","48","0","2020","A","","New Orleans-Metairie, LA MSA","Private","NAICS 611610 Fine arts schools","MSA, NAICS 6-digit -- by ownership sector","All establishment sizes",65,365,7233037,2470212,20272,381,19821,"",1.09,1.11,1.22,1.35,1.00,1.10,1.10,"",6,10.2,4,1.1,579783,8.7,10243,0.4,-4902,-19.5,27,7.6,1399,7.6
"C3538","5","61162","47","0","2020","A","","New Orleans-Metairie, LA MSA","Private","NAICS 61162 Sports and recreation instruction","MSA, NAICS 5-digit -- by ownership sector","All establishment sizes",53,292,4493686,1833969,16224,296,15367,"",0.73,0.75,0.62,0.74,0.71,0.83,0.82,"",3,6.0,-93,-24.2,-934768,-17.2,-465973,-20.3,-3095,-16.0,25,9.2,1255,8.9
"C3538","5","611620","48","0","2020","A","","New Orleans-Metairie, LA MSA","Private","NAICS 611620 Sports and recreation instruction","MSA, NAICS 6-digit -- by ownership sector","All establishment sizes",53,292,4493686,1833969,16224,296,15367,"",0.73,0.75,0.62,0.74,0.71,0.83,0.82,"",3,6.0,-93,-24.2,-934768,-17.2,-465973,-20.3,-3095,-16.0,25,9.2,1255,8.9
"C3538","5","61163","47","0","2020","A","","New Orleans-Metairie, LA MSA","Private","NAICS 61163 Language schools","MSA, NAICS 5-digit -- by ownership sector","All establishment sizes",5,25,299111,107998,1805,233,12126,"",0.64,0.46,0.23,0.28,0.34,0.51,0.51,"",2,66.7,1,4.2,32465,12.2,29583,37.7,859,90.8,23,11.0,1205,11.0
"C3538","5","611630","48","0","2020","A","","New Orleans-Metairie, LA MSA","Private","NAICS 611630 Language schools","MSA, NAICS 6-digit -- by ownership sector","All establishment sizes",5,25,299111,107998,1805,233,12126,"",0.64,0.46,0.23,0.28,0.34,0.51,0.51,"",2,66.7,1,4.2,32465,12.2,29583,37.7,859,90.8,23,11.0,1205,11.0
"C3538","5","61169","47","0","2020","A","","New Orleans-Metairie, LA MSA","Private","NAICS 61169 All other schools and instruction","MSA, NAICS 5-digit -- by ownership sector","All establishment sizes",91,393,8460221,2810029,28126,414,21541,"",0.98,0.71,0.57,0.74,0.59,0.80,0.80,"",9,11.0,-65,-14.2,293082,3.6,-278002,-9.0,-1910,-6.4,71,20.7,3719,20.9
"C3538","5","611691","48","0","2020","A","","New Orleans-Metairie, LA MSA","Private","NAICS 611691 Exam preparation and tutoring","MSA, NAICS 6-digit -- by ownership sector","All establishment sizes",37,214,4105731,1152744,5961,368,19156,"",0.90,0.74,0.59,0.67,0.25,0.80,0.80,"",3,8.8,-23,-9.7,301648,7.9,-277931,-19.4,-3031,-33.7,59,19.1,3099,19.3
"C3538","5","611692","48","0","2020","A","","New Orleans-Metairie, LA MSA","Private","NAICS 611692 Automobile driving schools","MSA, NAICS 6-digit -- by ownership sector","All establishment sizes",13,79,1628502,759851,9429,398,20679,"",1.30,1.74,1.61,2.02,2.69,0.93,0.93,"",1,8.3,-4,-4.8,88090,5.7,108533,16.7,436,4.8,43,12.1,2213,12.0
"C3538","5","611699","48","0","2020","A","","New Orleans-Metairie, LA MSA","Private","NAICS 611699 Miscellaneous schools and instruction","MSA, NAICS 6-digit -- by ownership sector","All establishment sizes",41,100,2725988,897434,12736,526,27351,"",0.97,0.46,0.39,0.53,0.63,0.86,0.86,"",5,13.9,-38,-27.5,-96656,-3.4,-108604,-10.8,685,5.7,132,33.5,6885,33.6
"C3538","5","6117","46","0","2020","A","","New Orleans-Metairie, LA MSA","Private","NAICS 6117 Educational support services","MSA, NAICS 4-digit -- by ownership sector","All establishment sizes",106,544,28299665,5154147,60050,1000,51982,"",1.23,1.00,0.95,1.18,0.91,0.95,0.95,"",22,26.2,27,5.2,2788394,10.9,724431,16.4,12159,25.4,51,5.4,2629,5.3
"C3538","5","61171","47","0","2020","A","","New Orleans-Metairie, LA MSA","Private","NAICS 61171 Educational support services","MSA, NAICS 5-digit -- by ownership sector","All establishment sizes",106,544,28299665,5154147,60050,1000,51982,"",1.23,1.00,0.95,1.18,0.91,0.95,0.95,"",22,26.2,27,5.2,2788394,10.9,724431,16.4,12159,25.4,51,5.4,2629,5.3
"C3538","5","611710","48","0","2020","A","","New Orleans-Metairie, LA MSA","Private","NAICS 611710 Educational support services","MSA, NAICS 6-digit -- by ownership sector","All establishment sizes",106,544,28299665,5154147,60050,1000,51982,"",1.23,1.00,0.95,1.18,0.91,0.95,0.95,"",22,26.2,27,5.2,2788394,10.9,724431,16.4,12159,25.4,51,5.4,2629,5.3
"C3538","5","62","44","0","2020","A","N","New Orleans-Metairie, LA MSA","Private","NAICS 62 Health care and social assistance","MSA, NAICS Sector -- by ownership sector","All establishment sizes",4443,0,0,0,0,0,0,"N",0.63,0,0,0,0,0,0,"N",191,4.5,0,0,0,0,0,0,0,0,0,0,0,0
"C3538","5","621","45","0","2020","A","","New Orleans-Metairie, LA MSA","Private","NAICS 621 Ambulatory health care services","MSA, NAICS 3-digit -- by ownership sector","All establishment sizes",2893,29408,1780196432,212783096,2559844,1164,60534,"",1.14,1.10,1.10,0.99,1.24,1.00,1.00,"",93,3.3,-357,-1.2,78603354,4.6,2486403,1.2,-174108,-6.4,65,5.9,3366,5.9
"C3538","5","6211","46","0","2020","A","N","New Orleans-Metairie, LA MSA","Private","NAICS 6211 Offices of physicians","MSA, NAICS 4-digit -- by ownership sector","All establishment sizes",1149,0,0,0,0,0,0,"N",1.31,0,0,0,0,0,0,"N",18,1.6,0,0,0,0,0,0,0,0,0,0,0,0
"C3538","5","62111","47","0","2020","A","N","New Orleans-Metairie, LA MSA","Private","NAICS 62111 Offices of physicians","MSA, NAICS 5-digit -- by ownership sector","All establishment sizes",1149,0,0,0,0,0,0,"N",1.31,0,0,0,0,0,0,"N",18,1.6,0,0,0,0,0,0,0,0,0,0,0,0
"C3538","5","621111","48","0","2020","A","","New Orleans-Metairie, LA MSA","Private","NAICS 621111 Offices of physicians, except mental health","MSA, NAICS 6-digit -- by ownership sector","All establishment sizes",1072,14179,1074154391,70150440,808973,1457,75755,"",1.29,1.55,1.33,1.01,1.32,0.86,0.86,"",8,0.8,-61,-0.4,39627638,3.8,-2565046,-3.5,-134009,-14.2,60,4.3,3105,4.3
"C3538","5","621112","48","0","2020","A","N","New Orleans-Metairie, LA MSA","Private","NAICS 621112 Offices of mental health physicians","MSA, NAICS 6-digit -- by ownership sector","All establishment sizes",77,0,0,0,0,0,0,"N",1.64,0,0,0,0,0,0,"N",10,14.9,0,0,0,0,0,0,0,0,0,0,0,0
"C3538","5","6212","46","0","2020","A","","New Orleans-Metairie, LA MSA","Private","NAICS 6212 Offices of dentists","MSA, NAICS 4-digit -- by ownership sector","All establishment sizes",551,3141,149337695,31995038,333509,914,47545,"",1.04,0.99,0.96,0.97,1.16,0.97,0.97,"",30,5.8,-233,-6.9,-5902844,-3.8,885272,2.8,-14894,-4.3,29,3.3,1536,3.3
"C3538","5","62121","47","0","2020","A","","New Orleans-Metairie, LA MSA","Private","NAICS 62121 Offices of dentists","MSA, NAICS 5-digit -- by ownership sector","All establishment sizes",551,3141,149337695,31995038,333509,914,47545,"",1.04,0.99,0.96,0.97,1.16,0.97,0.97,"",30,5.8,-233,-6.9,-5902844,-3.8,885272,2.8,-14894,-4.3,29,3.3,1536,3.3
"C3538","5","621210","48","0","2020","A","","New Orleans-Metairie, LA MSA","Private","NAICS 621210 Offices of dentists","MSA, NAICS 6-digit -- by ownership sector","All establishment sizes",551,3141,149337695,31995038,333509,914,47545,"",1.04,0.99,0.96,0.97,1.16,0.97,0.97,"",30,5.8,-233,-6.9,-5902844,-3.8,885272,2.8,-14894,-4.3,29,3.3,1536,3.3
"C3538","5","6213","46","0","2020","A","","New Orleans-Metairie, LA MSA","Private","NAICS 6213 Offices of other health practitioners","MSA, NAICS 4-digit -- by ownership sector","All establishment sizes",575,3365,148876980,33919530,436377,851,44238,"",0.90,1.02,1.11,1.11,1.52,1.08,1.08,"N",31,5.7,0,0,0,0,0,0,0,0,0,0,0,0
"C3538","5","62131","47","0","2020","A","","New Orleans-Metairie, LA MSA","Private","NAICS 62131 Offices of chiropractors","MSA, NAICS 5-digit -- by ownership sector","All establishment sizes",116,554,22874434,5636117,70489,795,41327,"",0.74,1.15,1.42,1.25,1.90,1.24,1.24,"",4,3.6,-31,-5.3,34396,0.2,6774,0.1,-6245,-8.1,44,5.9,2273,5.8
"C3538","5","621310","48","0","2020","A","","New Orleans-Metairie, LA MSA","Private","NAICS 621310 Offices of chiropractors","MSA, NAICS 6-digit -- by ownership sector","All establishment sizes",116,554,22874434,5636117,70489,795,41327,"",0.74,1.15,1.42,1.25,1.90,1.24,1.24,"",4,3.6,-31,-5.3,34396,0.2,6774,0.1,-6245,-8.1,44,5.9,2273,5.8
"C3538","5","62132","47","0","2020","A","","New Orleans-Metairie, LA MSA","Private","NAICS 62132 Offices of optometrists","MSA, NAICS 5-digit -- by ownership sector","All establishment sizes",69,401,15850782,3652180,50907,760,39545,"",0.83,0.85,0.82,0.78,1.32,0.97,0.97,"N",1,1.5,0,0,0,0,0,0,0,0,0,0,0,0
"C3538","5","621320","48","0","2020","A","","New Orleans-Metairie, LA MSA","Private","NAICS 621320 Offices of optometrists","MSA, NAICS 6-digit -- by ownership sector","All establishment sizes",69,401,15850782,3652180,50907,760,39545,"",0.83,0.85,0.82,0.78,1.32,0.97,0.97,"N",1,1.5,0,0,0,0,0,0,0,0,0,0,0,0
"C3538","5","62133","47","0","2020","A","","New Orleans-Metairie, LA MSA","Private","NAICS 62133 Offices of mental health practitioners","MSA, NAICS 5-digit -- by ownership sector","All establishment sizes",101,401,15002001,3963743,60577,719,37404,"",1.05,0.90,0.86,0.99,1.35,0.95,0.95,"",1,1.0,10,2.6,593118,4.1,1894,0.0,-3133,-4.9,10,1.4,545,1.5
"C3538","5","621330","48","0","2020","A","","New Orleans-Metairie, LA MSA","Private","NAICS 621330 Offices of mental health practitioners","MSA, NAICS 6-digit -- by ownership sector","All establishment sizes",101,401,15002001,3963743,60577,719,37404,"",1.05,0.90,0.86,0.99,1.35,0.95,0.95,"",1,1.0,10,2.6,593118,4.1,1894,0.0,-3133,-4.9,10,1.4,545,1.5
"C3538","5","62134","47","0","2020","A","","New Orleans-Metairie, LA MSA","Private","NAICS 62134 Offices of specialty therapists","MSA, NAICS 5-digit -- by ownership sector","All establishment sizes",177,1604,66756919,16218134,190986,801,41628,"",1.05,1.16,1.14,1.28,1.64,0.98,0.98,"",18,11.3,-141,-8.1,-2646132,-3.8,-556437,-3.3,-34282,-15.2,36,4.7,1850,4.7
"C3538","5","621340","48","0","2020","A","","New Orleans-Metairie, LA MSA","Private","NAICS 621340 Offices of specialty therapists","MSA, NAICS 6-digit -- by ownership sector","All establishment sizes",177,1604,66756919,16218134,190986,801,41628,"",1.05,1.16,1.14,1.28,1.64,0.98,0.98,"",18,11.3,-141,-8.1,-2646132,-3.8,-556437,-3.3,-34282,-15.2,36,4.7,1850,4.7
"C3538","5","62139","47","0","2020","A","","New Orleans-Metairie, LA MSA","Private","NAICS 62139 Offices of all other health practitioners","MSA, NAICS 5-digit -- by ownership sector","All establishment sizes",113,406,28392844,4449356,63418,1344,69890,"",0.86,0.80,1.22,0.93,1.29,1.53,1.53,"",7,6.6,-51,-11.2,-2752349,-8.8,-69350,-1.5,-10883,-14.6,34,2.6,1788,2.6
"C3538","5","621391","48","0","2020","A","N","New Orleans-Metairie, LA MSA","Private","NAICS 621391 Offices of podiatrists","MSA, NAICS 6-digit -- by ownership sector","All establishment sizes",21,0,0,0,0,0,0,"N",0.75,0,0,0,0,0,0,"N",1,5.0,0,0,0,0,0,0,0,0,0,0,0,0
"C3538","5","621399","48","0","2020","A","N","New Orleans-Metairie, LA MSA","Private","NAICS 621399 Offices of miscellaneous health practitioners","MSA, NAICS 6-digit -- by ownership sector","All establishment sizes",92,0,0,0,0,0,0,"N",0.90,0,0,0,0,0,0,"N",7,8.2,0,0,0,0,0,0,0,0,0,0,0,0
"C3538","5","6214","46","0","2020","A","N","New Orleans-Metairie, LA MSA","Private","NAICS 6214 Outpatient care centers","MSA, NAICS 4-digit -- by ownership sector","All establishment sizes",234,0,0,0,0,0,0,"N",1.40,0,0,0,0,0,0,"N",2,0.9,0,0,0,0,0,0,0,0,0,0,0,0
"C3538","5","62141","47","0","2020","A","N","New Orleans-Metairie, LA MSA","Private","NAICS 62141 Family planning centers","MSA, NAICS 5-digit -- by ownership sector","All establishment sizes",5,0,0,0,0,0,0,"N",0.58,0,0,0,0,0,0,"N",0,0.0,0,0,0,0,0,0,0,0,0,0,0,0
"C3538","5","621410","48","0","2020","A","N","New Orleans-Metairie, LA MSA","Private","NAICS 621410 Family planning centers","MSA, NAICS 6-digit -- by ownership sector","All establishment sizes",5,0,0,0,0,0,0,"N",0.58,0,0,0,0,0,0,"N",0,0.0,0,0,0,0,0,0,0,0,0,0,0,0
"C3538","5","62142","47","0","2020","A","","New Orleans-Metairie, LA MSA","Private","NAICS 62142 Outpatient mental health centers","MSA, NAICS 5-digit -- by ownership sector","All establishment sizes",60,782,32313774,4282026,61362,794,41304,"",1.23,0.86,0.84,0.84,0.96,0.98,0.98,"",2,3.4,-32,-3.9,932151,3.0,-394140,-8.4,-7400,-10.8,53,7.2,2767,7.2
"C3538","5","621420","48","0","2020","A","","New Orleans-Metairie, LA MSA","Private","NAICS 621420 Outpatient mental health centers","MSA, NAICS 6-digit -- by ownership sector","All establishment sizes",60,782,32313774,4282026,61362,794,41304,"",1.23,0.86,0.84,0.84,0.96,0.98,0.98,"",2,3.4,-32,-3.9,932151,3.0,-394140,-8.4,-7400,-10.8,53,7.2,2767,7.2
"C3538","5","62149","47","0","2020","A","","New Orleans-Metairie, LA MSA","Private","NAICS 62149 Other outpatient care centers","MSA, NAICS 5-digit -- by ownership sector","All establishment sizes",169,2098,122462544,16858026,180604,1122,58362,"",1.54,0.85,0.68,1.06,1.08,0.80,0.80,"",0,0.0,58,2.8,13935980,12.8,933439,5.9,-2257,-1.2,99,9.7,5169,9.7
"C3538","5","621491","48","0","2020","A","N","New Orleans-Metairie, LA MSA","Private","NAICS 621491 Hmo medical centers","MSA, NAICS 6-digit -- by ownership sector","All establishment sizes",4,0,0,0,0,0,0,"N",0.36,0,0,0,0,0,0,"N",0,0.0,0,0,0,0,0,0,0,0,0,0,0,0
"C3538","5","621492","48","0","2020","A","","New Orleans-Metairie, LA MSA","Private","NAICS 621492 Kidney dialysis centers","MSA, NAICS 6-digit -- by ownership sector","All establishment sizes",68,1011,62055010,7410942,56033,1180,61355,"",2.15,2.12,2.22,1.72,1.63,1.05,1.05,"",1,1.5,-9,-0.9,5693526,10.1,-109372,-1.5,-14166,-20.2,117,11.0,6076,11.0
"C3538","5","621493","48","0","2020","A","","New Orleans-Metairie, LA MSA","Private","NAICS 621493 Freestanding emergency medical centers","MSA, NAICS 6-digit -- by ownership sector","All establishment sizes",41,554,30812686,4954233,49303,1070,55652,"",1.27,0.97,0.92,1.06,1.03,0.95,0.95,"",-4,-8.9,-32,-5.5,473294,1.6,349334,7.6,-2874,-5.5,74,7.4,3886,7.5
"C3538","5","621498","48","0","2020","A","N","New Orleans-Metairie, LA MSA","Private","NAICS 621498 All other outpatient care centers","MSA, NAICS 6-digit -- by ownership sector","All establishment sizes",56,0,0,0,0,0,0,"N",1.60,0,0,0,0,0,0,"N",2,3.7,0,0,0,0,0,0,0,0,0,0,0,0
"C3538","5","6215","46","0","2020","A","","New Orleans-Metairie, LA MSA","Private","NAICS 6215 Medical and diagnostic laboratories","MSA, NAICS 4-digit -- by ownership sector","All establishment sizes",160,1206,74136848,13941954,198692,1182,61486,"",1.71,1.20,1.17,1.47,1.95,0.98,0.98,"",-1,-0.6,53,4.6,19288557,35.2,3320226,31.3,42910,27.5,268,29.3,13933,29.3
"C3538","5","62151","47","0","2020","A","","New Orleans-Metairie, LA MSA","Private","NAICS 62151 Medical and diagnostic laboratories","MSA, NAICS 5-digit -- by ownership sector","All establishment sizes",160,1206,74136848,13941954,198692,1182,61486,"",1.71,1.20,1.17,1.47,1.95,0.98,0.98,"",-1,-0.6,53,4.6,19288557,35.2,3320226,31.3,42910,27.5,268,29.3,13933,29.3
"C3538","5","621511","48","0","2020","A","N","New Orleans-Metairie, LA MSA","Private","NAICS 621511 Medical laboratories","MSA, NAICS 6-digit -- by ownership sector","All establishment sizes",137,0,0,0,0,0,0,"N",2.02,0,0,0,0,0,0,"N",1,0.7,0,0,0,0,0,0,0,0,0,0,0,0
"C3538","5","621512","48","0","2020","A","N","New Orleans-Metairie, LA MSA","Private","NAICS 621512 Diagnostic imaging centers","MSA, NAICS 6-digit -- by ownership sector","All establishment sizes",24,0,0,0,0,0,0,"N",0.93,0,0,0,0,0,0,"N",-1,-4.0,0,0,0,0,0,0,0,0,0,0,0,0
"C3538","5","6216","46","0","2020","A","N","New Orleans-Metairie, LA MSA","Private","NAICS 6216 Home health care services","MSA, NAICS 4-digit -- by ownership sector","All establishment sizes",144,0,0,0,0,0,0,"N",0.88,0,0,0,0,0,0,"N",5,3.6,0,0,0,0,0,0,0,0,0,0,0,0
"C3538","5","62161","47","0","2020","A","N","New Orleans-Metairie, LA MSA","Private","NAICS 62161 Home health care services","MSA, NAICS 5-digit -- by ownership sector","All establishment sizes",144,0,0,0,0,0,0,"N",0.88,0,0,0,0,0,0,"N",5,3.6,0,0,0,0,0,0,0,0,0,0,0,0
"C3538","5","621610","48","0","2020","A","N","New Orleans-Metairie, LA MSA","Private","NAICS 621610 Home health care services","MSA, NAICS 6-digit -- by ownership sector","All establishment sizes",144,0,0,0,0,0,0,"N",0.88,0,0,0,0,0,0,"N",5,3.6,0,0,0,0,0,0,0,0,0,0,0,0
"C3538","5","6219","46","0","2020","A","","New Orleans-Metairie, LA MSA","Private","NAICS 6219 Other ambulatory health care services","MSA, NAICS 4-digit -- by ownership sector","All establishment sizes",80,972,46756871,8821635,94773,925,48087,"",1.29,0.88,0.89,1.01,1.04,1.01,1.01,"",7,9.6,83,9.3,6693925,16.7,911510,11.5,5827,6.6,58,6.7,3005,6.7
"C3538","5","62191","47","0","2020","A","N","New Orleans-Metairie, LA MSA","Private","NAICS 62191 Ambulance services","MSA, NAICS 5-digit -- by ownership sector","All establishment sizes",12,0,0,0,0,0,0,"N",0.54,0,0,0,0,0,0,"N",0,0.0,0,0,0,0,0,0,0,0,0,0,0,0
"C3538","5","621910","48","0","2020","A","N","New Orleans-Metairie, LA MSA","Private","NAICS 621910 Ambulance services","MSA, NAICS 6-digit -- by ownership sector","All establishment sizes",12,0,0,0,0,0,0,"N",0.54,0,0,0,0,0,0,"N",0,0.0,0,0,0,0,0,0,0,0,0,0,0,0
"C3538","5","62199","47","0","2020","A","N","New Orleans-Metairie, LA MSA","Private","NAICS 62199 All other ambulatory health care services","MSA, NAICS 5-digit -- by ownership sector","All establishment sizes",68,0,0,0,0,0,0,"N",1.71,0,0,0,0,0,0,"N",7,11.5,0,0,0,0,0,0,0,0,0,0,0,0
"C3538","5","621991","48","0","2020","A","N","New Orleans-Metairie, LA MSA","Private","NAICS 621991 Blood and organ banks","MSA, NAICS 6-digit -- by ownership sector","All establishment sizes",12,0,0,0,0,0,0,"N",1.42,0,0,0,0,0,0,"N",2,20.0,0,0,0,0,0,0,0,0,0,0,0,0
"C3538","5","621999","48","0","2020","A","N","New Orleans-Metairie, LA MSA","Private","NAICS 621999 Miscellaneous ambulatory health care services","MSA, NAICS 6-digit -- by ownership sector","All establishment sizes",56,0,0,0,0,0,0,"N",1.78,0,0,0,0,0,0,"N",5,9.8,0,0,0,0,0,0,0,0,0,0,0,0
"C3538","5","622","45","0","2020","A","","New Orleans-Metairie, LA MSA","Private","NAICS 622 Hospitals","MSA, NAICS 3-digit -- by ownership sector","All establishment sizes",94,22976,1629817270,44074062,416866,1364,70935,"",2.05,1.27,1.45,1.41,1.86,1.14,1.14,"",-2,-2.1,425,1.9,86882801,5.6,-1346012,-3.0,-55987,-11.8,48,3.6,2514,3.7
"C3538","5","6221","46","0","2020","A","","New Orleans-Metairie, LA MSA","Private","NAICS 6221 General medical and surgical hospitals","MSA, NAICS 4-digit -- by ownership sector","All establishment sizes",58,18567,1366712710,24999022,133038,1416,73609,"",1.76,1.10,1.30,1.00,0.82,1.18,1.18,"",-3,-4.9,203,1.1,61016749,4.7,-1380437,-5.2,-44695,-25.1,49,3.6,2508,3.5
"C3538","5","62211","47","0","2020","A","","New Orleans-Metairie, LA MSA","Private","NAICS 62211 General medical and surgical hospitals","MSA, NAICS 5-digit -- by ownership sector","All establishment sizes",58,18567,1366712710,24999022,133038,1416,73609,"",1.76,1.10,1.30,1.00,0.82,1.18,1.18,"",-3,-4.9,203,1.1,61016749,4.7,-1380437,-5.2,-44695,-25.1,49,3.6,2508,3.5
"C3538","5","622110","48","0","2020","A","","New Orleans-Metairie, LA MSA","Private","NAICS 622110 General medical and surgical hospitals","MSA, NAICS 6-digit -- by ownership sector","All establishment sizes",58,18567,1366712710,24999022,133038,1416,73609,"",1.76,1.10,1.30,1.00,0.82,1.18,1.18,"",-3,-4.9,203,1.1,61016749,4.7,-1380437,-5.2,-44695,-25.1,49,3.6,2508,3.5
"C3538","5","6222","46","0","2020","A","","New Orleans-Metairie, LA MSA","Private","NAICS 6222 Psychiatric and substance abuse hospitals","MSA, NAICS 4-digit -- by ownership sector","All establishment sizes",18,939,42640182,10288773,167978,873,45398,"",3.43,2.14,2.05,3.53,5.33,0.96,0.96,"",-2,-10.0,12,1.3,2947260,7.4,222304,2.2,14517,9.5,50,6.1,2599,6.1
"C3538","5","62221","47","0","2020","A","","New Orleans-Metairie, LA MSA","Private","NAICS 62221 Psychiatric and substance abuse hospitals","MSA, NAICS 5-digit -- by ownership sector","All establishment sizes",18,939,42640182,10288773,167978,873,45398,"",3.43,2.14,2.05,3.53,5.33,0.96,0.96,"",-2,-10.0,12,1.3,2947260,7.4,222304,2.2,14517,9.5,50,6.1,2599,6.1
"C3538","5","622210","48","0","2020","A","","New Orleans-Metairie, LA MSA","Private","NAICS 622210 Psychiatric and substance abuse hospitals","MSA, NAICS 6-digit -- by ownership sector","All establishment sizes",18,939,42640182,10288773,167978,873,45398,"",3.43,2.14,2.05,3.53,5.33,0.96,0.96,"",-2,-10.0,12,1.3,2947260,7.4,222304,2.2,14517,9.5,50,6.1,2599,6.1
"C3538","5","6223","46","0","2020","A","","New Orleans-Metairie, LA MSA","Private","NAICS 6223 Other hospitals","MSA, NAICS 4-digit -- by ownership sector","All establishment sizes",17,3470,220464378,8786267,115850,1222,63541,"",2.23,4.12,4.27,2.69,3.82,1.04,1.04,"",1,6.2,210,6.4,22918792,11.6,-187879,-2.1,-25809,-18.2,56,4.8,2935,4.8
"C3538","5","62231","47","0","2020","A","","New Orleans-Metairie, LA MSA","Private","NAICS 62231 Other hospitals","MSA, NAICS 5-digit -- by ownership sector","All establishment sizes",17,3470,220464378,8786267,115850,1222,63541,"",2.23,4.12,4.27,2.69,3.82,1.04,1.04,"",1,6.2,210,6.4,22918792,11.6,-187879,-2.1,-25809,-18.2,56,4.8,2935,4.8
"C3538","5","622310","48","0","2020","A","","New Orleans-Metairie, LA MSA","Private","NAICS 622310 Other hospitals","MSA, NAICS 6-digit -- by ownership sector","All establishment sizes",17,3470,220464378,8786267,115850,1222,63541,"",2.23,4.12,4.27,2.69,3.82,1.04,1.04,"",1,6.2,210,6.4,22918792,11.6,-187879,-2.1,-25809,-18.2,56,4.8,2935,4.8
"C3538","5","623","45","0","2020","A","","New Orleans-Metairie, LA MSA","Private","NAICS 623 Nursing and residential care facilities","MSA, NAICS 3-digit -- by ownership sector","All establishment sizes",206,7772,274239044,74360095,911148,679,35286,"",0.61,0.68,0.72,0.93,1.19,1.06,1.06,"",4,2.0,-800,-9.3,17979000,7.0,-3738058,-4.8,-142313,-13.5,104,18.1,5390,18.0
"C3538","5","6231","46","0","2020","A","","New Orleans-Metairie, LA MSA","Private","NAICS 6231 Nursing care facilities, skilled nursing","MSA, NAICS 4-digit -- by ownership sector","All establishment sizes",60,4468,157700526,47348861,461709,679,35296,"",0.81,0.84,0.83,1.16,1.23,0.99,0.99,"",4,7.1,-332,-6.9,14608339,10.2,-102506,-0.2,-62090,-11.9,106,18.5,5487,18.4
"C3538","5","62311","47","0","2020","A","","New Orleans-Metairie, LA MSA","Private","NAICS 62311 Nursing care facilities, skilled nursing","MSA, NAICS 5-digit -- by ownership sector","All establishment sizes",60,4468,157700526,47348861,461709,679,35296,"",0.81,0.84,0.83,1.16,1.23,0.99,0.99,"",4,7.1,-332,-6.9,14608339,10.2,-102506,-0.2,-62090,-11.9,106,18.5,5487,18.4
"C3538","5","623110","48","0","2020","A","","New Orleans-Metairie, LA MSA","Private","NAICS 623110 Nursing care facilities, skilled nursing","MSA, NAICS 6-digit -- by ownership sector","All establishment sizes",60,4468,157700526,47348861,461709,679,35296,"",0.81,0.84,0.83,1.16,1.23,0.99,0.99,"",4,7.1,-332,-6.9,14608339,10.2,-102506,-0.2,-62090,-11.9,106,18.5,5487,18.4
"C3538","5","6232","46","0","2020","A","","New Orleans-Metairie, LA MSA","Private","NAICS 6232 Residential mental health facilities","MSA, NAICS 4-digit -- by ownership sector","All establishment sizes",75,1336,51814921,9415537,196992,746,38779,"",0.60,0.60,0.70,0.82,1.67,1.18,1.18,"N",-2,-2.6,0,0,0,0,0,0,0,0,0,0,0,0
"C3538","5","62321","47","0","2020","A","","New Orleans-Metairie, LA MSA","Private","NAICS 62321 Residential developmental disability homes","MSA, NAICS 5-digit -- by ownership sector","All establishment sizes",47,587,19835182,3256651,55122,650,33810,"",0.52,0.42,0.46,0.49,1.00,1.11,1.11,"N",-1,-2.1,0,0,0,0,0,0,0,0,0,0,0,0
"C3538","5","623210","48","0","2020","A","","New Orleans-Metairie, LA MSA","Private","NAICS 623210 Residential developmental disability homes","MSA, NAICS 6-digit -- by ownership sector","All establishment sizes",47,587,19835182,3256651,55122,650,33810,"",0.52,0.42,0.46,0.49,1.00,1.11,1.11,"N",-1,-2.1,0,0,0,0,0,0,0,0,0,0,0,0
"C3538","5","62322","47","0","2020","A","","New Orleans-Metairie, LA MSA","Private","NAICS 62322 Residential mental and substance abuse care","MSA, NAICS 5-digit -- by ownership sector","All establishment sizes",28,750,31979739,6158886,141870,821,42668,"",0.80,0.90,1.03,1.27,2.26,1.15,1.15,"",-1,-3.4,-13,-1.7,2814621,9.7,-335857,-5.2,-4945,-3.4,86,11.7,4435,11.6
"C3538","5","623220","48","0","2020","A","","New Orleans-Metairie, LA MSA","Private","NAICS 623220 Residential mental and substance abuse care","MSA, NAICS 6-digit -- by ownership sector","All establishment sizes",28,750,31979739,6158886,141870,821,42668,"",0.80,0.90,1.03,1.27,2.26,1.15,1.15,"",-1,-3.4,-13,-1.7,2814621,9.7,-335857,-5.2,-4945,-3.4,86,11.7,4435,11.6
"C3538","5","6233","46","0","2020","A","","New Orleans-Metairie, LA MSA","Private","NAICS 6233 Continuing care, assisted living facilities","MSA, NAICS 4-digit -- by ownership sector","All establishment sizes",56,1693,53604905,15675390,221334,609,31669,"",0.50,0.51,0.55,0.65,0.92,1.08,1.08,"",2,3.7,-154,-8.3,1315590,2.5,-1032319,-6.2,-30421,-12.1,64,11.7,3351,11.8
"C3538","5","62331","47","0","2020","A","","New Orleans-Metairie, LA MSA","Private","NAICS 62331 Continuing care, assisted living facilities","MSA, NAICS 5-digit -- by ownership sector","All establishment sizes",56,1693,53604905,15675390,221334,609,31669,"",0.50,0.51,0.55,0.65,0.92,1.08,1.08,"",2,3.7,-154,-8.3,1315590,2.5,-1032319,-6.2,-30421,-12.1,64,11.7,3351,11.8
"C3538","5","623311","48","0","2020","A","","New Orleans-Metairie, LA MSA","Private","NAICS 623311 Continuing care retirement communities","MSA, NAICS 6-digit -- by ownership sector","All establishment sizes",15,971,34569722,7841065,105425,685,35605,"",0.51,0.56,0.65,0.76,1.11,1.15,1.15,"",0,0.0,-106,-9.8,1251848,3.8,-873893,-10.0,-21670,-17.1,90,15.1,4669,15.1
"C3538","5","623312","48","0","2020","A","","New Orleans-Metairie, LA MSA","Private","NAICS 623312 Assisted living facilities for the elderly","MSA, NAICS 6-digit -- by ownership sector","All establishment sizes",41,722,19035183,7834325,115909,507,26374,"",0.50,0.45,0.43,0.57,0.79,0.96,0.96,"",2,5.1,-48,-6.2,63742,0.3,-158426,-2.0,-8751,-7.0,33,7.0,1720,7.0
"C3538","5","6239","46","0","2020","A","","New Orleans-Metairie, LA MSA","Private","NAICS 6239 Other residential care facilities","MSA, NAICS 4-digit -- by ownership sector","All establishment sizes",15,275,11118692,1920307,31113,777,40395,"",0.55,0.48,0.58,0.62,1.04,1.20,1.20,"N",0,0.0,0,0,0,0,0,0,0,0,0,0,0,0
"C3538","5","62399","47","0","2020","A","","New Orleans-Metairie, LA MSA","Private","NAICS 62399 Other residential care facilities","MSA, NAICS 5-digit -- by ownership sector","All establishment sizes",15,275,11118692,1920307,31113,777,40395,"",0.55,0.48,0.58,0.62,1.04,1.20,1.20,"N",0,0.0,0,0,0,0,0,0,0,0,0,0,0,0
"C3538","5","623990","48","0","2020","A","","New Orleans-Metairie, LA MSA","Private","NAICS 623990 Other residential care facilities","MSA, NAICS 6-digit -- by ownership sector","All establishment sizes",15,275,11118692,1920307,31113,777,40395,"",0.55,0.48,0.58,0.62,1.04,1.20,1.20,"N",0,0.0,0,0,0,0,0,0,0,0,0,0,0,0
"C3538","5","624","45","0","2020","A","N","New Orleans-Metairie, LA MSA","Private","NAICS 624 Social assistance","MSA, NAICS 3-digit -- by ownership sector","All establishment sizes",1250,0,0,0,0,0,0,"N",0.30,0,0,0,0,0,0,"N",96,8.3,0,0,0,0,0,0,0,0,0,0,0,0
"C3538","5","6241","46","0","2020","A","","New Orleans-Metairie, LA MSA","Private","NAICS 6241 Individual and family services","MSA, NAICS 4-digit -- by ownership sector","All establishment sizes",867,6428,170355198,49013431,714847,510,26504,"",0.23,0.69,0.77,0.84,0.89,1.13,1.12,"N",89,11.4,0,0,0,0,0,0,0,0,0,0,0,0
"C3538","5","62411","47","0","2020","A","N","New Orleans-Metairie, LA MSA","Private","NAICS 62411 Child and youth services","MSA, NAICS 5-digit -- by ownership sector","All establishment sizes",74,0,0,0,0,0,0,"N",1.55,0,0,0,0,0,0,"N",3,4.2,0,0,0,0,0,0,0,0,0,0,0,0
"C3538","5","624110","48","0","2020","A","N","New Orleans-Metairie, LA MSA","Private","NAICS 624110 Child and youth services","MSA, NAICS 6-digit -- by ownership sector","All establishment sizes",74,0,0,0,0,0,0,"N",1.55,0,0,0,0,0,0,"N",3,4.2,0,0,0,0,0,0,0,0,0,0,0,0
"C3538","5","62412","47","0","2020","A","","New Orleans-Metairie, LA MSA","Private","NAICS 62412 Services for the elderly and disabled","MSA, NAICS 5-digit -- by ownership sector","All establishment sizes",651,4798,100709086,35086821,505332,404,20991,"",0.18,0.67,0.73,0.77,0.81,1.08,1.08,"",72,12.4,-171,-3.4,10739069,11.9,-560865,-1.6,-70354,-12.2,56,16.1,2884,15.9
"C3538","5","624120","48","0","2020","A","","New Orleans-Metairie, LA MSA","Private","NAICS 624120 Services for the elderly and disabled","MSA, NAICS 6-digit -- by ownership sector","All establishment sizes",651,4798,100709086,35086821,505332,404,20991,"",0.18,0.67,0.73,0.77,0.81,1.08,1.08,"",72,12.4,-171,-3.4,10739069,11.9,-560865,-1.6,-70354,-12.2,56,16.1,2884,15.9
"C3538","5","62419","47","0","2020","A","N","New Orleans-Metairie, LA MSA","Private","NAICS 62419 Other individual and family services","MSA, NAICS 5-digit -- by ownership sector","All establishment sizes",142,0,0,0,0,0,0,"N",1.05,0,0,0,0,0,0,"N",14,10.9,0,0,0,0,0,0,0,0,0,0,0,0
"C3538","5","624190","48","0","2020","A","N","New Orleans-Metairie, LA MSA","Private","NAICS 624190 Other individual and family services","MSA, NAICS 6-digit -- by ownership sector","All establishment sizes",142,0,0,0,0,0,0,"N",1.05,0,0,0,0,0,0,"N",14,10.9,0,0,0,0,0,0,0,0,0,0,0,0
"C3538","5","6242","46","0","2020","A","","New Orleans-Metairie, LA MSA","Private","NAICS 6242 Emergency and other relief services","MSA, NAICS 4-digit -- by ownership sector","All establishment sizes",52,733,26639259,5054451,83744,699,36355,"",1.04,1.11,1.00,1.33,1.52,0.91,0.91,"N",2,4.0,0,0,0,0,0,0,0,0,0,0,0,0
"C3538","5","62421","47","0","2020","A","","New Orleans-Metairie, LA MSA","Private","NAICS 62421 Community food services","MSA, NAICS 5-digit -- by ownership sector","All establishment sizes",11,302,8781896,1721393,32581,559,29079,"",0.79,2.24,1.80,2.10,3.14,0.80,0.80,"",1,10.0,-24,-7.4,1036409,13.4,-305384,-15.1,-8419,-20.5,102,22.3,5302,22.3
"C3538","5","624210","48","0","2020","A","","New Orleans-Metairie, LA MSA","Private","NAICS 624210 Community food services","MSA, NAICS 6-digit -- by ownership sector","All establishment sizes",11,302,8781896,1721393,32581,559,29079,"",0.79,2.24,1.80,2.10,3.14,0.80,0.80,"",1,10.0,-24,-7.4,1036409,13.4,-305384,-15.1,-8419,-20.5,102,22.3,5302,22.3
"C3538","5","62422","47","0","2020","A","","New Orleans-Metairie, LA MSA","Private","NAICS 62422 Community housing services","MSA, NAICS 5-digit -- by ownership sector","All establishment sizes",29,368,14921179,2865308,42186,780,40583,"",1.05,0.88,0.94,1.13,1.10,1.07,1.07,"",1,3.6,6,1.7,932571,6.7,230929,8.8,-198,-0.5,36,4.8,1905,4.9
"C3538","5","624221","48","0","2020","A","","New Orleans-Metairie, LA MSA","Private","NAICS 624221 Temporary shelters","MSA, NAICS 6-digit -- by ownership sector","All establishment sizes",10,218,8527876,1361060,16379,752,39089,"",0.65,0.78,0.89,0.88,0.74,1.13,1.13,"",0,0.0,-12,-5.2,286862,3.5,-26465,-1.9,-4083,-20.0,63,9.1,3271,9.1
"C3538","5","624229","48","0","2020","A","","New Orleans-Metairie, LA MSA","Private","NAICS 624229 Other community housing services","MSA, NAICS 6-digit -- by ownership sector","All establishment sizes",19,150,6393303,1504248,25807,822,42765,"",1.56,1.05,1.01,1.53,1.60,0.97,0.97,"",1,5.6,18,13.6,645709,11.2,257394,20.6,3885,17.7,-18,-2.1,-915,-2.1
"C3538","5","62423","47","0","2020","A","","New Orleans-Metairie, LA MSA","Private","NAICS 62423 Emergency and other relief services","MSA, NAICS 5-digit -- by ownership sector","All establishment sizes",13,63,2936184,467750,8977,895,46545,"",1.55,0.59,0.51,1.05,1.41,0.87,0.87,"N",1,8.3,0,0,0,0,0,0,0,0,0,0,0,0
"C3538","5","624230","48","0","2020","A","","New Orleans-Metairie, LA MSA","Private","NAICS 624230 Emergency and other relief services","MSA, NAICS 6-digit -- by ownership sector","All establishment sizes",13,63,2936184,467750,8977,895,46545,"",1.55,0.59,0.51,1.05,1.41,0.87,0.87,"N",1,8.3,0,0,0,0,0,0,0,0,0,0,0,0
"C3538","5","6243","46","0","2020","A","N","New Orleans-Metairie, LA MSA","Private","NAICS 6243 Vocational rehabilitation services","MSA, NAICS 4-digit -- by ownership sector","All establishment sizes",45,0,0,0,0,0,0,"N",1.19,0,0,0,0,0,0,"N",-3,-6.2,0,0,0,0,0,0,0,0,0,0,0,0
"C3538","5","62431","47","0","2020","A","N","New Orleans-Metairie, LA MSA","Private","NAICS 62431 Vocational rehabilitation services","MSA, NAICS 5-digit -- by ownership sector","All establishment sizes",45,0,0,0,0,0,0,"N",1.19,0,0,0,0,0,0,"N",-3,-6.2,0,0,0,0,0,0,0,0,0,0,0,0
"C3538","5","624310","48","0","2020","A","N","New Orleans-Metairie, LA MSA","Private","NAICS 624310 Vocational rehabilitation services","MSA, NAICS 6-digit -- by ownership sector","All establishment sizes",45,0,0,0,0,0,0,"N",1.19,0,0,0,0,0,0,"N",-3,-6.2,0,0,0,0,0,0,0,0,0,0,0,0
"C3538","5","6244","46","0","2020","A","","New Orleans-Metairie, LA MSA","Private","NAICS 6244 Child day care services","MSA, NAICS 4-digit -- by ownership sector","All establishment sizes",286,2522,62427379,20966477,245375,476,24756,"",0.96,0.91,0.97,0.94,1.00,1.07,1.07,"",6,2.1,-423,-14.4,-4268802,-6.4,-2490743,-10.6,-37420,-13.2,40,9.2,2106,9.3
"C3538","5","62441","47","0","2020","A","","New Orleans-Metairie, LA MSA","Private","NAICS 62441 Child day care services","MSA, NAICS 5-digit -- by ownership sector","All establishment sizes",286,2522,62427379,20966477,245375,476,24756,"",0.96,0.91,0.97,0.94,1.00,1.07,1.07,"",6,2.1,-423,-14.4,-4268802,-6.4,-2490743,-10.6,-37420,-13.2,40,9.2,2106,9.3
"C3538","5","624410","48","0","2020","A","","New Orleans-Metairie, LA MSA","Private","NAICS 624410 Child day care services","MSA, NAICS 6-digit -- by ownership sector","All establishment sizes",286,2522,62427379,20966477,245375,476,24756,"",0.96,0.91,0.97,0.94,1.00,1.07,1.07,"",6,2.1,-423,-14.4,-4268802,-6.4,-2490743,-10.6,-37420,-13.2,40,9.2,2106,9.3
"C3538","5","71","44","0","2020","A","","New Orleans-Metairie, LA MSA","Private","NAICS 71 Arts, entertainment, and recreation","MSA, NAICS Sector -- by ownership sector","All establishment sizes",825,9164,658044111,75462128,906266,1381,71808,"",1.29,1.48,2.59,1.62,1.39,1.75,1.75,"",46,5.9,-3560,-28.0,-102948279,-13.5,-18953503,-20.1,-329212,-26.6,231,20.1,11999,20.1
"C3538","5","711","45","0","2020","A","","New Orleans-Metairie, LA MSA","Private","NAICS 711 Performing arts and spectator sports","MSA, NAICS 3-digit -- by ownership sector","All establishment sizes",372,2522,486475177,28105583,440935,3710,192924,"",1.44,2.12,3.77,2.61,2.59,1.78,1.78,"",30,8.8,-1527,-37.7,-64472298,-11.7,-9810918,-25.9,-180870,-29.1,1094,41.8,56868,41.8
"C3538","5","7111","46","0","2020","A","","New Orleans-Metairie, LA MSA","Private","NAICS 7111 Performing arts companies","MSA, NAICS 4-digit -- by ownership sector","All establishment sizes",70,242,8897685,2805051,55890,708,36831,"",1.60,0.87,0.69,1.18,1.13,0.80,0.80,"",5,7.7,-157,-39.3,-5748777,-39.3,-1159542,-29.2,-25368,-31.2,3,0.4,161,0.4
"C3538","5","71111","47","0","2020","A","","New Orleans-Metairie, LA MSA","Private","NAICS 71111 Theater companies and dinner theaters","MSA, NAICS 5-digit -- by ownership sector","All establishment sizes",10,57,1850708,644991,14428,628,32660,"",0.69,0.40,0.36,0.50,0.53,0.90,0.90,"",0,0.0,-39,-40.6,-577707,-23.8,-236129,-26.8,-4896,-25.3,141,29.0,7320,28.9
"C3538","5","711110","48","0","2020","A","","New Orleans-Metairie, LA MSA","Private","NAICS 711110 Theater companies and dinner theaters","MSA, NAICS 6-digit -- by ownership sector","All establishment sizes",10,57,1850708,644991,14428,628,32660,"",0.69,0.40,0.36,0.50,0.53,0.90,0.90,"",0,0.0,-39,-40.6,-577707,-23.8,-236129,-26.8,-4896,-25.3,141,29.0,7320,28.9
"C3538","5","71112","47","0","2020","A","","New Orleans-Metairie, LA MSA","Private","NAICS 71112 Dance companies","MSA, NAICS 5-digit -- by ownership sector","All establishment sizes",8,34,1218448,344686,5236,698,36281,"",1.69,0.99,1.04,1.20,0.62,1.07,1.07,"N",1,14.3,0,0,0,0,0,0,0,0,0,0,0,0
"C3538","5","711120","48","0","2020","A","","New Orleans-Metairie, LA MSA","Private","NAICS 711120 Dance companies","MSA, NAICS 6-digit -- by ownership sector","All establishment sizes",8,34,1218448,344686,5236,698,36281,"",1.69,0.99,1.04,1.20,0.62,1.07,1.07,"N",1,14.3,0,0,0,0,0,0,0,0,0,0,0,0
"C3538","5","71113","47","0","2020","A","","New Orleans-Metairie, LA MSA","Private","NAICS 71113 Musical groups and artists","MSA, NAICS 5-digit -- by ownership sector","All establishment sizes",46,142,5632609,1671554,33644,764,39713,"",2.16,1.59,0.94,2.66,2.88,0.59,0.59,"",2,4.5,-64,-31.1,-4161292,-42.5,-555343,-24.9,-14385,-30.0,-152,-16.6,-7907,-16.6
"C3538","5","711130","48","0","2020","A","","New Orleans-Metairie, LA MSA","Private","NAICS 711130 Musical groups and artists","MSA, NAICS 6-digit -- by ownership sector","All establishment sizes",46,142,5632609,1671554,33644,764,39713,"",2.16,1.59,0.94,2.66,2.88,0.59,0.59,"",2,4.5,-64,-31.1,-4161292,-42.5,-555343,-24.9,-14385,-30.0,-152,-16.6,-7907,-16.6
"C3538","5","71119","47","0","2020","A","","New Orleans-Metairie, LA MSA","Private","NAICS 71119 Other performing arts companies","MSA, NAICS 5-digit -- by ownership sector","All establishment sizes",6,10,195920,143820,2582,397,20623,"",1.86,0.74,0.33,0.79,1.18,0.47,0.47,"N",1,20.0,0,0,0,0,0,0,0,0,0,0,0,0
"C3538","5","711190","48","0","2020","A","","New Orleans-Metairie, LA MSA","Private","NAICS 711190 Other performing arts companies","MSA, NAICS 6-digit -- by ownership sector","All establishment sizes",6,10,195920,143820,2582,397,20623,"",1.86,0.74,0.33,0.79,1.18,0.47,0.47,"N",1,20.0,0,0,0,0,0,0,0,0,0,0,0,0
"C3538","5","7112","46","0","2020","A","","New Orleans-Metairie, LA MSA","Private","NAICS 7112 Spectator sports","MSA, NAICS 4-digit -- by ownership sector","All establishment sizes",45,953,421788034,12472474,212685,8514,442745,"",1.60,2.60,6.30,3.49,5.30,2.42,2.42,"",2,4.7,-299,-23.9,-34151776,-7.5,-1622402,-11.5,-34326,-13.9,1512,21.6,78649,21.6
"C3538","5","71121","47","0","2020","A","","New Orleans-Metairie, LA MSA","Private","NAICS 71121 Spectator sports","MSA, NAICS 5-digit -- by ownership sector","All establishment sizes",45,953,421788034,12472474,212685,8514,442745,"",1.60,2.60,6.30,3.49,5.30,2.42,2.42,"",2,4.7,-299,-23.9,-34151776,-7.5,-1622402,-11.5,-34326,-13.9,1512,21.6,78649,21.6
"C3538","5","711211","48","0","2020","A","N","New Orleans-Metairie, LA MSA","Private","NAICS 711211 Sports teams and clubs","MSA, NAICS 6-digit -- by ownership sector","All establishment sizes",11,0,0,0,0,0,0,"N",1.05,0,0,0,0,0,0,"N",-1,-8.3,0,0,0,0,0,0,0,0,0,0,0,0
"C3538","5","711212","48","0","2020","A","N","New Orleans-Metairie, LA MSA","Private","NAICS 711212 Racetracks","MSA, NAICS 6-digit -- by ownership sector","All establishment sizes",6,0,0,0,0,0,0,"N",1.93,0,0,0,0,0,0,"N",2,50.0,0,0,0,0,0,0,0,0,0,0,0,0
"C3538","5","711219","48","0","2020","A","","New Orleans-Metairie, LA MSA","Private","NAICS 711219 Other spectator sports","MSA, NAICS 6-digit -- by ownership sector","All establishment sizes",28,183,5433964,3014192,31109,572,29721,"",1.92,2.69,1.48,4.23,4.57,0.55,0.55,"N",1,3.7,0,0,0,0,0,0,0,0,0,0,0,0
"C3538","5","7113","46","0","2020","A","","New Orleans-Metairie, LA MSA","Private","NAICS 7113 Promoters of performing arts and sports","MSA, NAICS 4-digit -- by ownership sector","All establishment sizes",79,1155,34969221,10375247,135382,582,30283,"",2.21,3.81,2.21,4.13,3.32,0.58,0.58,"",8,11.3,-1029,-47.1,-19143028,-35.4,-7210706,-41.0,-124856,-48.0,106,22.3,5505,22.2
"C3538","5","71131","47","0","2020","A","N","New Orleans-Metairie, LA MSA","Private","NAICS 71131 Promoters with facilities","MSA, NAICS 5-digit -- by ownership sector","All establishment sizes",27,0,0,0,0,0,0,"N",1.79,0,0,0,0,0,0,"N",3,12.5,0,0,0,0,0,0,0,0,0,0,0,0
"C3538","5","711310","48","0","2020","A","N","New Orleans-Metairie, LA MSA","Private","NAICS 711310 Promoters with facilities","MSA, NAICS 6-digit -- by ownership sector","All establishment sizes",27,0,0,0,0,0,0,"N",1.79,0,0,0,0,0,0,"N",3,12.5,0,0,0,0,0,0,0,0,0,0,0,0
"C3538","5","71132","47","0","2020","A","N","New Orleans-Metairie, LA MSA","Private","NAICS 71132 Promoters without facilities","MSA, NAICS 5-digit -- by ownership sector","All establishment sizes",52,0,0,0,0,0,0,"N",2.52,0,0,0,0,0,0,"N",5,10.6,0,0,0,0,0,0,0,0,0,0,0,0
"C3538","5","711320","48","0","2020","A","N","New Orleans-Metairie, LA MSA","Private","NAICS 711320 Promoters without facilities","MSA, NAICS 6-digit -- by ownership sector","All establishment sizes",52,0,0,0,0,0,0,"N",2.52,0,0,0,0,0,0,"N",5,10.6,0,0,0,0,0,0,0,0,0,0,0,0
"C3538","5","7114","46","0","2020","A","","New Orleans-Metairie, LA MSA","Private","NAICS 7114 Agents and managers for public figures","MSA, NAICS 4-digit -- by ownership sector","All establishment sizes",22,32,1920858,295794,2920,1173,60980,"",1.05,0.37,0.23,0.42,0.19,0.64,0.64,"",0,0.0,-5,-13.5,-282393,-12.8,-2282,-0.8,183,6.7,38,3.3,1964,3.3
"C3538","5","71141","47","0","2020","A","","New Orleans-Metairie, LA MSA","Private","NAICS 71141 Agents and managers for public figures","MSA, NAICS 5-digit -- by ownership sector","All establishment sizes",22,32,1920858,295794,2920,1173,60980,"",1.05,0.37,0.23,0.42,0.19,0.64,0.64,"",0,0.0,-5,-13.5,-282393,-12.8,-2282,-0.8,183,6.7,38,3.3,1964,3.3
"C3538","5","711410","48","0","2020","A","","New Orleans-Metairie, LA MSA","Private","NAICS 711410 Agents and managers for public figures","MSA, NAICS 6-digit -- by ownership sector","All establishment sizes",22,32,1920858,295794,2920,1173,60980,"",1.05,0.37,0.23,0.42,0.19,0.64,0.64,"",0,0.0,-5,-13.5,-282393,-12.8,-2282,-0.8,183,6.7,38,3.3,1964,3.3
"C3538","5","7115","46","0","2020","A","","New Orleans-Metairie, LA MSA","Private","NAICS 7115 Independent artists, writers, and performers","MSA, NAICS 4-digit -- by ownership sector","All establishment sizes",157,141,18899379,2157017,34058,2576,133959,"",1.22,0.90,0.75,1.34,1.38,0.83,0.83,"",16,11.3,-36,-20.3,-5146324,-21.4,184014,9.3,3497,11.4,-44,-1.7,-2277,-1.7
"C3538","5","71151","47","0","2020","A","","New Orleans-Metairie, LA MSA","Private","NAICS 71151 Independent artists, writers, and performers","MSA, NAICS 5-digit -- by ownership sector","All establishment sizes",157,141,18899379,2157017,34058,2576,133959,"",1.22,0.90,0.75,1.34,1.38,0.83,0.83,"",16,11.3,-36,-20.3,-5146324,-21.4,184014,9.3,3497,11.4,-44,-1.7,-2277,-1.7
"C3538","5","711510","48","0","2020","A","","New Orleans-Metairie, LA MSA","Private","NAICS 711510 Independent artists, writers, and performers","MSA, NAICS 6-digit -- by ownership sector","All establishment sizes",157,141,18899379,2157017,34058,2576,133959,"",1.22,0.90,0.75,1.34,1.38,0.83,0.83,"",16,11.3,-36,-20.3,-5146324,-21.4,184014,9.3,3497,11.4,-44,-1.7,-2277,-1.7
"C3538","5","712","45","0","2020","A","","New Orleans-Metairie, LA MSA","Private","NAICS 712 Museums, historical sites, zoos, and parks","MSA, NAICS 3-digit -- by ownership sector","All establishment sizes",35,1368,51120969,6459248,60496,719,37367,"",1.25,2.84,2.78,2.99,2.56,0.98,0.98,"N",2,6.1,0,0,0,0,0,0,0,0,0,0,0,0
"C3538","5","7121","46","0","2020","A","","New Orleans-Metairie, LA MSA","Private","NAICS 7121 Museums, historical sites, zoos, and parks","MSA, NAICS 4-digit -- by ownership sector","All establishment sizes",35,1368,51120969,6459248,60496,719,37367,"",1.25,2.84,2.78,2.99,2.56,0.98,0.98,"N",2,6.1,0,0,0,0,0,0,0,0,0,0,0,0
"C3538","5","71211","47","0","2020","A","","New Orleans-Metairie, LA MSA","Private","NAICS 71211 Museums","MSA, NAICS 5-digit -- by ownership sector","All establishment sizes",25,691,30724482,5675361,50128,856,44496,"",1.33,2.45,2.68,4.73,3.51,1.09,1.09,"",1,4.2,-137,-16.5,-5053765,-14.1,-726493,-11.3,-3722,-6.9,25,3.0,1277,3.0
"C3538","5","712110","48","0","2020","A","","New Orleans-Metairie, LA MSA","Private","NAICS 712110 Museums","MSA, NAICS 6-digit -- by ownership sector","All establishment sizes",25,691,30724482,5675361,50128,856,44496,"",1.33,2.45,2.68,4.73,3.51,1.09,1.09,"",1,4.2,-137,-16.5,-5053765,-14.1,-726493,-11.3,-3722,-6.9,25,3.0,1277,3.0
"C3538","5","71212","47","0","2020","A","","New Orleans-Metairie, LA MSA","Private","NAICS 71212 Historical sites","MSA, NAICS 5-digit -- by ownership sector","All establishment sizes",7,108,2584648,503913,7660,460,23895,"",2.74,2.87,2.04,2.09,3.74,0.71,0.71,"",1,16.7,-14,-11.5,-55840,-2.1,-144827,-22.3,-425,-5.3,45,10.8,2296,10.6
"C3538","5","712120","48","0","2020","A","","New Orleans-Metairie, LA MSA","Private","NAICS 712120 Historical sites","MSA, NAICS 6-digit -- by ownership sector","All establishment sizes",7,108,2584648,503913,7660,460,23895,"",2.74,2.87,2.04,2.09,3.74,0.71,0.71,"",1,16.7,-14,-11.5,-55840,-2.1,-144827,-22.3,-425,-5.3,45,10.8,2296,10.6
"C3538","5","71213","47","0","2020","A","N","New Orleans-Metairie, LA MSA","Private","NAICS 71213 Zoos and botanical gardens","MSA, NAICS 5-digit -- by ownership sector","All establishment sizes",2,0,0,0,0,0,0,"N",0.60,0,0,0,0,0,0,"N",0,0.0,0,0,0,0,0,0,0,0,0,0,0,0
"C3538","5","712130","48","0","2020","A","N","New Orleans-Metairie, LA MSA","Private","NAICS 712130 Zoos and botanical gardens","MSA, NAICS 6-digit -- by ownership sector","All establishment sizes",2,0,0,0,0,0,0,"N",0.60,0,0,0,0,0,0,"N",0,0.0,0,0,0,0,0,0,0,0,0,0,0,0
"C3538","5","71219","47","0","2020","A","N","New Orleans-Metairie, LA MSA","Private","NAICS 71219 Nature parks and other similar institutions","MSA, NAICS 5-digit -- by ownership sector","All establishment sizes",1,0,0,0,0,0,0,"N",0.30,0,0,0,0,0,0,"N",0,0.0,0,0,0,0,0,0,0,0,0,0,0,0
"C3538","5","712190","48","0","2020","A","N","New Orleans-Metairie, LA MSA","Private","NAICS 712190 Nature parks and other similar institutions","MSA, NAICS 6-digit -- by ownership sector","All establishment sizes",1,0,0,0,0,0,0,"N",0.30,0,0,0,0,0,0,"N",0,0.0,0,0,0,0,0,0,0,0,0,0,0,0
"C3538","5","713","45","0","2020","A","","New Orleans-Metairie, LA MSA","Private","NAICS 713 Amusements, gambling, and recreation","MSA, NAICS 3-digit -- by ownership sector","All establishment sizes",418,5274,120447965,40897297,404835,439,22837,"",1.18,1.17,1.13,1.22,0.88,0.97,0.97,"N",13,3.2,0,0,0,0,0,0,0,0,0,0,0,0
"C3538","5","7131","46","0","2020","A","N","New Orleans-Metairie, LA MSA","Private","NAICS 7131 Amusement parks and arcades","MSA, NAICS 4-digit -- by ownership sector","All establishment sizes",16,0,0,0,0,0,0,"N",1.06,0,0,0,0,0,0,"N",1,6.7,0,0,0,0,0,0,0,0,0,0,0,0
"C3538","5","71311","47","0","2020","A","N","New Orleans-Metairie, LA MSA","Private","NAICS 71311 Amusement and theme parks","MSA, NAICS 5-digit -- by ownership sector","All establishment sizes",4,0,0,0,0,0,0,"N",0.89,0,0,0,0,0,0,"N",2,100.0,0,0,0,0,0,0,0,0,0,0,0,0
"C3538","5","713110","48","0","2020","A","N","New Orleans-Metairie, LA MSA","Private","NAICS 713110 Amusement and theme parks","MSA, NAICS 6-digit -- by ownership sector","All establishment sizes",4,0,0,0,0,0,0,"N",0.89,0,0,0,0,0,0,"N",2,100.0,0,0,0,0,0,0,0,0,0,0,0,0
"C3538","5","71312","47","0","2020","A","N","New Orleans-Metairie, LA MSA","Private","NAICS 71312 Amusement arcades","MSA, NAICS 5-digit -- by ownership sector","All establishment sizes",12,0,0,0,0,0,0,"N",1.14,0,0,0,0,0,0,"N",-1,-7.7,0,0,0,0,0,0,0,0,0,0,0,0
"C3538","5","713120","48","0","2020","A","N","New Orleans-Metairie, LA MSA","Private","NAICS 713120 Amusement arcades","MSA, NAICS 6-digit -- by ownership sector","All establishment sizes",12,0,0,0,0,0,0,"N",1.14,0,0,0,0,0,0,"N",-1,-7.7,0,0,0,0,0,0,0,0,0,0,0,0
"C3538","5","7132","46","0","2020","A","","New Orleans-Metairie, LA MSA","Private","NAICS 7132 Gambling industries","MSA, NAICS 4-digit -- by ownership sector","All establishment sizes",69,1490,40242308,12551549,144689,520,27014,"",4.99,5.02,4.00,4.05,3.90,0.80,0.80,"",2,3.0,-508,-25.4,-12088523,-23.1,-3051558,-19.6,-80417,-35.7,16,3.2,816,3.1
"C3538","5","71321","47","0","2020","A","","New Orleans-Metairie, LA MSA","Private","NAICS 71321 Casinos, except casino hotels","MSA, NAICS 5-digit -- by ownership sector","All establishment sizes",5,838,28607797,8825440,71925,657,34159,"",3.20,4.54,4.48,4.56,3.06,0.99,0.99,"",0,0.0,-404,-32.5,-10830615,-27.5,-2547652,-22.4,-66978,-48.2,47,7.7,2414,7.6
"C3538","5","713210","48","0","2020","A","","New Orleans-Metairie, LA MSA","Private","NAICS 713210 Casinos, except casino hotels","MSA, NAICS 6-digit -- by ownership sector","All establishment sizes",5,838,28607797,8825440,71925,657,34159,"",3.20,4.54,4.48,4.56,3.06,0.99,0.99,"",0,0.0,-404,-32.5,-10830615,-27.5,-2547652,-22.4,-66978,-48.2,47,7.7,2414,7.6
"C3538","5","71329","47","0","2020","A","","New Orleans-Metairie, LA MSA","Private","NAICS 71329 Other gambling industries","MSA, NAICS 5-digit -- by ownership sector","All establishment sizes",64,652,11634511,3726109,72764,343,17840,"",5.21,5.81,3.17,3.21,5.35,0.54,0.54,"",2,3.2,-103,-13.6,-1257908,-9.8,-503906,-11.9,-13439,-15.6,15,4.6,768,4.5
"C3538","5","713290","48","0","2020","A","","New Orleans-Metairie, LA MSA","Private","NAICS 713290 Other gambling industries","MSA, NAICS 6-digit -- by ownership sector","All establishment sizes",64,652,11634511,3726109,72764,343,17840,"",5.21,5.81,3.17,3.21,5.35,0.54,0.54,"",2,3.2,-103,-13.6,-1257908,-9.8,-503906,-11.9,-13439,-15.6,15,4.6,768,4.5
"C3538","5","7139","46","0","2020","A","N","New Orleans-Metairie, LA MSA","Private","NAICS 7139 Other amusement and recreation industries","MSA, NAICS 4-digit -- by ownership sector","All establishment sizes",333,0,0,0,0,0,0,"N",1.02,0,0,0,0,0,0,"N",11,3.4,0,0,0,0,0,0,0,0,0,0,0,0
"C3538","5","71391","47","0","2020","A","","New Orleans-Metairie, LA MSA","Private","NAICS 71391 Golf courses and country clubs","MSA, NAICS 5-digit -- by ownership sector","All establishment sizes",24,897,22309188,7704345,61109,479,24885,"",0.55,0.77,0.71,0.83,0.34,0.92,0.92,"",2,9.1,-84,-8.6,-1714121,-7.1,-634137,-7.6,-1126,-1.8,8,1.7,390,1.6
"C3538","5","713910","48","0","2020","A","","New Orleans-Metairie, LA MSA","Private","NAICS 713910 Golf courses and country clubs","MSA, NAICS 6-digit -- by ownership sector","All establishment sizes",24,897,22309188,7704345,61109,479,24885,"",0.55,0.77,0.71,0.83,0.34,0.92,0.92,"",2,9.1,-84,-8.6,-1714121,-7.1,-634137,-7.6,-1126,-1.8,8,1.7,390,1.6
"C3538","5","71393","47","0","2020","A","","New Orleans-Metairie, LA MSA","Private","NAICS 71393 Marinas","MSA, NAICS 5-digit -- by ownership sector","All establishment sizes",17,183,5221330,1753926,21424,550,28610,"",1.06,1.43,1.16,1.55,1.07,0.81,0.81,"",0,0.0,-19,-9.4,-590694,-10.2,-142566,-7.5,-5693,-21.0,-4,-0.7,-186,-0.6
"C3538","5","713930","48","0","2020","A","","New Orleans-Metairie, LA MSA","Private","NAICS 713930 Marinas","MSA, NAICS 6-digit -- by ownership sector","All establishment sizes",17,183,5221330,1753926,21424,550,28610,"",1.06,1.43,1.16,1.55,1.07,0.81,0.81,"",0,0.0,-19,-9.4,-590694,-10.2,-142566,-7.5,-5693,-21.0,-4,-0.7,-186,-0.6
"C3538","5","71394","47","0","2020","A","","New Orleans-Metairie, LA MSA","Private","NAICS 71394 Fitness and recreational sports centers","MSA, NAICS 5-digit -- by ownership sector","All establishment sizes",191,1955,36054848,11682884,109347,355,18446,"",1.17,1.19,1.27,1.18,1.00,1.06,1.06,"",4,2.1,-634,-24.5,-6043888,-14.4,-2510656,-17.7,-30628,-21.9,42,13.4,2186,13.4
"C3538","5","713940","48","0","2020","A","","New Orleans-Metairie, LA MSA","Private","NAICS 713940 Fitness and recreational sports centers","MSA, NAICS 6-digit -- by ownership sector","All establishment sizes",191,1955,36054848,11682884,109347,355,18446,"",1.17,1.19,1.27,1.18,1.00,1.06,1.06,"",4,2.1,-634,-24.5,-6043888,-14.4,-2510656,-17.7,-30628,-21.9,42,13.4,2186,13.4
"C3538","5","71395","47","0","2020","A","N","New Orleans-Metairie, LA MSA","Private","NAICS 71395 Bowling centers","MSA, NAICS 5-digit -- by ownership sector","All establishment sizes",7,0,0,0,0,0,0,"N",0.50,0,0,0,0,0,0,"N",0,0.0,0,0,0,0,0,0,0,0,0,0,0,0
"C3538","5","713950","48","0","2020","A","N","New Orleans-Metairie, LA MSA","Private","NAICS 713950 Bowling centers","MSA, NAICS 6-digit -- by ownership sector","All establishment sizes",7,0,0,0,0,0,0,"N",0.50,0,0,0,0,0,0,"N",0,0.0,0,0,0,0,0,0,0,0,0,0,0,0
"C3538","5","71399","47","0","2020","A","","New Orleans-Metairie, LA MSA","Private","NAICS 71399 All other amusement and recreation industries","MSA, NAICS 5-digit -- by ownership sector","All establishment sizes",95,469,9798120,4385422,45933,402,20914,"",1.08,0.88,0.84,1.04,0.96,0.96,0.96,"",5,5.6,-219,-31.8,-3550395,-26.6,-1348858,-23.5,-18355,-28.6,29,7.8,1500,7.7
"C3538","5","713990","48","0","2020","A","","New Orleans-Metairie, LA MSA","Private","NAICS 713990 All other amusement and recreation industries","MSA, NAICS 6-digit -- by ownership sector","All establishment sizes",95,469,9798120,4385422,45933,402,20914,"",1.08,0.88,0.84,1.04,0.96,0.96,0.96,"",5,5.6,-219,-31.8,-3550395,-26.6,-1348858,-23.5,-18355,-28.6,29,7.8,1500,7.7
"C3538","5","72","44","0","2020","A","","New Orleans-Metairie, LA MSA","Private","NAICS 72 Accommodation and food services","MSA, NAICS Sector -- by ownership sector","All establishment sizes",4225,56155,1289507332,600374730,6521178,442,22963,"",1.44,1.42,1.59,1.85,2.07,1.13,1.12,"",148,3.6,-22782,-28.9,-546017656,-29.7,-144650166,-19.4,-2471673,-27.5,-5,-1.1,-290,-1.2
"C3538","5","721","45","0","2020","A","N","New Orleans-Metairie, LA MSA","Private","NAICS 721 Accommodation","MSA, NAICS 3-digit -- by ownership sector","All establishment sizes",421,0,0,0,0,0,0,"N",1.43,0,0,0,0,0,0,"N",16,4.0,0,0,0,0,0,0,0,0,0,0,0,0
"C3538","5","7211","46","0","2020","A","","New Orleans-Metairie, LA MSA","Private","NAICS 7211 Traveler accommodation","MSA, NAICS 4-digit -- by ownership sector","All establishment sizes",394,8563,285035313,107996076,1299434,640,33286,"",1.55,1.79,1.86,2.09,2.21,1.04,1.04,"",14,3.7,-5978,-41.1,-210356030,-42.5,-35575013,-24.8,-687797,-34.6,-15,-2.3,-784,-2.3
"C3538","5","72111","47","0","2020","A","","New Orleans-Metairie, LA MSA","Private","NAICS 72111 Hotels and motels, except casino hotels","MSA, NAICS 5-digit -- by ownership sector","All establishment sizes",359,7373,239136169,92832540,1168543,624,32434,"",1.54,1.84,2.11,2.38,2.52,1.15,1.15,"",9,2.6,-5020,-40.5,-181744109,-43.2,-30887070,-25.0,-644717,-35.6,-29,-4.4,-1527,-4.5
"C3538","5","721110","48","0","2020","A","","New Orleans-Metairie, LA MSA","Private","NAICS 721110 Hotels and motels, except casino hotels","MSA, NAICS 6-digit -- by ownership sector","All establishment sizes",359,7373,239136169,92832540,1168543,624,32434,"",1.54,1.84,2.11,2.38,2.52,1.15,1.15,"",9,2.6,-5020,-40.5,-181744109,-43.2,-30887070,-25.0,-644717,-35.6,-29,-4.4,-1527,-4.5
"C3538","5","72112","47","0","2020","A","N","New Orleans-Metairie, LA MSA","Private","NAICS 72112 Casino hotels","MSA, NAICS 5-digit -- by ownership sector","All establishment sizes",1,0,0,0,0,0,0,"N",0.68,0,0,0,0,0,0,"N",0,0.0,0,0,0,0,0,0,0,0,0,0,0,0
"C3538","5","721120","48","0","2020","A","N","New Orleans-Metairie, LA MSA","Private","NAICS 721120 Casino hotels","MSA, NAICS 6-digit -- by ownership sector","All establishment sizes",1,0,0,0,0,0,0,"N",0.68,0,0,0,0,0,0,"N",0,0.0,0,0,0,0,0,0,0,0,0,0,0,0
"C3538","5","72119","47","0","2020","A","N","New Orleans-Metairie, LA MSA","Private","NAICS 72119 Other traveler accommodation","MSA, NAICS 5-digit -- by ownership sector","All establishment sizes",34,0,0,0,0,0,0,"N",1.72,0,0,0,0,0,0,"N",5,17.2,0,0,0,0,0,0,0,0,0,0,0,0
"C3538","5","721191","48","0","2020","A","","New Orleans-Metairie, LA MSA","Private","NAICS 721191 Bed-and-breakfast inns","MSA, NAICS 6-digit -- by ownership sector","All establishment sizes",19,57,1086868,542772,4216,367,19068,"",1.78,1.41,1.28,1.59,0.88,0.91,0.91,"",3,18.8,-14,-19.7,-421042,-27.9,-73220,-11.9,-992,-19.0,-41,-10.0,-2170,-10.2
"C3538","5","721199","48","0","2020","A","N","New Orleans-Metairie, LA MSA","Private","NAICS 721199 All other traveler accommodation","MSA, NAICS 6-digit -- by ownership sector","All establishment sizes",15,0,0,0,0,0,0,"N",1.65,0,0,0,0,0,0,"N",2,15.4,0,0,0,0,0,0,0,0,0,0,0,0
"C3538","5","7212","46","0","2020","A","","New Orleans-Metairie, LA MSA","Private","NAICS 7212 Rv parks and recreational camps","MSA, NAICS 4-digit -- by ownership sector","All establishment sizes",14,124,2520953,1158833,11733,392,20399,"",0.44,0.63,0.49,0.72,0.48,0.78,0.78,"",0,0.0,-32,-20.5,-392590,-13.5,-357052,-23.6,-4255,-26.6,32,8.9,1692,9.0
"C3538","5","72121","47","0","2020","A","","New Orleans-Metairie, LA MSA","Private","NAICS 72121 Rv parks and recreational camps","MSA, NAICS 5-digit -- by ownership sector","All establishment sizes",14,124,2520953,1158833,11733,392,20399,"",0.44,0.63,0.49,0.72,0.48,0.78,0.78,"",0,0.0,-32,-20.5,-392590,-13.5,-357052,-23.6,-4255,-26.6,32,8.9,1692,9.0
"C3538","5","721211","48","0","2020","A","N","New Orleans-Metairie, LA MSA","Private","NAICS 721211 Rv parks and campgrounds","MSA, NAICS 6-digit -- by ownership sector","All establishment sizes",13,0,0,0,0,0,0,"N",0.66,0,0,0,0,0,0,"N",1,8.3,0,0,0,0,0,0,0,0,0,0,0,0
"C3538","5","721214","48","0","2020","A","N","New Orleans-Metairie, LA MSA","Private","NAICS 721214 Recreational and vacation camps","MSA, NAICS 6-digit -- by ownership sector","All establishment sizes",1,0,0,0,0,0,0,"N",0.08,0,0,0,0,0,0,"N",-1,-50.0,0,0,0,0,0,0,0,0,0,0,0,0
"C3538","5","7213","46","0","2020","A","N","New Orleans-Metairie, LA MSA","Private","NAICS 7213 Rooming and boarding houses","MSA, NAICS 4-digit -- by ownership sector","All establishment sizes",13,0,0,0,0,0,0,"N",1.68,0,0,0,0,0,0,"N",2,18.2,0,0,0,0,0,0,0,0,0,0,0,0
"C3538","5","72131","47","0","2020","A","N","New Orleans-Metairie, LA MSA","Private","NAICS 72131 Rooming and boarding houses","MSA, NAICS 5-digit -- by ownership sector","All establishment sizes",13,0,0,0,0,0,0,"N",1.68,0,0,0,0,0,0,"N",2,18.2,0,0,0,0,0,0,0,0,0,0,0,0
"C3538","5","721310","48","0","2020","A","N","New Orleans-Metairie, LA MSA","Private","NAICS 721310 Rooming and boarding houses","MSA, NAICS 6-digit -- by ownership sector","All establishment sizes",13,0,0,0,0,0,0,"N",1.68,0,0,0,0,0,0,"N",2,18.2,0,0,0,0,0,0,0,0,0,0,0,0
"C3538","5","722","45","0","2020","A","N","New Orleans-Metairie, LA MSA","Private","NAICS 722 Food services and drinking places","MSA, NAICS 3-digit -- by ownership sector","All establishment sizes",3804,0,0,0,0,0,0,"N",1.44,0,0,0,0,0,0,"N",132,3.6,0,0,0,0,0,0,0,0,0,0,0,0
"C3538","5","7223","46","0","2020","A","","New Orleans-Metairie, LA MSA","Private","NAICS 7223 Special food services","MSA, NAICS 4-digit -- by ownership sector","All establishment sizes",252,3500,92229768,37264501,837403,507,26351,"",1.49,2.06,1.96,2.37,2.58,0.95,0.95,"",24,10.5,-1893,-35.1,-41208999,-30.9,-15198623,-29.0,-388472,-31.7,31,6.5,1607,6.5
"C3538","5","72231","47","0","2020","A","","New Orleans-Metairie, LA MSA","Private","NAICS 72231 Food service contractors","MSA, NAICS 5-digit -- by ownership sector","All establishment sizes",118,2593,70980063,28632108,716865,527,27378,"",1.29,2.05,1.95,2.40,2.64,0.95,0.95,"",11,10.3,-1320,-33.7,-30648185,-30.2,-11774768,-29.1,-313082,-30.4,28,5.6,1407,5.4
"C3538","5","722310","48","0","2020","A","","New Orleans-Metairie, LA MSA","Private","NAICS 722310 Food service contractors","MSA, NAICS 6-digit -- by ownership sector","All establishment sizes",118,2593,70980063,28632108,716865,527,27378,"",1.29,2.05,1.95,2.40,2.64,0.95,0.95,"",11,10.3,-1320,-33.7,-30648185,-30.2,-11774768,-29.1,-313082,-30.4,28,5.6,1407,5.4
"C3538","5","72232","47","0","2020","A","","New Orleans-Metairie, LA MSA","Private","NAICS 72232 Caterers","MSA, NAICS 5-digit -- by ownership sector","All establishment sizes",110,777,19904574,7904348,108396,493,25614,"",2.15,2.17,2.20,2.49,2.39,1.01,1.01,"",12,12.2,-474,-37.9,-10121862,-33.7,-3160966,-28.6,-63737,-37.0,32,6.9,1617,6.7
"C3538","5","722320","48","0","2020","A","","New Orleans-Metairie, LA MSA","Private","NAICS 722320 Caterers","MSA, NAICS 6-digit -- by ownership sector","All establishment sizes",110,777,19904574,7904348,108396,493,25614,"",2.15,2.17,2.20,2.49,2.39,1.01,1.01,"",12,12.2,-474,-37.9,-10121862,-33.7,-3160966,-28.6,-63737,-37.0,32,6.9,1617,6.7
"C3538","5","72233","47","0","2020","A","","New Orleans-Metairie, LA MSA","Private","NAICS 72233 Mobile food services","MSA, NAICS 5-digit -- by ownership sector","All establishment sizes",25,130,1345131,728045,12142,198,10314,"",0.93,1.76,0.89,1.20,1.56,0.50,0.50,"",1,4.2,-99,-43.2,-438952,-24.6,-262889,-26.5,-11653,-49.0,48,32.0,2506,32.1
"C3538","5","722330","48","0","2020","A","","New Orleans-Metairie, LA MSA","Private","NAICS 722330 Mobile food services","MSA, NAICS 6-digit -- by ownership sector","All establishment sizes",25,130,1345131,728045,12142,198,10314,"",0.93,1.76,0.89,1.20,1.56,0.50,0.50,"",1,4.2,-99,-43.2,-438952,-24.6,-262889,-26.5,-11653,-49.0,48,32.0,2506,32.1
"C3538","5","7224","46","0","2020","A","N","New Orleans-Metairie, LA MSA","Private","NAICS 7224 Drinking places, alcoholic beverages","MSA, NAICS 4-digit -- by ownership sector","All establishment sizes",485,0,0,0,0,0,0,"N",2.86,0,0,0,0,0,0,"N",7,1.5,0,0,0,0,0,0,0,0,0,0,0,0
"C3538","5","72241","47","0","2020","A","N","New Orleans-Metairie, LA MSA","Private","NAICS 72241 Drinking places, alcoholic beverages","MSA, NAICS 5-digit -- by ownership sector","All establishment sizes",485,0,0,0,0,0,0,"N",2.86,0,0,0,0,0,0,"N",7,1.5,0,0,0,0,0,0,0,0,0,0,0,0
"C3538","5","722410","48","0","2020","A","N","New Orleans-Metairie, LA MSA","Private","NAICS 722410 Drinking places, alcoholic beverages","MSA, NAICS 6-digit -- by ownership sector","All establishment sizes",485,0,0,0,0,0,0,"N",2.86,0,0,0,0,0,0,"N",7,1.5,0,0,0,0,0,0,0,0,0,0,0,0
"C3538","5","7225","46","0","2020","A","","New Orleans-Metairie, LA MSA","Private","NAICS 7225 Restaurants and other eating places","MSA, NAICS 4-digit -- by ownership sector","All establishment sizes",3068,41495,849732100,425730470,4095194,394,20478,"",1.33,1.30,1.45,1.72,1.92,1.12,1.12,"",102,3.4,-12993,-23.8,-254749656,-23.1,-82778374,-16.3,-1239968,-23.2,4,1.0,208,1.0
"C3538","5","72251","47","0","2020","A","","New Orleans-Metairie, LA MSA","Private","NAICS 72251 Restaurants and other eating places","MSA, NAICS 5-digit -- by ownership sector","All establishment sizes",3068,41495,849732100,425730470,4095194,394,20478,"",1.33,1.30,1.45,1.72,1.92,1.12,1.12,"",102,3.4,-12993,-23.8,-254749656,-23.1,-82778374,-16.3,-1239968,-23.2,4,1.0,208,1.0
"C3538","5","722511","48","0","2020","A","N","New Orleans-Metairie, LA MSA","Private","NAICS 722511 Full-service restaurants","MSA, NAICS 6-digit -- by ownership sector","All establishment sizes",1449,0,0,0,0,0,0,"N",1.44,0,0,0,0,0,0,"N",45,3.2,0,0,0,0,0,0,0,0,0,0,0,0
"C3538","5","722513","48","0","2020","A","","New Orleans-Metairie, LA MSA","Private","NAICS 722513 Limited-service restaurants","MSA, NAICS 6-digit -- by ownership sector","All establishment sizes",1201,16723,283487384,154278717,1404406,326,16952,"",1.20,1.13,1.17,1.47,1.72,1.03,1.03,"",36,3.1,-2454,-12.8,-21298518,-7.0,-12112508,-7.3,-189962,-11.9,20,6.5,1059,6.7
"C3538","5","722514","48","0","2020","A","N","New Orleans-Metairie, LA MSA","Private","NAICS 722514 Cafeterias, grill buffets, and buffets","MSA, NAICS 6-digit -- by ownership sector","All establishment sizes",30,0,0,0,0,0,0,"N",1.24,0,0,0,0,0,0,"N",-3,-9.1,0,0,0,0,0,0,0,0,0,0,0,0
"C3538","5","722515","48","0","2020","A","","New Orleans-Metairie, LA MSA","Private","NAICS 722515 Snack and nonalcoholic beverage bars","MSA, NAICS 6-digit -- by ownership sector","All establishment sizes",388,3091,50778227,26909799,294359,316,16427,"",1.42,1.22,1.15,1.44,1.56,0.95,0.95,"",23,6.3,-554,-15.2,-6848919,-11.9,-4491224,-14.3,-69329,-19.1,12,3.9,619,3.9
"C3538","5","81","44","0","2020","A","","New Orleans-Metairie, LA MSA","Private","NAICS 81 Other services, except public administration","MSA, NAICS Sector -- by ownership sector","All establishment sizes",3182,13153,549426518,120574605,1482258,803,41771,"",0.96,0.93,0.98,1.02,1.13,1.06,1.06,"",93,3.0,-2051,-13.5,-33042009,-5.7,-10680499,-8.1,-228078,-13.3,66,9.0,3461,9.0
"C3538","5","811","45","0","2020","A","","New Orleans-Metairie, LA MSA","Private","NAICS 811 Repair and maintenance","MSA, NAICS 3-digit -- by ownership sector","All establishment sizes",913,4477,222363266,45446095,587408,955,49663,"",0.98,0.99,1.11,1.01,1.17,1.13,1.13,"",14,1.6,-325,-6.8,-10754348,-4.6,-1797599,-3.8,-43637,-6.9,21,2.2,1113,2.3
"C3538","5","8111","46","0","2020","A","N","New Orleans-Metairie, LA MSA","Private","NAICS 8111 Automotive repair and maintenance","MSA, NAICS 4-digit -- by ownership sector","All establishment sizes",585,0,0,0,0,0,0,"N",0.89,0,0,0,0,0,0,"N",22,3.9,0,0,0,0,0,0,0,0,0,0,0,0
"C3538","5","81111","47","0","2020","A","","New Orleans-Metairie, LA MSA","Private","NAICS 81111 Automotive mechanical and electrical repair","MSA, NAICS 5-digit -- by ownership sector","All establishment sizes",288,1003,42990798,9897286,102670,824,42848,"",0.77,0.72,0.75,0.70,0.75,1.04,1.04,"",-2,-0.7,-55,-5.2,-1386297,-3.1,-2118,0.0,-3199,-3.0,17,2.1,897,2.1
"C3538","5","811111","48","0","2020","A","N","New Orleans-Metairie, LA MSA","Private","NAICS 811111 General automotive repair","MSA, NAICS 6-digit -- by ownership sector","All establishment sizes",253,0,0,0,0,0,0,"N",0.77,0,0,0,0,0,0,"N",-3,-1.2,0,0,0,0,0,0,0,0,0,0,0,0
"C3538","5","811112","48","0","2020","A","N","New Orleans-Metairie, LA MSA","Private","NAICS 811112 Automotive exhaust system repair","MSA, NAICS 6-digit -- by ownership sector","All establishment sizes",6,0,0,0,0,0,0,"N",0.73,0,0,0,0,0,0,"N",0,0.0,0,0,0,0,0,0,0,0,0,0,0,0
"C3538","5","811113","48","0","2020","A","","New Orleans-Metairie, LA MSA","Private","NAICS 811113 Automotive transmission repair","MSA, NAICS 6-digit -- by ownership sector","All establishment sizes",17,57,1866253,502231,5883,628,32646,"",1.09,1.05,0.85,0.94,1.17,0.81,0.81,"",0,0.0,-5,-8.1,-151143,-7.5,-37427,-6.9,-7,-0.1,5,0.8,238,0.7
"C3538","5","811118","48","0","2020","A","","New Orleans-Metairie, LA MSA","Private","NAICS 811118 Other automotive mechanical and elec. repair","MSA, NAICS 6-digit -- by ownership sector","All establishment sizes",11,62,2810598,543386,4637,874,45454,"",0.54,0.75,0.82,0.70,0.65,1.09,1.09,"",0,0.0,1,1.6,69608,2.5,9568,1.8,385,9.1,15,1.7,764,1.7
"C3538","5","81112","47","0","2020","A","","New Orleans-Metairie, LA MSA","Private","NAICS 81112 Automotive body, interior, and glass repair","MSA, NAICS 5-digit -- by ownership sector","All establishment sizes",169,961,48097426,9657833,110980,962,50032,"",1.03,1.04,1.10,1.00,1.07,1.06,1.06,"N",7,4.3,0,0,0,0,0,0,0,0,0,0,0,0
"C3538","5","811121","48","0","2020","A","","New Orleans-Metairie, LA MSA","Private","NAICS 811121 Automotive body and interior repair","MSA, NAICS 6-digit -- by ownership sector","All establishment sizes",140,775,39419772,7638509,89612,979,50897,"",1.00,0.95,1.01,0.90,1.00,1.07,1.07,"",6,4.5,-51,-6.2,-681287,-1.7,-479441,-5.9,-7408,-7.6,46,4.9,2368,4.9
"C3538","5","811122","48","0","2020","A","","New Orleans-Metairie, LA MSA","Private","NAICS 811122 Automotive glass replacement shops","MSA, NAICS 6-digit -- by ownership sector","All establishment sizes",29,187,8677654,2019324,21368,893,46446,"",1.19,1.67,1.83,1.75,1.53,1.10,1.09,"N",1,3.6,0,0,0,0,0,0,0,0,0,0,0,0
"C3538","5","81119","47","0","2020","A","N","New Orleans-Metairie, LA MSA","Private","NAICS 81119 Other automotive repair and maintenance","MSA, NAICS 5-digit -- by ownership sector","All establishment sizes",129,0,0,0,0,0,0,"N",1.06,0,0,0,0,0,0,"N",18,16.2,0,0,0,0,0,0,0,0,0,0,0,0
"C3538","5","811191","48","0","2020","A","","New Orleans-Metairie, LA MSA","Private","NAICS 811191 Automotive oil change and lubrication shops","MSA, NAICS 6-digit -- by ownership sector","All establishment sizes",45,277,9369171,3345425,52850,651,33864,"",1.53,1.32,1.52,1.68,3.26,1.16,1.16,"N",6,15.4,0,0,0,0,0,0,0,0,0,0,0,0
"C3538","5","811192","48","0","2020","A","","New Orleans-Metairie, LA MSA","Private","NAICS 811192 Car washes","MSA, NAICS 6-digit -- by ownership sector","All establishment sizes",66,508,11178572,5217895,73634,423,22016,"",0.98,0.91,0.88,1.16,1.73,0.96,0.97,"",9,15.8,-69,-12.0,-1083885,-8.8,-203164,-3.7,252,0.3,14,3.4,758,3.6
"C3538","5","811198","48","0","2020","A","N","New Orleans-Metairie, LA MSA","Private","NAICS 811198 All other automotive repair and maintenance","MSA, NAICS 6-digit -- by ownership sector","All establishment sizes",18,0,0,0,0,0,0,"N",0.74,0,0,0,0,0,0,"N",3,20.0,0,0,0,0,0,0,0,0,0,0,0,0
"C3538","5","8112","46","0","2020","A","","New Orleans-Metairie, LA MSA","Private","NAICS 8112 Electronic equipment repair and maintenance","MSA, NAICS 4-digit -- by ownership sector","All establishment sizes",92,418,28630577,3853478,35549,1316,68453,"",1.39,1.14,1.33,1.06,0.76,1.16,1.16,"",-2,-2.1,-41,-8.9,-2240704,-7.3,-481907,-11.1,-9050,-20.3,23,1.8,1220,1.8
"C3538","5","81121","47","0","2020","A","","New Orleans-Metairie, LA MSA","Private","NAICS 81121 Electronic equipment repair and maintenance","MSA, NAICS 5-digit -- by ownership sector","All establishment sizes",92,418,28630577,3853478,35549,1316,68453,"",1.39,1.14,1.33,1.06,0.76,1.16,1.16,"",-2,-2.1,-41,-8.9,-2240704,-7.3,-481907,-11.1,-9050,-20.3,23,1.8,1220,1.8
"C3538","5","811211","48","0","2020","A","","New Orleans-Metairie, LA MSA","Private","NAICS 811211 Consumer electronics repair and maintenance","MSA, NAICS 6-digit -- by ownership sector","All establishment sizes",8,13,587128,109191,1132,842,43761,"",0.88,0.27,0.29,0.26,0.20,1.07,1.07,"",0,0.0,-2,-13.3,-53121,-8.3,-11074,-9.2,-297,-20.8,17,2.1,839,2.0
"C3538","5","811212","48","0","2020","A","","New Orleans-Metairie, LA MSA","Private","NAICS 811212 Computer and office machine repair","MSA, NAICS 6-digit -- by ownership sector","All establishment sizes",28,102,4567746,1006921,12748,862,44818,"",1.04,0.77,0.62,0.75,0.68,0.81,0.81,"",-1,-3.4,-13,-11.3,-138709,-2.9,-23763,-2.3,2294,21.9,76,9.7,3922,9.6
"C3538","5","811213","48","0","2020","A","","New Orleans-Metairie, LA MSA","Private","NAICS 811213 Communication equipment repair","MSA, NAICS 6-digit -- by ownership sector","All establishment sizes",16,46,1748029,431054,4463,735,38208,"",2.03,0.87,0.60,0.88,0.61,0.70,0.70,"",0,0.0,1,2.2,-229610,-11.6,3371,0.8,712,19.0,-116,-13.6,-6068,-13.7
"C3538","5","811219","48","0","2020","A","","New Orleans-Metairie, LA MSA","Private","NAICS 811219 Other electronic equipment repair","MSA, NAICS 6-digit -- by ownership sector","All establishment sizes",39,257,21727674,2306312,17206,1625,84489,"",1.73,1.97,2.34,1.70,1.14,1.19,1.19,"",-2,-4.9,-28,-9.8,-1819264,-7.7,-450441,-16.3,-11759,-40.6,33,2.1,1723,2.1
"C3538","5","8113","46","0","2020","A","","New Orleans-Metairie, LA MSA","Private","NAICS 8113 Commercial machinery repair and maintenance","MSA, NAICS 4-digit -- by ownership sector","All establishment sizes",162,1044,72231793,10823124,181615,1331,69199,"",1.38,1.42,1.60,1.34,1.58,1.13,1.13,"",-3,-1.8,-83,-7.4,-6034012,-7.7,-586334,-5.1,-15889,-8.0,-5,-0.4,-278,-0.4
"C3538","5","81131","47","0","2020","A","","New Orleans-Metairie, LA MSA","Private","NAICS 81131 Commercial machinery repair and maintenance","MSA, NAICS 5-digit -- by ownership sector","All establishment sizes",162,1044,72231793,10823124,181615,1331,69199,"",1.38,1.42,1.60,1.34,1.58,1.13,1.13,"",-3,-1.8,-83,-7.4,-6034012,-7.7,-586334,-5.1,-15889,-8.0,-5,-0.4,-278,-0.4
"C3538","5","811310","48","0","2020","A","","New Orleans-Metairie, LA MSA","Private","NAICS 811310 Commercial machinery repair and maintenance","MSA, NAICS 6-digit -- by ownership sector","All establishment sizes",162,1044,72231793,10823124,181615,1331,69199,"",1.38,1.42,1.60,1.34,1.58,1.13,1.13,"",-3,-1.8,-83,-7.4,-6034012,-7.7,-586334,-5.1,-15889,-8.0,-5,-0.4,-278,-0.4
"C3538","5","8114","46","0","2020","A","N","New Orleans-Metairie, LA MSA","Private","NAICS 8114 Household goods repair and maintenance","MSA, NAICS 4-digit -- by ownership sector","All establishment sizes",75,0,0,0,0,0,0,"N",0.82,0,0,0,0,0,0,"N",-2,-2.6,0,0,0,0,0,0,0,0,0,0,0,0
"C3538","5","81141","47","0","2020","A","","New Orleans-Metairie, LA MSA","Private","NAICS 81141 Home and garden equip. and appliance repair","MSA, NAICS 5-digit -- by ownership sector","All establishment sizes",15,93,4280152,947253,10263,889,46230,"",0.53,0.98,1.13,1.02,0.89,1.15,1.15,"N",-2,-11.8,0,0,0,0,0,0,0,0,0,0,0,0
"C3538","5","811411","48","0","2020","A","N","New Orleans-Metairie, LA MSA","Private","NAICS 811411 Home and garden equipment repair","MSA, NAICS 6-digit -- by ownership sector","All establishment sizes",1,0,0,0,0,0,0,"N",0.14,0,0,0,0,0,0,"N",-1,-50.0,0,0,0,0,0,0,0,0,0,0,0,0
"C3538","5","811412","48","0","2020","A","N","New Orleans-Metairie, LA MSA","Private","NAICS 811412 Appliance repair and maintenance","MSA, NAICS 6-digit -- by ownership sector","All establishment sizes",14,0,0,0,0,0,0,"N",0.66,0,0,0,0,0,0,"N",-1,-6.7,0,0,0,0,0,0,0,0,0,0,0,0
"C3538","5","81142","47","0","2020","A","","New Orleans-Metairie, LA MSA","Private","NAICS 81142 Reupholstery and furniture repair","MSA, NAICS 5-digit -- by ownership sector","All establishment sizes",15,42,1413672,391801,4848,646,33592,"",1.01,0.93,0.92,0.95,1.08,0.98,0.98,"",1,7.1,-4,-8.7,-34139,-2.4,-37799,-8.8,-57,-1.2,44,7.3,2288,7.3
"C3538","5","811420","48","0","2020","A","","New Orleans-Metairie, LA MSA","Private","NAICS 811420 Reupholstery and furniture repair","MSA, NAICS 6-digit -- by ownership sector","All establishment sizes",15,42,1413672,391801,4848,646,33592,"",1.01,0.93,0.92,0.95,1.08,0.98,0.98,"",1,7.1,-4,-8.7,-34139,-2.4,-37799,-8.8,-57,-1.2,44,7.3,2288,7.3
"C3538","5","81143","47","0","2020","A","N","New Orleans-Metairie, LA MSA","Private","NAICS 81143 Footwear and leather goods repair","MSA, NAICS 5-digit -- by ownership sector","All establishment sizes",4,0,0,0,0,0,0,"N",1.16,0,0,0,0,0,0,"N",0,0.0,0,0,0,0,0,0,0,0,0,0,0,0
"C3538","5","811430","48","0","2020","A","N","New Orleans-Metairie, LA MSA","Private","NAICS 811430 Footwear and leather goods repair","MSA, NAICS 6-digit -- by ownership sector","All establishment sizes",4,0,0,0,0,0,0,"N",1.16,0,0,0,0,0,0,"N",0,0.0,0,0,0,0,0,0,0,0,0,0,0,0
"C3538","5","81149","47","0","2020","A","","New Orleans-Metairie, LA MSA","Private","NAICS 81149 Other household goods repair and maintenance","MSA, NAICS 5-digit -- by ownership sector","All establishment sizes",41,89,2866328,897568,9559,621,32297,"",0.93,0.77,0.70,0.85,0.73,0.90,0.90,"",-1,-2.4,-20,-18.3,-290674,-9.2,-227700,-20.2,-4315,-31.1,62,11.1,3245,11.2
"C3538","5","811490","48","0","2020","A","","New Orleans-Metairie, LA MSA","Private","NAICS 811490 Other household goods repair and maintenance","MSA, NAICS 6-digit -- by ownership sector","All establishment sizes",41,89,2866328,897568,9559,621,32297,"",0.93,0.77,0.70,0.85,0.73,0.90,0.90,"",-1,-2.4,-20,-18.3,-290674,-9.2,-227700,-20.2,-4315,-31.1,62,11.1,3245,11.2
"C3538","5","812","45","0","2020","A","","New Orleans-Metairie, LA MSA","Private","NAICS 812 Personal and laundry services","MSA, NAICS 3-digit -- by ownership sector","All establishment sizes",1010,4988,151600776,52322195,619265,585,30396,"",1.07,1.13,1.24,1.36,1.59,1.10,1.10,"",62,6.5,-1399,-21.9,-25386882,-14.3,-7307342,-12.3,-142767,-18.7,52,9.8,2687,9.7
"C3538","5","8121","46","0","2020","A","N","New Orleans-Metairie, LA MSA","Private","NAICS 8121 Personal care services","MSA, NAICS 4-digit -- by ownership sector","All establishment sizes",584,0,0,0,0,0,0,"N",1.07,0,0,0,0,0,0,"N",44,8.1,0,0,0,0,0,0,0,0,0,0,0,0
"C3538","5","81211","47","0","2020","A","","New Orleans-Metairie, LA MSA","Private","NAICS 81211 Hair, nail, and skin care services","MSA, NAICS 5-digit -- by ownership sector","All establishment sizes",474,1409,36597742,14841362,160886,499,25973,"",1.08,0.89,1.00,1.03,1.20,1.13,1.13,"",32,7.2,-292,-17.2,-6037923,-14.2,-750447,-4.8,-15186,-8.6,17,3.5,909,3.6
"C3538","5","812111","48","0","2020","A","","New Orleans-Metairie, LA MSA","Private","NAICS 812111 Barber shops","MSA, NAICS 6-digit -- by ownership sector","All establishment sizes",27,54,1724478,573442,6977,616,32034,"",1.06,0.58,0.74,0.63,0.83,1.28,1.28,"",5,22.7,-8,-12.9,-280866,-14.0,-12497,-2.1,-303,-4.2,-3,-0.5,-137,-0.4
"C3538","5","812112","48","0","2020","A","","New Orleans-Metairie, LA MSA","Private","NAICS 812112 Beauty salons","MSA, NAICS 6-digit -- by ownership sector","All establishment sizes",249,715,20205204,7187619,67742,543,28259,"",0.83,0.62,0.72,0.68,0.76,1.17,1.17,"",6,2.5,-183,-20.4,-4020266,-16.6,-1104633,-13.3,-6354,-8.6,24,4.6,1274,4.7
"C3538","5","812113","48","0","2020","A","","New Orleans-Metairie, LA MSA","Private","NAICS 812113 Nail salons","MSA, NAICS 6-digit -- by ownership sector","All establishment sizes",199,640,14668060,7080301,86167,441,22910,"",1.74,1.89,2.38,2.33,2.33,1.26,1.26,"",21,11.8,-101,-13.6,-1736791,-10.6,366683,5.5,-8529,-9.0,15,3.5,771,3.5
"C3538","5","81219","47","0","2020","A","N","New Orleans-Metairie, LA MSA","Private","NAICS 81219 Other personal care services","MSA, NAICS 5-digit -- by ownership sector","All establishment sizes",110,0,0,0,0,0,0,"N",1.04,0,0,0,0,0,0,"N",12,12.2,0,0,0,0,0,0,0,0,0,0,0,0
"C3538","5","812191","48","0","2020","A","N","New Orleans-Metairie, LA MSA","Private","NAICS 812191 Diet and weight reducing centers","MSA, NAICS 6-digit -- by ownership sector","All establishment sizes",12,0,0,0,0,0,0,"N",0.96,0,0,0,0,0,0,"N",1,9.1,0,0,0,0,0,0,0,0,0,0,0,0
"C3538","5","812199","48","0","2020","A","","New Orleans-Metairie, LA MSA","Private","NAICS 812199 Other personal care services","MSA, NAICS 6-digit -- by ownership sector","All establishment sizes",99,476,13038112,5257508,74530,527,27401,"",1.06,1.15,1.35,1.42,1.81,1.18,1.18,"N",12,13.8,0,0,0,0,0,0,0,0,0,0,0,0
"C3538","5","8122","46","0","2020","A","N","New Orleans-Metairie, LA MSA","Private","NAICS 8122 Death care services","MSA, NAICS 4-digit -- by ownership sector","All establishment sizes",72,0,0,0,0,0,0,"N",0.98,0,0,0,0,0,0,"N",2,2.9,0,0,0,0,0,0,0,0,0,0,0,0
"C3538","5","81221","47","0","2020","A","","New Orleans-Metairie, LA MSA","Private","NAICS 81221 Funeral homes and funeral services","MSA, NAICS 5-digit -- by ownership sector","All establishment sizes",56,565,28105164,5252349,53879,956,49707,"",1.01,1.56,2.01,1.85,2.49,1.29,1.29,"N",0,0.0,0,0,0,0,0,0,0,0,0,0,0,0
"C3538","5","812210","48","0","2020","A","","New Orleans-Metairie, LA MSA","Private","NAICS 812210 Funeral homes and funeral services","MSA, NAICS 6-digit -- by ownership sector","All establishment sizes",56,565,28105164,5252349,53879,956,49707,"",1.01,1.56,2.01,1.85,2.49,1.29,1.29,"N",0,0.0,0,0,0,0,0,0,0,0,0,0,0,0
"C3538","5","81222","47","0","2020","A","N","New Orleans-Metairie, LA MSA","Private","NAICS 81222 Cemeteries and crematories","MSA, NAICS 5-digit -- by ownership sector","All establishment sizes",16,0,0,0,0,0,0,"N",0.90,0,0,0,0,0,0,"N",1,6.7,0,0,0,0,0,0,0,0,0,0,0,0
"C3538","5","812220","48","0","2020","A","N","New Orleans-Metairie, LA MSA","Private","NAICS 812220 Cemeteries and crematories","MSA, NAICS 6-digit -- by ownership sector","All establishment sizes",16,0,0,0,0,0,0,"N",0.90,0,0,0,0,0,0,"N",1,6.7,0,0,0,0,0,0,0,0,0,0,0,0
"C3538","5","8123","46","0","2020","A","","New Orleans-Metairie, LA MSA","Private","NAICS 8123 Drycleaning and laundry services","MSA, NAICS 4-digit -- by ownership sector","All establishment sizes",150,1112,34242018,11397670,145339,592,30793,"",1.23,1.29,1.28,1.49,1.98,0.99,0.99,"",-6,-3.8,-317,-22.2,-9558958,-21.8,-2232715,-16.4,-11948,-7.6,3,0.5,149,0.5
"C3538","5","81231","47","0","2020","A","","New Orleans-Metairie, LA MSA","Private","NAICS 81231 Coin-operated laundries and drycleaners","MSA, NAICS 5-digit -- by ownership sector","All establishment sizes",34,48,817928,440929,3841,327,17011,"",0.89,0.39,0.32,0.47,0.39,0.83,0.83,"",0,0.0,-15,-23.8,-147297,-15.3,-92476,-17.3,-1233,-24.3,34,11.6,1751,11.5
"C3538","5","812310","48","0","2020","A","","New Orleans-Metairie, LA MSA","Private","NAICS 812310 Coin-operated laundries and drycleaners","MSA, NAICS 6-digit -- by ownership sector","All establishment sizes",34,48,817928,440929,3841,327,17011,"",0.89,0.39,0.32,0.47,0.39,0.83,0.83,"",0,0.0,-15,-23.8,-147297,-15.3,-92476,-17.3,-1233,-24.3,34,11.6,1751,11.5
"C3538","5","81232","47","0","2020","A","","New Orleans-Metairie, LA MSA","Private","NAICS 81232 Drycleaning and laundry services","MSA, NAICS 5-digit -- by ownership sector","All establishment sizes",102,460,9180019,4731738,61485,384,19978,"",1.41,1.41,1.35,1.81,2.81,0.96,0.96,"",-4,-3.8,-207,-31.0,-4474893,-32.8,-1394352,-22.8,808,1.3,-10,-2.5,-497,-2.4
"C3538","5","812320","48","0","2020","A","","New Orleans-Metairie, LA MSA","Private","NAICS 812320 Drycleaning and laundry services","MSA, NAICS 6-digit -- by ownership sector","All establishment sizes",102,460,9180019,4731738,61485,384,19978,"",1.41,1.41,1.35,1.81,2.81,0.96,0.96,"",-4,-3.8,-207,-31.0,-4474893,-32.8,-1394352,-22.8,808,1.3,-10,-2.5,-497,-2.4
"C3538","5","81233","47","0","2020","A","","New Orleans-Metairie, LA MSA","Private","NAICS 81233 Linen and uniform supply","MSA, NAICS 5-digit -- by ownership sector","All establishment sizes",14,604,24244071,6225003,80013,771,40112,"",1.23,1.48,1.40,1.52,1.92,0.94,0.95,"",-3,-17.6,-95,-13.6,-4936768,-16.9,-745887,-10.7,-11523,-12.6,-32,-4.0,-1625,-3.9
"C3538","5","812331","48","0","2020","A","","New Orleans-Metairie, LA MSA","Private","NAICS 812331 Linen supply","MSA, NAICS 6-digit -- by ownership sector","All establishment sizes",7,286,8837850,3100262,39744,595,30920,"",1.21,1.47,1.24,1.47,2.01,0.85,0.84,"",0,0.0,-34,-10.6,-2090731,-19.1,-135866,-4.2,2542,6.8,-62,-9.4,-3223,-9.4
"C3538","5","812332","48","0","2020","A","","New Orleans-Metairie, LA MSA","Private","NAICS 812332 Industrial launderers","MSA, NAICS 6-digit -- by ownership sector","All establishment sizes",7,319,15406221,3124741,40269,930,48359,"",1.24,1.49,1.51,1.58,1.84,1.01,1.01,"",-3,-30.0,-60,-15.8,-2846037,-15.6,-610021,-16.3,-14065,-25.9,4,0.4,211,0.4
"C3538","5","8129","46","0","2020","A","","New Orleans-Metairie, LA MSA","Private","NAICS 8129 Other personal services","MSA, NAICS 4-digit -- by ownership sector","All establishment sizes",204,1280,35033677,14369436,166321,526,27372,"",0.99,1.26,1.20,1.66,1.64,0.95,0.95,"",22,12.1,-660,-34.0,-11147968,-24.1,-4480687,-23.8,-109804,-39.8,68,14.8,3568,15.0
"C3538","5","81291","47","0","2020","A","","New Orleans-Metairie, LA MSA","Private","NAICS 81291 Pet care, except veterinary, services","MSA, NAICS 5-digit -- by ownership sector","All establishment sizes",48,433,9349560,3963915,45024,415,21580,"",0.57,0.98,0.96,1.12,1.26,0.98,0.98,"",5,11.6,-45,-9.4,-73885,-0.8,-517570,-11.5,-24507,-35.2,36,9.5,1869,9.5
"C3538","5","812910","48","0","2020","A","","New Orleans-Metairie, LA MSA","Private","NAICS 812910 Pet care, except veterinary, services","MSA, NAICS 6-digit -- by ownership sector","All establishment sizes",48,433,9349560,3963915,45024,415,21580,"",0.57,0.98,0.96,1.12,1.26,0.98,0.98,"",5,11.6,-45,-9.4,-73885,-0.8,-517570,-11.5,-24507,-35.2,36,9.5,1869,9.5
"C3538","5","81292","47","0","2020","A","N","New Orleans-Metairie, LA MSA","Private","NAICS 81292 Photofinishing","MSA, NAICS 5-digit -- by ownership sector","All establishment sizes",2,0,0,0,0,0,0,"N",0.76,0,0,0,0,0,0,"N",0,0.0,0,0,0,0,0,0,0,0,0,0,0,0
"C3538","5","812921","48","0","2020","A","N","New Orleans-Metairie, LA MSA","Private","NAICS 812921 Photofinishing laboratories, except one-hour","MSA, NAICS 6-digit -- by ownership sector","All establishment sizes",1,0,0,0,0,0,0,"N",0.51,0,0,0,0,0,0,"N",0,0.0,0,0,0,0,0,0,0,0,0,0,0,0
"C3538","5","812922","48","0","2020","A","N","New Orleans-Metairie, LA MSA","Private","NAICS 812922 One-hour photofinishing","MSA, NAICS 6-digit -- by ownership sector","All establishment sizes",1,0,0,0,0,0,0,"N",1.49,0,0,0,0,0,0,"N",0,0.0,0,0,0,0,0,0,0,0,0,0,0,0
"C3538","5","81293","47","0","2020","A","","New Orleans-Metairie, LA MSA","Private","NAICS 81293 Parking lots and garages","MSA, NAICS 5-digit -- by ownership sector","All establishment sizes",64,697,20395829,8711252,100269,562,29248,"",1.92,2.10,2.27,3.05,2.97,1.08,1.08,"",3,4.9,-555,-44.3,-10168669,-33.3,-3609718,-29.3,-76948,-43.4,92,19.6,4831,19.8
"C3538","5","812930","48","0","2020","A","","New Orleans-Metairie, LA MSA","Private","NAICS 812930 Parking lots and garages","MSA, NAICS 6-digit -- by ownership sector","All establishment sizes",64,697,20395829,8711252,100269,562,29248,"",1.92,2.10,2.27,3.05,2.97,1.08,1.08,"",3,4.9,-555,-44.3,-10168669,-33.3,-3609718,-29.3,-76948,-43.4,92,19.6,4831,19.8
"C3538","5","81299","47","0","2020","A","N","New Orleans-Metairie, LA MSA","Private","NAICS 81299 All other personal services","MSA, NAICS 5-digit -- by ownership sector","All establishment sizes",91,0,0,0,0,0,0,"N",1.07,0,0,0,0,0,0,"N",14,18.2,0,0,0,0,0,0,0,0,0,0,0,0
"C3538","5","812990","48","0","2020","A","N","New Orleans-Metairie, LA MSA","Private","NAICS 812990 All other personal services","MSA, NAICS 6-digit -- by ownership sector","All establishment sizes",91,0,0,0,0,0,0,"N",1.07,0,0,0,0,0,0,"N",14,18.2,0,0,0,0,0,0,0,0,0,0,0,0
"C3538","5","813","45","0","2020","A","","New Orleans-Metairie, LA MSA","Private","NAICS 813 Membership associations and organizations","MSA, NAICS 3-digit -- by ownership sector","All establishment sizes",473,3166,157899769,16771987,219961,959,49871,"",0.76,0.72,0.74,0.61,0.65,1.03,1.03,"",25,5.6,-278,-8.1,3461575,2.2,-1133895,-6.3,-31872,-12.7,97,11.3,5029,11.2
"C3538","5","8131","46","0","2020","A","","New Orleans-Metairie, LA MSA","Private","NAICS 8131 Religious organizations","MSA, NAICS 4-digit -- by ownership sector","All establishment sizes",13,29,1276824,212598,3249,842,43777,"",0.13,0.04,0.07,0.09,0.12,1.45,1.45,"",0,0.0,3,11.5,110607,9.5,10778,5.3,-247,-7.1,-10,-1.2,-510,-1.2
"C3538","5","81311","47","0","2020","A","","New Orleans-Metairie, LA MSA","Private","NAICS 81311 Religious organizations","MSA, NAICS 5-digit -- by ownership sector","All establishment sizes",13,29,1276824,212598,3249,842,43777,"",0.13,0.04,0.07,0.09,0.12,1.45,1.45,"",0,0.0,3,11.5,110607,9.5,10778,5.3,-247,-7.1,-10,-1.2,-510,-1.2
"C3538","5","813110","48","0","2020","A","","New Orleans-Metairie, LA MSA","Private","NAICS 813110 Religious organizations","MSA, NAICS 6-digit -- by ownership sector","All establishment sizes",13,29,1276824,212598,3249,842,43777,"",0.13,0.04,0.07,0.09,0.12,1.45,1.45,"",0,0.0,3,11.5,110607,9.5,10778,5.3,-247,-7.1,-10,-1.2,-510,-1.2
"C3538","5","8132","46","0","2020","A","","New Orleans-Metairie, LA MSA","Private","NAICS 8132 Grantmaking and giving services","MSA, NAICS 4-digit -- by ownership sector","All establishment sizes",55,782,49928388,2448728,33982,1228,63881,"",0.74,1.54,1.40,0.76,0.80,0.91,0.91,"",6,12.2,41,5.5,4779246,10.6,133128,5.7,2530,8.0,56,4.8,2917,4.8
"C3538","5","81321","47","0","2020","A","","New Orleans-Metairie, LA MSA","Private","NAICS 81321 Grantmaking and giving services","MSA, NAICS 5-digit -- by ownership sector","All establishment sizes",55,782,49928388,2448728,33982,1228,63881,"",0.74,1.54,1.40,0.76,0.80,0.91,0.91,"",6,12.2,41,5.5,4779246,10.6,133128,5.7,2530,8.0,56,4.8,2917,4.8
"C3538","5","813211","48","0","2020","A","","New Orleans-Metairie, LA MSA","Private","NAICS 813211 Grantmaking foundations","MSA, NAICS 6-digit -- by ownership sector","All establishment sizes",22,232,18299023,987486,14063,1517,78903,"",0.55,0.96,0.95,0.58,0.69,0.99,0.99,"",1,4.8,18,8.4,2065396,12.7,-64965,-6.2,-2249,-13.8,55,3.8,2867,3.8
"C3538","5","813212","48","0","2020","A","","New Orleans-Metairie, LA MSA","Private","NAICS 813212 Voluntary health organizations","MSA, NAICS 6-digit -- by ownership sector","All establishment sizes",16,389,21904016,687882,9581,1084,56345,"",0.91,2.86,2.37,0.89,0.87,0.83,0.83,"",0,0.0,2,0.5,360056,1.7,-38959,-5.4,1176,14.0,13,1.2,640,1.1
"C3538","5","813219","48","0","2020","A","","New Orleans-Metairie, LA MSA","Private","NAICS 813219 Other grantmaking and giving services","MSA, NAICS 6-digit -- by ownership sector","All establishment sizes",17,161,9725349,773360,10338,1162,60437,"",1.01,1.23,1.34,1.03,0.95,1.09,1.09,"",4,30.8,21,15.0,2353794,31.9,237052,44.2,3603,53.5,152,15.0,7908,15.1
"C3538","5","8133","46","0","2020","A","","New Orleans-Metairie, LA MSA","Private","NAICS 8133 Social advocacy organizations","MSA, NAICS 4-digit -- by ownership sector","All establishment sizes",97,831,38960562,4535809,68015,902,46884,"",0.94,1.05,0.97,0.77,0.84,0.92,0.92,"",12,14.1,-19,-2.2,2207905,6.0,-121395,-2.6,-6622,-8.9,70,8.4,3629,8.4
"C3538","5","81331","47","0","2020","A","","New Orleans-Metairie, LA MSA","Private","NAICS 81331 Social advocacy organizations","MSA, NAICS 5-digit -- by ownership sector","All establishment sizes",97,831,38960562,4535809,68015,902,46884,"",0.94,1.05,0.97,0.77,0.84,0.92,0.92,"",12,14.1,-19,-2.2,2207905,6.0,-121395,-2.6,-6622,-8.9,70,8.4,3629,8.4
"C3538","5","813311","48","0","2020","A","","New Orleans-Metairie, LA MSA","Private","NAICS 813311 Human rights organizations","MSA, NAICS 6-digit -- by ownership sector","All establishment sizes",19,190,12559977,1840647,33905,1272,66163,"",0.92,1.05,1.34,1.48,1.92,1.28,1.28,"",0,0.0,-43,-18.5,-643470,-4.9,-366199,-16.6,-6646,-16.4,183,16.8,9557,16.9
"C3538","5","813312","48","0","2020","A","","New Orleans-Metairie, LA MSA","Private","NAICS 813312 Environment and conservation organizations","MSA, NAICS 6-digit -- by ownership sector","All establishment sizes",19,184,7761354,1046150,10551,812,42200,"",0.63,0.75,0.65,0.59,0.51,0.87,0.87,"",2,11.8,5,2.8,476160,6.5,-17827,-1.7,-2034,-16.2,27,3.4,1406,3.4
"C3538","5","813319","48","0","2020","A","","New Orleans-Metairie, LA MSA","Private","NAICS 813319 Other social advocacy organizations","MSA, NAICS 6-digit -- by ownership sector","All establishment sizes",59,457,18639231,1649012,23559,784,40764,"",1.12,1.25,0.98,0.57,0.55,0.79,0.79,"",10,20.4,19,4.3,2375215,14.6,262631,18.9,2058,9.6,70,9.8,3617,9.7
"C3538","5","8134","46","0","2020","A","","New Orleans-Metairie, LA MSA","Private","NAICS 8134 Civic and social organizations","MSA, NAICS 4-digit -- by ownership sector","All establishment sizes",74,515,11913184,1565640,20070,445,23121,"",0.72,0.54,0.52,0.45,0.47,0.97,0.97,"",2,2.8,-130,-20.2,-618062,-4.9,-141187,-8.3,-3298,-14.1,72,19.3,3703,19.1
"C3538","5","81341","47","0","2020","A","","New Orleans-Metairie, LA MSA","Private","NAICS 81341 Civic and social organizations","MSA, NAICS 5-digit -- by ownership sector","All establishment sizes",74,515,11913184,1565640,20070,445,23121,"",0.72,0.54,0.52,0.45,0.47,0.97,0.97,"",2,2.8,-130,-20.2,-618062,-4.9,-141187,-8.3,-3298,-14.1,72,19.3,3703,19.1
"C3538","5","813410","48","0","2020","A","","New Orleans-Metairie, LA MSA","Private","NAICS 813410 Civic and social organizations","MSA, NAICS 6-digit -- by ownership sector","All establishment sizes",74,515,11913184,1565640,20070,445,23121,"",0.72,0.54,0.52,0.45,0.47,0.97,0.97,"",2,2.8,-130,-20.2,-618062,-4.9,-141187,-8.3,-3298,-14.1,72,19.3,3703,19.1
"C3538","5","8139","46","0","2020","A","","New Orleans-Metairie, LA MSA","Private","NAICS 8139 Professional and similar organizations","MSA, NAICS 4-digit -- by ownership sector","All establishment sizes",234,1009,55820811,8009212,94645,1064,55314,"",0.96,0.68,0.59,0.64,0.65,0.87,0.87,"",5,2.2,-173,-14.6,-3018121,-5.1,-1015219,-11.2,-24235,-20.4,107,11.2,5542,11.1
"C3538","5","81391","47","0","2020","A","","New Orleans-Metairie, LA MSA","Private","NAICS 81391 Business associations","MSA, NAICS 5-digit -- by ownership sector","All establishment sizes",66,313,24474707,2668464,31203,1502,78090,"",0.83,0.78,0.74,0.72,0.77,0.95,0.95,"",1,1.5,-44,-12.3,-1254560,-4.9,-401794,-13.1,-13226,-29.8,114,8.2,5918,8.2
"C3538","5","813910","48","0","2020","A","","New Orleans-Metairie, LA MSA","Private","NAICS 813910 Business associations","MSA, NAICS 6-digit -- by ownership sector","All establishment sizes",66,313,24474707,2668464,31203,1502,78090,"",0.83,0.78,0.74,0.72,0.77,0.95,0.95,"",1,1.5,-44,-12.3,-1254560,-4.9,-401794,-13.1,-13226,-29.8,114,8.2,5918,8.2
"C3538","5","81392","47","0","2020","A","N","New Orleans-Metairie, LA MSA","Private","NAICS 81392 Professional organizations","MSA, NAICS 5-digit -- by ownership sector","All establishment sizes",35,0,0,0,0,0,0,"N",0.95,0,0,0,0,0,0,"N",0,0.0,0,0,0,0,0,0,0,0,0,0,0,0
"C3538","5","813920","48","0","2020","A","N","New Orleans-Metairie, LA MSA","Private","NAICS 813920 Professional organizations","MSA, NAICS 6-digit -- by ownership sector","All establishment sizes",35,0,0,0,0,0,0,"N",0.95,0,0,0,0,0,0,"N",0,0.0,0,0,0,0,0,0,0,0,0,0,0,0
"C3538","5","81393","47","0","2020","A","","New Orleans-Metairie, LA MSA","Private","NAICS 81393 Labor unions and similar labor organizations","MSA, NAICS 5-digit -- by ownership sector","All establishment sizes",72,273,8971761,1741291,19852,632,32844,"",1.36,0.76,0.54,0.67,0.69,0.71,0.71,"",-3,-4.0,-71,-20.6,-609264,-6.4,-470673,-21.3,-5142,-20.6,96,17.9,4992,17.9
"C3538","5","813930","48","0","2020","A","","New Orleans-Metairie, LA MSA","Private","NAICS 813930 Labor unions and similar labor organizations","MSA, NAICS 6-digit -- by ownership sector","All establishment sizes",72,273,8971761,1741291,19852,632,32844,"",1.36,0.76,0.54,0.67,0.69,0.71,0.71,"",-3,-4.0,-71,-20.6,-609264,-6.4,-470673,-21.3,-5142,-20.6,96,17.9,4992,17.9
"C3538","5","81394","47","0","2020","A","","New Orleans-Metairie, LA MSA","Private","NAICS 81394 Political organizations","MSA, NAICS 5-digit -- by ownership sector","All establishment sizes",14,30,1046668,481046,7274,671,34889,"",1.08,0.50,0.32,0.58,0.49,0.63,0.63,"N",6,75.0,0,0,0,0,0,0,0,0,0,0,0,0
"C3538","5","813940","48","0","2020","A","","New Orleans-Metairie, LA MSA","Private","NAICS 813940 Political organizations","MSA, NAICS 6-digit -- by ownership sector","All establishment sizes",14,30,1046668,481046,7274,671,34889,"",1.08,0.50,0.32,0.58,0.49,0.63,0.63,"N",6,75.0,0,0,0,0,0,0,0,0,0,0,0,0
"C3538","5","81399","47","0","2020","A","N","New Orleans-Metairie, LA MSA","Private","NAICS 81399 Other similar organizations","MSA, NAICS 5-digit -- by ownership sector","All establishment sizes",48,0,0,0,0,0,0,"N",0.79,0,0,0,0,0,0,"N",1,2.1,0,0,0,0,0,0,0,0,0,0,0,0
"C3538","5","813990","48","0","2020","A","N","New Orleans-Metairie, LA MSA","Private","NAICS 813990 Other similar organizations","MSA, NAICS 6-digit -- by ownership sector","All establishment sizes",48,0,0,0,0,0,0,"N",0.79,0,0,0,0,0,0,"N",1,2.1,0,0,0,0,0,0,0,0,0,0,0,0
"C3538","5","814","45","0","2020","A","","New Orleans-Metairie, LA MSA","Private","NAICS 814 Private households","MSA, NAICS 3-digit -- by ownership sector","All establishment sizes",786,522,17562707,6034328,55624,647,33634,"",0.97,0.67,0.76,0.92,0.69,1.13,1.13,"",-9,-1.1,-49,-8.6,-362354,-2.0,-441663,-6.8,-9802,-15.0,43,7.1,2237,7.1
"C3538","5","8141","46","0","2020","A","","New Orleans-Metairie, LA MSA","Private","NAICS 8141 Private households","MSA, NAICS 4-digit -- by ownership sector","All establishment sizes",786,522,17562707,6034328,55624,647,33634,"",0.97,0.67,0.76,0.92,0.69,1.13,1.13,"",-9,-1.1,-49,-8.6,-362354,-2.0,-441663,-6.8,-9802,-15.0,43,7.1,2237,7.1
"C3538","5","81411","47","0","2020","A","","New Orleans-Metairie, LA MSA","Private","NAICS 81411 Private households","MSA, NAICS 5-digit -- by ownership sector","All establishment sizes",786,522,17562707,6034328,55624,647,33634,"",0.97,0.67,0.76,0.92,0.69,1.13,1.13,"",-9,-1.1,-49,-8.6,-362354,-2.0,-441663,-6.8,-9802,-15.0,43,7.1,2237,7.1
"C3538","5","814110","48","0","2020","A","","New Orleans-Metairie, LA MSA","Private","NAICS 814110 Private households","MSA, NAICS 6-digit -- by ownership sector","All establishment sizes",786,522,17562707,6034328,55624,647,33634,"",0.97,0.67,0.76,0.92,0.69,1.13,1.13,"",-9,-1.1,-49,-8.6,-362354,-2.0,-441663,-6.8,-9802,-15.0,43,7.1,2237,7.1
"C3538","5","99","44","0","2020","A","","New Orleans-Metairie, LA MSA","Private","NAICS 99 Unclassified","MSA, NAICS Sector -- by ownership sector","All establishment sizes",85,11,392410,161521,6924,691,35946,"",0.12,0.02,0.01,0.02,0.05,0.61,0.61,"",14,19.7,-18,-62.1,-680132,-63.4,-136965,-45.9,-9441,-57.7,-33,-4.6,-1687,-4.5
"C3538","5","999","45","0","2020","A","","New Orleans-Metairie, LA MSA","Private","NAICS 999 Unclassified","MSA, NAICS 3-digit -- by ownership sector","All establishment sizes",85,11,392410,161521,6924,691,35946,"",0.12,0.02,0.01,0.02,0.05,0.61,0.61,"",14,19.7,-18,-62.1,-680132,-63.4,-136965,-45.9,-9441,-57.7,-33,-4.6,-1687,-4.5
"C3538","5","9999","46","0","2020","A","","New Orleans-Metairie, LA MSA","Private","NAICS 9999 Unclassified","MSA, NAICS 4-digit -- by ownership sector","All establishment sizes",85,11,392410,161521,6924,691,35946,"",0.12,0.02,0.01,0.02,0.05,0.61,0.61,"",14,19.7,-18,-62.1,-680132,-63.4,-136965,-45.9,-9441,-57.7,-33,-4.6,-1687,-4.5
"C3538","5","99999","47","0","2020","A","","New Orleans-Metairie, LA MSA","Private","NAICS 99999 Unclassified","MSA, NAICS 5-digit -- by ownership sector","All establishment sizes",85,11,392410,161521,6924,691,35946,"",0.12,0.02,0.01,0.02,0.05,0.61,0.61,"",14,19.7,-18,-62.1,-680132,-63.4,-136965,-45.9,-9441,-57.7,-33,-4.6,-1687,-4.5
"C3538","5","999999","48","0","2020","A","","New Orleans-Metairie, LA MSA","Private","NAICS 999999 Unclassified","MSA, NAICS 6-digit -- by ownership sector","All establishment sizes",85,11,392410,161521,6924,691,35946,"",0.12,0.02,0.01,0.02,0.05,0.61,0.61,"",14,19.7,-18,-62.1,-680132,-63.4,-136965,-45.9,-9441,-57.7,-33,-4.6,-1687,-4.5
