"area_fips","own_code","industry_code","agglvl_code","size_code","year","qtr","disclosure_code","area_title","own_title","industry_title","agglvl_title","size_title","annual_avg_estabs_count","annual_avg_emplvl","total_annual_wages","taxable_annual_wages","annual_contributions","annual_avg_wkly_wage","avg_annual_pay","lq_disclosure_code","lq_annual_avg_estabs_count","lq_annual_avg_emplvl","lq_total_annual_wages","lq_taxable_annual_wages","lq_annual_contributions","lq_annual_avg_wkly_wage","lq_avg_annual_pay","oty_disclosure_code","oty_annual_avg_estabs_count_chg","oty_annual_avg_estabs_count_pct_chg","oty_annual_avg_emplvl_chg","oty_annual_avg_emplvl_pct_chg","oty_total_annual_wages_chg","oty_total_annual_wages_pct_chg","oty_taxable_annual_wages_chg","oty_taxable_annual_wages_pct_chg","oty_annual_contributions_chg","oty_annual_contributions_pct_chg","oty_annual_avg_wkly_wage_chg","oty_annual_avg_wkly_wage_pct_chg","oty_avg_annual_pay_chg","oty_avg_annual_pay_pct_chg"
"05089","0","10","70","0","2020","A","","Marion County, Arkansas","Total Covered","10 Total, all industries","County, Total Covered","All establishment sizes",288,3398,118878336,25254456,260074,673,34988,"",1.00,1.00,1.00,1.00,1.00,1.00,1.00,"",-5,-1.7,-510,-13.1,-6883734,-5.5,-12377066,-32.9,-503792,-66.0,54,8.7,2810,8.7
"05089","1","10","71","0","2020","A","","Marion County, Arkansas","Federal Government","10 Total, all industries","County, Total -- by ownership sector","All establishment sizes",10,38,1713617,0,0,865,44997,"",5.94,0.53,0.51,0.00,0.00,0.96,0.96,"",0,0.0,4,11.8,75637,4.6,0,0.0,0,0.0,-55,-6.0,-2827,-5.9
"05089","1","102","72","0","2020","A","","Marion County, Arkansas","Federal Government","102 Service-providing","County, by Domain -- by ownership sector","All establishment sizes",10,38,1713617,0,0,865,44997,"",5.95,0.54,0.52,0.00,0.00,0.96,0.96,"",0,0.0,4,11.8,75637,4.6,0,0.0,0,0.0,-55,-6.0,-2827,-5.9
"05089","1","1021","73","0","2020","A","","Marion County, Arkansas","Federal Government","1021 Trade, transportation, and utilities","County, by Supersector -- by ownership sector","All establishment sizes",7,19,905506,0,0,941,48946,"",8.42,1.16,1.56,0.00,0.00,1.38,1.38,"",0,0.0,0,0.0,48543,5.7,0,0.0,0,0.0,77,8.9,4040,9.0
"05089","1","1026","73","0","2020","A","","Marion County, Arkansas","Federal Government","1026 Leisure and hospitality","County, by Supersector -- by ownership sector","All establishment sizes",1,11,652886,0,0,1100,57187,"",23.97,9.92,20.75,0.00,0.00,2.02,2.02,"",0,0.0,-4,-26.7,-109298,-14.3,0,0.0,0,0.0,89,8.8,4623,8.8
"05089","1","1028","73","0","2020","A","","Marion County, Arkansas","Federal Government","1028 Public administration","County, by Supersector -- by ownership sector","All establishment sizes",2,8,155225,0,0,366,19007,"",2.86,0.20,0.08,0.00,0.00,0.37,0.37,"",0,0.0,7,700.0,136392,724.2,0,0.0,0,0.0,-177,-32.6,-9243,-32.7
"05089","1","48-49","74","0","2020","A","","Marion County, Arkansas","Federal Government","NAICS 48-49 Transportation and warehousing","County, NAICS Sector -- by ownership sector","All establishment sizes",7,19,905506,0,0,941,48946,"",8.65,1.26,1.67,0.00,0.00,1.36,1.36,"",0,0.0,0,0.0,48543,5.7,0,0.0,0,0.0,77,8.9,4040,9.0
"05089","1","491","75","0","2020","A","","Marion County, Arkansas","Federal Government","NAICS 491 Postal service","County, NAICS 3-digit -- by ownership sector","All establishment sizes",7,19,905506,0,0,941,48946,"",8.71,1.29,1.75,0.00,0.00,1.39,1.39,"",0,0.0,0,0.0,48543,5.7,0,0.0,0,0.0,77,8.9,4040,9.0
"05089","1","4911","76","0","2020","A","","Marion County, Arkansas","Federal Government","NAICS 4911 Postal service","County, NAICS 4-digit -- by ownership sector","All establishment sizes",7,19,905506,0,0,941,48946,"",8.71,1.29,1.75,0.00,0.00,1.39,1.39,"",0,0.0,0,0.0,48543,5.7,0,0.0,0,0.0,77,8.9,4040,9.0
"05089","1","49111","77","0","2020","A","","Marion County, Arkansas","Federal Government","NAICS 49111 Postal service","County, NAICS 5-digit -- by ownership sector","All establishment sizes",7,19,905506,0,0,941,48946,"",8.71,1.29,1.75,0.00,0.00,1.39,1.39,"",0,0.0,0,0.0,48543,5.7,0,0.0,0,0.0,77,8.9,4040,9.0
"05089","1","491110","78","0","2020","A","","Marion County, Arkansas","Federal Government","NAICS 491110 Postal service","County, NAICS 6-digit -- by ownership sector","All establishment sizes",7,19,905506,0,0,941,48946,"",8.71,1.29,1.75,0.00,0.00,1.39,1.39,"",0,0.0,0,0.0,48543,5.7,0,0.0,0,0.0,77,8.9,4040,9.0
"05089","1","71","74","0","2020","A","","Marion County, Arkansas","Federal Government","NAICS 71 Arts, entertainment, and recreation","County, NAICS Sector -- by ownership sector","All establishment sizes",1,11,652886,0,0,1100,57187,"",32.66,12.26,23.05,0.00,0.00,1.81,1.81,"",0,0.0,-4,-26.7,-109298,-14.3,0,0.0,0,0.0,89,8.8,4623,8.8
"05089","1","712","75","0","2020","A","","Marion County, Arkansas","Federal Government","NAICS 712 Museums, historical sites, zoos, and parks","County, NAICS 3-digit -- by ownership sector","All establishment sizes",1,11,652886,0,0,1100,57187,"",66.45,20.64,29.68,0.00,0.00,1.38,1.39,"",0,0.0,-4,-26.7,-109298,-14.3,0,0.0,0,0.0,89,8.8,4623,8.8
"05089","1","7121","76","0","2020","A","","Marion County, Arkansas","Federal Government","NAICS 7121 Museums, historical sites, zoos, and parks","County, NAICS 4-digit -- by ownership sector","All establishment sizes",1,11,652886,0,0,1100,57187,"",66.45,20.64,29.68,0.00,0.00,1.38,1.39,"",0,0.0,-4,-26.7,-109298,-14.3,0,0.0,0,0.0,89,8.8,4623,8.8
"05089","1","71219","77","0","2020","A","","Marion County, Arkansas","Federal Government","NAICS 71219 Nature parks and other similar institutions","County, NAICS 5-digit -- by ownership sector","All establishment sizes",1,11,652886,0,0,1100,57187,"",73.42,29.61,45.95,0.00,0.00,1.49,1.50,"",0,0.0,-4,-26.7,-109298,-14.3,0,0.0,0,0.0,89,8.8,4623,8.8
"05089","1","712190","78","0","2020","A","","Marion County, Arkansas","Federal Government","NAICS 712190 Nature parks and other similar institutions","County, NAICS 6-digit -- by ownership sector","All establishment sizes",1,11,652886,0,0,1100,57187,"",73.42,29.61,45.95,0.00,0.00,1.49,1.50,"",0,0.0,-4,-26.7,-109298,-14.3,0,0.0,0,0.0,89,8.8,4623,8.8
"05089","1","92","74","0","2020","A","","Marion County, Arkansas","Federal Government","NAICS 92 Public administration","County, NAICS Sector -- by ownership sector","All establishment sizes",2,8,155225,0,0,366,19007,"",2.86,0.20,0.08,0.00,0.00,0.37,0.37,"",0,0.0,7,700.0,136392,724.2,0,0.0,0,0.0,-177,-32.6,-9243,-32.7
"05089","1","926","75","0","2020","A","","Marion County, Arkansas","Federal Government","NAICS 926 Administration of economic programs","County, NAICS 3-digit -- by ownership sector","All establishment sizes",2,8,155225,0,0,366,19007,"",7.08,1.04,0.45,0.00,0.00,0.43,0.43,"",0,0.0,7,700.0,136392,724.2,0,0.0,0,0.0,-177,-32.6,-9243,-32.7
"05089","1","9261","76","0","2020","A","","Marion County, Arkansas","Federal Government","NAICS 9261 Administration of economic programs","County, NAICS 4-digit -- by ownership sector","All establishment sizes",2,8,155225,0,0,366,19007,"",7.08,1.04,0.45,0.00,0.00,0.43,0.43,"",0,0.0,7,700.0,136392,724.2,0,0.0,0,0.0,-177,-32.6,-9243,-32.7
"05089","1","92611","77","0","2020","A","","Marion County, Arkansas","Federal Government","NAICS 92611 Administration of general economic programs","County, NAICS 5-digit -- by ownership sector","All establishment sizes",2,8,155225,0,0,366,19007,"",15.46,2.71,1.74,0.00,0.00,0.63,0.63,"",0,0.0,7,700.0,136392,724.2,0,0.0,0,0.0,-177,-32.6,-9243,-32.7
"05089","1","926110","78","0","2020","A","","Marion County, Arkansas","Federal Government","NAICS 926110 Administration of general economic programs","County, NAICS 6-digit -- by ownership sector","All establishment sizes",2,8,155225,0,0,366,19007,"",15.46,2.71,1.74,0.00,0.00,0.63,0.63,"",0,0.0,7,700.0,136392,724.2,0,0.0,0,0.0,-177,-32.6,-9243,-32.7
"05089","2","10","71","0","2020","A","","Marion County, Arkansas","State Government","10 Total, all industries","County, Total -- by ownership sector","All establishment sizes",7,39,1626798,0,0,802,41713,"",3.64,0.35,0.40,0.00,0.00,1.16,1.16,"",0,0.0,0,0.0,136245,9.1,0,0.0,0,0.0,64,8.7,3330,8.7
"05089","2","102","72","0","2020","A","","Marion County, Arkansas","State Government","102 Service-providing","County, by Domain -- by ownership sector","All establishment sizes",7,39,1626798,0,0,802,41713,"",3.74,0.35,0.41,0.00,0.00,1.16,1.16,"",0,0.0,0,0.0,136245,9.1,0,0.0,0,0.0,64,8.7,3330,8.7
"05089","2","1025","73","0","2020","A","N","Marion County, Arkansas","State Government","1025 Education and health services","County, by Supersector -- by ownership sector","All establishment sizes",1,0,0,0,0,0,0,"N",2.48,0,0,0,0,0,0,"N",0,0.0,0,0,0,0,0,0,0,0,0,0,0,0
"05089","2","1028","73","0","2020","A","N","Marion County, Arkansas","State Government","1028 Public administration","County, by Supersector -- by ownership sector","All establishment sizes",6,0,0,0,0,0,0,"N",4.38,0,0,0,0,0,0,"N",0,0.0,0,0,0,0,0,0,0,0,0,0,0,0
"05089","2","62","74","0","2020","A","N","Marion County, Arkansas","State Government","NAICS 62 Health care and social assistance","County, NAICS Sector -- by ownership sector","All establishment sizes",1,0,0,0,0,0,0,"N",5.39,0,0,0,0,0,0,"N",0,0.0,0,0,0,0,0,0,0,0,0,0,0,0
"05089","2","624","75","0","2020","A","N","Marion County, Arkansas","State Government","NAICS 624 Social assistance","County, NAICS 3-digit -- by ownership sector","All establishment sizes",1,0,0,0,0,0,0,"N",13.67,0,0,0,0,0,0,"N",0,0.0,0,0,0,0,0,0,0,0,0,0,0,0
"05089","2","6241","76","0","2020","A","N","Marion County, Arkansas","State Government","NAICS 6241 Individual and family services","County, NAICS 4-digit -- by ownership sector","All establishment sizes",1,0,0,0,0,0,0,"N",18.83,0,0,0,0,0,0,"N",0,0.0,0,0,0,0,0,0,0,0,0,0,0,0
"05089","2","62419","77","0","2020","A","N","Marion County, Arkansas","State Government","NAICS 62419 Other individual and family services","County, NAICS 5-digit -- by ownership sector","All establishment sizes",1,0,0,0,0,0,0,"N",35.39,0,0,0,0,0,0,"N",0,0.0,0,0,0,0,0,0,0,0,0,0,0,0
"05089","2","624190","78","0","2020","A","N","Marion County, Arkansas","State Government","NAICS 624190 Other individual and family services","County, NAICS 6-digit -- by ownership sector","All establishment sizes",1,0,0,0,0,0,0,"N",35.39,0,0,0,0,0,0,"N",0,0.0,0,0,0,0,0,0,0,0,0,0,0,0
"05089","2","92","74","0","2020","A","N","Marion County, Arkansas","State Government","NAICS 92 Public administration","County, NAICS Sector -- by ownership sector","All establishment sizes",6,0,0,0,0,0,0,"N",4.38,0,0,0,0,0,0,"N",0,0.0,0,0,0,0,0,0,0,0,0,0,0,0
"05089","2","921","75","0","2020","A","N","Marion County, Arkansas","State Government","NAICS 921 Executive, legislative and general government","County, NAICS 3-digit -- by ownership sector","All establishment sizes",1,0,0,0,0,0,0,"N",6.00,0,0,0,0,0,0,"N",0,0.0,0,0,0,0,0,0,0,0,0,0,0,0
"05089","2","9211","76","0","2020","A","N","Marion County, Arkansas","State Government","NAICS 9211 Executive, legislative and general government","County, NAICS 4-digit -- by ownership sector","All establishment sizes",1,0,0,0,0,0,0,"N",6.00,0,0,0,0,0,0,"N",0,0.0,0,0,0,0,0,0,0,0,0,0,0,0
"05089","2","92113","77","0","2020","A","N","Marion County, Arkansas","State Government","NAICS 92113 Public finance activities","County, NAICS 5-digit -- by ownership sector","All establishment sizes",1,0,0,0,0,0,0,"N",14.88,0,0,0,0,0,0,"N",0,0.0,0,0,0,0,0,0,0,0,0,0,0,0
"05089","2","921130","78","0","2020","A","N","Marion County, Arkansas","State Government","NAICS 921130 Public finance activities","County, NAICS 6-digit -- by ownership sector","All establishment sizes",1,0,0,0,0,0,0,"N",14.88,0,0,0,0,0,0,"N",0,0.0,0,0,0,0,0,0,0,0,0,0,0,0
"05089","2","922","75","0","2020","A","N","Marion County, Arkansas","State Government","NAICS 922 Justice, public order, and safety activities","County, NAICS 3-digit -- by ownership sector","All establishment sizes",1,0,0,0,0,0,0,"N",2.54,0,0,0,0,0,0,"N",0,0.0,0,0,0,0,0,0,0,0,0,0,0,0
"05089","2","9221","76","0","2020","A","N","Marion County, Arkansas","State Government","NAICS 9221 Justice, public order, and safety activities","County, NAICS 4-digit -- by ownership sector","All establishment sizes",1,0,0,0,0,0,0,"N",2.54,0,0,0,0,0,0,"N",0,0.0,0,0,0,0,0,0,0,0,0,0,0,0
"05089","2","92213","77","0","2020","A","N","Marion County, Arkansas","State Government","NAICS 92213 Legal counsel and prosecution","County, NAICS 5-digit -- by ownership sector","All establishment sizes",1,0,0,0,0,0,0,"N",18.67,0,0,0,0,0,0,"N",0,0.0,0,0,0,0,0,0,0,0,0,0,0,0
"05089","2","922130","78","0","2020","A","N","Marion County, Arkansas","State Government","NAICS 922130 Legal counsel and prosecution","County, NAICS 6-digit -- by ownership sector","All establishment sizes",1,0,0,0,0,0,0,"N",18.67,0,0,0,0,0,0,"N",0,0.0,0,0,0,0,0,0,0,0,0,0,0,0
"05089","2","923","75","0","2020","A","N","Marion County, Arkansas","State Government","NAICS 923 Administration of human resource programs","County, NAICS 3-digit -- by ownership sector","All establishment sizes",1,0,0,0,0,0,0,"N",3.45,0,0,0,0,0,0,"N",0,0.0,0,0,0,0,0,0,0,0,0,0,0,0
"05089","2","9231","76","0","2020","A","N","Marion County, Arkansas","State Government","NAICS 9231 Administration of human resource programs","County, NAICS 4-digit -- by ownership sector","All establishment sizes",1,0,0,0,0,0,0,"N",3.45,0,0,0,0,0,0,"N",0,0.0,0,0,0,0,0,0,0,0,0,0,0,0
"05089","2","92312","77","0","2020","A","N","Marion County, Arkansas","State Government","NAICS 92312 Administration of public health programs","County, NAICS 5-digit -- by ownership sector","All establishment sizes",1,0,0,0,0,0,0,"N",10.67,0,0,0,0,0,0,"N",0,0.0,0,0,0,0,0,0,0,0,0,0,0,0
"05089","2","923120","78","0","2020","A","N","Marion County, Arkansas","State Government","NAICS 923120 Administration of public health programs","County, NAICS 6-digit -- by ownership sector","All establishment sizes",1,0,0,0,0,0,0,"N",10.67,0,0,0,0,0,0,"N",0,0.0,0,0,0,0,0,0,0,0,0,0,0,0
"05089","2","924","75","0","2020","A","N","Marion County, Arkansas","State Government","NAICS 924 Administration of environmental programs","County, NAICS 3-digit -- by ownership sector","All establishment sizes",2,0,0,0,0,0,0,"N",10.39,0,0,0,0,0,0,"N",0,0.0,0,0,0,0,0,0,0,0,0,0,0,0
"05089","2","9241","76","0","2020","A","N","Marion County, Arkansas","State Government","NAICS 9241 Administration of environmental programs","County, NAICS 4-digit -- by ownership sector","All establishment sizes",2,0,0,0,0,0,0,"N",10.39,0,0,0,0,0,0,"N",0,0.0,0,0,0,0,0,0,0,0,0,0,0,0
"05089","2","92412","77","0","2020","A","N","Marion County, Arkansas","State Government","NAICS 92412 Administration of conservation programs","County, NAICS 5-digit -- by ownership sector","All establishment sizes",2,0,0,0,0,0,0,"N",12.62,0,0,0,0,0,0,"N",0,0.0,0,0,0,0,0,0,0,0,0,0,0,0
"05089","2","924120","78","0","2020","A","N","Marion County, Arkansas","State Government","NAICS 924120 Administration of conservation programs","County, NAICS 6-digit -- by ownership sector","All establishment sizes",2,0,0,0,0,0,0,"N",12.62,0,0,0,0,0,0,"N",0,0.0,0,0,0,0,0,0,0,0,0,0,0,0
"05089","2","926","75","0","2020","A","N","Marion County, Arkansas","State Government","NAICS 926 Administration of economic programs","County, NAICS 3-digit -- by ownership sector","All establishment sizes",1,0,0,0,0,0,0,"N",3.36,0,0,0,0,0,0,"N",0,0.0,0,0,0,0,0,0,0,0,0,0,0,0
"05089","2","9261","76","0","2020","A","N","Marion County, Arkansas","State Government","NAICS 9261 Administration of economic programs","County, NAICS 4-digit -- by ownership sector","All establishment sizes",1,0,0,0,0,0,0,"N",3.36,0,0,0,0,0,0,"N",0,0.0,0,0,0,0,0,0,0,0,0,0,0,0
"05089","2","92614","77","0","2020","A","N","Marion County, Arkansas","State Government","NAICS 92614 Agricultural market and commodity regulation","County, NAICS 5-digit -- by ownership sector","All establishment sizes",1,0,0,0,0,0,0,"N",11.75,0,0,0,0,0,0,"N",0,0.0,0,0,0,0,0,0,0,0,0,0,0,0
"05089","2","926140","78","0","2020","A","N","Marion County, Arkansas","State Government","NAICS 926140 Agricultural market and commodity regulation","County, NAICS 6-digit -- by ownership sector","All establishment sizes",1,0,0,0,0,0,0,"N",11.75,0,0,0,0,0,0,"N",0,0.0,0,0,0,0,0,0,0,0,0,0,0,0
"05089","3","10","71","0","2020","A","","Marion County, Arkansas","Local Government","10 Total, all industries","County, Total -- by ownership sector","All establishment sizes",18,469,15212501,282786,1667,624,32448,"",3.83,1.41,1.47,0.80,1.11,1.04,1.04,"",0,0.0,-16,-3.3,34345,0.2,-103179,-26.7,-2394,-59.0,22,3.7,1121,3.6
"05089","3","101","72","0","2020","A","N","Marion County, Arkansas","Local Government","101 Goods-producing","County, by Domain -- by ownership sector","All establishment sizes",2,0,0,0,0,0,0,"N",16.59,0,0,0,0,0,0,"N",0,0.0,0,0,0,0,0,0,0,0,0,0,0,0
"05089","3","1012","73","0","2020","A","N","Marion County, Arkansas","Local Government","1012 Construction","County, by Supersector -- by ownership sector","All establishment sizes",2,0,0,0,0,0,0,"N",17.02,0,0,0,0,0,0,"N",0,0.0,0,0,0,0,0,0,0,0,0,0,0,0
"05089","3","102","72","0","2020","A","N","Marion County, Arkansas","Local Government","102 Service-providing","County, by Domain -- by ownership sector","All establishment sizes",16,0,0,0,0,0,0,"N",3.50,0,0,0,0,0,0,"N",0,0.0,0,0,0,0,0,0,0,0,0,0,0,0
"05089","3","1021","73","0","2020","A","N","Marion County, Arkansas","Local Government","1021 Trade, transportation, and utilities","County, by Supersector -- by ownership sector","All establishment sizes",2,0,0,0,0,0,0,"N",6.07,0,0,0,0,0,0,"N",0,0.0,0,0,0,0,0,0,0,0,0,0,0,0
"05089","3","1022","73","0","2020","A","N","Marion County, Arkansas","Local Government","1022 Information","County, by Supersector -- by ownership sector","All establishment sizes",1,0,0,0,0,0,0,"N",7.10,0,0,0,0,0,0,"N",0,0.0,0,0,0,0,0,0,0,0,0,0,0,0
"05089","3","1024","73","0","2020","A","N","Marion County, Arkansas","Local Government","1024 Professional and business services","County, by Supersector -- by ownership sector","All establishment sizes",1,0,0,0,0,0,0,"N",8.14,0,0,0,0,0,0,"N",0,0.0,0,0,0,0,0,0,0,0,0,0,0,0
"05089","3","1025","73","0","2020","A","","Marion County, Arkansas","Local Government","1025 Education and health services","County, by Supersector -- by ownership sector","All establishment sizes",4,295,10546616,34049,103,688,35782,"",1.99,1.45,1.75,0.24,0.26,1.21,1.21,"",0,0.0,-8,-2.6,51530,0.5,-5322,-13.5,-55,-34.8,22,3.3,1145,3.3
"05089","3","1028","73","0","2020","A","","Marion County, Arkansas","Local Government","1028 Public administration","County, by Supersector -- by ownership sector","All establishment sizes",8,135,3416705,227737,1501,487,25325,"",4.62,1.37,1.00,1.50,2.23,0.73,0.73,"",0,0.0,-5,-3.6,9703,0.3,-70906,-23.7,-2210,-59.6,18,3.8,946,3.9
"05089","3","22","74","0","2020","A","N","Marion County, Arkansas","Local Government","NAICS 22 Utilities","County, NAICS Sector -- by ownership sector","All establishment sizes",1,0,0,0,0,0,0,"N",4.33,0,0,0,0,0,0,"N",0,0.0,0,0,0,0,0,0,0,0,0,0,0,0
"05089","3","221","75","0","2020","A","N","Marion County, Arkansas","Local Government","NAICS 221 Utilities","County, NAICS 3-digit -- by ownership sector","All establishment sizes",1,0,0,0,0,0,0,"N",4.33,0,0,0,0,0,0,"N",0,0.0,0,0,0,0,0,0,0,0,0,0,0,0
"05089","3","2213","76","0","2020","A","N","Marion County, Arkansas","Local Government","NAICS 2213 Water, sewage and other systems","County, NAICS 4-digit -- by ownership sector","All establishment sizes",1,0,0,0,0,0,0,"N",5.01,0,0,0,0,0,0,"N",0,0.0,0,0,0,0,0,0,0,0,0,0,0,0
"05089","3","22131","77","0","2020","A","N","Marion County, Arkansas","Local Government","NAICS 22131 Water supply and irrigation systems","County, NAICS 5-digit -- by ownership sector","All establishment sizes",1,0,0,0,0,0,0,"N",7.37,0,0,0,0,0,0,"N",0,0.0,0,0,0,0,0,0,0,0,0,0,0,0
"05089","3","221310","78","0","2020","A","N","Marion County, Arkansas","Local Government","NAICS 221310 Water supply and irrigation systems","County, NAICS 6-digit -- by ownership sector","All establishment sizes",1,0,0,0,0,0,0,"N",7.37,0,0,0,0,0,0,"N",0,0.0,0,0,0,0,0,0,0,0,0,0,0,0
"05089","3","23","74","0","2020","A","N","Marion County, Arkansas","Local Government","NAICS 23 Construction","County, NAICS Sector -- by ownership sector","All establishment sizes",2,0,0,0,0,0,0,"N",17.02,0,0,0,0,0,0,"N",0,0.0,0,0,0,0,0,0,0,0,0,0,0,0
"05089","3","237","75","0","2020","A","N","Marion County, Arkansas","Local Government","NAICS 237 Heavy and civil engineering construction","County, NAICS 3-digit -- by ownership sector","All establishment sizes",2,0,0,0,0,0,0,"N",17.76,0,0,0,0,0,0,"N",0,0.0,0,0,0,0,0,0,0,0,0,0,0,0
"05089","3","2373","76","0","2020","A","N","Marion County, Arkansas","Local Government","NAICS 2373 Highway, street, and bridge construction","County, NAICS 4-digit -- by ownership sector","All establishment sizes",2,0,0,0,0,0,0,"N",18.50,0,0,0,0,0,0,"N",0,0.0,0,0,0,0,0,0,0,0,0,0,0,0
"05089","3","23731","77","0","2020","A","N","Marion County, Arkansas","Local Government","NAICS 23731 Highway, street, and bridge construction","County, NAICS 5-digit -- by ownership sector","All establishment sizes",2,0,0,0,0,0,0,"N",18.50,0,0,0,0,0,0,"N",0,0.0,0,0,0,0,0,0,0,0,0,0,0,0
"05089","3","237310","78","0","2020","A","N","Marion County, Arkansas","Local Government","NAICS 237310 Highway, street, and bridge construction","County, NAICS 6-digit -- by ownership sector","All establishment sizes",2,0,0,0,0,0,0,"N",18.50,0,0,0,0,0,0,"N",0,0.0,0,0,0,0,0,0,0,0,0,0,0,0
"05089","3","48-49","74","0","2020","A","N","Marion County, Arkansas","Local Government","NAICS 48-49 Transportation and warehousing","County, NAICS Sector -- by ownership sector","All establishment sizes",1,0,0,0,0,0,0,"N",12.61,0,0,0,0,0,0,"N",0,0.0,0,0,0,0,0,0,0,0,0,0,0,0
"05089","3","488","75","0","2020","A","N","Marion County, Arkansas","Local Government","NAICS 488 Support activities for transportation","County, NAICS 3-digit -- by ownership sector","All establishment sizes",1,0,0,0,0,0,0,"N",42.99,0,0,0,0,0,0,"N",0,0.0,0,0,0,0,0,0,0,0,0,0,0,0
"05089","3","4881","76","0","2020","A","N","Marion County, Arkansas","Local Government","NAICS 4881 Support activities for air transportation","County, NAICS 4-digit -- by ownership sector","All establishment sizes",1,0,0,0,0,0,0,"N",63.44,0,0,0,0,0,0,"N",0,0.0,0,0,0,0,0,0,0,0,0,0,0,0
"05089","3","48811","77","0","2020","A","N","Marion County, Arkansas","Local Government","NAICS 48811 Airport operations","County, NAICS 5-digit -- by ownership sector","All establishment sizes",1,0,0,0,0,0,0,"N",64.11,0,0,0,0,0,0,"N",0,0.0,0,0,0,0,0,0,0,0,0,0,0,0
"05089","3","488119","78","0","2020","A","N","Marion County, Arkansas","Local Government","NAICS 488119 Other airport operations","County, NAICS 6-digit -- by ownership sector","All establishment sizes",1,0,0,0,0,0,0,"N",68.07,0,0,0,0,0,0,"N",0,0.0,0,0,0,0,0,0,0,0,0,0,0,0
"05089","3","51","74","0","2020","A","N","Marion County, Arkansas","Local Government","NAICS 51 Information","County, NAICS Sector -- by ownership sector","All establishment sizes",1,0,0,0,0,0,0,"N",7.10,0,0,0,0,0,0,"N",0,0.0,0,0,0,0,0,0,0,0,0,0,0,0
"05089","3","519","75","0","2020","A","N","Marion County, Arkansas","Local Government","NAICS 519 Other information services","County, NAICS 3-digit -- by ownership sector","All establishment sizes",1,0,0,0,0,0,0,"N",7.39,0,0,0,0,0,0,"N",0,0.0,0,0,0,0,0,0,0,0,0,0,0,0
"05089","3","5191","76","0","2020","A","N","Marion County, Arkansas","Local Government","NAICS 5191 Other information services","County, NAICS 4-digit -- by ownership sector","All establishment sizes",1,0,0,0,0,0,0,"N",7.39,0,0,0,0,0,0,"N",0,0.0,0,0,0,0,0,0,0,0,0,0,0,0
"05089","3","51912","77","0","2020","A","N","Marion County, Arkansas","Local Government","NAICS 51912 Libraries and archives","County, NAICS 5-digit -- by ownership sector","All establishment sizes",1,0,0,0,0,0,0,"N",7.39,0,0,0,0,0,0,"N",0,0.0,0,0,0,0,0,0,0,0,0,0,0,0
"05089","3","519120","78","0","2020","A","N","Marion County, Arkansas","Local Government","NAICS 519120 Libraries and archives","County, NAICS 6-digit -- by ownership sector","All establishment sizes",1,0,0,0,0,0,0,"N",7.39,0,0,0,0,0,0,"N",0,0.0,0,0,0,0,0,0,0,0,0,0,0,0
"05089","3","56","74","0","2020","A","N","Marion County, Arkansas","Local Government","NAICS 56 Administrative and waste services","County, NAICS Sector -- by ownership sector","All establishment sizes",1,0,0,0,0,0,0,"N",10.81,0,0,0,0,0,0,"N",0,0.0,0,0,0,0,0,0,0,0,0,0,0,0
"05089","3","562","75","0","2020","A","N","Marion County, Arkansas","Local Government","NAICS 562 Waste management and remediation services","County, NAICS 3-digit -- by ownership sector","All establishment sizes",1,0,0,0,0,0,0,"N",32.25,0,0,0,0,0,0,"N",0,0.0,0,0,0,0,0,0,0,0,0,0,0,0
"05089","3","5622","76","0","2020","A","N","Marion County, Arkansas","Local Government","NAICS 5622 Waste treatment and disposal","County, NAICS 4-digit -- by ownership sector","All establishment sizes",1,0,0,0,0,0,0,"N",48.75,0,0,0,0,0,0,"N",0,0.0,0,0,0,0,0,0,0,0,0,0,0,0
"05089","3","56221","77","0","2020","A","N","Marion County, Arkansas","Local Government","NAICS 56221 Waste treatment and disposal","County, NAICS 5-digit -- by ownership sector","All establishment sizes",1,0,0,0,0,0,0,"N",48.75,0,0,0,0,0,0,"N",0,0.0,0,0,0,0,0,0,0,0,0,0,0,0
"05089","3","562212","78","0","2020","A","N","Marion County, Arkansas","Local Government","NAICS 562212 Solid waste landfill","County, NAICS 6-digit -- by ownership sector","All establishment sizes",1,0,0,0,0,0,0,"N",65.85,0,0,0,0,0,0,"N",0,0.0,0,0,0,0,0,0,0,0,0,0,0,0
"05089","3","61","74","0","2020","A","N","Marion County, Arkansas","Local Government","NAICS 61 Educational services","County, NAICS Sector -- by ownership sector","All establishment sizes",3,0,0,0,0,0,0,"N",1.65,0,0,0,0,0,0,"N",0,0.0,0,0,0,0,0,0,0,0,0,0,0,0
"05089","3","611","75","0","2020","A","N","Marion County, Arkansas","Local Government","NAICS 611 Educational services","County, NAICS 3-digit -- by ownership sector","All establishment sizes",3,0,0,0,0,0,0,"N",1.65,0,0,0,0,0,0,"N",0,0.0,0,0,0,0,0,0,0,0,0,0,0,0
"05089","3","6111","76","0","2020","A","N","Marion County, Arkansas","Local Government","NAICS 6111 Elementary and secondary schools","County, NAICS 4-digit -- by ownership sector","All establishment sizes",3,0,0,0,0,0,0,"N",1.72,0,0,0,0,0,0,"N",0,0.0,0,0,0,0,0,0,0,0,0,0,0,0
"05089","3","61111","77","0","2020","A","N","Marion County, Arkansas","Local Government","NAICS 61111 Elementary and secondary schools","County, NAICS 5-digit -- by ownership sector","All establishment sizes",3,0,0,0,0,0,0,"N",1.72,0,0,0,0,0,0,"N",0,0.0,0,0,0,0,0,0,0,0,0,0,0,0
"05089","3","611110","78","0","2020","A","N","Marion County, Arkansas","Local Government","NAICS 611110 Elementary and secondary schools","County, NAICS 6-digit -- by ownership sector","All establishment sizes",3,0,0,0,0,0,0,"N",1.72,0,0,0,0,0,0,"N",0,0.0,0,0,0,0,0,0,0,0,0,0,0,0
"05089","3","62","74","0","2020","A","N","Marion County, Arkansas","Local Government","NAICS 62 Health care and social assistance","County, NAICS Sector -- by ownership sector","All establishment sizes",1,0,0,0,0,0,0,"N",5.05,0,0,0,0,0,0,"N",0,0.0,0,0,0,0,0,0,0,0,0,0,0,0
"05089","3","624","75","0","2020","A","N","Marion County, Arkansas","Local Government","NAICS 624 Social assistance","County, NAICS 3-digit -- by ownership sector","All establishment sizes",1,0,0,0,0,0,0,"N",13.16,0,0,0,0,0,0,"N",0,0.0,0,0,0,0,0,0,0,0,0,0,0,0
"05089","3","6244","76","0","2020","A","N","Marion County, Arkansas","Local Government","NAICS 6244 Child day care services","County, NAICS 4-digit -- by ownership sector","All establishment sizes",1,0,0,0,0,0,0,"N",62.46,0,0,0,0,0,0,"N",0,0.0,0,0,0,0,0,0,0,0,0,0,0,0
"05089","3","62441","77","0","2020","A","N","Marion County, Arkansas","Local Government","NAICS 62441 Child day care services","County, NAICS 5-digit -- by ownership sector","All establishment sizes",1,0,0,0,0,0,0,"N",62.46,0,0,0,0,0,0,"N",0,0.0,0,0,0,0,0,0,0,0,0,0,0,0
"05089","3","624410","78","0","2020","A","N","Marion County, Arkansas","Local Government","NAICS 624410 Child day care services","County, NAICS 6-digit -- by ownership sector","All establishment sizes",1,0,0,0,0,0,0,"N",62.46,0,0,0,0,0,0,"N",0,0.0,0,0,0,0,0,0,0,0,0,0,0,0
"05089","3","92","74","0","2020","A","","Marion County, Arkansas","Local Government","NAICS 92 Public administration","County, NAICS Sector -- by ownership sector","All establishment sizes",8,135,3416705,227737,1501,487,25325,"",4.62,1.37,1.00,1.50,2.23,0.73,0.73,"",0,0.0,-5,-3.6,9703,0.3,-70906,-23.7,-2210,-59.6,18,3.8,946,3.9
"05089","3","921","75","0","2020","A","","Marion County, Arkansas","Local Government","NAICS 921 Executive, legislative and general government","County, NAICS 3-digit -- by ownership sector","All establishment sizes",6,88,2092365,199737,1417,457,23754,"",5.97,1.37,1.06,1.73,2.93,0.77,0.77,"",0,0.0,-3,-3.3,27334,1.3,-78906,-28.3,-2214,-61.0,21,4.8,1061,4.7
"05089","3","9211","76","0","2020","A","","Marion County, Arkansas","Local Government","NAICS 9211 Executive, legislative and general government","County, NAICS 4-digit -- by ownership sector","All establishment sizes",6,88,2092365,199737,1417,457,23754,"",5.97,1.37,1.06,1.73,2.93,0.77,0.77,"",0,0.0,-3,-3.3,27334,1.3,-78906,-28.3,-2214,-61.0,21,4.8,1061,4.7
"05089","3","92114","77","0","2020","A","N","Marion County, Arkansas","Local Government","NAICS 92114 Executive and legislative offices, combined","County, NAICS 5-digit -- by ownership sector","All establishment sizes",5,0,0,0,0,0,0,"N",8.58,0,0,0,0,0,0,"N",0,0.0,0,0,0,0,0,0,0,0,0,0,0,0
"05089","3","921140","78","0","2020","A","N","Marion County, Arkansas","Local Government","NAICS 921140 Executive and legislative offices, combined","County, NAICS 6-digit -- by ownership sector","All establishment sizes",5,0,0,0,0,0,0,"N",8.58,0,0,0,0,0,0,"N",0,0.0,0,0,0,0,0,0,0,0,0,0,0,0
"05089","3","92119","77","0","2020","A","N","Marion County, Arkansas","Local Government","NAICS 92119 Other general government support","County, NAICS 5-digit -- by ownership sector","All establishment sizes",1,0,0,0,0,0,0,"N",8.09,0,0,0,0,0,0,"N",0,0.0,0,0,0,0,0,0,0,0,0,0,0,0
"05089","3","921190","78","0","2020","A","N","Marion County, Arkansas","Local Government","NAICS 921190 Other general government support","County, NAICS 6-digit -- by ownership sector","All establishment sizes",1,0,0,0,0,0,0,"N",8.09,0,0,0,0,0,0,"N",0,0.0,0,0,0,0,0,0,0,0,0,0,0,0
"05089","3","922","75","0","2020","A","N","Marion County, Arkansas","Local Government","NAICS 922 Justice, public order, and safety activities","County, NAICS 3-digit -- by ownership sector","All establishment sizes",1,0,0,0,0,0,0,"N",2.72,0,0,0,0,0,0,"N",0,0.0,0,0,0,0,0,0,0,0,0,0,0,0
"05089","3","9221","76","0","2020","A","N","Marion County, Arkansas","Local Government","NAICS 9221 Justice, public order, and safety activities","County, NAICS 4-digit -- by ownership sector","All establishment sizes",1,0,0,0,0,0,0,"N",2.72,0,0,0,0,0,0,"N",0,0.0,0,0,0,0,0,0,0,0,0,0,0,0
"05089","3","92212","77","0","2020","A","N","Marion County, Arkansas","Local Government","NAICS 92212 Police protection","County, NAICS 5-digit -- by ownership sector","All establishment sizes",1,0,0,0,0,0,0,"N",10.46,0,0,0,0,0,0,"N",0,0.0,0,0,0,0,0,0,0,0,0,0,0,0
"05089","3","922120","78","0","2020","A","N","Marion County, Arkansas","Local Government","NAICS 922120 Police protection","County, NAICS 6-digit -- by ownership sector","All establishment sizes",1,0,0,0,0,0,0,"N",10.46,0,0,0,0,0,0,"N",0,0.0,0,0,0,0,0,0,0,0,0,0,0,0
"05089","3","924","75","0","2020","A","N","Marion County, Arkansas","Local Government","NAICS 924 Administration of environmental programs","County, NAICS 3-digit -- by ownership sector","All establishment sizes",1,0,0,0,0,0,0,"N",8.68,0,0,0,0,0,0,"N",0,0.0,0,0,0,0,0,0,0,0,0,0,0,0
"05089","3","9241","76","0","2020","A","N","Marion County, Arkansas","Local Government","NAICS 9241 Administration of environmental programs","County, NAICS 4-digit -- by ownership sector","All establishment sizes",1,0,0,0,0,0,0,"N",8.68,0,0,0,0,0,0,"N",0,0.0,0,0,0,0,0,0,0,0,0,0,0,0
"05089","3","92412","77","0","2020","A","N","Marion County, Arkansas","Local Government","NAICS 92412 Administration of conservation programs","County, NAICS 5-digit -- by ownership sector","All establishment sizes",1,0,0,0,0,0,0,"N",14.46,0,0,0,0,0,0,"N",0,0.0,0,0,0,0,0,0,0,0,0,0,0,0
"05089","3","924120","78","0","2020","A","N","Marion County, Arkansas","Local Government","NAICS 924120 Administration of conservation programs","County, NAICS 6-digit -- by ownership sector","All establishment sizes",1,0,0,0,0,0,0,"N",14.46,0,0,0,0,0,0,"N",0,0.0,0,0,0,0,0,0,0,0,0,0,0,0
"05089","5","10","71","0","2020","A","","Marion County, Arkansas","Private","10 Total, all industries","County, Total -- by ownership sector","All establishment sizes",253,2852,100325420,24971670,258407,677,35180,"",0.90,0.99,0.99,1.01,1.00,1.00,1.00,"",-5,-1.9,-499,-14.9,-7129961,-6.6,-12273887,-33.0,-501398,-66.0,60,9.7,3111,9.7
"05089","5","101","72","0","2020","A","","Marion County, Arkansas","Private","101 Goods-producing","County, by Domain -- by ownership sector","All establishment sizes",46,1500,57282759,14437615,117886,734,38191,"",1.24,2.91,2.90,2.74,1.65,0.99,0.99,"",2,4.5,-443,-22.8,-9550274,-14.3,-9581849,-39.9,-425987,-78.3,72,10.9,3793,11.0
"05089","5","1011","73","0","2020","A","N","Marion County, Arkansas","Private","1011 Natural resources and mining","County, by Supersector -- by ownership sector","All establishment sizes",2,0,0,0,0,0,0,"N",0.52,0,0,0,0,0,0,"N",0,0.0,0,0,0,0,0,0,0,0,0,0,0,0
"05089","5","1012","73","0","2020","A","N","Marion County, Arkansas","Private","1012 Construction","County, by Supersector -- by ownership sector","All establishment sizes",22,0,0,0,0,0,0,"N",0.95,0,0,0,0,0,0,"N",2,10.0,0,0,0,0,0,0,0,0,0,0,0,0
"05089","5","1013","73","0","2020","A","","Marion County, Arkansas","Private","1013 Manufacturing","County, by Supersector -- by ownership sector","All establishment sizes",22,1402,53789051,13418821,107695,738,38357,"",2.24,4.75,4.54,4.69,3.55,0.96,0.96,"",0,0.0,-445,-24.1,-9842595,-15.5,-9415610,-41.2,-425456,-79.8,75,11.3,3906,11.3
"05089","5","102","72","0","2020","A","","Marion County, Arkansas","Private","102 Service-providing","County, by Domain -- by ownership sector","All establishment sizes",207,1352,43042661,10534055,140521,612,31840,"",0.85,0.57,0.53,0.54,0.75,0.93,0.93,"",-7,-3.3,-56,-4.0,2420313,6.0,-2692038,-20.4,-75411,-34.9,57,10.3,2985,10.3
"05089","5","1021","73","0","2020","A","","Marion County, Arkansas","Private","1021 Trade, transportation, and utilities","County, by Supersector -- by ownership sector","All establishment sizes",59,523,15480888,3566319,34662,569,29591,"",1.10,0.81,0.84,0.62,0.70,1.03,1.03,"",0,0.0,7,1.4,1331008,9.4,-674821,-15.9,-21968,-38.8,41,7.8,2155,7.9
"05089","5","1022","73","0","2020","A","","Marion County, Arkansas","Private","1022 Information","County, by Supersector -- by ownership sector","All establishment sizes",3,56,3449054,428957,1438,1193,62052,"",0.55,0.85,0.70,0.61,0.17,0.83,0.83,"N",0,0.0,0,0,0,0,0,0,0,0,0,0,0,0
"05089","5","1023","73","0","2020","A","","Marion County, Arkansas","Private","1023 Financial activities","County, by Supersector -- by ownership sector","All establishment sizes",29,187,7167349,1386030,56339,736,38277,"",1.12,0.93,0.61,0.73,3.09,0.66,0.66,"",-4,-12.1,-9,-4.6,262765,3.8,-504413,-26.7,-13943,-19.8,57,8.4,2990,8.5
"05089","5","1024","73","0","2020","A","","Marion County, Arkansas","Private","1024 Professional and business services","County, by Supersector -- by ownership sector","All establishment sizes",25,79,2773000,576834,3657,672,34954,"",0.46,0.16,0.12,0.12,0.06,0.76,0.76,"",-1,-3.8,0,0.0,314625,12.8,-246503,-29.9,-2639,-41.9,74,12.4,3835,12.3
"05089","5","1025","73","0","2020","A","","Marion County, Arkansas","Private","1025 Education and health services","County, by Supersector -- by ownership sector","All establishment sizes",44,298,10869450,2731774,19572,701,36475,"",0.85,0.55,0.66,0.94,0.78,1.21,1.21,"",-1,-2.2,-25,-7.7,666571,6.5,-544102,-16.6,-28520,-59.3,94,15.5,4912,15.6
"05089","5","1026","73","0","2020","A","","Marion County, Arkansas","Private","1026 Leisure and hospitality","County, by Supersector -- by ownership sector","All establishment sizes",33,182,2720044,1618759,23246,288,14959,"",1.35,0.58,0.62,0.67,1.13,1.06,1.06,"",-3,-8.3,-26,-12.5,-99527,-3.5,-474723,-22.7,-5694,-19.7,28,10.8,1425,10.5
"05089","5","1027","73","0","2020","A","","Marion County, Arkansas","Private","1027 Other services","County, by Supersector -- by ownership sector","All establishment sizes",15,27,582876,225382,1607,420,21858,"",0.66,0.28,0.25,0.30,0.23,0.91,0.91,"N",1,7.1,0,0,0,0,0,0,0,0,0,0,0,0
"05089","5","11","74","0","2020","A","N","Marion County, Arkansas","Private","NAICS 11 Agriculture, forestry, fishing and hunting","County, NAICS Sector -- by ownership sector","All establishment sizes",1,0,0,0,0,0,0,"N",0.33,0,0,0,0,0,0,"N",0,0.0,0,0,0,0,0,0,0,0,0,0,0,0
"05089","5","112","75","0","2020","A","N","Marion County, Arkansas","Private","NAICS 112 Animal production and aquaculture","County, NAICS 3-digit -- by ownership sector","All establishment sizes",1,0,0,0,0,0,0,"N",1.35,0,0,0,0,0,0,"N",0,0.0,0,0,0,0,0,0,0,0,0,0,0,0
"05089","5","1121","76","0","2020","A","N","Marion County, Arkansas","Private","NAICS 1121 Cattle ranching and farming","County, NAICS 4-digit -- by ownership sector","All establishment sizes",1,0,0,0,0,0,0,"N",2.08,0,0,0,0,0,0,"N",0,0.0,0,0,0,0,0,0,0,0,0,0,0,0
"05089","5","11211","77","0","2020","A","N","Marion County, Arkansas","Private","NAICS 11211 Beef cattle ranching, farming, and feedlots","County, NAICS 5-digit -- by ownership sector","All establishment sizes",1,0,0,0,0,0,0,"N",3.48,0,0,0,0,0,0,"N",0,0.0,0,0,0,0,0,0,0,0,0,0,0,0
"05089","5","112111","78","0","2020","A","N","Marion County, Arkansas","Private","NAICS 112111 Beef cattle ranching and farming","County, NAICS 6-digit -- by ownership sector","All establishment sizes",1,0,0,0,0,0,0,"N",3.89,0,0,0,0,0,0,"N",0,0.0,0,0,0,0,0,0,0,0,0,0,0,0
"05089","5","21","74","0","2020","A","N","Marion County, Arkansas","Private","NAICS 21 Mining, quarrying, and oil and gas extraction","County, NAICS Sector -- by ownership sector","All establishment sizes",1,0,0,0,0,0,0,"N",1.14,0,0,0,0,0,0,"N",0,0.0,0,0,0,0,0,0,0,0,0,0,0,0
"05089","5","212","75","0","2020","A","N","Marion County, Arkansas","Private","NAICS 212 Mining, except oil and gas","County, NAICS 3-digit -- by ownership sector","All establishment sizes",1,0,0,0,0,0,0,"N",5.18,0,0,0,0,0,0,"N",0,0.0,0,0,0,0,0,0,0,0,0,0,0,0
"05089","5","2123","76","0","2020","A","N","Marion County, Arkansas","Private","NAICS 2123 Nonmetallic mineral mining and quarrying","County, NAICS 4-digit -- by ownership sector","All establishment sizes",1,0,0,0,0,0,0,"N",6.25,0,0,0,0,0,0,"N",0,0.0,0,0,0,0,0,0,0,0,0,0,0,0
"05089","5","21232","77","0","2020","A","N","Marion County, Arkansas","Private","NAICS 21232 Sand, gravel, clay, and refractory mining","County, NAICS 5-digit -- by ownership sector","All establishment sizes",1,0,0,0,0,0,0,"N",12.57,0,0,0,0,0,0,"N",0,0.0,0,0,0,0,0,0,0,0,0,0,0,0
"05089","5","212321","78","0","2020","A","N","Marion County, Arkansas","Private","NAICS 212321 Construction sand and gravel mining","County, NAICS 6-digit -- by ownership sector","All establishment sizes",1,0,0,0,0,0,0,"N",14.73,0,0,0,0,0,0,"N",0,0.0,0,0,0,0,0,0,0,0,0,0,0,0
"05089","5","22","74","0","2020","A","","Marion County, Arkansas","Private","NAICS 22 Utilities","County, NAICS Sector -- by ownership sector","All establishment sizes",4,19,1534208,130125,667,1533,79699,"",7.47,1.43,1.80,1.08,0.78,1.24,1.24,"",0,0.0,-1,-5.0,155872,11.3,-75487,-36.7,-949,-58.7,174,12.8,9015,12.8
"05089","5","221","75","0","2020","A","","Marion County, Arkansas","Private","NAICS 221 Utilities","County, NAICS 3-digit -- by ownership sector","All establishment sizes",4,19,1534208,130125,667,1533,79699,"",7.47,1.43,1.80,1.08,0.78,1.24,1.24,"",0,0.0,-1,-5.0,155872,11.3,-75487,-36.7,-949,-58.7,174,12.8,9015,12.8
"05089","5","2211","76","0","2020","A","N","Marion County, Arkansas","Private","NAICS 2211 Power generation and supply","County, NAICS 4-digit -- by ownership sector","All establishment sizes",1,0,0,0,0,0,0,"N",3.50,0,0,0,0,0,0,"N",0,0.0,0,0,0,0,0,0,0,0,0,0,0,0
"05089","5","22112","77","0","2020","A","N","Marion County, Arkansas","Private","NAICS 22112 Electric power transmission and distribution","County, NAICS 5-digit -- by ownership sector","All establishment sizes",1,0,0,0,0,0,0,"N",5.73,0,0,0,0,0,0,"N",0,0.0,0,0,0,0,0,0,0,0,0,0,0,0
"05089","5","221121","78","0","2020","A","N","Marion County, Arkansas","Private","NAICS 221121 Electric bulk power transmission and control","County, NAICS 6-digit -- by ownership sector","All establishment sizes",1,0,0,0,0,0,0,"N",52.55,0,0,0,0,0,0,"N",0,0.0,0,0,0,0,0,0,0,0,0,0,0,0
"05089","5","2213","76","0","2020","A","N","Marion County, Arkansas","Private","NAICS 2213 Water, sewage and other systems","County, NAICS 4-digit -- by ownership sector","All establishment sizes",3,0,0,0,0,0,0,"N",18.08,0,0,0,0,0,0,"N",0,0.0,0,0,0,0,0,0,0,0,0,0,0,0
"05089","5","22131","77","0","2020","A","N","Marion County, Arkansas","Private","NAICS 22131 Water supply and irrigation systems","County, NAICS 5-digit -- by ownership sector","All establishment sizes",3,0,0,0,0,0,0,"N",20.88,0,0,0,0,0,0,"N",0,0.0,0,0,0,0,0,0,0,0,0,0,0,0
"05089","5","221310","78","0","2020","A","N","Marion County, Arkansas","Private","NAICS 221310 Water supply and irrigation systems","County, NAICS 6-digit -- by ownership sector","All establishment sizes",3,0,0,0,0,0,0,"N",20.88,0,0,0,0,0,0,"N",0,0.0,0,0,0,0,0,0,0,0,0,0,0,0
"05089","5","23","74","0","2020","A","N","Marion County, Arkansas","Private","NAICS 23 Construction","County, NAICS Sector -- by ownership sector","All establishment sizes",22,0,0,0,0,0,0,"N",0.95,0,0,0,0,0,0,"N",2,10.0,0,0,0,0,0,0,0,0,0,0,0,0
"05089","5","236","75","0","2020","A","","Marion County, Arkansas","Private","NAICS 236 Construction of buildings","County, NAICS 3-digit -- by ownership sector","All establishment sizes",3,3,57040,35160,497,346,18013,"",0.42,0.08,0.04,0.08,0.07,0.45,0.45,"",0,0.0,-2,-40.0,-29726,-34.3,-17481,-33.2,-274,-35.5,1,0.3,61,0.3
"05089","5","2361","76","0","2020","A","","Marion County, Arkansas","Private","NAICS 2361 Residential building construction","County, NAICS 4-digit -- by ownership sector","All establishment sizes",3,3,57040,35160,497,346,18013,"",0.54,0.15,0.08,0.17,0.19,0.53,0.53,"",0,0.0,-2,-40.0,-29726,-34.3,-17481,-33.2,-274,-35.5,1,0.3,61,0.3
"05089","5","23611","77","0","2020","A","","Marion County, Arkansas","Private","NAICS 23611 Residential building construction","County, NAICS 5-digit -- by ownership sector","All establishment sizes",3,3,57040,35160,497,346,18013,"",0.54,0.15,0.08,0.17,0.19,0.53,0.53,"",0,0.0,-2,-40.0,-29726,-34.3,-17481,-33.2,-274,-35.5,1,0.3,61,0.3
"05089","5","236115","78","0","2020","A","N","Marion County, Arkansas","Private","NAICS 236115 New single-family general contractors","County, NAICS 6-digit -- by ownership sector","All establishment sizes",2,0,0,0,0,0,0,"N",0.84,0,0,0,0,0,0,"N",0,0.0,0,0,0,0,0,0,0,0,0,0,0,0
"05089","5","236118","78","0","2020","A","N","Marion County, Arkansas","Private","NAICS 236118 Residential remodelers","County, NAICS 6-digit -- by ownership sector","All establishment sizes",1,0,0,0,0,0,0,"N",0.34,0,0,0,0,0,0,"N",0,0.0,0,0,0,0,0,0,0,0,0,0,0,0
"05089","5","237","75","0","2020","A","N","Marion County, Arkansas","Private","NAICS 237 Heavy and civil engineering construction","County, NAICS 3-digit -- by ownership sector","All establishment sizes",3,0,0,0,0,0,0,"N",2.07,0,0,0,0,0,0,"N",0,0.0,0,0,0,0,0,0,0,0,0,0,0,0
"05089","5","2371","76","0","2020","A","N","Marion County, Arkansas","Private","NAICS 2371 Utility system construction","County, NAICS 4-digit -- by ownership sector","All establishment sizes",1,0,0,0,0,0,0,"N",1.35,0,0,0,0,0,0,"N",0,0.0,0,0,0,0,0,0,0,0,0,0,0,0
"05089","5","23711","77","0","2020","A","N","Marion County, Arkansas","Private","NAICS 23711 Water and sewer system construction","County, NAICS 5-digit -- by ownership sector","All establishment sizes",1,0,0,0,0,0,0,"N",2.94,0,0,0,0,0,0,"N",0,0.0,0,0,0,0,0,0,0,0,0,0,0,0
"05089","5","237110","78","0","2020","A","N","Marion County, Arkansas","Private","NAICS 237110 Water and sewer system construction","County, NAICS 6-digit -- by ownership sector","All establishment sizes",1,0,0,0,0,0,0,"N",2.94,0,0,0,0,0,0,"N",0,0.0,0,0,0,0,0,0,0,0,0,0,0,0
"05089","5","2372","76","0","2020","A","N","Marion County, Arkansas","Private","NAICS 2372 Land subdivision","County, NAICS 4-digit -- by ownership sector","All establishment sizes",2,0,0,0,0,0,0,"N",12.39,0,0,0,0,0,0,"N",0,0.0,0,0,0,0,0,0,0,0,0,0,0,0
"05089","5","23721","77","0","2020","A","N","Marion County, Arkansas","Private","NAICS 23721 Land subdivision","County, NAICS 5-digit -- by ownership sector","All establishment sizes",2,0,0,0,0,0,0,"N",12.39,0,0,0,0,0,0,"N",0,0.0,0,0,0,0,0,0,0,0,0,0,0,0
"05089","5","237210","78","0","2020","A","N","Marion County, Arkansas","Private","NAICS 237210 Land subdivision","County, NAICS 6-digit -- by ownership sector","All establishment sizes",2,0,0,0,0,0,0,"N",12.39,0,0,0,0,0,0,"N",0,0.0,0,0,0,0,0,0,0,0,0,0,0,0
"05089","5","238","75","0","2020","A","","Marion County, Arkansas","Private","NAICS 238 Specialty trade contractors","County, NAICS 3-digit -- by ownership sector","All establishment sizes",16,77,2995177,830805,8596,746,38773,"",1.09,0.69,0.79,0.69,0.42,1.14,1.14,"",2,14.3,4,5.5,280994,10.4,-101678,-10.9,-337,-3.8,29,4.0,1465,3.9
"05089","5","2381","76","0","2020","A","","Marion County, Arkansas","Private","NAICS 2381 Building foundation and exterior contractors","County, NAICS 4-digit -- by ownership sector","All establishment sizes",3,8,264317,115008,2977,663,34476,"",1.03,0.36,0.38,0.47,0.69,1.09,1.09,"N",1,50.0,0,0,0,0,0,0,0,0,0,0,0,0
"05089","5","23811","77","0","2020","A","N","Marion County, Arkansas","Private","NAICS 23811 Poured concrete structure contractors","County, NAICS 5-digit -- by ownership sector","All establishment sizes",2,0,0,0,0,0,0,"N",3.38,0,0,0,0,0,0,"N",1,100.0,0,0,0,0,0,0,0,0,0,0,0,0
"05089","5","238111","78","0","2020","A","N","Marion County, Arkansas","Private","NAICS 238111 Residential poured foundation contractors","County, NAICS 6-digit -- by ownership sector","All establishment sizes",1,0,0,0,0,0,0,"N",2.37,0,0,0,0,0,0,"N",0,0.0,0,0,0,0,0,0,0,0,0,0,0,0
"05089","5","238112","78","0","2020","A","N","Marion County, Arkansas","Private","NAICS 238112 Nonresidential poured foundation contractors","County, NAICS 6-digit -- by ownership sector","All establishment sizes",1,0,0,0,0,0,0,"N",5.92,0,0,0,0,0,0,"N",1,100.0,0,0,0,0,0,0,0,0,0,0,0,0
"05089","5","23814","77","0","2020","A","N","Marion County, Arkansas","Private","NAICS 23814 Masonry contractors","County, NAICS 5-digit -- by ownership sector","All establishment sizes",1,0,0,0,0,0,0,"N",1.84,0,0,0,0,0,0,"N",0,0.0,0,0,0,0,0,0,0,0,0,0,0,0
"05089","5","238141","78","0","2020","A","N","Marion County, Arkansas","Private","NAICS 238141 Residential masonry contractors","County, NAICS 6-digit -- by ownership sector","All establishment sizes",1,0,0,0,0,0,0,"N",2.46,0,0,0,0,0,0,"N",0,0.0,0,0,0,0,0,0,0,0,0,0,0,0
"05089","5","23816","77","0","2020","A","N","Marion County, Arkansas","Private","NAICS 23816 Roofing contractors","County, NAICS 5-digit -- by ownership sector","All establishment sizes",0,0,0,0,0,0,0,"N",0.00,0,0,0,0,0,0,"N",0,0,0,0,0,0,0,0,0,0,0,0,0,0
"05089","5","238161","78","0","2020","A","N","Marion County, Arkansas","Private","NAICS 238161 Residential roofing contractors","County, NAICS 6-digit -- by ownership sector","All establishment sizes",0,0,0,0,0,0,0,"N",0.00,0,0,0,0,0,0,"N",0,0,0,0,0,0,0,0,0,0,0,0,0,0
"05089","5","2382","76","0","2020","A","","Marion County, Arkansas","Private","NAICS 2382 Building equipment contractors","County, NAICS 4-digit -- by ownership sector","All establishment sizes",9,18,578557,191798,4047,615,31994,"",1.55,0.34,0.29,0.33,0.45,0.87,0.87,"",1,12.5,-1,-5.3,40018,7.4,-20094,-9.5,389,10.6,75,13.9,3896,13.9
"05089","5","23821","77","0","2020","A","N","Marion County, Arkansas","Private","NAICS 23821 Electrical and wiring contractors","County, NAICS 5-digit -- by ownership sector","All establishment sizes",2,0,0,0,0,0,0,"N",0.81,0,0,0,0,0,0,"N",0,0.0,0,0,0,0,0,0,0,0,0,0,0,0
"05089","5","238211","78","0","2020","A","N","Marion County, Arkansas","Private","NAICS 238211 Residential electrical contractors","County, NAICS 6-digit -- by ownership sector","All establishment sizes",2,0,0,0,0,0,0,"N",1.38,0,0,0,0,0,0,"N",0,0.0,0,0,0,0,0,0,0,0,0,0,0,0
"05089","5","23822","77","0","2020","A","N","Marion County, Arkansas","Private","NAICS 23822 Plumbing and hvac contractors","County, NAICS 5-digit -- by ownership sector","All establishment sizes",7,0,0,0,0,0,0,"N",2.29,0,0,0,0,0,0,"N",1,16.7,0,0,0,0,0,0,0,0,0,0,0,0
"05089","5","238221","78","0","2020","A","","Marion County, Arkansas","Private","NAICS 238221 Residential plumbing and hvac contractors","County, NAICS 6-digit -- by ownership sector","All establishment sizes",6,10,360062,117278,3440,716,37248,"",2.65,0.72,0.86,0.84,2.20,1.23,1.23,"",1,20.0,-1,-9.1,10977,3.1,-1143,-1.0,713,26.1,82,12.9,4264,12.9
"05089","5","238222","78","0","2020","A","N","Marion County, Arkansas","Private","NAICS 238222 Nonresidential plumbing and hvac contractors","County, NAICS 6-digit -- by ownership sector","All establishment sizes",1,0,0,0,0,0,0,"N",1.26,0,0,0,0,0,0,"N",0,0.0,0,0,0,0,0,0,0,0,0,0,0,0
"05089","5","2383","76","0","2020","A","N","Marion County, Arkansas","Private","NAICS 2383 Building finishing contractors","County, NAICS 4-digit -- by ownership sector","All establishment sizes",3,0,0,0,0,0,0,"N",0.84,0,0,0,0,0,0,"N",0,0.0,0,0,0,0,0,0,0,0,0,0,0,0
"05089","5","23831","77","0","2020","A","N","Marion County, Arkansas","Private","NAICS 23831 Drywall and insulation contractors","County, NAICS 5-digit -- by ownership sector","All establishment sizes",1,0,0,0,0,0,0,"N",1.72,0,0,0,0,0,0,"N",0,0.0,0,0,0,0,0,0,0,0,0,0,0,0
"05089","5","238311","78","0","2020","A","N","Marion County, Arkansas","Private","NAICS 238311 Residential drywall contractors","County, NAICS 6-digit -- by ownership sector","All establishment sizes",1,0,0,0,0,0,0,"N",2.43,0,0,0,0,0,0,"N",0,0.0,0,0,0,0,0,0,0,0,0,0,0,0
"05089","5","23835","77","0","2020","A","N","Marion County, Arkansas","Private","NAICS 23835 Finish carpentry contractors","County, NAICS 5-digit -- by ownership sector","All establishment sizes",2,0,0,0,0,0,0,"N",2.34,0,0,0,0,0,0,"N",0,0.0,0,0,0,0,0,0,0,0,0,0,0,0
"05089","5","238351","78","0","2020","A","N","Marion County, Arkansas","Private","NAICS 238351 Residential finish carpentry contractors","County, NAICS 6-digit -- by ownership sector","All establishment sizes",2,0,0,0,0,0,0,"N",2.69,0,0,0,0,0,0,"N",0,0.0,0,0,0,0,0,0,0,0,0,0,0,0
"05089","5","2389","76","0","2020","A","N","Marion County, Arkansas","Private","NAICS 2389 Other specialty trade contractors","County, NAICS 4-digit -- by ownership sector","All establishment sizes",1,0,0,0,0,0,0,"N",0.43,0,0,0,0,0,0,"N",0,0.0,0,0,0,0,0,0,0,0,0,0,0,0
"05089","5","23899","77","0","2020","A","N","Marion County, Arkansas","Private","NAICS 23899 All other specialty trade contractors","County, NAICS 5-digit -- by ownership sector","All establishment sizes",1,0,0,0,0,0,0,"N",0.79,0,0,0,0,0,0,"N",0,0.0,0,0,0,0,0,0,0,0,0,0,0,0
"05089","5","238992","78","0","2020","A","N","Marion County, Arkansas","Private","NAICS 238992 All other nonresidential trade contractors","County, NAICS 6-digit -- by ownership sector","All establishment sizes",1,0,0,0,0,0,0,"N",2.33,0,0,0,0,0,0,"N",0,0.0,0,0,0,0,0,0,0,0,0,0,0,0
"05089","5","31-33","74","0","2020","A","","Marion County, Arkansas","Private","NAICS 31-33 Manufacturing","County, NAICS Sector -- by ownership sector","All establishment sizes",22,1402,53789051,13418821,107695,738,38357,"",2.24,4.75,4.54,4.69,3.55,0.96,0.96,"",0,0.0,-445,-24.1,-9842595,-15.5,-9415610,-41.2,-425456,-79.8,75,11.3,3906,11.3
"05089","5","311","75","0","2020","A","N","Marion County, Arkansas","Private","NAICS 311 Food manufacturing","County, NAICS 3-digit -- by ownership sector","All establishment sizes",3,0,0,0,0,0,0,"N",3.10,0,0,0,0,0,0,"N",1,50.0,0,0,0,0,0,0,0,0,0,0,0,0
"05089","5","3111","76","0","2020","A","N","Marion County, Arkansas","Private","NAICS 3111 Animal food manufacturing","County, NAICS 4-digit -- by ownership sector","All establishment sizes",1,0,0,0,0,0,0,"N",14.95,0,0,0,0,0,0,"N",0,0.0,0,0,0,0,0,0,0,0,0,0,0,0
"05089","5","31111","77","0","2020","A","N","Marion County, Arkansas","Private","NAICS 31111 Animal food manufacturing","County, NAICS 5-digit -- by ownership sector","All establishment sizes",1,0,0,0,0,0,0,"N",14.95,0,0,0,0,0,0,"N",0,0.0,0,0,0,0,0,0,0,0,0,0,0,0
"05089","5","311111","78","0","2020","A","N","Marion County, Arkansas","Private","NAICS 311111 Dog and cat food manufacturing","County, NAICS 6-digit -- by ownership sector","All establishment sizes",1,0,0,0,0,0,0,"N",55.94,0,0,0,0,0,0,"N",0,0.0,0,0,0,0,0,0,0,0,0,0,0,0
"05089","5","3115","76","0","2020","A","N","Marion County, Arkansas","Private","NAICS 3115 Dairy product manufacturing","County, NAICS 4-digit -- by ownership sector","All establishment sizes",1,0,0,0,0,0,0,"N",15.67,0,0,0,0,0,0,"N",0,0.0,0,0,0,0,0,0,0,0,0,0,0,0
"05089","5","31151","77","0","2020","A","N","Marion County, Arkansas","Private","NAICS 31151 Dairy product, except frozen, manufacturing","County, NAICS 5-digit -- by ownership sector","All establishment sizes",1,0,0,0,0,0,0,"N",21.90,0,0,0,0,0,0,"N",0,0.0,0,0,0,0,0,0,0,0,0,0,0,0
"05089","5","311514","78","0","2020","A","N","Marion County, Arkansas","Private","NAICS 311514 Dry, condensed, and evaporated dairy products","County, NAICS 6-digit -- by ownership sector","All establishment sizes",1,0,0,0,0,0,0,"N",159.02,0,0,0,0,0,0,"N",0,0.0,0,0,0,0,0,0,0,0,0,0,0,0
"05089","5","3116","76","0","2020","A","N","Marion County, Arkansas","Private","NAICS 3116 Animal slaughtering and processing","County, NAICS 4-digit -- by ownership sector","All establishment sizes",1,0,0,0,0,0,0,"N",8.86,0,0,0,0,0,0,"N",1,100.0,0,0,0,0,0,0,0,0,0,0,0,0
"05089","5","31161","77","0","2020","A","N","Marion County, Arkansas","Private","NAICS 31161 Animal slaughtering and processing","County, NAICS 5-digit -- by ownership sector","All establishment sizes",1,0,0,0,0,0,0,"N",8.86,0,0,0,0,0,0,"N",1,100.0,0,0,0,0,0,0,0,0,0,0,0,0
"05089","5","311611","78","0","2020","A","N","Marion County, Arkansas","Private","NAICS 311611 Animal, except poultry, slaughtering","County, NAICS 6-digit -- by ownership sector","All establishment sizes",1,0,0,0,0,0,0,"N",24.87,0,0,0,0,0,0,"N",1,100.0,0,0,0,0,0,0,0,0,0,0,0,0
"05089","5","314","75","0","2020","A","N","Marion County, Arkansas","Private","NAICS 314 Textile product mills","County, NAICS 3-digit -- by ownership sector","All establishment sizes",1,0,0,0,0,0,0,"N",5.70,0,0,0,0,0,0,"N",0,0.0,0,0,0,0,0,0,0,0,0,0,0,0
"05089","5","3149","76","0","2020","A","N","Marion County, Arkansas","Private","NAICS 3149 Other textile product mills","County, NAICS 4-digit -- by ownership sector","All establishment sizes",1,0,0,0,0,0,0,"N",7.75,0,0,0,0,0,0,"N",0,0.0,0,0,0,0,0,0,0,0,0,0,0,0
"05089","5","31499","77","0","2020","A","N","Marion County, Arkansas","Private","NAICS 31499 All other textile product mills","County, NAICS 5-digit -- by ownership sector","All establishment sizes",1,0,0,0,0,0,0,"N",12.15,0,0,0,0,0,0,"N",0,0.0,0,0,0,0,0,0,0,0,0,0,0,0
"05089","5","314999","78","0","2020","A","N","Marion County, Arkansas","Private","NAICS 314999 All other miscellaneous textile product mills","County, NAICS 6-digit -- by ownership sector","All establishment sizes",1,0,0,0,0,0,0,"N",12.91,0,0,0,0,0,0,"N",0,0.0,0,0,0,0,0,0,0,0,0,0,0,0
"05089","5","321","75","0","2020","A","N","Marion County, Arkansas","Private","NAICS 321 Wood product manufacturing","County, NAICS 3-digit -- by ownership sector","All establishment sizes",2,0,0,0,0,0,0,"N",4.88,0,0,0,0,0,0,"N",0,0.0,0,0,0,0,0,0,0,0,0,0,0,0
"05089","5","3211","76","0","2020","A","N","Marion County, Arkansas","Private","NAICS 3211 Sawmills and wood preservation","County, NAICS 4-digit -- by ownership sector","All establishment sizes",2,0,0,0,0,0,0,"N",20.79,0,0,0,0,0,0,"N",0,0.0,0,0,0,0,0,0,0,0,0,0,0,0
"05089","5","32111","77","0","2020","A","N","Marion County, Arkansas","Private","NAICS 32111 Sawmills and wood preservation","County, NAICS 5-digit -- by ownership sector","All establishment sizes",2,0,0,0,0,0,0,"N",20.79,0,0,0,0,0,0,"N",0,0.0,0,0,0,0,0,0,0,0,0,0,0,0
"05089","5","321113","78","0","2020","A","N","Marion County, Arkansas","Private","NAICS 321113 Sawmills","County, NAICS 6-digit -- by ownership sector","All establishment sizes",2,0,0,0,0,0,0,"N",23.80,0,0,0,0,0,0,"N",0,0.0,0,0,0,0,0,0,0,0,0,0,0,0
"05089","5","323","75","0","2020","A","N","Marion County, Arkansas","Private","NAICS 323 Printing and related support activities","County, NAICS 3-digit -- by ownership sector","All establishment sizes",1,0,0,0,0,0,0,"N",1.31,0,0,0,0,0,0,"N",0,0.0,0,0,0,0,0,0,0,0,0,0,0,0
"05089","5","3231","76","0","2020","A","N","Marion County, Arkansas","Private","NAICS 3231 Printing and related support activities","County, NAICS 4-digit -- by ownership sector","All establishment sizes",1,0,0,0,0,0,0,"N",1.31,0,0,0,0,0,0,"N",0,0.0,0,0,0,0,0,0,0,0,0,0,0,0
"05089","5","32311","77","0","2020","A","N","Marion County, Arkansas","Private","NAICS 32311 Printing","County, NAICS 5-digit -- by ownership sector","All establishment sizes",1,0,0,0,0,0,0,"N",1.37,0,0,0,0,0,0,"N",0,0.0,0,0,0,0,0,0,0,0,0,0,0,0
"05089","5","323111","78","0","2020","A","N","Marion County, Arkansas","Private","NAICS 323111 Commercial printing, except screen and books","County, NAICS 6-digit -- by ownership sector","All establishment sizes",1,0,0,0,0,0,0,"N",1.92,0,0,0,0,0,0,"N",0,0.0,0,0,0,0,0,0,0,0,0,0,0,0
"05089","5","325","75","0","2020","A","N","Marion County, Arkansas","Private","NAICS 325 Chemical manufacturing","County, NAICS 3-digit -- by ownership sector","All establishment sizes",1,0,0,0,0,0,0,"N",1.80,0,0,0,0,0,0,"N",0,0.0,0,0,0,0,0,0,0,0,0,0,0,0
"05089","5","3251","76","0","2020","A","N","Marion County, Arkansas","Private","NAICS 3251 Basic chemical manufacturing","County, NAICS 4-digit -- by ownership sector","All establishment sizes",1,0,0,0,0,0,0,"N",10.76,0,0,0,0,0,0,"N",0,0.0,0,0,0,0,0,0,0,0,0,0,0,0
"05089","5","32519","77","0","2020","A","N","Marion County, Arkansas","Private","NAICS 32519 Other basic organic chemical manufacturing","County, NAICS 5-digit -- by ownership sector","All establishment sizes",1,0,0,0,0,0,0,"N",29.16,0,0,0,0,0,0,"N",0,0.0,0,0,0,0,0,0,0,0,0,0,0,0
"05089","5","325194","78","0","2020","A","N","Marion County, Arkansas","Private","NAICS 325194 Cyclic crude, intermediate, wood chemical mfg","County, NAICS 6-digit -- by ownership sector","All establishment sizes",1,0,0,0,0,0,0,"N",395.82,0,0,0,0,0,0,"N",0,0.0,0,0,0,0,0,0,0,0,0,0,0,0
"05089","5","326","75","0","2020","A","","Marion County, Arkansas","Private","NAICS 326 Plastics and rubber products manufacturing","County, NAICS 3-digit -- by ownership sector","All establishment sizes",3,339,12476596,2851684,9249,708,36813,"",8.19,20.04,23.32,17.87,6.09,1.16,1.16,"",0,0.0,-36,-9.6,-57210,-0.5,-1433235,-33.4,-26505,-74.1,66,10.3,3427,10.3
"05089","5","3261","76","0","2020","A","","Marion County, Arkansas","Private","NAICS 3261 Plastics product manufacturing","County, NAICS 4-digit -- by ownership sector","All establishment sizes",3,339,12476596,2851684,9249,708,36813,"",9.70,24.47,28.74,21.63,7.13,1.17,1.17,"",0,0.0,-36,-9.6,-57210,-0.5,-1433235,-33.4,-26505,-74.1,66,10.3,3427,10.3
"05089","5","32612","77","0","2020","A","N","Marion County, Arkansas","Private","NAICS 32612 Plastics pipe, fittings, and profile shapes","County, NAICS 5-digit -- by ownership sector","All establishment sizes",1,0,0,0,0,0,0,"N",33.78,0,0,0,0,0,0,"N",0,0.0,0,0,0,0,0,0,0,0,0,0,0,0
"05089","5","326122","78","0","2020","A","N","Marion County, Arkansas","Private","NAICS 326122 Plastics pipe and pipe fitting manufacturing","County, NAICS 6-digit -- by ownership sector","All establishment sizes",1,0,0,0,0,0,0,"N",61.51,0,0,0,0,0,0,"N",0,0.0,0,0,0,0,0,0,0,0,0,0,0,0
"05089","5","32619","77","0","2020","A","N","Marion County, Arkansas","Private","NAICS 32619 Other plastics product manufacturing","County, NAICS 5-digit -- by ownership sector","All establishment sizes",2,0,0,0,0,0,0,"N",11.57,0,0,0,0,0,0,"N",0,0.0,0,0,0,0,0,0,0,0,0,0,0,0
"05089","5","326199","78","0","2020","A","N","Marion County, Arkansas","Private","NAICS 326199 All other plastics product manufacturing","County, NAICS 6-digit -- by ownership sector","All establishment sizes",2,0,0,0,0,0,0,"N",12.23,0,0,0,0,0,0,"N",0,0.0,0,0,0,0,0,0,0,0,0,0,0,0
"05089","5","332","75","0","2020","A","N","Marion County, Arkansas","Private","NAICS 332 Fabricated metal product manufacturing","County, NAICS 3-digit -- by ownership sector","All establishment sizes",1,0,0,0,0,0,0,"N",0.62,0,0,0,0,0,0,"N",0,0.0,0,0,0,0,0,0,0,0,0,0,0,0
"05089","5","3329","76","0","2020","A","N","Marion County, Arkansas","Private","NAICS 3329 Other fabricated metal product manufacturing","County, NAICS 4-digit -- by ownership sector","All establishment sizes",1,0,0,0,0,0,0,"N",4.74,0,0,0,0,0,0,"N",0,0.0,0,0,0,0,0,0,0,0,0,0,0,0
"05089","5","33299","77","0","2020","A","N","Marion County, Arkansas","Private","NAICS 33299 All other fabricated metal product mfg.","County, NAICS 5-digit -- by ownership sector","All establishment sizes",1,0,0,0,0,0,0,"N",6.18,0,0,0,0,0,0,"N",0,0.0,0,0,0,0,0,0,0,0,0,0,0,0
"05089","5","332999","78","0","2020","A","N","Marion County, Arkansas","Private","NAICS 332999 Miscellaneous fabricated metal product mfg.","County, NAICS 6-digit -- by ownership sector","All establishment sizes",1,0,0,0,0,0,0,"N",9.51,0,0,0,0,0,0,"N",0,0.0,0,0,0,0,0,0,0,0,0,0,0,0
"05089","5","333","75","0","2020","A","N","Marion County, Arkansas","Private","NAICS 333 Machinery manufacturing","County, NAICS 3-digit -- by ownership sector","All establishment sizes",2,0,0,0,0,0,0,"N",2.33,0,0,0,0,0,0,"N",0,0.0,0,0,0,0,0,0,0,0,0,0,0,0
"05089","5","3332","76","0","2020","A","N","Marion County, Arkansas","Private","NAICS 3332 Industrial machinery manufacturing","County, NAICS 4-digit -- by ownership sector","All establishment sizes",1,0,0,0,0,0,0,"N",7.87,0,0,0,0,0,0,"N",0,0.0,0,0,0,0,0,0,0,0,0,0,0,0
"05089","5","33324","77","0","2020","A","N","Marion County, Arkansas","Private","NAICS 33324 Industrial machinery manufacturing","County, NAICS 5-digit -- by ownership sector","All establishment sizes",1,0,0,0,0,0,0,"N",7.87,0,0,0,0,0,0,"N",0,0.0,0,0,0,0,0,0,0,0,0,0,0,0
"05089","5","333249","78","0","2020","A","N","Marion County, Arkansas","Private","NAICS 333249 Other industrial machinery manufacturing","County, NAICS 6-digit -- by ownership sector","All establishment sizes",1,0,0,0,0,0,0,"N",13.71,0,0,0,0,0,0,"N",0,0.0,0,0,0,0,0,0,0,0,0,0,0,0
"05089","5","3335","76","0","2020","A","N","Marion County, Arkansas","Private","NAICS 3335 Metalworking machinery manufacturing","County, NAICS 4-digit -- by ownership sector","All establishment sizes",1,0,0,0,0,0,0,"N",4.54,0,0,0,0,0,0,"N",0,0.0,0,0,0,0,0,0,0,0,0,0,0,0
"05089","5","33351","77","0","2020","A","N","Marion County, Arkansas","Private","NAICS 33351 Metalworking machinery manufacturing","County, NAICS 5-digit -- by ownership sector","All establishment sizes",1,0,0,0,0,0,0,"N",4.54,0,0,0,0,0,0,"N",0,0.0,0,0,0,0,0,0,0,0,0,0,0,0
"05089","5","333517","78","0","2020","A","N","Marion County, Arkansas","Private","NAICS 333517 Machine tool manufacturing","County, NAICS 6-digit -- by ownership sector","All establishment sizes",1,0,0,0,0,0,0,"N",17.80,0,0,0,0,0,0,"N",0,0.0,0,0,0,0,0,0,0,0,0,0,0,0
"05089","5","334","75","0","2020","A","","Marion County, Arkansas","Private","NAICS 334 Computer and electronic product manufacturing","County, NAICS 3-digit -- by ownership sector","All establishment sizes",3,82,1967818,772824,18520,462,24022,"",5.12,3.17,1.02,3.02,6.62,0.32,0.32,"N",0,0.0,0,0,0,0,0,0,0,0,0,0,0,0
"05089","5","3344","76","0","2020","A","","Marion County, Arkansas","Private","NAICS 3344 Semiconductor and electronic component mfg.","County, NAICS 4-digit -- by ownership sector","All establishment sizes",3,82,1967818,772824,18520,462,24022,"",18.24,9.16,3.24,8.51,18.69,0.35,0.35,"N",0,0.0,0,0,0,0,0,0,0,0,0,0,0,0
"05089","5","33441","77","0","2020","A","","Marion County, Arkansas","Private","NAICS 33441 Semiconductor and electronic component mfg.","County, NAICS 5-digit -- by ownership sector","All establishment sizes",3,82,1967818,772824,18520,462,24022,"",18.24,9.16,3.24,8.51,18.69,0.35,0.35,"N",0,0.0,0,0,0,0,0,0,0,0,0,0,0,0
"05089","5","334416","78","0","2020","A","N","Marion County, Arkansas","Private","NAICS 334416 Capacitor, resistor, and inductor mfg.","County, NAICS 6-digit -- by ownership sector","All establishment sizes",2,0,0,0,0,0,0,"N",166.28,0,0,0,0,0,0,"N",0,0.0,0,0,0,0,0,0,0,0,0,0,0,0
"05089","5","334419","78","0","2020","A","N","Marion County, Arkansas","Private","NAICS 334419 Other electronic component manufacturing","County, NAICS 6-digit -- by ownership sector","All establishment sizes",1,0,0,0,0,0,0,"N",23.11,0,0,0,0,0,0,"N",0,0.0,0,0,0,0,0,0,0,0,0,0,0,0
"05089","5","336","75","0","2020","A","N","Marion County, Arkansas","Private","NAICS 336 Transportation equipment manufacturing","County, NAICS 3-digit -- by ownership sector","All establishment sizes",3,0,0,0,0,0,0,"N",7.04,0,0,0,0,0,0,"N",0,0.0,0,0,0,0,0,0,0,0,0,0,0,0
"05089","5","3361","76","0","2020","A","N","Marion County, Arkansas","Private","NAICS 3361 Motor vehicle manufacturing","County, NAICS 4-digit -- by ownership sector","All establishment sizes",1,0,0,0,0,0,0,"N",59.31,0,0,0,0,0,0,"N",0,0.0,0,0,0,0,0,0,0,0,0,0,0,0
"05089","5","33611","77","0","2020","A","N","Marion County, Arkansas","Private","NAICS 33611 Automobile and light truck manufacturing","County, NAICS 5-digit -- by ownership sector","All establishment sizes",1,0,0,0,0,0,0,"N",85.28,0,0,0,0,0,0,"N",0,0.0,0,0,0,0,0,0,0,0,0,0,0,0
"05089","5","336111","78","0","2020","A","N","Marion County, Arkansas","Private","NAICS 336111 Automobile manufacturing","County, NAICS 6-digit -- by ownership sector","All establishment sizes",1,0,0,0,0,0,0,"N",108.38,0,0,0,0,0,0,"N",0,0.0,0,0,0,0,0,0,0,0,0,0,0,0
"05089","5","3363","76","0","2020","A","N","Marion County, Arkansas","Private","NAICS 3363 Motor vehicle parts manufacturing","County, NAICS 4-digit -- by ownership sector","All establishment sizes",0,0,0,0,0,0,0,"N",0.00,0,0,0,0,0,0,"N",0,0,0,0,0,0,0,0,0,0,0,0,0,0
"05089","5","33631","77","0","2020","A","N","Marion County, Arkansas","Private","NAICS 33631 Motor vehicle gasoline engine and parts mfg.","County, NAICS 5-digit -- by ownership sector","All establishment sizes",0,0,0,0,0,0,0,"N",0.00,0,0,0,0,0,0,"N",0,0,0,0,0,0,0,0,0,0,0,0,0,0
"05089","5","336310","78","0","2020","A","N","Marion County, Arkansas","Private","NAICS 336310 Motor vehicle gasoline engine and parts mfg.","County, NAICS 6-digit -- by ownership sector","All establishment sizes",0,0,0,0,0,0,0,"N",0.00,0,0,0,0,0,0,"N",0,0,0,0,0,0,0,0,0,0,0,0,0,0
"05089","5","3366","76","0","2020","A","N","Marion County, Arkansas","Private","NAICS 3366 Ship and boat building","County, NAICS 4-digit -- by ownership sector","All establishment sizes",2,0,0,0,0,0,0,"N",37.43,0,0,0,0,0,0,"N",0,0.0,0,0,0,0,0,0,0,0,0,0,0,0
"05089","5","33661","77","0","2020","A","N","Marion County, Arkansas","Private","NAICS 33661 Ship and boat building","County, NAICS 5-digit -- by ownership sector","All establishment sizes",2,0,0,0,0,0,0,"N",37.43,0,0,0,0,0,0,"N",0,0.0,0,0,0,0,0,0,0,0,0,0,0,0
"05089","5","336612","78","0","2020","A","N","Marion County, Arkansas","Private","NAICS 336612 Boat building","County, NAICS 6-digit -- by ownership sector","All establishment sizes",2,0,0,0,0,0,0,"N",68.39,0,0,0,0,0,0,"N",0,0.0,0,0,0,0,0,0,0,0,0,0,0,0
"05089","5","337","75","0","2020","A","N","Marion County, Arkansas","Private","NAICS 337 Furniture and related product manufacturing","County, NAICS 3-digit -- by ownership sector","All establishment sizes",1,0,0,0,0,0,0,"N",2.06,0,0,0,0,0,0,"N",0,0.0,0,0,0,0,0,0,0,0,0,0,0,0
"05089","5","3371","76","0","2020","A","N","Marion County, Arkansas","Private","NAICS 3371 Household and institutional furniture mfg.","County, NAICS 4-digit -- by ownership sector","All establishment sizes",1,0,0,0,0,0,0,"N",2.88,0,0,0,0,0,0,"N",0,0.0,0,0,0,0,0,0,0,0,0,0,0,0
"05089","5","33711","77","0","2020","A","N","Marion County, Arkansas","Private","NAICS 33711 Wood kitchen cabinet and countertop mfg.","County, NAICS 5-digit -- by ownership sector","All establishment sizes",1,0,0,0,0,0,0,"N",4.50,0,0,0,0,0,0,"N",0,0.0,0,0,0,0,0,0,0,0,0,0,0,0
"05089","5","337110","78","0","2020","A","N","Marion County, Arkansas","Private","NAICS 337110 Wood kitchen cabinet and countertop mfg.","County, NAICS 6-digit -- by ownership sector","All establishment sizes",1,0,0,0,0,0,0,"N",4.50,0,0,0,0,0,0,"N",0,0.0,0,0,0,0,0,0,0,0,0,0,0,0
"05089","5","339","75","0","2020","A","N","Marion County, Arkansas","Private","NAICS 339 Miscellaneous manufacturing","County, NAICS 3-digit -- by ownership sector","All establishment sizes",1,0,0,0,0,0,0,"N",1.09,0,0,0,0,0,0,"N",0,0.0,0,0,0,0,0,0,0,0,0,0,0,0
"05089","5","3399","76","0","2020","A","N","Marion County, Arkansas","Private","NAICS 3399 Other miscellaneous manufacturing","County, NAICS 4-digit -- by ownership sector","All establishment sizes",1,0,0,0,0,0,0,"N",1.76,0,0,0,0,0,0,"N",0,0.0,0,0,0,0,0,0,0,0,0,0,0,0
"05089","5","33992","77","0","2020","A","N","Marion County, Arkansas","Private","NAICS 33992 Sporting and athletic goods manufacturing","County, NAICS 5-digit -- by ownership sector","All establishment sizes",1,0,0,0,0,0,0,"N",18.34,0,0,0,0,0,0,"N",0,0.0,0,0,0,0,0,0,0,0,0,0,0,0
"05089","5","339920","78","0","2020","A","N","Marion County, Arkansas","Private","NAICS 339920 Sporting and athletic goods manufacturing","County, NAICS 6-digit -- by ownership sector","All establishment sizes",1,0,0,0,0,0,0,"N",18.34,0,0,0,0,0,0,"N",0,0.0,0,0,0,0,0,0,0,0,0,0,0,0
"05089","5","42","74","0","2020","A","","Marion County, Arkansas","Private","NAICS 42 Wholesale trade","County, NAICS Sector -- by ownership sector","All establishment sizes",6,36,1234329,339268,8202,661,34366,"",0.36,0.26,0.20,0.25,0.62,0.75,0.75,"",0,0.0,2,5.9,61281,5.2,-56713,-14.3,-3113,-27.5,-12,-1.8,-650,-1.9
"05089","5","423","75","0","2020","A","N","Marion County, Arkansas","Private","NAICS 423 Merchant wholesalers, durable goods","County, NAICS 3-digit -- by ownership sector","All establishment sizes",3,0,0,0,0,0,0,"N",0.36,0,0,0,0,0,0,"N",1,50.0,0,0,0,0,0,0,0,0,0,0,0,0
"05089","5","4234","76","0","2020","A","N","Marion County, Arkansas","Private","NAICS 4234 Commercial equip. merchant wholesalers","County, NAICS 4-digit -- by ownership sector","All establishment sizes",1,0,0,0,0,0,0,"N",0.57,0,0,0,0,0,0,"N",0,0.0,0,0,0,0,0,0,0,0,0,0,0,0
"05089","5","42343","77","0","2020","A","N","Marion County, Arkansas","Private","NAICS 42343 Computer and software merchant wholesalers","County, NAICS 5-digit -- by ownership sector","All establishment sizes",1,0,0,0,0,0,0,"N",2.46,0,0,0,0,0,0,"N",0,0.0,0,0,0,0,0,0,0,0,0,0,0,0
"05089","5","423430","78","0","2020","A","N","Marion County, Arkansas","Private","NAICS 423430 Computer and software merchant wholesalers","County, NAICS 6-digit -- by ownership sector","All establishment sizes",1,0,0,0,0,0,0,"N",2.46,0,0,0,0,0,0,"N",0,0.0,0,0,0,0,0,0,0,0,0,0,0,0
"05089","5","4238","76","0","2020","A","N","Marion County, Arkansas","Private","NAICS 4238 Machinery and supply merchant wholesalers","County, NAICS 4-digit -- by ownership sector","All establishment sizes",1,0,0,0,0,0,0,"N",0.51,0,0,0,0,0,0,"N",0,0.0,0,0,0,0,0,0,0,0,0,0,0,0
"05089","5","42382","77","0","2020","A","N","Marion County, Arkansas","Private","NAICS 42382 Farm and garden equip. merchant wholesalers","County, NAICS 5-digit -- by ownership sector","All establishment sizes",1,0,0,0,0,0,0,"N",4.09,0,0,0,0,0,0,"N",0,0.0,0,0,0,0,0,0,0,0,0,0,0,0
"05089","5","423820","78","0","2020","A","N","Marion County, Arkansas","Private","NAICS 423820 Farm and garden equip. merchant wholesalers","County, NAICS 6-digit -- by ownership sector","All establishment sizes",1,0,0,0,0,0,0,"N",4.09,0,0,0,0,0,0,"N",0,0.0,0,0,0,0,0,0,0,0,0,0,0,0
"05089","5","4239","76","0","2020","A","N","Marion County, Arkansas","Private","NAICS 4239 Misc. durable goods merchant wholesalers","County, NAICS 4-digit -- by ownership sector","All establishment sizes",1,0,0,0,0,0,0,"N",0.96,0,0,0,0,0,0,"N",1,100.0,0,0,0,0,0,0,0,0,0,0,0,0
"05089","5","42391","77","0","2020","A","N","Marion County, Arkansas","Private","NAICS 42391 Sporting goods merchant wholesalers","County, NAICS 5-digit -- by ownership sector","All establishment sizes",1,0,0,0,0,0,0,"N",5.05,0,0,0,0,0,0,"N",1,100.0,0,0,0,0,0,0,0,0,0,0,0,0
"05089","5","423910","78","0","2020","A","N","Marion County, Arkansas","Private","NAICS 423910 Sporting goods merchant wholesalers","County, NAICS 6-digit -- by ownership sector","All establishment sizes",1,0,0,0,0,0,0,"N",5.05,0,0,0,0,0,0,"N",1,100.0,0,0,0,0,0,0,0,0,0,0,0,0
"05089","5","424","75","0","2020","A","N","Marion County, Arkansas","Private","NAICS 424 Merchant wholesalers, nondurable goods","County, NAICS 3-digit -- by ownership sector","All establishment sizes",2,0,0,0,0,0,0,"N",0.43,0,0,0,0,0,0,"N",0,0.0,0,0,0,0,0,0,0,0,0,0,0,0
"05089","5","4246","76","0","2020","A","N","Marion County, Arkansas","Private","NAICS 4246 Chemical merchant wholesalers","County, NAICS 4-digit -- by ownership sector","All establishment sizes",2,0,0,0,0,0,0,"N",4.02,0,0,0,0,0,0,"N",0,0.0,0,0,0,0,0,0,0,0,0,0,0,0
"05089","5","42469","77","0","2020","A","N","Marion County, Arkansas","Private","NAICS 42469 Other chemicals merchant wholesalers","County, NAICS 5-digit -- by ownership sector","All establishment sizes",2,0,0,0,0,0,0,"N",5.38,0,0,0,0,0,0,"N",0,0.0,0,0,0,0,0,0,0,0,0,0,0,0
"05089","5","424690","78","0","2020","A","N","Marion County, Arkansas","Private","NAICS 424690 Other chemicals merchant wholesalers","County, NAICS 6-digit -- by ownership sector","All establishment sizes",2,0,0,0,0,0,0,"N",5.38,0,0,0,0,0,0,"N",0,0.0,0,0,0,0,0,0,0,0,0,0,0,0
"05089","5","425","75","0","2020","A","N","Marion County, Arkansas","Private","NAICS 425 Electronic markets and agents and brokers","County, NAICS 3-digit -- by ownership sector","All establishment sizes",2,0,0,0,0,0,0,"N",0.53,0,0,0,0,0,0,"N",0,0.0,0,0,0,0,0,0,0,0,0,0,0,0
"05089","5","4251","76","0","2020","A","N","Marion County, Arkansas","Private","NAICS 4251 Electronic markets and agents and brokers","County, NAICS 4-digit -- by ownership sector","All establishment sizes",2,0,0,0,0,0,0,"N",0.53,0,0,0,0,0,0,"N",0,0.0,0,0,0,0,0,0,0,0,0,0,0,0
"05089","5","42512","77","0","2020","A","N","Marion County, Arkansas","Private","NAICS 42512 Wholesale trade agents and brokers","County, NAICS 5-digit -- by ownership sector","All establishment sizes",2,0,0,0,0,0,0,"N",0.54,0,0,0,0,0,0,"N",0,0.0,0,0,0,0,0,0,0,0,0,0,0,0
"05089","5","425120","78","0","2020","A","N","Marion County, Arkansas","Private","NAICS 425120 Wholesale trade agents and brokers","County, NAICS 6-digit -- by ownership sector","All establishment sizes",2,0,0,0,0,0,0,"N",0.54,0,0,0,0,0,0,"N",0,0.0,0,0,0,0,0,0,0,0,0,0,0,0
"05089","5","44-45","74","0","2020","A","","Marion County, Arkansas","Private","NAICS 44-45 Retail trade","County, NAICS Sector -- by ownership sector","All establishment sizes",44,453,12161679,2949475,23009,517,26877,"",1.54,1.26,1.68,0.99,1.04,1.34,1.34,"",0,0.0,7,1.6,1144449,10.4,-477198,-13.9,-12729,-35.6,42,8.8,2179,8.8
"05089","5","441","75","0","2020","A","","Marion County, Arkansas","Private","NAICS 441 Motor vehicle and parts dealers","County, NAICS 3-digit -- by ownership sector","All establishment sizes",8,41,1172137,454344,3872,549,28531,"",2.47,0.89,0.82,1.04,1.02,0.92,0.92,"",0,0.0,2,5.1,303697,35.0,62372,15.9,-621,-13.8,124,29.2,6452,29.2
"05089","5","4411","76","0","2020","A","N","Marion County, Arkansas","Private","NAICS 4411 Automobile dealers","County, NAICS 4-digit -- by ownership sector","All establishment sizes",2,0,0,0,0,0,0,"N",1.57,0,0,0,0,0,0,"N",0,0.0,0,0,0,0,0,0,0,0,0,0,0,0
"05089","5","44112","77","0","2020","A","N","Marion County, Arkansas","Private","NAICS 44112 Used car dealers","County, NAICS 5-digit -- by ownership sector","All establishment sizes",2,0,0,0,0,0,0,"N",2.81,0,0,0,0,0,0,"N",0,0.0,0,0,0,0,0,0,0,0,0,0,0,0
"05089","5","441120","78","0","2020","A","N","Marion County, Arkansas","Private","NAICS 441120 Used car dealers","County, NAICS 6-digit -- by ownership sector","All establishment sizes",2,0,0,0,0,0,0,"N",2.81,0,0,0,0,0,0,"N",0,0.0,0,0,0,0,0,0,0,0,0,0,0,0
"05089","5","4412","76","0","2020","A","N","Marion County, Arkansas","Private","NAICS 4412 Other motor vehicle dealers","County, NAICS 4-digit -- by ownership sector","All establishment sizes",1,0,0,0,0,0,0,"N",2.58,0,0,0,0,0,0,"N",0,0.0,0,0,0,0,0,0,0,0,0,0,0,0
"05089","5","44122","77","0","2020","A","N","Marion County, Arkansas","Private","NAICS 44122 Motorcycle, boat, and other vehicle dealers","County, NAICS 5-digit -- by ownership sector","All establishment sizes",1,0,0,0,0,0,0,"N",3.20,0,0,0,0,0,0,"N",0,0.0,0,0,0,0,0,0,0,0,0,0,0,0
"05089","5","441222","78","0","2020","A","N","Marion County, Arkansas","Private","NAICS 441222 Boat dealers","County, NAICS 6-digit -- by ownership sector","All establishment sizes",1,0,0,0,0,0,0,"N",8.31,0,0,0,0,0,0,"N",0,0.0,0,0,0,0,0,0,0,0,0,0,0,0
"05089","5","4413","76","0","2020","A","","Marion County, Arkansas","Private","NAICS 4413 Auto parts, accessories, and tire stores","County, NAICS 4-digit -- by ownership sector","All establishment sizes",5,22,513678,165896,883,441,22915,"",3.16,1.67,1.91,1.48,1.21,1.12,1.12,"",0,0.0,-2,-8.3,30457,6.3,-58872,-26.2,-1354,-60.5,51,13.1,2640,13.0
"05089","5","44131","77","0","2020","A","N","Marion County, Arkansas","Private","NAICS 44131 Automotive parts and accessories stores","County, NAICS 5-digit -- by ownership sector","All establishment sizes",4,0,0,0,0,0,0,"N",3.90,0,0,0,0,0,0,"N",0,0.0,0,0,0,0,0,0,0,0,0,0,0,0
"05089","5","441310","78","0","2020","A","N","Marion County, Arkansas","Private","NAICS 441310 Automotive parts and accessories stores","County, NAICS 6-digit -- by ownership sector","All establishment sizes",4,0,0,0,0,0,0,"N",3.90,0,0,0,0,0,0,"N",0,0.0,0,0,0,0,0,0,0,0,0,0,0,0
"05089","5","44132","77","0","2020","A","N","Marion County, Arkansas","Private","NAICS 44132 Tire dealers","County, NAICS 5-digit -- by ownership sector","All establishment sizes",1,0,0,0,0,0,0,"N",1.79,0,0,0,0,0,0,"N",0,0.0,0,0,0,0,0,0,0,0,0,0,0,0
"05089","5","441320","78","0","2020","A","N","Marion County, Arkansas","Private","NAICS 441320 Tire dealers","County, NAICS 6-digit -- by ownership sector","All establishment sizes",1,0,0,0,0,0,0,"N",1.79,0,0,0,0,0,0,"N",0,0.0,0,0,0,0,0,0,0,0,0,0,0,0
"05089","5","443","75","0","2020","A","N","Marion County, Arkansas","Private","NAICS 443 Electronics and appliance stores","County, NAICS 3-digit -- by ownership sector","All establishment sizes",1,0,0,0,0,0,0,"N",0.83,0,0,0,0,0,0,"N",0,0.0,0,0,0,0,0,0,0,0,0,0,0,0
"05089","5","4431","76","0","2020","A","N","Marion County, Arkansas","Private","NAICS 4431 Electronics and appliance stores","County, NAICS 4-digit -- by ownership sector","All establishment sizes",1,0,0,0,0,0,0,"N",0.83,0,0,0,0,0,0,"N",0,0.0,0,0,0,0,0,0,0,0,0,0,0,0
"05089","5","44314","77","0","2020","A","N","Marion County, Arkansas","Private","NAICS 44314 Electronics and appliance stores","County, NAICS 5-digit -- by ownership sector","All establishment sizes",1,0,0,0,0,0,0,"N",0.83,0,0,0,0,0,0,"N",0,0.0,0,0,0,0,0,0,0,0,0,0,0,0
"05089","5","443141","78","0","2020","A","N","Marion County, Arkansas","Private","NAICS 443141 Household appliance stores","County, NAICS 6-digit -- by ownership sector","All establishment sizes",1,0,0,0,0,0,0,"N",6.69,0,0,0,0,0,0,"N",0,0.0,0,0,0,0,0,0,0,0,0,0,0,0
"05089","5","444","75","0","2020","A","","Marion County, Arkansas","Private","NAICS 444 Building material and garden supply stores","County, NAICS 3-digit -- by ownership sector","All establishment sizes",4,31,959360,245788,2063,598,31114,"",2.12,0.94,1.41,0.87,0.94,1.51,1.51,"",0,0.0,1,3.3,57419,6.4,-76101,-23.6,67,3.4,28,4.9,1461,4.9
"05089","5","4441","76","0","2020","A","N","Marion County, Arkansas","Private","NAICS 4441 Building material and supplies dealers","County, NAICS 4-digit -- by ownership sector","All establishment sizes",2,0,0,0,0,0,0,"N",1.39,0,0,0,0,0,0,"N",0,0.0,0,0,0,0,0,0,0,0,0,0,0,0
"05089","5","44413","77","0","2020","A","N","Marion County, Arkansas","Private","NAICS 44413 Hardware stores","County, NAICS 5-digit -- by ownership sector","All establishment sizes",2,0,0,0,0,0,0,"N",4.99,0,0,0,0,0,0,"N",0,0.0,0,0,0,0,0,0,0,0,0,0,0,0
"05089","5","444130","78","0","2020","A","N","Marion County, Arkansas","Private","NAICS 444130 Hardware stores","County, NAICS 6-digit -- by ownership sector","All establishment sizes",2,0,0,0,0,0,0,"N",4.99,0,0,0,0,0,0,"N",0,0.0,0,0,0,0,0,0,0,0,0,0,0,0
"05089","5","4442","76","0","2020","A","N","Marion County, Arkansas","Private","NAICS 4442 Lawn and garden equipment and supplies stores","County, NAICS 4-digit -- by ownership sector","All establishment sizes",2,0,0,0,0,0,0,"N",4.51,0,0,0,0,0,0,"N",0,0.0,0,0,0,0,0,0,0,0,0,0,0,0
"05089","5","44422","77","0","2020","A","N","Marion County, Arkansas","Private","NAICS 44422 Nursery, garden, and farm supply stores","County, NAICS 5-digit -- by ownership sector","All establishment sizes",2,0,0,0,0,0,0,"N",5.99,0,0,0,0,0,0,"N",0,0.0,0,0,0,0,0,0,0,0,0,0,0,0
"05089","5","444220","78","0","2020","A","N","Marion County, Arkansas","Private","NAICS 444220 Nursery, garden, and farm supply stores","County, NAICS 6-digit -- by ownership sector","All establishment sizes",2,0,0,0,0,0,0,"N",5.99,0,0,0,0,0,0,"N",0,0.0,0,0,0,0,0,0,0,0,0,0,0,0
"05089","5","445","75","0","2020","A","","Marion County, Arkansas","Private","NAICS 445 Food and beverage stores","County, NAICS 3-digit -- by ownership sector","All establishment sizes",7,95,2390984,954979,4130,484,25146,"",1.74,1.26,2.03,1.67,1.23,1.62,1.61,"",0,0.0,-3,-3.1,381042,19.0,-62161,-6.1,-4370,-51.4,90,22.8,4636,22.6
"05089","5","4451","76","0","2020","A","N","Marion County, Arkansas","Private","NAICS 4451 Grocery stores","County, NAICS 4-digit -- by ownership sector","All establishment sizes",4,0,0,0,0,0,0,"N",1.63,0,0,0,0,0,0,"N",0,0.0,0,0,0,0,0,0,0,0,0,0,0,0
"05089","5","44511","77","0","2020","A","N","Marion County, Arkansas","Private","NAICS 44511 Supermarkets and other grocery stores","County, NAICS 5-digit -- by ownership sector","All establishment sizes",3,0,0,0,0,0,0,"N",1.91,0,0,0,0,0,0,"N",0,0.0,0,0,0,0,0,0,0,0,0,0,0,0
"05089","5","445110","78","0","2020","A","N","Marion County, Arkansas","Private","NAICS 445110 Supermarkets and other grocery stores","County, NAICS 6-digit -- by ownership sector","All establishment sizes",3,0,0,0,0,0,0,"N",1.91,0,0,0,0,0,0,"N",0,0.0,0,0,0,0,0,0,0,0,0,0,0,0
"05089","5","44512","77","0","2020","A","N","Marion County, Arkansas","Private","NAICS 44512 Convenience stores","County, NAICS 5-digit -- by ownership sector","All establishment sizes",1,0,0,0,0,0,0,"N",1.13,0,0,0,0,0,0,"N",0,0.0,0,0,0,0,0,0,0,0,0,0,0,0
"05089","5","445120","78","0","2020","A","N","Marion County, Arkansas","Private","NAICS 445120 Convenience stores","County, NAICS 6-digit -- by ownership sector","All establishment sizes",1,0,0,0,0,0,0,"N",1.13,0,0,0,0,0,0,"N",0,0.0,0,0,0,0,0,0,0,0,0,0,0,0
"05089","5","4453","76","0","2020","A","N","Marion County, Arkansas","Private","NAICS 4453 Beer, wine, and liquor stores","County, NAICS 4-digit -- by ownership sector","All establishment sizes",3,0,0,0,0,0,0,"N",3.47,0,0,0,0,0,0,"N",0,0.0,0,0,0,0,0,0,0,0,0,0,0,0
"05089","5","44531","77","0","2020","A","N","Marion County, Arkansas","Private","NAICS 44531 Beer, wine, and liquor stores","County, NAICS 5-digit -- by ownership sector","All establishment sizes",3,0,0,0,0,0,0,"N",3.47,0,0,0,0,0,0,"N",0,0.0,0,0,0,0,0,0,0,0,0,0,0,0
"05089","5","445310","78","0","2020","A","N","Marion County, Arkansas","Private","NAICS 445310 Beer, wine, and liquor stores","County, NAICS 6-digit -- by ownership sector","All establishment sizes",3,0,0,0,0,0,0,"N",3.47,0,0,0,0,0,0,"N",0,0.0,0,0,0,0,0,0,0,0,0,0,0,0
"05089","5","446","75","0","2020","A","N","Marion County, Arkansas","Private","NAICS 446 Health and personal care stores","County, NAICS 3-digit -- by ownership sector","All establishment sizes",1,0,0,0,0,0,0,"N",0.32,0,0,0,0,0,0,"N",-1,-50.0,0,0,0,0,0,0,0,0,0,0,0,0
"05089","5","4461","76","0","2020","A","N","Marion County, Arkansas","Private","NAICS 4461 Health and personal care stores","County, NAICS 4-digit -- by ownership sector","All establishment sizes",1,0,0,0,0,0,0,"N",0.32,0,0,0,0,0,0,"N",-1,-50.0,0,0,0,0,0,0,0,0,0,0,0,0
"05089","5","44611","77","0","2020","A","N","Marion County, Arkansas","Private","NAICS 44611 Pharmacies and drug stores","County, NAICS 5-digit -- by ownership sector","All establishment sizes",1,0,0,0,0,0,0,"N",0.57,0,0,0,0,0,0,"N",-1,-50.0,0,0,0,0,0,0,0,0,0,0,0,0
"05089","5","446110","78","0","2020","A","N","Marion County, Arkansas","Private","NAICS 446110 Pharmacies and drug stores","County, NAICS 6-digit -- by ownership sector","All establishment sizes",1,0,0,0,0,0,0,"N",0.57,0,0,0,0,0,0,"N",-1,-50.0,0,0,0,0,0,0,0,0,0,0,0,0
"05089","5","447","75","0","2020","A","","Marion County, Arkansas","Private","NAICS 447 Gasoline stations","County, NAICS 3-digit -- by ownership sector","All establishment sizes",6,26,626996,310146,7495,456,23735,"",2.04,1.16,2.02,1.77,6.66,1.72,1.72,"",0,0.0,-3,-10.3,64432,11.5,-55618,-15.2,-1873,-20.0,76,20.0,3996,20.2
"05089","5","4471","76","0","2020","A","","Marion County, Arkansas","Private","NAICS 4471 Gasoline stations","County, NAICS 4-digit -- by ownership sector","All establishment sizes",6,26,626996,310146,7495,456,23735,"",2.04,1.16,2.02,1.77,6.66,1.72,1.72,"",0,0.0,-3,-10.3,64432,11.5,-55618,-15.2,-1873,-20.0,76,20.0,3996,20.2
"05089","5","44711","77","0","2020","A","N","Marion County, Arkansas","Private","NAICS 44711 Gasoline stations with convenience stores","County, NAICS 5-digit -- by ownership sector","All establishment sizes",5,0,0,0,0,0,0,"N",1.87,0,0,0,0,0,0,"N",0,0.0,0,0,0,0,0,0,0,0,0,0,0,0
"05089","5","447110","78","0","2020","A","N","Marion County, Arkansas","Private","NAICS 447110 Gasoline stations with convenience stores","County, NAICS 6-digit -- by ownership sector","All establishment sizes",5,0,0,0,0,0,0,"N",1.87,0,0,0,0,0,0,"N",0,0.0,0,0,0,0,0,0,0,0,0,0,0,0
"05089","5","44719","77","0","2020","A","N","Marion County, Arkansas","Private","NAICS 44719 Other gasoline stations","County, NAICS 5-digit -- by ownership sector","All establishment sizes",1,0,0,0,0,0,0,"N",3.72,0,0,0,0,0,0,"N",0,0.0,0,0,0,0,0,0,0,0,0,0,0,0
"05089","5","447190","78","0","2020","A","N","Marion County, Arkansas","Private","NAICS 447190 Other gasoline stations","County, NAICS 6-digit -- by ownership sector","All establishment sizes",1,0,0,0,0,0,0,"N",3.72,0,0,0,0,0,0,"N",0,0.0,0,0,0,0,0,0,0,0,0,0,0,0
"05089","5","451","75","0","2020","A","N","Marion County, Arkansas","Private","NAICS 451 Sports, hobby, music instrument, book stores","County, NAICS 3-digit -- by ownership sector","All establishment sizes",1,0,0,0,0,0,0,"N",0.76,0,0,0,0,0,0,"N",1,100.0,0,0,0,0,0,0,0,0,0,0,0,0
"05089","5","4511","76","0","2020","A","N","Marion County, Arkansas","Private","NAICS 4511 Sporting goods and musical instrument stores","County, NAICS 4-digit -- by ownership sector","All establishment sizes",1,0,0,0,0,0,0,"N",0.89,0,0,0,0,0,0,"N",1,100.0,0,0,0,0,0,0,0,0,0,0,0,0
"05089","5","45111","77","0","2020","A","N","Marion County, Arkansas","Private","NAICS 45111 Sporting goods stores","County, NAICS 5-digit -- by ownership sector","All establishment sizes",1,0,0,0,0,0,0,"N",1.61,0,0,0,0,0,0,"N",1,100.0,0,0,0,0,0,0,0,0,0,0,0,0
"05089","5","451110","78","0","2020","A","N","Marion County, Arkansas","Private","NAICS 451110 Sporting goods stores","County, NAICS 6-digit -- by ownership sector","All establishment sizes",1,0,0,0,0,0,0,"N",1.61,0,0,0,0,0,0,"N",1,100.0,0,0,0,0,0,0,0,0,0,0,0,0
"05089","5","452","75","0","2020","A","N","Marion County, Arkansas","Private","NAICS 452 General merchandise stores","County, NAICS 3-digit -- by ownership sector","All establishment sizes",6,0,0,0,0,0,0,"N",3.36,0,0,0,0,0,0,"N",-1,-14.3,0,0,0,0,0,0,0,0,0,0,0,0
"05089","5","4523","76","0","2020","A","N","Marion County, Arkansas","Private","NAICS 4523 General merchandise stores, including warehouse clubs and supercenters","County, NAICS 4-digit -- by ownership sector","All establishment sizes",6,0,0,0,0,0,0,"N",4.09,0,0,0,0,0,0,"N",-1,-14.3,0,0,0,0,0,0,0,0,0,0,0,0
"05089","5","45231","77","0","2020","A","N","Marion County, Arkansas","Private","NAICS 45231 General merchandise stores, including warehouse clubs and supercenters","County, NAICS 5-digit -- by ownership sector","All establishment sizes",6,0,0,0,0,0,0,"N",4.09,0,0,0,0,0,0,"N",-1,-14.3,0,0,0,0,0,0,0,0,0,0,0,0
"05089","5","452311","78","0","2020","A","N","Marion County, Arkansas","Private","NAICS 452311 Warehouse clubs and supercenters","County, NAICS 6-digit -- by ownership sector","All establishment sizes",1,0,0,0,0,0,0,"N",5.86,0,0,0,0,0,0,"N",0,0.0,0,0,0,0,0,0,0,0,0,0,0,0
"05089","5","452319","78","0","2020","A","N","Marion County, Arkansas","Private","NAICS 452319 All other general merchandise stores","County, NAICS 6-digit -- by ownership sector","All establishment sizes",5,0,0,0,0,0,0,"N",3.86,0,0,0,0,0,0,"N",-1,-16.7,0,0,0,0,0,0,0,0,0,0,0,0
"05089","5","453","75","0","2020","A","","Marion County, Arkansas","Private","NAICS 453 Miscellaneous store retailers","County, NAICS 3-digit -- by ownership sector","All establishment sizes",5,10,110354,84150,315,223,11616,"",1.62,0.56,0.36,0.63,0.26,0.68,0.69,"",0,0.0,-2,-16.7,-11826,-9.7,-12216,-12.7,-1085,-77.5,24,12.1,1291,12.5
"05089","5","4532","76","0","2020","A","N","Marion County, Arkansas","Private","NAICS 4532 Office supplies, stationery, and gift stores","County, NAICS 4-digit -- by ownership sector","All establishment sizes",1,0,0,0,0,0,0,"N",1.42,0,0,0,0,0,0,"N",0,0.0,0,0,0,0,0,0,0,0,0,0,0,0
"05089","5","45322","77","0","2020","A","N","Marion County, Arkansas","Private","NAICS 45322 Gift, novelty, and souvenir stores","County, NAICS 5-digit -- by ownership sector","All establishment sizes",1,0,0,0,0,0,0,"N",1.95,0,0,0,0,0,0,"N",0,0.0,0,0,0,0,0,0,0,0,0,0,0,0
"05089","5","453220","78","0","2020","A","N","Marion County, Arkansas","Private","NAICS 453220 Gift, novelty, and souvenir stores","County, NAICS 6-digit -- by ownership sector","All establishment sizes",1,0,0,0,0,0,0,"N",1.95,0,0,0,0,0,0,"N",0,0.0,0,0,0,0,0,0,0,0,0,0,0,0
"05089","5","4533","76","0","2020","A","N","Marion County, Arkansas","Private","NAICS 4533 Used merchandise stores","County, NAICS 4-digit -- by ownership sector","All establishment sizes",1,0,0,0,0,0,0,"N",2.12,0,0,0,0,0,0,"N",0,0.0,0,0,0,0,0,0,0,0,0,0,0,0
"05089","5","45331","77","0","2020","A","N","Marion County, Arkansas","Private","NAICS 45331 Used merchandise stores","County, NAICS 5-digit -- by ownership sector","All establishment sizes",1,0,0,0,0,0,0,"N",2.12,0,0,0,0,0,0,"N",0,0.0,0,0,0,0,0,0,0,0,0,0,0,0
"05089","5","453310","78","0","2020","A","N","Marion County, Arkansas","Private","NAICS 453310 Used merchandise stores","County, NAICS 6-digit -- by ownership sector","All establishment sizes",1,0,0,0,0,0,0,"N",2.12,0,0,0,0,0,0,"N",0,0.0,0,0,0,0,0,0,0,0,0,0,0,0
"05089","5","4539","76","0","2020","A","","Marion County, Arkansas","Private","NAICS 4539 Other miscellaneous store retailers","County, NAICS 4-digit -- by ownership sector","All establishment sizes",3,8,86505,60301,199,202,10485,"",1.90,0.96,0.53,0.83,0.29,0.53,0.53,"",0,0.0,1,14.3,19962,30.0,9059,17.7,-1019,-83.7,21,11.6,1091,11.6
"05089","5","45399","77","0","2020","A","","Marion County, Arkansas","Private","NAICS 45399 All other miscellaneous store retailers","County, NAICS 5-digit -- by ownership sector","All establishment sizes",3,8,86505,60301,199,202,10485,"",2.70,1.61,0.88,1.35,0.41,0.53,0.53,"",0,0.0,1,14.3,19962,30.0,9059,17.7,-1019,-83.7,21,11.6,1091,11.6
"05089","5","453991","78","0","2020","A","N","Marion County, Arkansas","Private","NAICS 453991 Tobacco stores","County, NAICS 6-digit -- by ownership sector","All establishment sizes",2,0,0,0,0,0,0,"N",6.12,0,0,0,0,0,0,"N",0,0.0,0,0,0,0,0,0,0,0,0,0,0,0
"05089","5","453998","78","0","2020","A","N","Marion County, Arkansas","Private","NAICS 453998 Store retailers not specified elsewhere","County, NAICS 6-digit -- by ownership sector","All establishment sizes",1,0,0,0,0,0,0,"N",1.28,0,0,0,0,0,0,"N",0,0.0,0,0,0,0,0,0,0,0,0,0,0,0
"05089","5","454","75","0","2020","A","","Marion County, Arkansas","Private","NAICS 454 Nonstore retailers","County, NAICS 3-digit -- by ownership sector","All establishment sizes",5,8,261991,64520,824,630,32749,"",3.09,0.56,0.40,0.34,0.52,0.72,0.72,"",1,25.0,2,33.3,48565,22.8,3734,6.1,0,0.0,-84,-11.8,-4369,-11.8
"05089","5","4541","76","0","2020","A","N","Marion County, Arkansas","Private","NAICS 4541 Electronic shopping and mail-order houses","County, NAICS 4-digit -- by ownership sector","All establishment sizes",3,0,0,0,0,0,0,"N",3.10,0,0,0,0,0,0,"N",1,50.0,0,0,0,0,0,0,0,0,0,0,0,0
"05089","5","45411","77","0","2020","A","N","Marion County, Arkansas","Private","NAICS 45411 Electronic shopping and mail-order houses","County, NAICS 5-digit -- by ownership sector","All establishment sizes",3,0,0,0,0,0,0,"N",3.10,0,0,0,0,0,0,"N",1,50.0,0,0,0,0,0,0,0,0,0,0,0,0
"05089","5","454110","78","0","2020","A","N","Marion County, Arkansas","Private","NAICS 454110 Electronic shopping and mail-order houses","County, NAICS 6-digit -- by ownership sector","All establishment sizes",3,0,0,0,0,0,0,"N",3.10,0,0,0,0,0,0,"N",1,50.0,0,0,0,0,0,0,0,0,0,0,0,0
"05089","5","4542","76","0","2020","A","N","Marion County, Arkansas","Private","NAICS 4542 Vending machine operators","County, NAICS 4-digit -- by ownership sector","All establishment sizes",1,0,0,0,0,0,0,"N",10.32,0,0,0,0,0,0,"N",0,0.0,0,0,0,0,0,0,0,0,0,0,0,0
"05089","5","45421","77","0","2020","A","N","Marion County, Arkansas","Private","NAICS 45421 Vending machine operators","County, NAICS 5-digit -- by ownership sector","All establishment sizes",1,0,0,0,0,0,0,"N",10.32,0,0,0,0,0,0,"N",0,0.0,0,0,0,0,0,0,0,0,0,0,0,0
"05089","5","454210","78","0","2020","A","N","Marion County, Arkansas","Private","NAICS 454210 Vending machine operators","County, NAICS 6-digit -- by ownership sector","All establishment sizes",1,0,0,0,0,0,0,"N",10.32,0,0,0,0,0,0,"N",0,0.0,0,0,0,0,0,0,0,0,0,0,0,0
"05089","5","4543","76","0","2020","A","N","Marion County, Arkansas","Private","NAICS 4543 Direct selling establishments","County, NAICS 4-digit -- by ownership sector","All establishment sizes",1,0,0,0,0,0,0,"N",1.81,0,0,0,0,0,0,"N",0,0.0,0,0,0,0,0,0,0,0,0,0,0,0
"05089","5","45439","77","0","2020","A","N","Marion County, Arkansas","Private","NAICS 45439 Other direct selling establishments","County, NAICS 5-digit -- by ownership sector","All establishment sizes",1,0,0,0,0,0,0,"N",2.95,0,0,0,0,0,0,"N",0,0.0,0,0,0,0,0,0,0,0,0,0,0,0
"05089","5","454390","78","0","2020","A","N","Marion County, Arkansas","Private","NAICS 454390 Other direct selling establishments","County, NAICS 6-digit -- by ownership sector","All establishment sizes",1,0,0,0,0,0,0,"N",2.95,0,0,0,0,0,0,"N",0,0.0,0,0,0,0,0,0,0,0,0,0,0,0
"05089","5","48-49","74","0","2020","A","","Marion County, Arkansas","Private","NAICS 48-49 Transportation and warehousing","County, NAICS Sector -- by ownership sector","All establishment sizes",5,16,550672,147451,2784,683,35527,"",0.67,0.12,0.13,0.11,0.21,1.17,1.17,"",0,0.0,-1,-5.9,-30594,-5.3,-65423,-30.7,-5177,-65.0,12,1.8,651,1.9
"05089","5","484","75","0","2020","A","N","Marion County, Arkansas","Private","NAICS 484 Truck transportation","County, NAICS 3-digit -- by ownership sector","All establishment sizes",4,0,0,0,0,0,0,"N",0.99,0,0,0,0,0,0,"N",0,0.0,0,0,0,0,0,0,0,0,0,0,0,0
"05089","5","4841","76","0","2020","A","N","Marion County, Arkansas","Private","NAICS 4841 General freight trucking","County, NAICS 4-digit -- by ownership sector","All establishment sizes",2,0,0,0,0,0,0,"N",0.76,0,0,0,0,0,0,"N",0,0.0,0,0,0,0,0,0,0,0,0,0,0,0
"05089","5","48412","77","0","2020","A","N","Marion County, Arkansas","Private","NAICS 48412 General freight trucking, long-distance","County, NAICS 5-digit -- by ownership sector","All establishment sizes",2,0,0,0,0,0,0,"N",1.27,0,0,0,0,0,0,"N",0,0.0,0,0,0,0,0,0,0,0,0,0,0,0
"05089","5","484121","78","0","2020","A","N","Marion County, Arkansas","Private","NAICS 484121 General freight trucking, long-distance tl","County, NAICS 6-digit -- by ownership sector","All establishment sizes",2,0,0,0,0,0,0,"N",1.54,0,0,0,0,0,0,"N",0,0.0,0,0,0,0,0,0,0,0,0,0,0,0
"05089","5","4842","76","0","2020","A","N","Marion County, Arkansas","Private","NAICS 4842 Specialized freight trucking","County, NAICS 4-digit -- by ownership sector","All establishment sizes",2,0,0,0,0,0,0,"N",1.43,0,0,0,0,0,0,"N",0,0.0,0,0,0,0,0,0,0,0,0,0,0,0
"05089","5","48422","77","0","2020","A","N","Marion County, Arkansas","Private","NAICS 48422 Other specialized trucking, local","County, NAICS 5-digit -- by ownership sector","All establishment sizes",1,0,0,0,0,0,0,"N",1.21,0,0,0,0,0,0,"N",0,0.0,0,0,0,0,0,0,0,0,0,0,0,0
"05089","5","484220","78","0","2020","A","N","Marion County, Arkansas","Private","NAICS 484220 Other specialized trucking, local","County, NAICS 6-digit -- by ownership sector","All establishment sizes",1,0,0,0,0,0,0,"N",1.21,0,0,0,0,0,0,"N",0,0.0,0,0,0,0,0,0,0,0,0,0,0,0
"05089","5","48423","77","0","2020","A","N","Marion County, Arkansas","Private","NAICS 48423 Other specialized trucking, long-distance","County, NAICS 5-digit -- by ownership sector","All establishment sizes",1,0,0,0,0,0,0,"N",3.01,0,0,0,0,0,0,"N",0,0.0,0,0,0,0,0,0,0,0,0,0,0,0
"05089","5","484230","78","0","2020","A","N","Marion County, Arkansas","Private","NAICS 484230 Other specialized trucking, long-distance","County, NAICS 6-digit -- by ownership sector","All establishment sizes",1,0,0,0,0,0,0,"N",3.01,0,0,0,0,0,0,"N",0,0.0,0,0,0,0,0,0,0,0,0,0,0,0
"05089","5","493","75","0","2020","A","N","Marion County, Arkansas","Private","NAICS 493 Warehousing and storage","County, NAICS 3-digit -- by ownership sector","All establishment sizes",1,0,0,0,0,0,0,"N",1.90,0,0,0,0,0,0,"N",0,0.0,0,0,0,0,0,0,0,0,0,0,0,0
"05089","5","4931","76","0","2020","A","N","Marion County, Arkansas","Private","NAICS 4931 Warehousing and storage","County, NAICS 4-digit -- by ownership sector","All establishment sizes",1,0,0,0,0,0,0,"N",1.90,0,0,0,0,0,0,"N",0,0.0,0,0,0,0,0,0,0,0,0,0,0,0
"05089","5","49311","77","0","2020","A","N","Marion County, Arkansas","Private","NAICS 49311 General warehousing and storage","County, NAICS 5-digit -- by ownership sector","All establishment sizes",1,0,0,0,0,0,0,"N",2.55,0,0,0,0,0,0,"N",0,0.0,0,0,0,0,0,0,0,0,0,0,0,0
"05089","5","493110","78","0","2020","A","N","Marion County, Arkansas","Private","NAICS 493110 General warehousing and storage","County, NAICS 6-digit -- by ownership sector","All establishment sizes",1,0,0,0,0,0,0,"N",2.55,0,0,0,0,0,0,"N",0,0.0,0,0,0,0,0,0,0,0,0,0,0,0
"05089","5","51","74","0","2020","A","","Marion County, Arkansas","Private","NAICS 51 Information","County, NAICS Sector -- by ownership sector","All establishment sizes",3,56,3449054,428957,1438,1193,62052,"",0.55,0.85,0.70,0.61,0.17,0.83,0.83,"N",0,0.0,0,0,0,0,0,0,0,0,0,0,0,0
"05089","5","517","75","0","2020","A","","Marion County, Arkansas","Private","NAICS 517 Telecommunications","County, NAICS 3-digit -- by ownership sector","All establishment sizes",3,56,3449054,428957,1438,1193,62052,"",3.04,3.33,3.70,2.57,0.73,1.12,1.12,"N",0,0.0,0,0,0,0,0,0,0,0,0,0,0,0
"05089","5","5173","76","0","2020","A","","Marion County, Arkansas","Private","NAICS 5173 Wired and wireless telecommunications carriers","County, NAICS 4-digit -- by ownership sector","All establishment sizes",3,56,3449054,428957,1438,1193,62052,"",4.04,3.83,4.39,2.95,0.85,1.15,1.15,"N",0,0.0,0,0,0,0,0,0,0,0,0,0,0,0
"05089","5","51731","77","0","2020","A","","Marion County, Arkansas","Private","NAICS 51731 Wired and wireless telecommunications carriers","County, NAICS 5-digit -- by ownership sector","All establishment sizes",3,56,3449054,428957,1438,1193,62052,"",4.04,3.83,4.39,2.95,0.85,1.15,1.15,"N",0,0.0,0,0,0,0,0,0,0,0,0,0,0,0
"05089","5","517311","78","0","2020","A","","Marion County, Arkansas","Private","NAICS 517311 Wired telecommunications carriers","County, NAICS 6-digit -- by ownership sector","All establishment sizes",3,56,3449054,428957,1438,1193,62052,"",5.63,4.60,5.25,3.64,1.03,1.15,1.15,"N",0,0.0,0,0,0,0,0,0,0,0,0,0,0,0
"05089","5","52","74","0","2020","A","","Marion County, Arkansas","Private","NAICS 52 Finance and insurance","County, NAICS Sector -- by ownership sector","All establishment sizes",14,110,5364495,708931,3001,936,48694,"",0.99,0.74,0.55,0.50,0.23,0.73,0.73,"",-2,-12.5,-9,-7.6,-59364,-1.1,-384994,-35.2,-3757,-55.6,59,6.7,3115,6.8
"05089","5","522","75","0","2020","A","N","Marion County, Arkansas","Private","NAICS 522 Credit intermediation and related activities","County, NAICS 3-digit -- by ownership sector","All establishment sizes",11,0,0,0,0,0,0,"N",2.19,0,0,0,0,0,0,"N",0,0.0,0,0,0,0,0,0,0,0,0,0,0,0
"05089","5","5221","76","0","2020","A","","Marion County, Arkansas","Private","NAICS 5221 Depository credit intermediation","County, NAICS 4-digit -- by ownership sector","All establishment sizes",10,107,5252025,673931,2504,945,49123,"",3.42,2.48,2.45,1.63,0.77,0.99,0.99,"",-1,-9.1,-7,-6.1,118061,2.3,-354377,-34.5,-3601,-59.0,78,9.0,4022,8.9
"05089","5","52211","77","0","2020","A","N","Marion County, Arkansas","Private","NAICS 52211 Commercial banking","County, NAICS 5-digit -- by ownership sector","All establishment sizes",8,0,0,0,0,0,0,"N",3.58,0,0,0,0,0,0,"N",-1,-11.1,0,0,0,0,0,0,0,0,0,0,0,0
"05089","5","522110","78","0","2020","A","N","Marion County, Arkansas","Private","NAICS 522110 Commercial banking","County, NAICS 6-digit -- by ownership sector","All establishment sizes",8,0,0,0,0,0,0,"N",3.58,0,0,0,0,0,0,"N",-1,-11.1,0,0,0,0,0,0,0,0,0,0,0,0
"05089","5","52219","77","0","2020","A","N","Marion County, Arkansas","Private","NAICS 52219 Other depository credit intermediation","County, NAICS 5-digit -- by ownership sector","All establishment sizes",2,0,0,0,0,0,0,"N",113.98,0,0,0,0,0,0,"N",0,0.0,0,0,0,0,0,0,0,0,0,0,0,0
"05089","5","522190","78","0","2020","A","N","Marion County, Arkansas","Private","NAICS 522190 Other depository credit intermediation","County, NAICS 6-digit -- by ownership sector","All establishment sizes",2,0,0,0,0,0,0,"N",113.98,0,0,0,0,0,0,"N",0,0.0,0,0,0,0,0,0,0,0,0,0,0,0
"05089","5","5223","76","0","2020","A","N","Marion County, Arkansas","Private","NAICS 5223 Activities related to credit intermediation","County, NAICS 4-digit -- by ownership sector","All establishment sizes",0,0,0,0,0,0,0,"N",0.00,0,0,0,0,0,0,"N",0,0,0,0,0,0,0,0,0,0,0,0,0,0
"05089","5","52231","77","0","2020","A","N","Marion County, Arkansas","Private","NAICS 52231 Mortgage and nonmortgage loan brokers","County, NAICS 5-digit -- by ownership sector","All establishment sizes",0,0,0,0,0,0,0,"N",0.00,0,0,0,0,0,0,"N",0,0,0,0,0,0,0,0,0,0,0,0,0,0
"05089","5","522310","78","0","2020","A","N","Marion County, Arkansas","Private","NAICS 522310 Mortgage and nonmortgage loan brokers","County, NAICS 6-digit -- by ownership sector","All establishment sizes",0,0,0,0,0,0,0,"N",0.00,0,0,0,0,0,0,"N",0,0,0,0,0,0,0,0,0,0,0,0,0,0
"05089","5","524","75","0","2020","A","N","Marion County, Arkansas","Private","NAICS 524 Insurance carriers and related activities","County, NAICS 3-digit -- by ownership sector","All establishment sizes",4,0,0,0,0,0,0,"N",0.73,0,0,0,0,0,0,"N",0,0.0,0,0,0,0,0,0,0,0,0,0,0,0
"05089","5","5241","76","0","2020","A","N","Marion County, Arkansas","Private","NAICS 5241 Insurance carriers","County, NAICS 4-digit -- by ownership sector","All establishment sizes",1,0,0,0,0,0,0,"N",1.21,0,0,0,0,0,0,"N",0,0.0,0,0,0,0,0,0,0,0,0,0,0,0
"05089","5","52412","77","0","2020","A","N","Marion County, Arkansas","Private","NAICS 52412 Direct insurers, except life and health","County, NAICS 5-digit -- by ownership sector","All establishment sizes",1,0,0,0,0,0,0,"N",1.97,0,0,0,0,0,0,"N",0,0.0,0,0,0,0,0,0,0,0,0,0,0,0
"05089","5","524126","78","0","2020","A","N","Marion County, Arkansas","Private","NAICS 524126 Direct property and casualty insurers","County, NAICS 6-digit -- by ownership sector","All establishment sizes",1,0,0,0,0,0,0,"N",3.15,0,0,0,0,0,0,"N",0,0.0,0,0,0,0,0,0,0,0,0,0,0,0
"05089","5","5242","76","0","2020","A","N","Marion County, Arkansas","Private","NAICS 5242 Insurance agencies and brokerages","County, NAICS 4-digit -- by ownership sector","All establishment sizes",3,0,0,0,0,0,0,"N",0.64,0,0,0,0,0,0,"N",0,0.0,0,0,0,0,0,0,0,0,0,0,0,0
"05089","5","52421","77","0","2020","A","N","Marion County, Arkansas","Private","NAICS 52421 Insurance agencies and brokerages","County, NAICS 5-digit -- by ownership sector","All establishment sizes",3,0,0,0,0,0,0,"N",0.75,0,0,0,0,0,0,"N",0,0.0,0,0,0,0,0,0,0,0,0,0,0,0
"05089","5","524210","78","0","2020","A","N","Marion County, Arkansas","Private","NAICS 524210 Insurance agencies and brokerages","County, NAICS 6-digit -- by ownership sector","All establishment sizes",3,0,0,0,0,0,0,"N",0.75,0,0,0,0,0,0,"N",0,0.0,0,0,0,0,0,0,0,0,0,0,0,0
"05089","5","53","74","0","2020","A","","Marion County, Arkansas","Private","NAICS 53 Real estate and rental and leasing","County, NAICS Sector -- by ownership sector","All establishment sizes",15,77,1802854,677099,53338,450,23388,"",1.27,1.46,0.96,1.40,10.45,0.66,0.66,"",-1,-6.2,0,0.0,322129,21.8,-119419,-15.0,-10186,-16.0,79,21.3,4074,21.1
"05089","5","531","75","0","2020","A","","Marion County, Arkansas","Private","NAICS 531 Real estate","County, NAICS 3-digit -- by ownership sector","All establishment sizes",11,13,235547,106643,1464,353,18354,"",1.08,0.32,0.16,0.29,0.38,0.51,0.51,"N",0,0.0,0,0,0,0,0,0,0,0,0,0,0,0
"05089","5","5311","76","0","2020","A","","Marion County, Arkansas","Private","NAICS 5311 Lessors of real estate","County, NAICS 4-digit -- by ownership sector","All establishment sizes",6,8,101952,57643,511,235,12234,"",1.90,0.55,0.21,0.46,0.40,0.37,0.37,"",0,0.0,1,14.3,2694,2.7,-7748,-11.8,91,21.7,-51,-17.8,-2655,-17.8
"05089","5","53111","77","0","2020","A","N","Marion County, Arkansas","Private","NAICS 53111 Lessors of residential buildings","County, NAICS 5-digit -- by ownership sector","All establishment sizes",5,0,0,0,0,0,0,"N",2.89,0,0,0,0,0,0,"N",0,0.0,0,0,0,0,0,0,0,0,0,0,0,0
"05089","5","531110","78","0","2020","A","N","Marion County, Arkansas","Private","NAICS 531110 Lessors of residential buildings","County, NAICS 6-digit -- by ownership sector","All establishment sizes",5,0,0,0,0,0,0,"N",2.89,0,0,0,0,0,0,"N",0,0.0,0,0,0,0,0,0,0,0,0,0,0,0
"05089","5","53113","77","0","2020","A","N","Marion County, Arkansas","Private","NAICS 53113 Miniwarehouse and self-storage unit operators","County, NAICS 5-digit -- by ownership sector","All establishment sizes",1,0,0,0,0,0,0,"N",2.21,0,0,0,0,0,0,"N",0,0.0,0,0,0,0,0,0,0,0,0,0,0,0
"05089","5","531130","78","0","2020","A","N","Marion County, Arkansas","Private","NAICS 531130 Miniwarehouse and self-storage unit operators","County, NAICS 6-digit -- by ownership sector","All establishment sizes",1,0,0,0,0,0,0,"N",2.21,0,0,0,0,0,0,"N",0,0.0,0,0,0,0,0,0,0,0,0,0,0,0
"05089","5","5312","76","0","2020","A","N","Marion County, Arkansas","Private","NAICS 5312 Offices of real estate agents and brokers","County, NAICS 4-digit -- by ownership sector","All establishment sizes",3,0,0,0,0,0,0,"N",0.81,0,0,0,0,0,0,"N",0,0.0,0,0,0,0,0,0,0,0,0,0,0,0
"05089","5","53121","77","0","2020","A","N","Marion County, Arkansas","Private","NAICS 53121 Offices of real estate agents and brokers","County, NAICS 5-digit -- by ownership sector","All establishment sizes",3,0,0,0,0,0,0,"N",0.81,0,0,0,0,0,0,"N",0,0.0,0,0,0,0,0,0,0,0,0,0,0,0
"05089","5","531210","78","0","2020","A","N","Marion County, Arkansas","Private","NAICS 531210 Offices of real estate agents and brokers","County, NAICS 6-digit -- by ownership sector","All establishment sizes",3,0,0,0,0,0,0,"N",0.81,0,0,0,0,0,0,"N",0,0.0,0,0,0,0,0,0,0,0,0,0,0,0
"05089","5","5313","76","0","2020","A","N","Marion County, Arkansas","Private","NAICS 5313 Activities related to real estate","County, NAICS 4-digit -- by ownership sector","All establishment sizes",2,0,0,0,0,0,0,"N",0.60,0,0,0,0,0,0,"N",0,0.0,0,0,0,0,0,0,0,0,0,0,0,0
"05089","5","53131","77","0","2020","A","N","Marion County, Arkansas","Private","NAICS 53131 Real estate property managers","County, NAICS 5-digit -- by ownership sector","All establishment sizes",2,0,0,0,0,0,0,"N",0.83,0,0,0,0,0,0,"N",0,0.0,0,0,0,0,0,0,0,0,0,0,0,0
"05089","5","531311","78","0","2020","A","N","Marion County, Arkansas","Private","NAICS 531311 Residential property managers","County, NAICS 6-digit -- by ownership sector","All establishment sizes",2,0,0,0,0,0,0,"N",1.11,0,0,0,0,0,0,"N",0,0.0,0,0,0,0,0,0,0,0,0,0,0,0
"05089","5","532","75","0","2020","A","","Marion County, Arkansas","Private","NAICS 532 Rental and leasing services","County, NAICS 3-digit -- by ownership sector","All establishment sizes",4,64,1567307,570456,51874,469,24394,"",2.63,5.42,4.15,5.18,44.17,0.76,0.76,"N",-1,-20.0,0,0,0,0,0,0,0,0,0,0,0,0
"05089","5","5322","76","0","2020","A","","Marion County, Arkansas","Private","NAICS 5322 Consumer goods rental","County, NAICS 4-digit -- by ownership sector","All establishment sizes",4,64,1567307,570456,51874,469,24394,"",7.99,22.30,21.61,21.57,162.46,0.96,0.97,"N",-1,-20.0,0,0,0,0,0,0,0,0,0,0,0,0
"05089","5","53228","77","0","2020","A","","Marion County, Arkansas","Private","NAICS 53228 Other consumer goods rental","County, NAICS 5-digit -- by ownership sector","All establishment sizes",4,64,1567307,570456,51874,469,24394,"",8.77,24.10,23.51,23.27,173.72,0.97,0.97,"N",-1,-20.0,0,0,0,0,0,0,0,0,0,0,0,0
"05089","5","532284","78","0","2020","A","","Marion County, Arkansas","Private","NAICS 532284 Recreational goods rental","County, NAICS 6-digit -- by ownership sector","All establishment sizes",4,64,1567307,570456,51874,469,24394,"",52.70,178.04,206.88,174.59,1152.56,1.16,1.16,"N",-1,-20.0,0,0,0,0,0,0,0,0,0,0,0,0
"05089","5","54","74","0","2020","A","","Marion County, Arkansas","Private","NAICS 54 Professional and technical services","County, NAICS Sector -- by ownership sector","All establishment sizes",19,69,2485429,500039,2595,692,35977,"",0.52,0.30,0.18,0.23,0.11,0.61,0.61,"",0,0.0,-1,-1.4,246926,11.0,-207633,-29.3,-2440,-48.5,76,12.3,3960,12.4
"05089","5","541","75","0","2020","A","","Marion County, Arkansas","Private","NAICS 541 Professional and technical services","County, NAICS 3-digit -- by ownership sector","All establishment sizes",19,69,2485429,500039,2595,692,35977,"",0.52,0.30,0.18,0.23,0.11,0.61,0.61,"",0,0.0,-1,-1.4,246926,11.0,-207633,-29.3,-2440,-48.5,76,12.3,3960,12.4
"05089","5","5411","76","0","2020","A","","Marion County, Arkansas","Private","NAICS 5411 Legal services","County, NAICS 4-digit -- by ownership sector","All establishment sizes",7,15,671373,109617,796,870,45261,"",1.32,0.54,0.41,0.44,0.36,0.76,0.76,"",0,0.0,1,7.1,159877,31.3,-36653,-25.1,-672,-45.8,141,19.3,7372,19.5
"05089","5","54111","77","0","2020","A","","Marion County, Arkansas","Private","NAICS 54111 Offices of lawyers","County, NAICS 5-digit -- by ownership sector","All establishment sizes",4,5,188378,43751,572,701,36460,"",0.82,0.20,0.12,0.19,0.29,0.60,0.60,"N",0,0.0,0,0,0,0,0,0,0,0,0,0,0,0
"05089","5","541110","78","0","2020","A","","Marion County, Arkansas","Private","NAICS 541110 Offices of lawyers","County, NAICS 6-digit -- by ownership sector","All establishment sizes",4,5,188378,43751,572,701,36460,"",0.82,0.20,0.12,0.19,0.29,0.60,0.60,"N",0,0.0,0,0,0,0,0,0,0,0,0,0,0,0
"05089","5","54119","77","0","2020","A","","Marion County, Arkansas","Private","NAICS 54119 Other legal services","County, NAICS 5-digit -- by ownership sector","All establishment sizes",3,10,482995,65866,224,961,49965,"",6.94,4.26,5.19,2.92,0.88,1.26,1.26,"N",0,0.0,0,0,0,0,0,0,0,0,0,0,0,0
"05089","5","541191","78","0","2020","A","","Marion County, Arkansas","Private","NAICS 541191 Title abstract and settlement offices","County, NAICS 6-digit -- by ownership sector","All establishment sizes",3,10,482995,65866,224,961,49965,"",12.16,6.26,7.88,4.18,1.28,1.30,1.30,"N",0,0.0,0,0,0,0,0,0,0,0,0,0,0,0
"05089","5","5412","76","0","2020","A","","Marion County, Arkansas","Private","NAICS 5412 Accounting and bookkeeping services","County, NAICS 4-digit -- by ownership sector","All establishment sizes",5,24,569711,157970,546,456,23738,"",1.19,0.97,0.52,0.67,0.22,0.53,0.54,"",0,0.0,-3,-11.1,50951,9.8,-85347,-35.1,-608,-52.7,91,24.9,4759,25.1
"05089","5","54121","77","0","2020","A","","Marion County, Arkansas","Private","NAICS 54121 Accounting and bookkeeping services","County, NAICS 5-digit -- by ownership sector","All establishment sizes",5,24,569711,157970,546,456,23738,"",1.19,0.97,0.52,0.67,0.22,0.53,0.54,"",0,0.0,-3,-11.1,50951,9.8,-85347,-35.1,-608,-52.7,91,24.9,4759,25.1
"05089","5","541213","78","0","2020","A","N","Marion County, Arkansas","Private","NAICS 541213 Tax preparation services","County, NAICS 6-digit -- by ownership sector","All establishment sizes",2,0,0,0,0,0,0,"N",2.14,0,0,0,0,0,0,"N",0,0.0,0,0,0,0,0,0,0,0,0,0,0,0
"05089","5","541219","78","0","2020","A","N","Marion County, Arkansas","Private","NAICS 541219 Other accounting services","County, NAICS 6-digit -- by ownership sector","All establishment sizes",3,0,0,0,0,0,0,"N",2.04,0,0,0,0,0,0,"N",0,0.0,0,0,0,0,0,0,0,0,0,0,0,0
"05089","5","5414","76","0","2020","A","N","Marion County, Arkansas","Private","NAICS 5414 Specialized design services","County, NAICS 4-digit -- by ownership sector","All establishment sizes",1,0,0,0,0,0,0,"N",0.92,0,0,0,0,0,0,"N",0,0.0,0,0,0,0,0,0,0,0,0,0,0,0
"05089","5","54143","77","0","2020","A","N","Marion County, Arkansas","Private","NAICS 54143 Graphic design services","County, NAICS 5-digit -- by ownership sector","All establishment sizes",1,0,0,0,0,0,0,"N",2.08,0,0,0,0,0,0,"N",0,0.0,0,0,0,0,0,0,0,0,0,0,0,0
"05089","5","541430","78","0","2020","A","N","Marion County, Arkansas","Private","NAICS 541430 Graphic design services","County, NAICS 6-digit -- by ownership sector","All establishment sizes",1,0,0,0,0,0,0,"N",2.08,0,0,0,0,0,0,"N",0,0.0,0,0,0,0,0,0,0,0,0,0,0,0
"05089","5","5415","76","0","2020","A","N","Marion County, Arkansas","Private","NAICS 5415 Computer systems design and related services","County, NAICS 4-digit -- by ownership sector","All establishment sizes",1,0,0,0,0,0,0,"N",0.12,0,0,0,0,0,0,"N",-1,-50.0,0,0,0,0,0,0,0,0,0,0,0,0
"05089","5","54151","77","0","2020","A","N","Marion County, Arkansas","Private","NAICS 54151 Computer systems design and related services","County, NAICS 5-digit -- by ownership sector","All establishment sizes",1,0,0,0,0,0,0,"N",0.12,0,0,0,0,0,0,"N",-1,-50.0,0,0,0,0,0,0,0,0,0,0,0,0
"05089","5","541511","78","0","2020","A","N","Marion County, Arkansas","Private","NAICS 541511 Custom computer programming services","County, NAICS 6-digit -- by ownership sector","All establishment sizes",1,0,0,0,0,0,0,"N",0.27,0,0,0,0,0,0,"N",-1,-50.0,0,0,0,0,0,0,0,0,0,0,0,0
"05089","5","5416","76","0","2020","A","N","Marion County, Arkansas","Private","NAICS 5416 Management and technical consulting services","County, NAICS 4-digit -- by ownership sector","All establishment sizes",2,0,0,0,0,0,0,"N",0.25,0,0,0,0,0,0,"N",0,0.0,0,0,0,0,0,0,0,0,0,0,0,0
"05089","5","54161","77","0","2020","A","N","Marion County, Arkansas","Private","NAICS 54161 Management consulting services","County, NAICS 5-digit -- by ownership sector","All establishment sizes",2,0,0,0,0,0,0,"N",0.31,0,0,0,0,0,0,"N",0,0.0,0,0,0,0,0,0,0,0,0,0,0,0
"05089","5","541613","78","0","2020","A","N","Marion County, Arkansas","Private","NAICS 541613 Marketing consulting services","County, NAICS 6-digit -- by ownership sector","All establishment sizes",1,0,0,0,0,0,0,"N",0.62,0,0,0,0,0,0,"N",0,0.0,0,0,0,0,0,0,0,0,0,0,0,0
"05089","5","541614","78","0","2020","A","N","Marion County, Arkansas","Private","NAICS 541614 Process and logistics consulting services","County, NAICS 6-digit -- by ownership sector","All establishment sizes",1,0,0,0,0,0,0,"N",2.32,0,0,0,0,0,0,"N",0,0.0,0,0,0,0,0,0,0,0,0,0,0,0
"05089","5","5418","76","0","2020","A","N","Marion County, Arkansas","Private","NAICS 5418 Advertising, pr, and related services","County, NAICS 4-digit -- by ownership sector","All establishment sizes",1,0,0,0,0,0,0,"N",0.65,0,0,0,0,0,0,"N",0,0.0,0,0,0,0,0,0,0,0,0,0,0,0
"05089","5","54184","77","0","2020","A","N","Marion County, Arkansas","Private","NAICS 54184 Media representatives","County, NAICS 5-digit -- by ownership sector","All establishment sizes",1,0,0,0,0,0,0,"N",11.07,0,0,0,0,0,0,"N",0,0.0,0,0,0,0,0,0,0,0,0,0,0,0
"05089","5","541840","78","0","2020","A","N","Marion County, Arkansas","Private","NAICS 541840 Media representatives","County, NAICS 6-digit -- by ownership sector","All establishment sizes",1,0,0,0,0,0,0,"N",11.07,0,0,0,0,0,0,"N",0,0.0,0,0,0,0,0,0,0,0,0,0,0,0
"05089","5","5419","76","0","2020","A","N","Marion County, Arkansas","Private","NAICS 5419 Other professional and technical services","County, NAICS 4-digit -- by ownership sector","All establishment sizes",1,0,0,0,0,0,0,"N",0.35,0,0,0,0,0,0,"N",-1,-50.0,0,0,0,0,0,0,0,0,0,0,0,0
"05089","5","54194","77","0","2020","A","N","Marion County, Arkansas","Private","NAICS 54194 Veterinary services","County, NAICS 5-digit -- by ownership sector","All establishment sizes",1,0,0,0,0,0,0,"N",1.12,0,0,0,0,0,0,"N",-1,-50.0,0,0,0,0,0,0,0,0,0,0,0,0
"05089","5","541940","78","0","2020","A","N","Marion County, Arkansas","Private","NAICS 541940 Veterinary services","County, NAICS 6-digit -- by ownership sector","All establishment sizes",1,0,0,0,0,0,0,"N",1.12,0,0,0,0,0,0,"N",-1,-50.0,0,0,0,0,0,0,0,0,0,0,0,0
"05089","5","55","74","0","2020","A","N","Marion County, Arkansas","Private","NAICS 55 Management of companies and enterprises","County, NAICS Sector -- by ownership sector","All establishment sizes",1,0,0,0,0,0,0,"N",0.50,0,0,0,0,0,0,"N",0,0.0,0,0,0,0,0,0,0,0,0,0,0,0
"05089","5","551","75","0","2020","A","N","Marion County, Arkansas","Private","NAICS 551 Management of companies and enterprises","County, NAICS 3-digit -- by ownership sector","All establishment sizes",1,0,0,0,0,0,0,"N",0.50,0,0,0,0,0,0,"N",0,0.0,0,0,0,0,0,0,0,0,0,0,0,0
"05089","5","5511","76","0","2020","A","N","Marion County, Arkansas","Private","NAICS 5511 Management of companies and enterprises","County, NAICS 4-digit -- by ownership sector","All establishment sizes",1,0,0,0,0,0,0,"N",0.50,0,0,0,0,0,0,"N",0,0.0,0,0,0,0,0,0,0,0,0,0,0,0
"05089","5","55111","77","0","2020","A","N","Marion County, Arkansas","Private","NAICS 55111 Management of companies and enterprises","County, NAICS 5-digit -- by ownership sector","All establishment sizes",1,0,0,0,0,0,0,"N",0.50,0,0,0,0,0,0,"N",0,0.0,0,0,0,0,0,0,0,0,0,0,0,0
"05089","5","551114","78","0","2020","A","N","Marion County, Arkansas","Private","NAICS 551114 Managing offices","County, NAICS 6-digit -- by ownership sector","All establishment sizes",1,0,0,0,0,0,0,"N",0.59,0,0,0,0,0,0,"N",0,0.0,0,0,0,0,0,0,0,0,0,0,0,0
"05089","5","56","74","0","2020","A","N","Marion County, Arkansas","Private","NAICS 56 Administrative and waste services","County, NAICS Sector -- by ownership sector","All establishment sizes",5,0,0,0,0,0,0,"N",0.31,0,0,0,0,0,0,"N",0,0.0,0,0,0,0,0,0,0,0,0,0,0,0
"05089","5","561","75","0","2020","A","","Marion County, Arkansas","Private","NAICS 561 Administrative and support services","County, NAICS 3-digit -- by ownership sector","All establishment sizes",4,5,145804,29979,734,612,31812,"",0.26,0.03,0.03,0.02,0.03,1.28,1.28,"N",0,0.0,0,0,0,0,0,0,0,0,0,0,0,0
"05089","5","5611","76","0","2020","A","N","Marion County, Arkansas","Private","NAICS 5611 Office administrative services","County, NAICS 4-digit -- by ownership sector","All establishment sizes",1,0,0,0,0,0,0,"N",0.65,0,0,0,0,0,0,"N",0,0.0,0,0,0,0,0,0,0,0,0,0,0,0
"05089","5","56111","77","0","2020","A","N","Marion County, Arkansas","Private","NAICS 56111 Office administrative services","County, NAICS 5-digit -- by ownership sector","All establishment sizes",1,0,0,0,0,0,0,"N",0.65,0,0,0,0,0,0,"N",0,0.0,0,0,0,0,0,0,0,0,0,0,0,0
"05089","5","561110","78","0","2020","A","N","Marion County, Arkansas","Private","NAICS 561110 Office administrative services","County, NAICS 6-digit -- by ownership sector","All establishment sizes",1,0,0,0,0,0,0,"N",0.65,0,0,0,0,0,0,"N",0,0.0,0,0,0,0,0,0,0,0,0,0,0,0
"05089","5","5613","76","0","2020","A","N","Marion County, Arkansas","Private","NAICS 5613 Employment services","County, NAICS 4-digit -- by ownership sector","All establishment sizes",1,0,0,0,0,0,0,"N",0.29,0,0,0,0,0,0,"N",0,0.0,0,0,0,0,0,0,0,0,0,0,0,0
"05089","5","56133","77","0","2020","A","N","Marion County, Arkansas","Private","NAICS 56133 Professional employer organizations","County, NAICS 5-digit -- by ownership sector","All establishment sizes",1,0,0,0,0,0,0,"N",2.50,0,0,0,0,0,0,"N",0,0.0,0,0,0,0,0,0,0,0,0,0,0,0
"05089","5","561330","78","0","2020","A","N","Marion County, Arkansas","Private","NAICS 561330 Professional employer organizations","County, NAICS 6-digit -- by ownership sector","All establishment sizes",1,0,0,0,0,0,0,"N",2.50,0,0,0,0,0,0,"N",0,0.0,0,0,0,0,0,0,0,0,0,0,0,0
"05089","5","5614","76","0","2020","A","N","Marion County, Arkansas","Private","NAICS 5614 Business support services","County, NAICS 4-digit -- by ownership sector","All establishment sizes",0,0,0,0,0,0,0,"N",0.00,0,0,0,0,0,0,"N",0,0,0,0,0,0,0,0,0,0,0,0,0,0
"05089","5","56142","77","0","2020","A","N","Marion County, Arkansas","Private","NAICS 56142 Telephone call centers","County, NAICS 5-digit -- by ownership sector","All establishment sizes",0,0,0,0,0,0,0,"N",0.00,0,0,0,0,0,0,"N",0,0,0,0,0,0,0,0,0,0,0,0,0,0
"05089","5","561421","78","0","2020","A","N","Marion County, Arkansas","Private","NAICS 561421 Telephone answering services","County, NAICS 6-digit -- by ownership sector","All establishment sizes",0,0,0,0,0,0,0,"N",0.00,0,0,0,0,0,0,"N",0,0,0,0,0,0,0,0,0,0,0,0,0,0
"05089","5","5617","76","0","2020","A","N","Marion County, Arkansas","Private","NAICS 5617 Services to buildings and dwellings","County, NAICS 4-digit -- by ownership sector","All establishment sizes",2,0,0,0,0,0,0,"N",0.32,0,0,0,0,0,0,"N",-1,-33.3,0,0,0,0,0,0,0,0,0,0,0,0
"05089","5","56172","77","0","2020","A","N","Marion County, Arkansas","Private","NAICS 56172 Janitorial services","County, NAICS 5-digit -- by ownership sector","All establishment sizes",1,0,0,0,0,0,0,"N",0.48,0,0,0,0,0,0,"N",-1,-50.0,0,0,0,0,0,0,0,0,0,0,0,0
"05089","5","561720","78","0","2020","A","N","Marion County, Arkansas","Private","NAICS 561720 Janitorial services","County, NAICS 6-digit -- by ownership sector","All establishment sizes",1,0,0,0,0,0,0,"N",0.48,0,0,0,0,0,0,"N",-1,-50.0,0,0,0,0,0,0,0,0,0,0,0,0
"05089","5","56173","77","0","2020","A","N","Marion County, Arkansas","Private","NAICS 56173 Landscaping services","County, NAICS 5-digit -- by ownership sector","All establishment sizes",1,0,0,0,0,0,0,"N",0.32,0,0,0,0,0,0,"N",0,0.0,0,0,0,0,0,0,0,0,0,0,0,0
"05089","5","561730","78","0","2020","A","N","Marion County, Arkansas","Private","NAICS 561730 Landscaping services","County, NAICS 6-digit -- by ownership sector","All establishment sizes",1,0,0,0,0,0,0,"N",0.32,0,0,0,0,0,0,"N",0,0.0,0,0,0,0,0,0,0,0,0,0,0,0
"05089","5","562","75","0","2020","A","N","Marion County, Arkansas","Private","NAICS 562 Waste management and remediation services","County, NAICS 3-digit -- by ownership sector","All establishment sizes",1,0,0,0,0,0,0,"N",1.20,0,0,0,0,0,0,"N",0,0.0,0,0,0,0,0,0,0,0,0,0,0,0
"05089","5","5621","76","0","2020","A","N","Marion County, Arkansas","Private","NAICS 5621 Waste collection","County, NAICS 4-digit -- by ownership sector","All establishment sizes",1,0,0,0,0,0,0,"N",3.08,0,0,0,0,0,0,"N",0,0.0,0,0,0,0,0,0,0,0,0,0,0,0
"05089","5","56211","77","0","2020","A","N","Marion County, Arkansas","Private","NAICS 56211 Waste collection","County, NAICS 5-digit -- by ownership sector","All establishment sizes",1,0,0,0,0,0,0,"N",3.08,0,0,0,0,0,0,"N",0,0.0,0,0,0,0,0,0,0,0,0,0,0,0
"05089","5","562111","78","0","2020","A","N","Marion County, Arkansas","Private","NAICS 562111 Solid waste collection","County, NAICS 6-digit -- by ownership sector","All establishment sizes",1,0,0,0,0,0,0,"N",3.88,0,0,0,0,0,0,"N",0,0.0,0,0,0,0,0,0,0,0,0,0,0,0
"05089","5","62","74","0","2020","A","","Marion County, Arkansas","Private","NAICS 62 Health care and social assistance","County, NAICS Sector -- by ownership sector","All establishment sizes",44,298,10869450,2731774,19572,701,36475,"",0.92,0.62,0.76,1.02,0.86,1.21,1.21,"",-1,-2.2,-25,-7.7,666571,6.5,-544102,-16.6,-28520,-59.3,94,15.5,4912,15.6
"05089","5","621","75","0","2020","A","","Marion County, Arkansas","Private","NAICS 621 Ambulatory health care services","County, NAICS 3-digit -- by ownership sector","All establishment sizes",12,68,4730973,452820,7819,1335,69403,"",0.69,0.37,0.70,0.33,0.70,1.88,1.88,"",2,20.0,2,3.0,205623,4.5,-155450,-25.6,-3734,-32.3,6,0.5,314,0.5
"05089","5","6211","76","0","2020","A","","Marion County, Arkansas","Private","NAICS 6211 Offices of physicians","County, NAICS 4-digit -- by ownership sector","All establishment sizes",5,27,2493204,34789,105,1759,91494,"",0.83,0.42,0.73,0.08,0.03,1.71,1.71,"",1,25.0,0,0.0,188617,8.2,-57981,-62.5,-1385,-93.0,123,7.5,6402,7.5
"05089","5","62111","77","0","2020","A","","Marion County, Arkansas","Private","NAICS 62111 Offices of physicians","County, NAICS 5-digit -- by ownership sector","All establishment sizes",5,27,2493204,34789,105,1759,91494,"",0.83,0.42,0.73,0.08,0.03,1.71,1.71,"",1,25.0,0,0.0,188617,8.2,-57981,-62.5,-1385,-93.0,123,7.5,6402,7.5
"05089","5","621111","78","0","2020","A","","Marion County, Arkansas","Private","NAICS 621111 Offices of physicians, except mental health","County, NAICS 6-digit -- by ownership sector","All establishment sizes",5,27,2493204,34789,105,1759,91494,"",0.88,0.43,0.74,0.08,0.03,1.70,1.70,"",1,25.0,0,0.0,188617,8.2,-57981,-62.5,-1385,-93.0,123,7.5,6402,7.5
"05089","5","6212","76","0","2020","A","N","Marion County, Arkansas","Private","NAICS 6212 Offices of dentists","County, NAICS 4-digit -- by ownership sector","All establishment sizes",1,0,0,0,0,0,0,"N",0.28,0,0,0,0,0,0,"N",0,0.0,0,0,0,0,0,0,0,0,0,0,0,0
"05089","5","62121","77","0","2020","A","N","Marion County, Arkansas","Private","NAICS 62121 Offices of dentists","County, NAICS 5-digit -- by ownership sector","All establishment sizes",1,0,0,0,0,0,0,"N",0.28,0,0,0,0,0,0,"N",0,0.0,0,0,0,0,0,0,0,0,0,0,0,0
"05089","5","621210","78","0","2020","A","N","Marion County, Arkansas","Private","NAICS 621210 Offices of dentists","County, NAICS 6-digit -- by ownership sector","All establishment sizes",1,0,0,0,0,0,0,"N",0.28,0,0,0,0,0,0,"N",0,0.0,0,0,0,0,0,0,0,0,0,0,0,0
"05089","5","6213","76","0","2020","A","N","Marion County, Arkansas","Private","NAICS 6213 Offices of other health practitioners","County, NAICS 4-digit -- by ownership sector","All establishment sizes",3,0,0,0,0,0,0,"N",0.69,0,0,0,0,0,0,"N",1,50.0,0,0,0,0,0,0,0,0,0,0,0,0
"05089","5","62134","77","0","2020","A","N","Marion County, Arkansas","Private","NAICS 62134 Offices of specialty therapists","County, NAICS 5-digit -- by ownership sector","All establishment sizes",3,0,0,0,0,0,0,"N",2.61,0,0,0,0,0,0,"N",1,50.0,0,0,0,0,0,0,0,0,0,0,0,0
"05089","5","621340","78","0","2020","A","N","Marion County, Arkansas","Private","NAICS 621340 Offices of specialty therapists","County, NAICS 6-digit -- by ownership sector","All establishment sizes",3,0,0,0,0,0,0,"N",2.61,0,0,0,0,0,0,"N",1,50.0,0,0,0,0,0,0,0,0,0,0,0,0
"05089","5","6214","76","0","2020","A","N","Marion County, Arkansas","Private","NAICS 6214 Outpatient care centers","County, NAICS 4-digit -- by ownership sector","All establishment sizes",1,0,0,0,0,0,0,"N",0.88,0,0,0,0,0,0,"N",0,0.0,0,0,0,0,0,0,0,0,0,0,0,0
"05089","5","62142","77","0","2020","A","N","Marion County, Arkansas","Private","NAICS 62142 Outpatient mental health centers","County, NAICS 5-digit -- by ownership sector","All establishment sizes",1,0,0,0,0,0,0,"N",3.01,0,0,0,0,0,0,"N",0,0.0,0,0,0,0,0,0,0,0,0,0,0,0
"05089","5","621420","78","0","2020","A","N","Marion County, Arkansas","Private","NAICS 621420 Outpatient mental health centers","County, NAICS 6-digit -- by ownership sector","All establishment sizes",1,0,0,0,0,0,0,"N",3.01,0,0,0,0,0,0,"N",0,0.0,0,0,0,0,0,0,0,0,0,0,0,0
"05089","5","6215","76","0","2020","A","N","Marion County, Arkansas","Private","NAICS 6215 Medical and diagnostic laboratories","County, NAICS 4-digit -- by ownership sector","All establishment sizes",1,0,0,0,0,0,0,"N",1.57,0,0,0,0,0,0,"N",1,100.0,0,0,0,0,0,0,0,0,0,0,0,0
"05089","5","62151","77","0","2020","A","N","Marion County, Arkansas","Private","NAICS 62151 Medical and diagnostic laboratories","County, NAICS 5-digit -- by ownership sector","All establishment sizes",1,0,0,0,0,0,0,"N",1.57,0,0,0,0,0,0,"N",1,100.0,0,0,0,0,0,0,0,0,0,0,0,0
"05089","5","621512","78","0","2020","A","N","Marion County, Arkansas","Private","NAICS 621512 Diagnostic imaging centers","County, NAICS 6-digit -- by ownership sector","All establishment sizes",1,0,0,0,0,0,0,"N",5.70,0,0,0,0,0,0,"N",1,100.0,0,0,0,0,0,0,0,0,0,0,0,0
"05089","5","6216","76","0","2020","A","N","Marion County, Arkansas","Private","NAICS 6216 Home health care services","County, NAICS 4-digit -- by ownership sector","All establishment sizes",1,0,0,0,0,0,0,"N",0.90,0,0,0,0,0,0,"N",0,0.0,0,0,0,0,0,0,0,0,0,0,0,0
"05089","5","62161","77","0","2020","A","N","Marion County, Arkansas","Private","NAICS 62161 Home health care services","County, NAICS 5-digit -- by ownership sector","All establishment sizes",1,0,0,0,0,0,0,"N",0.90,0,0,0,0,0,0,"N",0,0.0,0,0,0,0,0,0,0,0,0,0,0,0
"05089","5","621610","78","0","2020","A","N","Marion County, Arkansas","Private","NAICS 621610 Home health care services","County, NAICS 6-digit -- by ownership sector","All establishment sizes",1,0,0,0,0,0,0,"N",0.90,0,0,0,0,0,0,"N",0,0.0,0,0,0,0,0,0,0,0,0,0,0,0
"05089","5","6219","76","0","2020","A","N","Marion County, Arkansas","Private","NAICS 6219 Other ambulatory health care services","County, NAICS 4-digit -- by ownership sector","All establishment sizes",1,0,0,0,0,0,0,"N",2.37,0,0,0,0,0,0,"N",0,0.0,0,0,0,0,0,0,0,0,0,0,0,0
"05089","5","62191","77","0","2020","A","N","Marion County, Arkansas","Private","NAICS 62191 Ambulance services","County, NAICS 5-digit -- by ownership sector","All establishment sizes",1,0,0,0,0,0,0,"N",6.64,0,0,0,0,0,0,"N",0,0.0,0,0,0,0,0,0,0,0,0,0,0,0
"05089","5","621910","78","0","2020","A","N","Marion County, Arkansas","Private","NAICS 621910 Ambulance services","County, NAICS 6-digit -- by ownership sector","All establishment sizes",1,0,0,0,0,0,0,"N",6.64,0,0,0,0,0,0,"N",0,0.0,0,0,0,0,0,0,0,0,0,0,0,0
"05089","5","623","75","0","2020","A","","Marion County, Arkansas","Private","NAICS 623 Nursing and residential care facilities","County, NAICS 3-digit -- by ownership sector","All establishment sizes",3,168,5238256,2078421,7618,600,31196,"",1.30,2.15,3.32,4.04,1.85,1.54,1.54,"",0,0.0,-19,-10.2,524684,11.1,-310049,-13.0,-23357,-75.4,115,23.7,6001,23.8
"05089","5","6231","76","0","2020","A","N","Marion County, Arkansas","Private","NAICS 6231 Nursing care facilities, skilled nursing","County, NAICS 4-digit -- by ownership sector","All establishment sizes",2,0,0,0,0,0,0,"N",3.96,0,0,0,0,0,0,"N",0,0.0,0,0,0,0,0,0,0,0,0,0,0,0
"05089","5","62311","77","0","2020","A","N","Marion County, Arkansas","Private","NAICS 62311 Nursing care facilities, skilled nursing","County, NAICS 5-digit -- by ownership sector","All establishment sizes",2,0,0,0,0,0,0,"N",3.96,0,0,0,0,0,0,"N",0,0.0,0,0,0,0,0,0,0,0,0,0,0,0
"05089","5","623110","78","0","2020","A","N","Marion County, Arkansas","Private","NAICS 623110 Nursing care facilities, skilled nursing","County, NAICS 6-digit -- by ownership sector","All establishment sizes",2,0,0,0,0,0,0,"N",3.96,0,0,0,0,0,0,"N",0,0.0,0,0,0,0,0,0,0,0,0,0,0,0
"05089","5","6233","76","0","2020","A","N","Marion County, Arkansas","Private","NAICS 6233 Continuing care, assisted living facilities","County, NAICS 4-digit -- by ownership sector","All establishment sizes",1,0,0,0,0,0,0,"N",1.32,0,0,0,0,0,0,"N",0,0.0,0,0,0,0,0,0,0,0,0,0,0,0
"05089","5","62331","77","0","2020","A","N","Marion County, Arkansas","Private","NAICS 62331 Continuing care, assisted living facilities","County, NAICS 5-digit -- by ownership sector","All establishment sizes",1,0,0,0,0,0,0,"N",1.32,0,0,0,0,0,0,"N",0,0.0,0,0,0,0,0,0,0,0,0,0,0,0
"05089","5","623311","78","0","2020","A","N","Marion County, Arkansas","Private","NAICS 623311 Continuing care retirement communities","County, NAICS 6-digit -- by ownership sector","All establishment sizes",1,0,0,0,0,0,0,"N",4.97,0,0,0,0,0,0,"N",0,0.0,0,0,0,0,0,0,0,0,0,0,0,0
"05089","5","624","75","0","2020","A","","Marion County, Arkansas","Private","NAICS 624 Social assistance","County, NAICS 3-digit -- by ownership sector","All establishment sizes",28,62,900221,200533,4135,280,14539,"",1.00,0.66,0.64,0.35,0.67,0.97,0.97,"",-4,-12.5,-9,-12.7,-63736,-6.6,-78603,-28.2,-1429,-25.7,18,6.9,898,6.6
"05089","5","6241","76","0","2020","A","N","Marion County, Arkansas","Private","NAICS 6241 Individual and family services","County, NAICS 4-digit -- by ownership sector","All establishment sizes",26,0,0,0,0,0,0,"N",1.02,0,0,0,0,0,0,"N",-4,-13.3,0,0,0,0,0,0,0,0,0,0,0,0
"05089","5","62412","77","0","2020","A","","Marion County, Arkansas","Private","NAICS 62412 Services for the elderly and disabled","County, NAICS 5-digit -- by ownership sector","All establishment sizes",25,53,706596,107526,1163,259,13459,"",1.03,1.09,1.23,0.36,0.35,1.13,1.13,"",-4,-13.8,-9,-14.5,-82686,-10.5,-69465,-39.2,-845,-42.1,15,6.1,746,5.9
"05089","5","624120","78","0","2020","A","","Marion County, Arkansas","Private","NAICS 624120 Services for the elderly and disabled","County, NAICS 6-digit -- by ownership sector","All establishment sizes",25,53,706596,107526,1163,259,13459,"",1.03,1.09,1.23,0.36,0.35,1.13,1.13,"",-4,-13.8,-9,-14.5,-82686,-10.5,-69465,-39.2,-845,-42.1,15,6.1,746,5.9
"05089","5","62419","77","0","2020","A","N","Marion County, Arkansas","Private","NAICS 62419 Other individual and family services","County, NAICS 5-digit -- by ownership sector","All establishment sizes",1,0,0,0,0,0,0,"N",1.08,0,0,0,0,0,0,"N",0,0.0,0,0,0,0,0,0,0,0,0,0,0,0
"05089","5","624190","78","0","2020","A","N","Marion County, Arkansas","Private","NAICS 624190 Other individual and family services","County, NAICS 6-digit -- by ownership sector","All establishment sizes",1,0,0,0,0,0,0,"N",1.08,0,0,0,0,0,0,"N",0,0.0,0,0,0,0,0,0,0,0,0,0,0,0
"05089","5","6244","76","0","2020","A","N","Marion County, Arkansas","Private","NAICS 6244 Child day care services","County, NAICS 4-digit -- by ownership sector","All establishment sizes",2,0,0,0,0,0,0,"N",0.99,0,0,0,0,0,0,"N",0,0.0,0,0,0,0,0,0,0,0,0,0,0,0
"05089","5","62441","77","0","2020","A","N","Marion County, Arkansas","Private","NAICS 62441 Child day care services","County, NAICS 5-digit -- by ownership sector","All establishment sizes",2,0,0,0,0,0,0,"N",0.99,0,0,0,0,0,0,"N",0,0.0,0,0,0,0,0,0,0,0,0,0,0,0
"05089","5","624410","78","0","2020","A","N","Marion County, Arkansas","Private","NAICS 624410 Child day care services","County, NAICS 6-digit -- by ownership sector","All establishment sizes",2,0,0,0,0,0,0,"N",0.99,0,0,0,0,0,0,"N",0,0.0,0,0,0,0,0,0,0,0,0,0,0,0
"05089","5","71","74","0","2020","A","","Marion County, Arkansas","Private","NAICS 71 Arts, entertainment, and recreation","County, NAICS Sector -- by ownership sector","All establishment sizes",4,6,84524,48187,4122,267,13894,"",0.91,0.14,0.08,0.16,1.17,0.56,0.56,"N",2,100.0,0,0,0,0,0,0,0,0,0,0,0,0
"05089","5","711","75","0","2020","A","N","Marion County, Arkansas","Private","NAICS 711 Performing arts and spectator sports","County, NAICS 3-digit -- by ownership sector","All establishment sizes",1,0,0,0,0,0,0,"N",0.57,0,0,0,0,0,0,"N",1,100.0,0,0,0,0,0,0,0,0,0,0,0,0
"05089","5","7115","76","0","2020","A","N","Marion County, Arkansas","Private","NAICS 7115 Independent artists, writers, and performers","County, NAICS 4-digit -- by ownership sector","All establishment sizes",1,0,0,0,0,0,0,"N",1.14,0,0,0,0,0,0,"N",1,100.0,0,0,0,0,0,0,0,0,0,0,0,0
"05089","5","71151","77","0","2020","A","N","Marion County, Arkansas","Private","NAICS 71151 Independent artists, writers, and performers","County, NAICS 5-digit -- by ownership sector","All establishment sizes",1,0,0,0,0,0,0,"N",1.14,0,0,0,0,0,0,"N",1,100.0,0,0,0,0,0,0,0,0,0,0,0,0
"05089","5","711510","78","0","2020","A","N","Marion County, Arkansas","Private","NAICS 711510 Independent artists, writers, and performers","County, NAICS 6-digit -- by ownership sector","All establishment sizes",1,0,0,0,0,0,0,"N",1.14,0,0,0,0,0,0,"N",1,100.0,0,0,0,0,0,0,0,0,0,0,0,0
"05089","5","712","75","0","2020","A","N","Marion County, Arkansas","Private","NAICS 712 Museums, historical sites, zoos, and parks","County, NAICS 3-digit -- by ownership sector","All establishment sizes",1,0,0,0,0,0,0,"N",5.21,0,0,0,0,0,0,"N",0,0.0,0,0,0,0,0,0,0,0,0,0,0,0
"05089","5","7121","76","0","2020","A","N","Marion County, Arkansas","Private","NAICS 7121 Museums, historical sites, zoos, and parks","County, NAICS 4-digit -- by ownership sector","All establishment sizes",1,0,0,0,0,0,0,"N",5.21,0,0,0,0,0,0,"N",0,0.0,0,0,0,0,0,0,0,0,0,0,0,0
"05089","5","71219","77","0","2020","A","N","Marion County, Arkansas","Private","NAICS 71219 Nature parks and other similar institutions","County, NAICS 5-digit -- by ownership sector","All establishment sizes",1,0,0,0,0,0,0,"N",43.35,0,0,0,0,0,0,"N",0,0.0,0,0,0,0,0,0,0,0,0,0,0,0
"05089","5","712190","78","0","2020","A","N","Marion County, Arkansas","Private","NAICS 712190 Nature parks and other similar institutions","County, NAICS 6-digit -- by ownership sector","All establishment sizes",1,0,0,0,0,0,0,"N",43.35,0,0,0,0,0,0,"N",0,0.0,0,0,0,0,0,0,0,0,0,0,0,0
"05089","5","713","75","0","2020","A","N","Marion County, Arkansas","Private","NAICS 713 Amusements, gambling, and recreation","County, NAICS 3-digit -- by ownership sector","All establishment sizes",2,0,0,0,0,0,0,"N",0.82,0,0,0,0,0,0,"N",1,100.0,0,0,0,0,0,0,0,0,0,0,0,0
"05089","5","7139","76","0","2020","A","N","Marion County, Arkansas","Private","NAICS 7139 Other amusement and recreation industries","County, NAICS 4-digit -- by ownership sector","All establishment sizes",2,0,0,0,0,0,0,"N",0.90,0,0,0,0,0,0,"N",1,100.0,0,0,0,0,0,0,0,0,0,0,0,0
"05089","5","71393","77","0","2020","A","N","Marion County, Arkansas","Private","NAICS 71393 Marinas","County, NAICS 5-digit -- by ownership sector","All establishment sizes",1,0,0,0,0,0,0,"N",9.10,0,0,0,0,0,0,"N",0,0.0,0,0,0,0,0,0,0,0,0,0,0,0
"05089","5","713930","78","0","2020","A","N","Marion County, Arkansas","Private","NAICS 713930 Marinas","County, NAICS 6-digit -- by ownership sector","All establishment sizes",1,0,0,0,0,0,0,"N",9.10,0,0,0,0,0,0,"N",0,0.0,0,0,0,0,0,0,0,0,0,0,0,0
"05089","5","71399","77","0","2020","A","N","Marion County, Arkansas","Private","NAICS 71399 All other amusement and recreation industries","County, NAICS 5-digit -- by ownership sector","All establishment sizes",1,0,0,0,0,0,0,"N",1.66,0,0,0,0,0,0,"N",1,100.0,0,0,0,0,0,0,0,0,0,0,0,0
"05089","5","713990","78","0","2020","A","N","Marion County, Arkansas","Private","NAICS 713990 All other amusement and recreation industries","County, NAICS 6-digit -- by ownership sector","All establishment sizes",1,0,0,0,0,0,0,"N",1.66,0,0,0,0,0,0,"N",1,100.0,0,0,0,0,0,0,0,0,0,0,0,0
"05089","5","72","74","0","2020","A","","Marion County, Arkansas","Private","NAICS 72 Accommodation and food services","County, NAICS Sector -- by ownership sector","All establishment sizes",29,176,2635520,1570572,19124,288,14996,"",1.45,0.65,0.78,0.75,1.12,1.20,1.20,"N",-5,-14.7,0,0,0,0,0,0,0,0,0,0,0,0
"05089","5","721","75","0","2020","A","","Marion County, Arkansas","Private","NAICS 721 Accommodation","County, NAICS 3-digit -- by ownership sector","All establishment sizes",11,25,344385,189718,6527,261,13550,"",5.47,0.73,0.52,0.55,1.96,0.70,0.70,"N",-6,-35.3,0,0,0,0,0,0,0,0,0,0,0,0
"05089","5","7211","76","0","2020","A","N","Marion County, Arkansas","Private","NAICS 7211 Traveler accommodation","County, NAICS 4-digit -- by ownership sector","All establishment sizes",9,0,0,0,0,0,0,"N",5.17,0,0,0,0,0,0,"N",-5,-35.7,0,0,0,0,0,0,0,0,0,0,0,0
"05089","5","72111","77","0","2020","A","N","Marion County, Arkansas","Private","NAICS 72111 Hotels and motels, except casino hotels","County, NAICS 5-digit -- by ownership sector","All establishment sizes",4,0,0,0,0,0,0,"N",2.51,0,0,0,0,0,0,"N",-3,-42.9,0,0,0,0,0,0,0,0,0,0,0,0
"05089","5","721110","78","0","2020","A","N","Marion County, Arkansas","Private","NAICS 721110 Hotels and motels, except casino hotels","County, NAICS 6-digit -- by ownership sector","All establishment sizes",4,0,0,0,0,0,0,"N",2.51,0,0,0,0,0,0,"N",-3,-42.9,0,0,0,0,0,0,0,0,0,0,0,0
"05089","5","72119","77","0","2020","A","","Marion County, Arkansas","Private","NAICS 72119 Other traveler accommodation","County, NAICS 5-digit -- by ownership sector","All establishment sizes",5,16,187305,111477,1092,230,11956,"",37.05,24.23,2.90,19.71,16.35,0.12,0.12,"",-2,-28.6,-4,-20.0,-48945,-20.7,-37720,-25.3,-65,-5.6,3,1.3,143,1.2
"05089","5","721199","78","0","2020","A","","Marion County, Arkansas","Private","NAICS 721199 All other traveler accommodation","County, NAICS 6-digit -- by ownership sector","All establishment sizes",5,16,187305,111477,1092,230,11956,"",80.60,41.62,3.06,32.35,26.75,0.08,0.08,"",-2,-28.6,-4,-20.0,-48945,-20.7,-37720,-25.3,-65,-5.6,3,1.3,143,1.2
"05089","5","7212","76","0","2020","A","N","Marion County, Arkansas","Private","NAICS 7212 Rv parks and recreational camps","County, NAICS 4-digit -- by ownership sector","All establishment sizes",2,0,0,0,0,0,0,"N",9.24,0,0,0,0,0,0,"N",0,0.0,0,0,0,0,0,0,0,0,0,0,0,0
"05089","5","72121","77","0","2020","A","N","Marion County, Arkansas","Private","NAICS 72121 Rv parks and recreational camps","County, NAICS 5-digit -- by ownership sector","All establishment sizes",2,0,0,0,0,0,0,"N",9.24,0,0,0,0,0,0,"N",0,0.0,0,0,0,0,0,0,0,0,0,0,0,0
"05089","5","721211","78","0","2020","A","N","Marion County, Arkansas","Private","NAICS 721211 Rv parks and campgrounds","County, NAICS 6-digit -- by ownership sector","All establishment sizes",1,0,0,0,0,0,0,"N",7.47,0,0,0,0,0,0,"N",0,0.0,0,0,0,0,0,0,0,0,0,0,0,0
"05089","5","721214","78","0","2020","A","N","Marion County, Arkansas","Private","NAICS 721214 Recreational and vacation camps","County, NAICS 6-digit -- by ownership sector","All establishment sizes",1,0,0,0,0,0,0,"N",12.12,0,0,0,0,0,0,"N",0,0.0,0,0,0,0,0,0,0,0,0,0,0,0
"05089","5","722","75","0","2020","A","","Marion County, Arkansas","Private","NAICS 722 Food services and drinking places","County, NAICS 3-digit -- by ownership sector","All establishment sizes",18,150,2291135,1380854,12597,293,15240,"",1.00,0.63,0.85,0.79,0.92,1.33,1.33,"",1,5.9,-23,-13.3,-14818,-0.6,-410631,-22.9,-7033,-35.8,37,14.5,1924,14.4
"05089","5","7225","76","0","2020","A","","Marion County, Arkansas","Private","NAICS 7225 Restaurants and other eating places","County, NAICS 4-digit -- by ownership sector","All establishment sizes",18,150,2291135,1380854,12597,293,15240,"",1.15,0.69,0.94,0.86,1.09,1.36,1.36,"",1,5.9,-23,-13.3,-14818,-0.6,-410631,-22.9,-7033,-35.8,37,14.5,1924,14.4
"05089","5","72251","77","0","2020","A","","Marion County, Arkansas","Private","NAICS 72251 Restaurants and other eating places","County, NAICS 5-digit -- by ownership sector","All establishment sizes",18,150,2291135,1380854,12597,293,15240,"",1.15,0.69,0.94,0.86,1.09,1.36,1.36,"",1,5.9,-23,-13.3,-14818,-0.6,-410631,-22.9,-7033,-35.8,37,14.5,1924,14.4
"05089","5","722511","78","0","2020","A","","Marion County, Arkansas","Private","NAICS 722511 Full-service restaurants","County, NAICS 6-digit -- by ownership sector","All establishment sizes",12,80,1251831,706980,5844,301,15648,"",1.75,0.81,1.02,0.89,0.97,1.25,1.25,"",-1,-7.7,-21,-20.8,-166309,-11.7,-367314,-34.2,-4217,-41.9,32,11.9,1665,11.9
"05089","5","722513","78","0","2020","A","","Marion County, Arkansas","Private","NAICS 722513 Limited-service restaurants","County, NAICS 6-digit -- by ownership sector","All establishment sizes",5,70,1039304,673874,6753,284,14777,"",0.73,0.69,1.03,1.00,1.53,1.48,1.48,"",1,25.0,-2,-2.8,151491,17.1,-43317,-6.0,-2816,-29.4,46,19.3,2403,19.4
"05089","5","81","74","0","2020","A","","Marion County, Arkansas","Private","NAICS 81 Other services, except public administration","County, NAICS Sector -- by ownership sector","All establishment sizes",15,27,582876,225382,1607,420,21858,"",0.66,0.28,0.25,0.30,0.23,0.91,0.91,"N",1,7.1,0,0,0,0,0,0,0,0,0,0,0,0
"05089","5","811","75","0","2020","A","","Marion County, Arkansas","Private","NAICS 811 Repair and maintenance","County, NAICS 3-digit -- by ownership sector","All establishment sizes",8,12,255957,102088,481,425,22097,"",1.25,0.39,0.31,0.35,0.18,0.82,0.82,"",0,0.0,-1,-7.7,29251,12.9,-40999,-28.7,-1492,-75.6,83,24.3,4316,24.3
"05089","5","8111","76","0","2020","A","","Marion County, Arkansas","Private","NAICS 8111 Automotive repair and maintenance","County, NAICS 4-digit -- by ownership sector","All establishment sizes",6,5,120994,53544,169,450,23418,"",1.33,0.23,0.24,0.27,0.10,0.99,0.99,"",0,0.0,-1,-16.7,11341,10.3,-28162,-34.5,-446,-72.5,113,33.5,5874,33.5
"05089","5","81111","77","0","2020","A","N","Marion County, Arkansas","Private","NAICS 81111 Automotive mechanical and electrical repair","County, NAICS 5-digit -- by ownership sector","All establishment sizes",3,0,0,0,0,0,0,"N",1.17,0,0,0,0,0,0,"N",0,0.0,0,0,0,0,0,0,0,0,0,0,0,0
"05089","5","811111","78","0","2020","A","N","Marion County, Arkansas","Private","NAICS 811111 General automotive repair","County, NAICS 6-digit -- by ownership sector","All establishment sizes",2,0,0,0,0,0,0,"N",0.89,0,0,0,0,0,0,"N",0,0.0,0,0,0,0,0,0,0,0,0,0,0,0
"05089","5","811113","78","0","2020","A","N","Marion County, Arkansas","Private","NAICS 811113 Automotive transmission repair","County, NAICS 6-digit -- by ownership sector","All establishment sizes",1,0,0,0,0,0,0,"N",9.39,0,0,0,0,0,0,"N",0,0.0,0,0,0,0,0,0,0,0,0,0,0,0
"05089","5","81112","77","0","2020","A","N","Marion County, Arkansas","Private","NAICS 81112 Automotive body, interior, and glass repair","County, NAICS 5-digit -- by ownership sector","All establishment sizes",2,0,0,0,0,0,0,"N",1.78,0,0,0,0,0,0,"N",0,0.0,0,0,0,0,0,0,0,0,0,0,0,0
"05089","5","811121","78","0","2020","A","N","Marion County, Arkansas","Private","NAICS 811121 Automotive body and interior repair","County, NAICS 6-digit -- by ownership sector","All establishment sizes",2,0,0,0,0,0,0,"N",2.09,0,0,0,0,0,0,"N",0,0.0,0,0,0,0,0,0,0,0,0,0,0,0
"05089","5","81119","77","0","2020","A","N","Marion County, Arkansas","Private","NAICS 81119 Other automotive repair and maintenance","County, NAICS 5-digit -- by ownership sector","All establishment sizes",1,0,0,0,0,0,0,"N",1.21,0,0,0,0,0,0,"N",0,0.0,0,0,0,0,0,0,0,0,0,0,0,0
"05089","5","811192","78","0","2020","A","N","Marion County, Arkansas","Private","NAICS 811192 Car washes","County, NAICS 6-digit -- by ownership sector","All establishment sizes",1,0,0,0,0,0,0,"N",2.18,0,0,0,0,0,0,"N",0,0.0,0,0,0,0,0,0,0,0,0,0,0,0
"05089","5","8112","76","0","2020","A","N","Marion County, Arkansas","Private","NAICS 8112 Electronic equipment repair and maintenance","County, NAICS 4-digit -- by ownership sector","All establishment sizes",1,0,0,0,0,0,0,"N",2.21,0,0,0,0,0,0,"N",0,0.0,0,0,0,0,0,0,0,0,0,0,0,0
"05089","5","81121","77","0","2020","A","N","Marion County, Arkansas","Private","NAICS 81121 Electronic equipment repair and maintenance","County, NAICS 5-digit -- by ownership sector","All establishment sizes",1,0,0,0,0,0,0,"N",2.21,0,0,0,0,0,0,"N",0,0.0,0,0,0,0,0,0,0,0,0,0,0,0
"05089","5","811212","78","0","2020","A","N","Marion County, Arkansas","Private","NAICS 811212 Computer and office machine repair","County, NAICS 6-digit -- by ownership sector","All establishment sizes",1,0,0,0,0,0,0,"N",5.45,0,0,0,0,0,0,"N",0,0.0,0,0,0,0,0,0,0,0,0,0,0,0
"05089","5","8113","76","0","2020","A","N","Marion County, Arkansas","Private","NAICS 8113 Commercial machinery repair and maintenance","County, NAICS 4-digit -- by ownership sector","All establishment sizes",1,0,0,0,0,0,0,"N",1.25,0,0,0,0,0,0,"N",0,0.0,0,0,0,0,0,0,0,0,0,0,0,0
"05089","5","81131","77","0","2020","A","N","Marion County, Arkansas","Private","NAICS 81131 Commercial machinery repair and maintenance","County, NAICS 5-digit -- by ownership sector","All establishment sizes",1,0,0,0,0,0,0,"N",1.25,0,0,0,0,0,0,"N",0,0.0,0,0,0,0,0,0,0,0,0,0,0,0
"05089","5","811310","78","0","2020","A","N","Marion County, Arkansas","Private","NAICS 811310 Commercial machinery repair and maintenance","County, NAICS 6-digit -- by ownership sector","All establishment sizes",1,0,0,0,0,0,0,"N",1.25,0,0,0,0,0,0,"N",0,0.0,0,0,0,0,0,0,0,0,0,0,0,0
"05089","5","812","75","0","2020","A","N","Marion County, Arkansas","Private","NAICS 812 Personal and laundry services","County, NAICS 3-digit -- by ownership sector","All establishment sizes",2,0,0,0,0,0,0,"N",0.31,0,0,0,0,0,0,"N",0,0.0,0,0,0,0,0,0,0,0,0,0,0,0
"05089","5","8121","76","0","2020","A","N","Marion County, Arkansas","Private","NAICS 8121 Personal care services","County, NAICS 4-digit -- by ownership sector","All establishment sizes",1,0,0,0,0,0,0,"N",0.27,0,0,0,0,0,0,"N",0,0.0,0,0,0,0,0,0,0,0,0,0,0,0
"05089","5","81219","77","0","2020","A","N","Marion County, Arkansas","Private","NAICS 81219 Other personal care services","County, NAICS 5-digit -- by ownership sector","All establishment sizes",1,0,0,0,0,0,0,"N",1.39,0,0,0,0,0,0,"N",0,0.0,0,0,0,0,0,0,0,0,0,0,0,0
"05089","5","812199","78","0","2020","A","N","Marion County, Arkansas","Private","NAICS 812199 Other personal care services","County, NAICS 6-digit -- by ownership sector","All establishment sizes",1,0,0,0,0,0,0,"N",1.57,0,0,0,0,0,0,"N",0,0.0,0,0,0,0,0,0,0,0,0,0,0,0
"05089","5","8122","76","0","2020","A","N","Marion County, Arkansas","Private","NAICS 8122 Death care services","County, NAICS 4-digit -- by ownership sector","All establishment sizes",1,0,0,0,0,0,0,"N",2.00,0,0,0,0,0,0,"N",0,0.0,0,0,0,0,0,0,0,0,0,0,0,0
"05089","5","81221","77","0","2020","A","N","Marion County, Arkansas","Private","NAICS 81221 Funeral homes and funeral services","County, NAICS 5-digit -- by ownership sector","All establishment sizes",1,0,0,0,0,0,0,"N",2.64,0,0,0,0,0,0,"N",0,0.0,0,0,0,0,0,0,0,0,0,0,0,0
"05089","5","812210","78","0","2020","A","N","Marion County, Arkansas","Private","NAICS 812210 Funeral homes and funeral services","County, NAICS 6-digit -- by ownership sector","All establishment sizes",1,0,0,0,0,0,0,"N",2.64,0,0,0,0,0,0,"N",0,0.0,0,0,0,0,0,0,0,0,0,0,0,0
"05089","5","8129","76","0","2020","A","N","Marion County, Arkansas","Private","NAICS 8129 Other personal services","County, NAICS 4-digit -- by ownership sector","All establishment sizes",0,0,0,0,0,0,0,"N",0.00,0,0,0,0,0,0,"N",0,0,0,0,0,0,0,0,0,0,0,0,0,0
"05089","5","81291","77","0","2020","A","N","Marion County, Arkansas","Private","NAICS 81291 Pet care, except veterinary, services","County, NAICS 5-digit -- by ownership sector","All establishment sizes",0,0,0,0,0,0,0,"N",0.00,0,0,0,0,0,0,"N",0,0,0,0,0,0,0,0,0,0,0,0,0,0
"05089","5","812910","78","0","2020","A","N","Marion County, Arkansas","Private","NAICS 812910 Pet care, except veterinary, services","County, NAICS 6-digit -- by ownership sector","All establishment sizes",0,0,0,0,0,0,0,"N",0.00,0,0,0,0,0,0,"N",0,0,0,0,0,0,0,0,0,0,0,0,0,0
"05089","5","813","75","0","2020","A","N","Marion County, Arkansas","Private","NAICS 813 Membership associations and organizations","County, NAICS 3-digit -- by ownership sector","All establishment sizes",3,0,0,0,0,0,0,"N",0.71,0,0,0,0,0,0,"N",0,0.0,0,0,0,0,0,0,0,0,0,0,0,0
"05089","5","8134","76","0","2020","A","N","Marion County, Arkansas","Private","NAICS 8134 Civic and social organizations","County, NAICS 4-digit -- by ownership sector","All establishment sizes",1,0,0,0,0,0,0,"N",1.43,0,0,0,0,0,0,"N",0,0.0,0,0,0,0,0,0,0,0,0,0,0,0
"05089","5","81341","77","0","2020","A","N","Marion County, Arkansas","Private","NAICS 81341 Civic and social organizations","County, NAICS 5-digit -- by ownership sector","All establishment sizes",1,0,0,0,0,0,0,"N",1.43,0,0,0,0,0,0,"N",0,0.0,0,0,0,0,0,0,0,0,0,0,0,0
"05089","5","813410","78","0","2020","A","N","Marion County, Arkansas","Private","NAICS 813410 Civic and social organizations","County, NAICS 6-digit -- by ownership sector","All establishment sizes",1,0,0,0,0,0,0,"N",1.43,0,0,0,0,0,0,"N",0,0.0,0,0,0,0,0,0,0,0,0,0,0,0
"05089","5","8139","76","0","2020","A","N","Marion County, Arkansas","Private","NAICS 8139 Professional and similar organizations","County, NAICS 4-digit -- by ownership sector","All establishment sizes",2,0,0,0,0,0,0,"N",1.21,0,0,0,0,0,0,"N",0,0.0,0,0,0,0,0,0,0,0,0,0,0,0
"05089","5","81391","77","0","2020","A","N","Marion County, Arkansas","Private","NAICS 81391 Business associations","County, NAICS 5-digit -- by ownership sector","All establishment sizes",2,0,0,0,0,0,0,"N",3.70,0,0,0,0,0,0,"N",0,0.0,0,0,0,0,0,0,0,0,0,0,0,0
"05089","5","813910","78","0","2020","A","N","Marion County, Arkansas","Private","NAICS 813910 Business associations","County, NAICS 6-digit -- by ownership sector","All establishment sizes",2,0,0,0,0,0,0,"N",3.70,0,0,0,0,0,0,"N",0,0.0,0,0,0,0,0,0,0,0,0,0,0,0
"05089","5","814","75","0","2020","A","N","Marion County, Arkansas","Private","NAICS 814 Private households","County, NAICS 3-digit -- by ownership sector","All establishment sizes",2,0,0,0,0,0,0,"N",0.36,0,0,0,0,0,0,"N",1,100.0,0,0,0,0,0,0,0,0,0,0,0,0
"05089","5","8141","76","0","2020","A","N","Marion County, Arkansas","Private","NAICS 8141 Private households","County, NAICS 4-digit -- by ownership sector","All establishment sizes",2,0,0,0,0,0,0,"N",0.36,0,0,0,0,0,0,"N",1,100.0,0,0,0,0,0,0,0,0,0,0,0,0
"05089","5","81411","77","0","2020","A","N","Marion County, Arkansas","Private","NAICS 81411 Private households","County, NAICS 5-digit -- by ownership sector","All establishment sizes",2,0,0,0,0,0,0,"N",0.36,0,0,0,0,0,0,"N",1,100.0,0,0,0,0,0,0,0,0,0,0,0,0
"05089","5","814110","78","0","2020","A","N","Marion County, Arkansas","Private","NAICS 814110 Private households","County, NAICS 6-digit -- by ownership sector","All establishment sizes",2,0,0,0,0,0,0,"N",0.36,0,0,0,0,0,0,"N",1,100.0,0,0,0,0,0,0,0,0,0,0,0,0
