"area_fips","own_code","industry_code","agglvl_code","size_code","year","qtr","disclosure_code","area_title","own_title","industry_title","agglvl_title","size_title","annual_avg_estabs_count","annual_avg_emplvl","total_annual_wages","taxable_annual_wages","annual_contributions","annual_avg_wkly_wage","avg_annual_pay","lq_disclosure_code","lq_annual_avg_estabs_count","lq_annual_avg_emplvl","lq_total_annual_wages","lq_taxable_annual_wages","lq_annual_contributions","lq_annual_avg_wkly_wage","lq_avg_annual_pay","oty_disclosure_code","oty_annual_avg_estabs_count_chg","oty_annual_avg_estabs_count_pct_chg","oty_annual_avg_emplvl_chg","oty_annual_avg_emplvl_pct_chg","oty_total_annual_wages_chg","oty_total_annual_wages_pct_chg","oty_taxable_annual_wages_chg","oty_taxable_annual_wages_pct_chg","oty_annual_contributions_chg","oty_annual_contributions_pct_chg","oty_annual_avg_wkly_wage_chg","oty_annual_avg_wkly_wage_pct_chg","oty_avg_annual_pay_chg","oty_avg_annual_pay_pct_chg"
"38059","0","10","70","0","2021","A","","Morton County, North Dakota","Total Covered","10 Total, all industries","County, Total Covered","All establishment sizes",1088,11522,576439556,273876849,2021045,962,50031,"",1.00,1.00,1.00,1.00,1.00,1.00,1.00,"",20,1.9,144,1.3,4827002,0.8,6770240,2.5,-601187,-22.9,-4,-0.4,-206,-0.4
"38059","1","10","71","0","2021","A","","Morton County, North Dakota","Federal Government","10 Total, all industries","County, Total -- by ownership sector","All establishment sizes",11,109,6745765,0,0,1195,62125,"",1.80,0.47,0.44,0.00,0.00,0.94,0.94,"",0,0.0,-8,-6.8,27077,0.4,0,0.0,0,0.0,89,8.0,4618,8.0
"38059","1","102","72","0","2021","A","","Morton County, North Dakota","Federal Government","102 Service-providing","County, by Domain -- by ownership sector","All establishment sizes",11,109,6745765,0,0,1195,62125,"",1.81,0.48,0.45,0.00,0.00,0.94,0.94,"",0,0.0,-8,-6.8,27077,0.4,0,0.0,0,0.0,89,8.0,4618,8.0
"38059","1","1021","73","0","2021","A","","Morton County, North Dakota","Federal Government","1021 Trade, transportation, and utilities","County, by Supersector -- by ownership sector","All establishment sizes",6,51,3008390,0,0,1144,59474,"",1.99,0.95,1.13,0.00,0.00,1.21,1.21,"",0,0.0,1,2.0,130278,4.5,0,0.0,0,0.0,39,3.5,2008,3.5
"38059","1","1028","73","0","2021","A","","Morton County, North Dakota","Federal Government","1028 Public administration","County, by Supersector -- by ownership sector","All establishment sizes",5,58,3737375,0,0,1239,64438,"",1.98,0.46,0.40,0.00,0.00,0.88,0.88,"",0,0.0,-9,-13.4,-103201,-2.7,0,0.0,0,0.0,133,12.0,6901,12.0
"38059","1","48-49","74","0","2021","A","","Morton County, North Dakota","Federal Government","NAICS 48-49 Transportation and warehousing","County, NAICS Sector -- by ownership sector","All establishment sizes",6,51,3008390,0,0,1144,59474,"",2.04,1.03,1.21,0.00,0.00,1.19,1.19,"",0,0.0,1,2.0,130278,4.5,0,0.0,0,0.0,39,3.5,2008,3.5
"38059","1","491","75","0","2021","A","","Morton County, North Dakota","Federal Government","NAICS 491 Postal service","County, NAICS 3-digit -- by ownership sector","All establishment sizes",6,51,3008390,0,0,1144,59474,"",2.06,1.05,1.27,0.00,0.00,1.21,1.21,"",0,0.0,1,2.0,130278,4.5,0,0.0,0,0.0,39,3.5,2008,3.5
"38059","1","4911","76","0","2021","A","","Morton County, North Dakota","Federal Government","NAICS 4911 Postal service","County, NAICS 4-digit -- by ownership sector","All establishment sizes",6,51,3008390,0,0,1144,59474,"",2.06,1.05,1.27,0.00,0.00,1.21,1.21,"",0,0.0,1,2.0,130278,4.5,0,0.0,0,0.0,39,3.5,2008,3.5
"38059","1","49111","77","0","2021","A","","Morton County, North Dakota","Federal Government","NAICS 49111 Postal service","County, NAICS 5-digit -- by ownership sector","All establishment sizes",6,51,3008390,0,0,1144,59474,"",2.06,1.05,1.27,0.00,0.00,1.21,1.21,"",0,0.0,1,2.0,130278,4.5,0,0.0,0,0.0,39,3.5,2008,3.5
"38059","1","491110","78","0","2021","A","","Morton County, North Dakota","Federal Government","NAICS 491110 Postal service","County, NAICS 6-digit -- by ownership sector","All establishment sizes",6,51,3008390,0,0,1144,59474,"",2.06,1.05,1.27,0.00,0.00,1.21,1.21,"",0,0.0,1,2.0,130278,4.5,0,0.0,0,0.0,39,3.5,2008,3.5
"38059","1","92","74","0","2021","A","","Morton County, North Dakota","Federal Government","NAICS 92 Public administration","County, NAICS Sector -- by ownership sector","All establishment sizes",5,58,3737375,0,0,1239,64438,"",1.98,0.46,0.40,0.00,0.00,0.88,0.88,"",0,0.0,-9,-13.4,-103201,-2.7,0,0.0,0,0.0,133,12.0,6901,12.0
"38059","1","924","75","0","2021","A","","Morton County, North Dakota","Federal Government","NAICS 924 Administration of environmental programs","County, NAICS 3-digit -- by ownership sector","All establishment sizes",1,8,581645,0,0,1384,71956,"",1.92,1.05,1.13,0.00,0.00,1.07,1.06,"",0,0.0,0,0.0,42093,7.8,0,0.0,0,0.0,31,2.3,1580,2.2
"38059","1","9241","76","0","2021","A","","Morton County, North Dakota","Federal Government","NAICS 9241 Administration of environmental programs","County, NAICS 4-digit -- by ownership sector","All establishment sizes",1,8,581645,0,0,1384,71956,"",1.92,1.05,1.13,0.00,0.00,1.07,1.06,"",0,0.0,0,0.0,42093,7.8,0,0.0,0,0.0,31,2.3,1580,2.2
"38059","1","92412","77","0","2021","A","","Morton County, North Dakota","Federal Government","NAICS 92412 Administration of conservation programs","County, NAICS 5-digit -- by ownership sector","All establishment sizes",1,8,581645,0,0,1384,71956,"",2.03,1.27,1.48,0.00,0.00,1.15,1.15,"",0,0.0,0,0.0,42093,7.8,0,0.0,0,0.0,31,2.3,1580,2.2
"38059","1","924120","78","0","2021","A","","Morton County, North Dakota","Federal Government","NAICS 924120 Administration of conservation programs","County, NAICS 6-digit -- by ownership sector","All establishment sizes",1,8,581645,0,0,1384,71956,"",2.03,1.27,1.48,0.00,0.00,1.15,1.15,"",0,0.0,0,0.0,42093,7.8,0,0.0,0,0.0,31,2.3,1580,2.2
"38059","1","926","75","0","2021","A","","Morton County, North Dakota","Federal Government","NAICS 926 Administration of economic programs","County, NAICS 3-digit -- by ownership sector","All establishment sizes",4,50,3155730,0,0,1216,63220,"",3.95,2.56,2.16,0.00,0.00,0.84,0.84,"",0,0.0,-9,-15.3,-145294,-4.4,0,0.0,0,0.0,142,13.2,7349,13.2
"38059","1","9261","76","0","2021","A","","Morton County, North Dakota","Federal Government","NAICS 9261 Administration of economic programs","County, NAICS 4-digit -- by ownership sector","All establishment sizes",4,50,3155730,0,0,1216,63220,"",3.95,2.56,2.16,0.00,0.00,0.84,0.84,"",0,0.0,-9,-15.3,-145294,-4.4,0,0.0,0,0.0,142,13.2,7349,13.2
"38059","1","92611","77","0","2021","A","","Morton County, North Dakota","Federal Government","NAICS 92611 Administration of general economic programs","County, NAICS 5-digit -- by ownership sector","All establishment sizes",2,2,18393,0,0,236,12262,"",4.34,0.49,0.06,0.00,0.00,0.17,0.17,"",0,0.0,-6,-75.0,-135653,-88.1,0,0.0,0,0.0,-116,-33.0,-6040,-33.0
"38059","1","926110","78","0","2021","A","","Morton County, North Dakota","Federal Government","NAICS 926110 Administration of general economic programs","County, NAICS 6-digit -- by ownership sector","All establishment sizes",2,2,18393,0,0,236,12262,"",4.34,0.49,0.06,0.00,0.00,0.17,0.17,"",0,0.0,-6,-75.0,-135653,-88.1,0,0.0,0,0.0,-116,-33.0,-6040,-33.0
"38059","1","92614","77","0","2021","A","","Morton County, North Dakota","Federal Government","NAICS 92614 Agricultural market and commodity regulation","County, NAICS 5-digit -- by ownership sector","All establishment sizes",2,48,3137337,0,0,1246,64799,"",6.34,13.38,13.68,0.00,0.00,1.01,1.01,"",0,0.0,-3,-5.9,-9641,-0.3,0,0.0,0,0.0,52,4.4,2688,4.3
"38059","1","926140","78","0","2021","A","","Morton County, North Dakota","Federal Government","NAICS 926140 Agricultural market and commodity regulation","County, NAICS 6-digit -- by ownership sector","All establishment sizes",2,48,3137337,0,0,1246,64799,"",6.34,13.38,13.68,0.00,0.00,1.01,1.01,"",0,0.0,-3,-5.9,-9641,-0.3,0,0.0,0,0.0,52,4.4,2688,4.3
"38059","2","10","71","0","2021","A","","Morton County, North Dakota","State Government","10 Total, all industries","County, Total -- by ownership sector","All establishment sizes",11,128,6298277,20896,16,949,49334,"",1.57,0.35,0.34,0.01,0.01,0.97,0.97,"",1,10.0,-9,-6.6,-538934,-7.9,590,2.9,0,0.0,-8,-0.8,-452,-0.9
"38059","2","102","72","0","2021","A","","Morton County, North Dakota","State Government","102 Service-providing","County, by Domain -- by ownership sector","All establishment sizes",11,128,6298277,20896,16,949,49334,"",1.61,0.36,0.34,0.01,0.01,0.97,0.97,"",1,10.0,-9,-6.6,-538934,-7.9,590,2.9,0,0.0,-8,-0.8,-452,-0.9
"38059","2","1025","73","0","2021","A","N","Morton County, North Dakota","State Government","1025 Education and health services","County, by Supersector -- by ownership sector","All establishment sizes",2,0,0,0,0,0,0,"N",1.36,0,0,0,0,0,0,"N",1,100.0,0,0,0,0,0,0,0,0,0,0,0,0
"38059","2","1026","73","0","2021","A","N","Morton County, North Dakota","State Government","1026 Leisure and hospitality","County, by Supersector -- by ownership sector","All establishment sizes",1,0,0,0,0,0,0,"N",10.77,0,0,0,0,0,0,"N",0,0.0,0,0,0,0,0,0,0,0,0,0,0,0
"38059","2","1027","73","0","2021","A","N","Morton County, North Dakota","State Government","1027 Other services","County, by Supersector -- by ownership sector","All establishment sizes",1,0,0,0,0,0,0,"N",58.29,0,0,0,0,0,0,"N",0,0.0,0,0,0,0,0,0,0,0,0,0,0,0
"38059","2","1028","73","0","2021","A","","Morton County, North Dakota","State Government","1028 Public administration","County, by Supersector -- by ownership sector","All establishment sizes",7,103,5342122,0,0,1001,52076,"",1.40,0.72,0.74,0.00,0.00,1.03,1.03,"",0,0.0,-12,-10.4,-776447,-12.7,0,0.0,0,0.0,-18,-1.8,-937,-1.8
"38059","2","61","74","0","2021","A","N","Morton County, North Dakota","State Government","NAICS 61 Educational services","County, NAICS Sector -- by ownership sector","All establishment sizes",1,0,0,0,0,0,0,"N",1.26,0,0,0,0,0,0,"N",1,100.0,0,0,0,0,0,0,0,0,0,0,0,0
"38059","2","611","75","0","2021","A","N","Morton County, North Dakota","State Government","NAICS 611 Educational services","County, NAICS 3-digit -- by ownership sector","All establishment sizes",1,0,0,0,0,0,0,"N",1.26,0,0,0,0,0,0,"N",1,100.0,0,0,0,0,0,0,0,0,0,0,0,0
"38059","2","6117","76","0","2021","A","N","Morton County, North Dakota","State Government","NAICS 6117 Educational support services","County, NAICS 4-digit -- by ownership sector","All establishment sizes",1,0,0,0,0,0,0,"N",385.64,0,0,0,0,0,0,"N",1,100.0,0,0,0,0,0,0,0,0,0,0,0,0
"38059","2","61171","77","0","2021","A","N","Morton County, North Dakota","State Government","NAICS 61171 Educational support services","County, NAICS 5-digit -- by ownership sector","All establishment sizes",1,0,0,0,0,0,0,"N",385.64,0,0,0,0,0,0,"N",1,100.0,0,0,0,0,0,0,0,0,0,0,0,0
"38059","2","611710","78","0","2021","A","N","Morton County, North Dakota","State Government","NAICS 611710 Educational support services","County, NAICS 6-digit -- by ownership sector","All establishment sizes",1,0,0,0,0,0,0,"N",385.64,0,0,0,0,0,0,"N",1,100.0,0,0,0,0,0,0,0,0,0,0,0,0
"38059","2","62","74","0","2021","A","N","Morton County, North Dakota","State Government","NAICS 62 Health care and social assistance","County, NAICS Sector -- by ownership sector","All establishment sizes",1,0,0,0,0,0,0,"N",1.49,0,0,0,0,0,0,"N",0,0.0,0,0,0,0,0,0,0,0,0,0,0,0
"38059","2","624","75","0","2021","A","N","Morton County, North Dakota","State Government","NAICS 624 Social assistance","County, NAICS 3-digit -- by ownership sector","All establishment sizes",1,0,0,0,0,0,0,"N",3.77,0,0,0,0,0,0,"N",0,0.0,0,0,0,0,0,0,0,0,0,0,0,0
"38059","2","6241","76","0","2021","A","N","Morton County, North Dakota","State Government","NAICS 6241 Individual and family services","County, NAICS 4-digit -- by ownership sector","All establishment sizes",1,0,0,0,0,0,0,"N",5.13,0,0,0,0,0,0,"N",0,0.0,0,0,0,0,0,0,0,0,0,0,0,0
"38059","2","62419","77","0","2021","A","N","Morton County, North Dakota","State Government","NAICS 62419 Other individual and family services","County, NAICS 5-digit -- by ownership sector","All establishment sizes",1,0,0,0,0,0,0,"N",9.57,0,0,0,0,0,0,"N",0,0.0,0,0,0,0,0,0,0,0,0,0,0,0
"38059","2","624190","78","0","2021","A","N","Morton County, North Dakota","State Government","NAICS 624190 Other individual and family services","County, NAICS 6-digit -- by ownership sector","All establishment sizes",1,0,0,0,0,0,0,"N",9.57,0,0,0,0,0,0,"N",0,0.0,0,0,0,0,0,0,0,0,0,0,0,0
"38059","2","71","74","0","2021","A","N","Morton County, North Dakota","State Government","NAICS 71 Arts, entertainment, and recreation","County, NAICS Sector -- by ownership sector","All establishment sizes",1,0,0,0,0,0,0,"N",10.92,0,0,0,0,0,0,"N",0,0.0,0,0,0,0,0,0,0,0,0,0,0,0
"38059","2","712","75","0","2021","A","N","Morton County, North Dakota","State Government","NAICS 712 Museums, historical sites, zoos, and parks","County, NAICS 3-digit -- by ownership sector","All establishment sizes",1,0,0,0,0,0,0,"N",11.85,0,0,0,0,0,0,"N",0,0.0,0,0,0,0,0,0,0,0,0,0,0,0
"38059","2","7121","76","0","2021","A","N","Morton County, North Dakota","State Government","NAICS 7121 Museums, historical sites, zoos, and parks","County, NAICS 4-digit -- by ownership sector","All establishment sizes",1,0,0,0,0,0,0,"N",11.85,0,0,0,0,0,0,"N",0,0.0,0,0,0,0,0,0,0,0,0,0,0,0
"38059","2","71219","77","0","2021","A","N","Morton County, North Dakota","State Government","NAICS 71219 Nature parks and other similar institutions","County, NAICS 5-digit -- by ownership sector","All establishment sizes",1,0,0,0,0,0,0,"N",15.77,0,0,0,0,0,0,"N",0,0.0,0,0,0,0,0,0,0,0,0,0,0,0
"38059","2","712190","78","0","2021","A","N","Morton County, North Dakota","State Government","NAICS 712190 Nature parks and other similar institutions","County, NAICS 6-digit -- by ownership sector","All establishment sizes",1,0,0,0,0,0,0,"N",15.77,0,0,0,0,0,0,"N",0,0.0,0,0,0,0,0,0,0,0,0,0,0,0
"38059","2","81","74","0","2021","A","N","Morton County, North Dakota","State Government","NAICS 81 Other services, except public administration","County, NAICS Sector -- by ownership sector","All establishment sizes",1,0,0,0,0,0,0,"N",58.29,0,0,0,0,0,0,"N",0,0.0,0,0,0,0,0,0,0,0,0,0,0,0
"38059","2","813","75","0","2021","A","N","Morton County, North Dakota","State Government","NAICS 813 Membership associations and organizations","County, NAICS 3-digit -- by ownership sector","All establishment sizes",1,0,0,0,0,0,0,"N",74.83,0,0,0,0,0,0,"N",0,0.0,0,0,0,0,0,0,0,0,0,0,0,0
"38059","2","8139","76","0","2021","A","N","Morton County, North Dakota","State Government","NAICS 8139 Professional and similar organizations","County, NAICS 4-digit -- by ownership sector","All establishment sizes",1,0,0,0,0,0,0,"N",435.94,0,0,0,0,0,0,"N",0,0.0,0,0,0,0,0,0,0,0,0,0,0,0
"38059","2","81392","77","0","2021","A","N","Morton County, North Dakota","State Government","NAICS 81392 Professional organizations","County, NAICS 5-digit -- by ownership sector","All establishment sizes",1,0,0,0,0,0,0,"N",1253.34,0,0,0,0,0,0,"N",0,0.0,0,0,0,0,0,0,0,0,0,0,0,0
"38059","2","813920","78","0","2021","A","N","Morton County, North Dakota","State Government","NAICS 813920 Professional organizations","County, NAICS 6-digit -- by ownership sector","All establishment sizes",1,0,0,0,0,0,0,"N",1253.34,0,0,0,0,0,0,"N",0,0.0,0,0,0,0,0,0,0,0,0,0,0,0
"38059","2","92","74","0","2021","A","","Morton County, North Dakota","State Government","NAICS 92 Public administration","County, NAICS Sector -- by ownership sector","All establishment sizes",7,103,5342122,0,0,1001,52076,"",1.40,0.72,0.74,0.00,0.00,1.03,1.03,"",0,0.0,-12,-10.4,-776447,-12.7,0,0.0,0,0.0,-18,-1.8,-937,-1.8
"38059","2","922","75","0","2021","A","N","Morton County, North Dakota","State Government","NAICS 922 Justice, public order, and safety activities","County, NAICS 3-digit -- by ownership sector","All establishment sizes",3,0,0,0,0,0,0,"N",2.12,0,0,0,0,0,0,"N",-1,-25.0,0,0,0,0,0,0,0,0,0,0,0,0
"38059","2","9221","76","0","2021","A","N","Morton County, North Dakota","State Government","NAICS 9221 Justice, public order, and safety activities","County, NAICS 4-digit -- by ownership sector","All establishment sizes",3,0,0,0,0,0,0,"N",2.12,0,0,0,0,0,0,"N",-1,-25.0,0,0,0,0,0,0,0,0,0,0,0,0
"38059","2","92211","77","0","2021","A","N","Morton County, North Dakota","State Government","NAICS 92211 Courts","County, NAICS 5-digit -- by ownership sector","All establishment sizes",1,0,0,0,0,0,0,"N",2.58,0,0,0,0,0,0,"N",0,0.0,0,0,0,0,0,0,0,0,0,0,0,0
"38059","2","922110","78","0","2021","A","N","Morton County, North Dakota","State Government","NAICS 922110 Courts","County, NAICS 6-digit -- by ownership sector","All establishment sizes",1,0,0,0,0,0,0,"N",2.58,0,0,0,0,0,0,"N",0,0.0,0,0,0,0,0,0,0,0,0,0,0,0
"38059","2","92212","77","0","2021","A","N","Morton County, North Dakota","State Government","NAICS 92212 Police protection","County, NAICS 5-digit -- by ownership sector","All establishment sizes",1,0,0,0,0,0,0,"N",3.86,0,0,0,0,0,0,"N",0,0.0,0,0,0,0,0,0,0,0,0,0,0,0
"38059","2","922120","78","0","2021","A","N","Morton County, North Dakota","State Government","NAICS 922120 Police protection","County, NAICS 6-digit -- by ownership sector","All establishment sizes",1,0,0,0,0,0,0,"N",3.86,0,0,0,0,0,0,"N",0,0.0,0,0,0,0,0,0,0,0,0,0,0,0
"38059","2","92214","77","0","2021","A","N","Morton County, North Dakota","State Government","NAICS 92214 Correctional institutions","County, NAICS 5-digit -- by ownership sector","All establishment sizes",1,0,0,0,0,0,0,"N",2.54,0,0,0,0,0,0,"N",0,0.0,0,0,0,0,0,0,0,0,0,0,0,0
"38059","2","922140","78","0","2021","A","N","Morton County, North Dakota","State Government","NAICS 922140 Correctional institutions","County, NAICS 6-digit -- by ownership sector","All establishment sizes",1,0,0,0,0,0,0,"N",2.54,0,0,0,0,0,0,"N",0,0.0,0,0,0,0,0,0,0,0,0,0,0,0
"38059","2","923","75","0","2021","A","N","Morton County, North Dakota","State Government","NAICS 923 Administration of human resource programs","County, NAICS 3-digit -- by ownership sector","All establishment sizes",1,0,0,0,0,0,0,"N",0.94,0,0,0,0,0,0,"N",1,100.0,0,0,0,0,0,0,0,0,0,0,0,0
"38059","2","9231","76","0","2021","A","N","Morton County, North Dakota","State Government","NAICS 9231 Administration of human resource programs","County, NAICS 4-digit -- by ownership sector","All establishment sizes",1,0,0,0,0,0,0,"N",0.94,0,0,0,0,0,0,"N",1,100.0,0,0,0,0,0,0,0,0,0,0,0,0
"38059","2","92311","77","0","2021","A","N","Morton County, North Dakota","State Government","NAICS 92311 Administration of education programs","County, NAICS 5-digit -- by ownership sector","All establishment sizes",1,0,0,0,0,0,0,"N",8.75,0,0,0,0,0,0,"N",1,100.0,0,0,0,0,0,0,0,0,0,0,0,0
"38059","2","923110","78","0","2021","A","N","Morton County, North Dakota","State Government","NAICS 923110 Administration of education programs","County, NAICS 6-digit -- by ownership sector","All establishment sizes",1,0,0,0,0,0,0,"N",8.75,0,0,0,0,0,0,"N",1,100.0,0,0,0,0,0,0,0,0,0,0,0,0
"38059","2","92312","77","0","2021","A","N","Morton County, North Dakota","State Government","NAICS 92312 Administration of public health programs","County, NAICS 5-digit -- by ownership sector","All establishment sizes",0,0,0,0,0,0,0,"N",0.00,0,0,0,0,0,0,"N",0,0,0,0,0,0,0,0,0,0,0,0,0,0
"38059","2","923120","78","0","2021","A","N","Morton County, North Dakota","State Government","NAICS 923120 Administration of public health programs","County, NAICS 6-digit -- by ownership sector","All establishment sizes",0,0,0,0,0,0,0,"N",0.00,0,0,0,0,0,0,"N",0,0,0,0,0,0,0,0,0,0,0,0,0,0
"38059","2","924","75","0","2021","A","N","Morton County, North Dakota","State Government","NAICS 924 Administration of environmental programs","County, NAICS 3-digit -- by ownership sector","All establishment sizes",1,0,0,0,0,0,0,"N",1.43,0,0,0,0,0,0,"N",0,0.0,0,0,0,0,0,0,0,0,0,0,0,0
"38059","2","9241","76","0","2021","A","N","Morton County, North Dakota","State Government","NAICS 9241 Administration of environmental programs","County, NAICS 4-digit -- by ownership sector","All establishment sizes",1,0,0,0,0,0,0,"N",1.43,0,0,0,0,0,0,"N",0,0.0,0,0,0,0,0,0,0,0,0,0,0,0
"38059","2","92412","77","0","2021","A","N","Morton County, North Dakota","State Government","NAICS 92412 Administration of conservation programs","County, NAICS 5-digit -- by ownership sector","All establishment sizes",1,0,0,0,0,0,0,"N",1.74,0,0,0,0,0,0,"N",0,0.0,0,0,0,0,0,0,0,0,0,0,0,0
"38059","2","924120","78","0","2021","A","N","Morton County, North Dakota","State Government","NAICS 924120 Administration of conservation programs","County, NAICS 6-digit -- by ownership sector","All establishment sizes",1,0,0,0,0,0,0,"N",1.74,0,0,0,0,0,0,"N",0,0.0,0,0,0,0,0,0,0,0,0,0,0,0
"38059","2","926","75","0","2021","A","N","Morton County, North Dakota","State Government","NAICS 926 Administration of economic programs","County, NAICS 3-digit -- by ownership sector","All establishment sizes",1,0,0,0,0,0,0,"N",0.92,0,0,0,0,0,0,"N",0,0.0,0,0,0,0,0,0,0,0,0,0,0,0
"38059","2","9261","76","0","2021","A","N","Morton County, North Dakota","State Government","NAICS 9261 Administration of economic programs","County, NAICS 4-digit -- by ownership sector","All establishment sizes",1,0,0,0,0,0,0,"N",0.92,0,0,0,0,0,0,"N",0,0.0,0,0,0,0,0,0,0,0,0,0,0,0
"38059","2","92614","77","0","2021","A","N","Morton County, North Dakota","State Government","NAICS 92614 Agricultural market and commodity regulation","County, NAICS 5-digit -- by ownership sector","All establishment sizes",1,0,0,0,0,0,0,"N",3.25,0,0,0,0,0,0,"N",0,0.0,0,0,0,0,0,0,0,0,0,0,0,0
"38059","2","926140","78","0","2021","A","N","Morton County, North Dakota","State Government","NAICS 926140 Agricultural market and commodity regulation","County, NAICS 6-digit -- by ownership sector","All establishment sizes",1,0,0,0,0,0,0,"N",3.25,0,0,0,0,0,0,"N",0,0.0,0,0,0,0,0,0,0,0,0,0,0,0
"38059","2","928","75","0","2021","A","N","Morton County, North Dakota","State Government","NAICS 928 National security and international affairs","County, NAICS 3-digit -- by ownership sector","All establishment sizes",1,0,0,0,0,0,0,"N",14.08,0,0,0,0,0,0,"N",0,0.0,0,0,0,0,0,0,0,0,0,0,0,0
"38059","2","9281","76","0","2021","A","N","Morton County, North Dakota","State Government","NAICS 9281 National security and international affairs","County, NAICS 4-digit -- by ownership sector","All establishment sizes",1,0,0,0,0,0,0,"N",14.08,0,0,0,0,0,0,"N",0,0.0,0,0,0,0,0,0,0,0,0,0,0,0
"38059","2","92811","77","0","2021","A","N","Morton County, North Dakota","State Government","NAICS 92811 National security","County, NAICS 5-digit -- by ownership sector","All establishment sizes",1,0,0,0,0,0,0,"N",14.16,0,0,0,0,0,0,"N",0,0.0,0,0,0,0,0,0,0,0,0,0,0,0
"38059","2","928110","78","0","2021","A","N","Morton County, North Dakota","State Government","NAICS 928110 National security","County, NAICS 6-digit -- by ownership sector","All establishment sizes",1,0,0,0,0,0,0,"N",14.16,0,0,0,0,0,0,"N",0,0.0,0,0,0,0,0,0,0,0,0,0,0,0
"38059","3","10","71","0","2021","A","","Morton County, North Dakota","Local Government","10 Total, all industries","County, Total -- by ownership sector","All establishment sizes",26,1532,62468838,344539,390,784,40767,"",1.52,1.40,1.31,0.09,0.03,0.94,0.94,"",0,0.0,48,3.2,-1399503,-2.2,20737,6.4,21,5.7,-44,-5.3,-2283,-5.3
"38059","3","102","72","0","2021","A","","Morton County, North Dakota","Local Government","102 Service-providing","County, by Domain -- by ownership sector","All establishment sizes",26,1532,62468838,344539,390,784,40767,"",1.56,1.41,1.32,0.09,0.03,0.94,0.94,"",0,0.0,48,3.2,-1399503,-2.2,20737,6.4,21,5.7,-44,-5.3,-2283,-5.3
"38059","3","1021","73","0","2021","A","N","Morton County, North Dakota","Local Government","1021 Trade, transportation, and utilities","County, by Supersector -- by ownership sector","All establishment sizes",1,0,0,0,0,0,0,"N",0.83,0,0,0,0,0,0,"N",0,0.0,0,0,0,0,0,0,0,0,0,0,0,0
"38059","3","1025","73","0","2021","A","","Morton County, North Dakota","Local Government","1025 Education and health services","County, by Supersector -- by ownership sector","All establishment sizes",10,976,41047826,113810,206,809,42043,"",1.37,1.46,1.47,0.07,0.07,1.01,1.01,"",0,0.0,36,3.8,-1863880,-4.3,4966,4.6,10,5.1,-69,-7.9,-3628,-7.9
"38059","3","1026","73","0","2021","A","N","Morton County, North Dakota","Local Government","1026 Leisure and hospitality","County, by Supersector -- by ownership sector","All establishment sizes",4,0,0,0,0,0,0,"N",8.66,0,0,0,0,0,0,"N",0,0.0,0,0,0,0,0,0,0,0,0,0,0,0
"38059","3","1028","73","0","2021","A","","Morton County, North Dakota","Local Government","1028 Public administration","County, by Supersector -- by ownership sector","All establishment sizes",11,393,18689311,230729,184,915,47606,"",1.75,1.22,1.21,0.14,0.03,1.00,1.00,"",0,0.0,-9,-2.2,257139,1.4,15771,7.3,11,6.4,34,3.9,1774,3.9
"38059","3","22","74","0","2021","A","N","Morton County, North Dakota","Local Government","NAICS 22 Utilities","County, NAICS Sector -- by ownership sector","All establishment sizes",1,0,0,0,0,0,0,"N",1.19,0,0,0,0,0,0,"N",0,0.0,0,0,0,0,0,0,0,0,0,0,0,0
"38059","3","221","75","0","2021","A","N","Morton County, North Dakota","Local Government","NAICS 221 Utilities","County, NAICS 3-digit -- by ownership sector","All establishment sizes",1,0,0,0,0,0,0,"N",1.19,0,0,0,0,0,0,"N",0,0.0,0,0,0,0,0,0,0,0,0,0,0,0
"38059","3","2213","76","0","2021","A","N","Morton County, North Dakota","Local Government","NAICS 2213 Water, sewage and other systems","County, NAICS 4-digit -- by ownership sector","All establishment sizes",1,0,0,0,0,0,0,"N",1.38,0,0,0,0,0,0,"N",0,0.0,0,0,0,0,0,0,0,0,0,0,0,0
"38059","3","22131","77","0","2021","A","N","Morton County, North Dakota","Local Government","NAICS 22131 Water supply and irrigation systems","County, NAICS 5-digit -- by ownership sector","All establishment sizes",1,0,0,0,0,0,0,"N",2.04,0,0,0,0,0,0,"N",0,0.0,0,0,0,0,0,0,0,0,0,0,0,0
"38059","3","221310","78","0","2021","A","N","Morton County, North Dakota","Local Government","NAICS 221310 Water supply and irrigation systems","County, NAICS 6-digit -- by ownership sector","All establishment sizes",1,0,0,0,0,0,0,"N",2.04,0,0,0,0,0,0,"N",0,0.0,0,0,0,0,0,0,0,0,0,0,0,0
"38059","3","61","74","0","2021","A","","Morton County, North Dakota","Local Government","NAICS 61 Educational services","County, NAICS Sector -- by ownership sector","All establishment sizes",7,931,39892524,113810,206,824,42838,"",1.06,1.56,1.64,0.09,0.10,1.05,1.05,"",0,0.0,35,3.9,-1862643,-4.5,4966,4.6,10,5.1,-72,-8.0,-3742,-8.0
"38059","3","611","75","0","2021","A","","Morton County, North Dakota","Local Government","NAICS 611 Educational services","County, NAICS 3-digit -- by ownership sector","All establishment sizes",7,931,39892524,113810,206,824,42838,"",1.06,1.56,1.64,0.09,0.10,1.05,1.05,"",0,0.0,35,3.9,-1862643,-4.5,4966,4.6,10,5.1,-72,-8.0,-3742,-8.0
"38059","3","6111","76","0","2021","A","","Morton County, North Dakota","Local Government","NAICS 6111 Elementary and secondary schools","County, NAICS 4-digit -- by ownership sector","All establishment sizes",7,931,39892524,113810,206,824,42838,"",1.10,1.67,1.76,0.10,0.11,1.05,1.05,"",0,0.0,35,3.9,-1862643,-4.5,4966,4.6,10,5.1,-72,-8.0,-3742,-8.0
"38059","3","61111","77","0","2021","A","","Morton County, North Dakota","Local Government","NAICS 61111 Elementary and secondary schools","County, NAICS 5-digit -- by ownership sector","All establishment sizes",7,931,39892524,113810,206,824,42838,"",1.10,1.67,1.76,0.10,0.11,1.05,1.05,"",0,0.0,35,3.9,-1862643,-4.5,4966,4.6,10,5.1,-72,-8.0,-3742,-8.0
"38059","3","611110","78","0","2021","A","","Morton County, North Dakota","Local Government","NAICS 611110 Elementary and secondary schools","County, NAICS 6-digit -- by ownership sector","All establishment sizes",7,931,39892524,113810,206,824,42838,"",1.10,1.67,1.76,0.10,0.11,1.05,1.05,"",0,0.0,35,3.9,-1862643,-4.5,4966,4.6,10,5.1,-72,-8.0,-3742,-8.0
"38059","3","62","74","0","2021","A","","Morton County, North Dakota","Local Government","NAICS 62 Health care and social assistance","County, NAICS Sector -- by ownership sector","All establishment sizes",3,45,1155302,0,0,493,25626,"",4.30,0.61,0.32,0.00,0.00,0.52,0.52,"",0,0.0,2,4.7,-1237,-0.1,0,0.0,0,0.0,-22,-4.3,-1166,-4.4
"38059","3","621","75","0","2021","A","","Morton County, North Dakota","Local Government","NAICS 621 Ambulatory health care services","County, NAICS 3-digit -- by ownership sector","All establishment sizes",3,45,1155302,0,0,493,25626,"",14.12,7.59,4.17,0.00,0.00,0.55,0.55,"",0,0.0,2,4.7,-1237,-0.1,0,0.0,0,0.0,-22,-4.3,-1166,-4.4
"38059","3","6219","76","0","2021","A","","Morton County, North Dakota","Local Government","NAICS 6219 Other ambulatory health care services","County, NAICS 4-digit -- by ownership sector","All establishment sizes",3,45,1155302,0,0,493,25626,"",41.84,30.34,22.58,0.00,0.00,0.74,0.74,"",0,0.0,2,4.7,-1237,-0.1,0,0.0,0,0.0,-22,-4.3,-1166,-4.4
"38059","3","62191","77","0","2021","A","N","Morton County, North Dakota","Local Government","NAICS 62191 Ambulance services","County, NAICS 5-digit -- by ownership sector","All establishment sizes",2,0,0,0,0,0,0,"N",33.04,0,0,0,0,0,0,"N",0,0.0,0,0,0,0,0,0,0,0,0,0,0,0
"38059","3","621910","78","0","2021","A","N","Morton County, North Dakota","Local Government","NAICS 621910 Ambulance services","County, NAICS 6-digit -- by ownership sector","All establishment sizes",2,0,0,0,0,0,0,"N",33.04,0,0,0,0,0,0,"N",0,0.0,0,0,0,0,0,0,0,0,0,0,0,0
"38059","3","62199","77","0","2021","A","N","Morton County, North Dakota","Local Government","NAICS 62199 All other ambulatory health care services","County, NAICS 5-digit -- by ownership sector","All establishment sizes",1,0,0,0,0,0,0,"N",89.52,0,0,0,0,0,0,"N",0,0.0,0,0,0,0,0,0,0,0,0,0,0,0
"38059","3","621999","78","0","2021","A","N","Morton County, North Dakota","Local Government","NAICS 621999 Miscellaneous ambulatory health care services","County, NAICS 6-digit -- by ownership sector","All establishment sizes",1,0,0,0,0,0,0,"N",90.33,0,0,0,0,0,0,"N",0,0.0,0,0,0,0,0,0,0,0,0,0,0,0
"38059","3","71","74","0","2021","A","N","Morton County, North Dakota","Local Government","NAICS 71 Arts, entertainment, and recreation","County, NAICS Sector -- by ownership sector","All establishment sizes",4,0,0,0,0,0,0,"N",10.21,0,0,0,0,0,0,"N",0,0.0,0,0,0,0,0,0,0,0,0,0,0,0
"38059","3","713","75","0","2021","A","N","Morton County, North Dakota","Local Government","NAICS 713 Amusements, gambling, and recreation","County, NAICS 3-digit -- by ownership sector","All establishment sizes",4,0,0,0,0,0,0,"N",13.26,0,0,0,0,0,0,"N",0,0.0,0,0,0,0,0,0,0,0,0,0,0,0
"38059","3","7139","76","0","2021","A","N","Morton County, North Dakota","Local Government","NAICS 7139 Other amusement and recreation industries","County, NAICS 4-digit -- by ownership sector","All establishment sizes",4,0,0,0,0,0,0,"N",15.09,0,0,0,0,0,0,"N",0,0.0,0,0,0,0,0,0,0,0,0,0,0,0
"38059","3","71394","77","0","2021","A","N","Morton County, North Dakota","Local Government","NAICS 71394 Fitness and recreational sports centers","County, NAICS 5-digit -- by ownership sector","All establishment sizes",4,0,0,0,0,0,0,"N",33.93,0,0,0,0,0,0,"N",0,0.0,0,0,0,0,0,0,0,0,0,0,0,0
"38059","3","713940","78","0","2021","A","N","Morton County, North Dakota","Local Government","NAICS 713940 Fitness and recreational sports centers","County, NAICS 6-digit -- by ownership sector","All establishment sizes",4,0,0,0,0,0,0,"N",33.93,0,0,0,0,0,0,"N",0,0.0,0,0,0,0,0,0,0,0,0,0,0,0
"38059","3","92","74","0","2021","A","","Morton County, North Dakota","Local Government","NAICS 92 Public administration","County, NAICS Sector -- by ownership sector","All establishment sizes",11,393,18689311,230729,184,915,47606,"",1.75,1.22,1.21,0.14,0.03,1.00,1.00,"",0,0.0,-9,-2.2,257139,1.4,15771,7.3,11,6.4,34,3.9,1774,3.9
"38059","3","921","75","0","2021","A","","Morton County, North Dakota","Local Government","NAICS 921 Executive, legislative and general government","County, NAICS 3-digit -- by ownership sector","All establishment sizes",7,368,18122715,0,0,948,49280,"",1.91,1.74,2.01,0.00,0.00,1.15,1.15,"",0,0.0,-9,-2.4,224927,1.3,0,0.0,0,0.0,35,3.8,1806,3.8
"38059","3","9211","76","0","2021","A","","Morton County, North Dakota","Local Government","NAICS 9211 Executive, legislative and general government","County, NAICS 4-digit -- by ownership sector","All establishment sizes",7,368,18122715,0,0,948,49280,"",1.91,1.74,2.01,0.00,0.00,1.15,1.15,"",0,0.0,-9,-2.4,224927,1.3,0,0.0,0,0.0,35,3.8,1806,3.8
"38059","3","92114","77","0","2021","A","","Morton County, North Dakota","Local Government","NAICS 92114 Executive and legislative offices, combined","County, NAICS 5-digit -- by ownership sector","All establishment sizes",7,368,18122715,0,0,948,49280,"",3.31,2.68,3.12,0.00,0.00,1.16,1.16,"",0,0.0,-9,-2.4,224927,1.3,0,0.0,0,0.0,35,3.8,1806,3.8
"38059","3","921140","78","0","2021","A","","Morton County, North Dakota","Local Government","NAICS 921140 Executive and legislative offices, combined","County, NAICS 6-digit -- by ownership sector","All establishment sizes",7,368,18122715,0,0,948,49280,"",3.31,2.68,3.12,0.00,0.00,1.16,1.16,"",0,0.0,-9,-2.4,224927,1.3,0,0.0,0,0.0,35,3.8,1806,3.8
"38059","3","924","75","0","2021","A","N","Morton County, North Dakota","Local Government","NAICS 924 Administration of environmental programs","County, NAICS 3-digit -- by ownership sector","All establishment sizes",3,0,0,0,0,0,0,"N",7.18,0,0,0,0,0,0,"N",0,0.0,0,0,0,0,0,0,0,0,0,0,0,0
"38059","3","9241","76","0","2021","A","N","Morton County, North Dakota","Local Government","NAICS 9241 Administration of environmental programs","County, NAICS 4-digit -- by ownership sector","All establishment sizes",3,0,0,0,0,0,0,"N",7.18,0,0,0,0,0,0,"N",0,0.0,0,0,0,0,0,0,0,0,0,0,0,0
"38059","3","92411","77","0","2021","A","N","Morton County, North Dakota","Local Government","NAICS 92411 Air, water, and waste program administration","County, NAICS 5-digit -- by ownership sector","All establishment sizes",2,0,0,0,0,0,0,"N",11.97,0,0,0,0,0,0,"N",0,0.0,0,0,0,0,0,0,0,0,0,0,0,0
"38059","3","924110","78","0","2021","A","N","Morton County, North Dakota","Local Government","NAICS 924110 Air, water, and waste program administration","County, NAICS 6-digit -- by ownership sector","All establishment sizes",2,0,0,0,0,0,0,"N",11.97,0,0,0,0,0,0,"N",0,0.0,0,0,0,0,0,0,0,0,0,0,0,0
"38059","3","92412","77","0","2021","A","N","Morton County, North Dakota","Local Government","NAICS 92412 Administration of conservation programs","County, NAICS 5-digit -- by ownership sector","All establishment sizes",1,0,0,0,0,0,0,"N",3.99,0,0,0,0,0,0,"N",0,0.0,0,0,0,0,0,0,0,0,0,0,0,0
"38059","3","924120","78","0","2021","A","N","Morton County, North Dakota","Local Government","NAICS 924120 Administration of conservation programs","County, NAICS 6-digit -- by ownership sector","All establishment sizes",1,0,0,0,0,0,0,"N",3.99,0,0,0,0,0,0,"N",0,0.0,0,0,0,0,0,0,0,0,0,0,0,0
"38059","3","925","75","0","2021","A","N","Morton County, North Dakota","Local Government","NAICS 925 Community and housing program administration","County, NAICS 3-digit -- by ownership sector","All establishment sizes",1,0,0,0,0,0,0,"N",2.66,0,0,0,0,0,0,"N",0,0.0,0,0,0,0,0,0,0,0,0,0,0,0
"38059","3","9251","76","0","2021","A","N","Morton County, North Dakota","Local Government","NAICS 9251 Community and housing program administration","County, NAICS 4-digit -- by ownership sector","All establishment sizes",1,0,0,0,0,0,0,"N",2.66,0,0,0,0,0,0,"N",0,0.0,0,0,0,0,0,0,0,0,0,0,0,0
"38059","3","92512","77","0","2021","A","N","Morton County, North Dakota","Local Government","NAICS 92512 Urban and rural development administration","County, NAICS 5-digit -- by ownership sector","All establishment sizes",1,0,0,0,0,0,0,"N",7.51,0,0,0,0,0,0,"N",0,0.0,0,0,0,0,0,0,0,0,0,0,0,0
"38059","3","925120","78","0","2021","A","N","Morton County, North Dakota","Local Government","NAICS 925120 Urban and rural development administration","County, NAICS 6-digit -- by ownership sector","All establishment sizes",1,0,0,0,0,0,0,"N",7.51,0,0,0,0,0,0,"N",0,0.0,0,0,0,0,0,0,0,0,0,0,0,0
"38059","5","10","71","0","2021","A","","Morton County, North Dakota","Private","10 Total, all industries","County, Total -- by ownership sector","All establishment sizes",1040,9753,500926676,273511414,2020639,988,51360,"",0.98,0.99,1.01,1.02,1.01,1.02,1.02,"",19,1.9,112,1.2,6738362,1.4,6748913,2.5,-601208,-22.9,2,0.2,98,0.2
"38059","5","101","72","0","2021","A","","Morton County, North Dakota","Private","101 Goods-producing","County, by Domain -- by ownership sector","All establishment sizes",229,2021,142952096,78124059,1488292,1360,70733,"",1.66,1.17,1.54,1.41,2.90,1.31,1.31,"",4,1.8,-47,-2.3,-9457026,-6.2,-6802413,-8.0,-521216,-25.9,-57,-4.0,-2951,-4.0
"38059","5","1011","73","0","2021","A","","Morton County, North Dakota","Private","1011 Natural resources and mining","County, by Supersector -- by ownership sector","All establishment sizes",27,148,9832799,6306553,125881,1281,66588,"",1.91,1.05,1.53,1.30,2.61,1.46,1.46,"",-2,-6.9,-15,-9.2,-1149544,-10.5,-1460539,-18.8,3890,3.2,-18,-1.4,-961,-1.4
"38059","5","1012","73","0","2021","A","","Morton County, North Dakota","Private","1012 Construction","County, by Supersector -- by ownership sector","All establishment sizes",172,883,51944544,35744504,1306811,1131,58816,"",1.98,1.49,1.69,1.74,5.30,1.14,1.14,"",5,3.0,-85,-8.8,-11177184,-17.7,-6585275,-15.6,-454022,-25.8,-124,-9.9,-6426,-9.8
"38059","5","1013","73","0","2021","A","","Morton County, North Dakota","Private","1013 Manufacturing","County, by Supersector -- by ownership sector","All establishment sizes",30,990,81174753,36073002,55600,1577,81981,"",0.82,1.00,1.45,1.20,0.25,1.45,1.45,"",2,7.1,52,5.5,2869702,3.7,1243401,3.6,-71084,-56.1,-28,-1.7,-1470,-1.8
"38059","5","102","72","0","2021","A","","Morton County, North Dakota","Private","102 Service-providing","County, by Domain -- by ownership sector","All establishment sizes",811,7732,357974580,195387355,532347,890,46297,"",0.88,0.95,0.89,0.92,0.36,0.93,0.93,"",15,1.9,160,2.1,16195388,4.7,13551326,7.5,-79992,-13.1,22,2.5,1160,2.6
"38059","5","1021","73","0","2021","A","","Morton County, North Dakota","Private","1021 Trade, transportation, and utilities","County, by Supersector -- by ownership sector","All establishment sizes",248,2424,124525015,75931287,239555,988,51379,"",1.26,1.10,1.37,1.23,0.62,1.25,1.25,"",-4,-1.6,35,1.5,4173820,3.5,2896777,4.0,20478,9.3,19,2.0,993,2.0
"38059","5","1022","73","0","2021","A","","Morton County, North Dakota","Private","1022 Information","County, by Supersector -- by ownership sector","All establishment sizes",13,112,5717930,3852370,8034,985,51244,"",0.58,0.49,0.22,0.49,0.12,0.45,0.45,"",-1,-7.1,-17,-13.2,-1043461,-15.4,-599125,-13.5,-5582,-41.0,-22,-2.2,-1102,-2.1
"38059","5","1023","73","0","2021","A","","Morton County, North Dakota","Private","1023 Financial activities","County, by Supersector -- by ownership sector","All establishment sizes",105,535,37740506,18895763,33901,1357,70576,"",1.07,0.80,0.66,0.93,0.24,0.83,0.83,"",9,9.4,6,1.1,1416445,3.9,383537,2.1,-7610,-18.3,37,2.8,1954,2.8
"38059","5","1024","73","0","2021","A","","Morton County, North Dakota","Private","1024 Professional and business services","County, by Supersector -- by ownership sector","All establishment sizes",187,1452,90780903,51569376,125811,1203,62539,"",0.88,0.85,0.80,0.93,0.28,0.94,0.94,"",0,0.0,31,2.2,8645678,10.5,6968641,15.6,-41857,-25.0,92,8.3,4755,8.2
"38059","5","1025","73","0","2021","A","","Morton County, North Dakota","Private","1025 Education and health services","County, by Supersector -- by ownership sector","All establishment sizes",90,1615,62901750,16179195,38103,749,38940,"",0.47,0.89,0.80,0.52,0.19,0.91,0.91,"",3,3.4,-30,-1.8,-1548984,-2.4,-89551,-0.6,-13905,-26.7,-4,-0.5,-230,-0.6
"38059","5","1026","73","0","2021","A","","Morton County, North Dakota","Private","1026 Leisure and hospitality","County, by Supersector -- by ownership sector","All establishment sizes",89,1247,21090174,18877432,54125,325,16915,"",0.99,1.10,0.88,0.68,0.30,0.80,0.80,"",3,3.5,142,12.9,3638745,20.9,3217503,20.5,-24308,-31.0,21,6.9,1128,7.1
"38059","5","1027","73","0","2021","A","","Morton County, North Dakota","Private","1027 Other services","County, by Supersector -- by ownership sector","All establishment sizes",82,348,15218302,10081932,32818,840,43678,"",0.98,1.05,1.34,1.22,0.57,1.28,1.28,"",6,7.9,-5,-1.4,913145,6.4,773544,8.3,-7208,-18.0,60,7.7,3125,7.7
"38059","5","11","74","0","2021","A","","Morton County, North Dakota","Private","NAICS 11 Agriculture, forestry, fishing and hunting","County, NAICS Sector -- by ownership sector","All establishment sizes",24,82,4151456,2942559,10148,975,50679,"",2.18,0.82,1.34,0.88,0.29,1.64,1.64,"",-1,-4.0,2,2.5,33751,0.8,50757,1.8,-9877,-49.3,-12,-1.2,-632,-1.2
"38059","5","111","75","0","2021","A","","Morton County, North Dakota","Private","NAICS 111 Crop production","County, NAICS 3-digit -- by ownership sector","All establishment sizes",9,17,765957,601548,5580,888,46188,"",1.80,0.39,0.59,0.42,0.39,1.56,1.56,"",-1,-10.0,0,0.0,-31774,-4.0,-32716,-5.2,-5705,-50.6,-23,-2.5,-1202,-2.5
"38059","5","1111","76","0","2021","A","","Morton County, North Dakota","Private","NAICS 1111 Oilseed and grain farming","County, NAICS 4-digit -- by ownership sector","All establishment sizes",9,17,765957,601548,5580,888,46188,"",6.76,3.90,5.42,4.09,6.52,1.43,1.43,"",-1,-10.0,0,0.0,-31774,-4.0,-32716,-5.2,-5705,-50.6,-23,-2.5,-1202,-2.5
"38059","5","11114","77","0","2021","A","","Morton County, North Dakota","Private","NAICS 11114 Wheat farming","County, NAICS 5-digit -- by ownership sector","All establishment sizes",9,17,765957,601548,5580,888,46188,"",45.32,36.87,55.35,26.54,57.46,1.54,1.54,"",-1,-10.0,0,0.0,-31774,-4.0,-32716,-5.2,-5705,-50.6,-23,-2.5,-1202,-2.5
"38059","5","111140","78","0","2021","A","","Morton County, North Dakota","Private","NAICS 111140 Wheat farming","County, NAICS 6-digit -- by ownership sector","All establishment sizes",9,17,765957,601548,5580,888,46188,"",45.32,36.87,55.35,26.54,57.46,1.54,1.54,"",-1,-10.0,0,0.0,-31774,-4.0,-32716,-5.2,-5705,-50.6,-23,-2.5,-1202,-2.5
"38059","5","112","75","0","2021","A","","Morton County, North Dakota","Private","NAICS 112 Animal production and aquaculture","County, NAICS 3-digit -- by ownership sector","All establishment sizes",12,59,2901089,2092906,4370,942,48964,"",4.38,2.79,4.18,3.00,1.54,1.49,1.49,"",0,0.0,3,5.4,43928,1.5,93069,4.7,-4163,-48.8,-33,-3.4,-1755,-3.5
"38059","5","1121","76","0","2021","A","","Morton County, North Dakota","Private","NAICS 1121 Cattle ranching and farming","County, NAICS 4-digit -- by ownership sector","All establishment sizes",8,51,2619636,1872953,4090,986,51282,"",4.55,3.98,6.60,4.45,2.45,1.66,1.66,"",0,0.0,4,8.5,97441,3.9,149782,8.7,-3697,-47.5,-41,-4.0,-2098,-3.9
"38059","5","11211","77","0","2021","A","N","Morton County, North Dakota","Private","NAICS 11211 Beef cattle ranching, farming, and feedlots","County, NAICS 5-digit -- by ownership sector","All establishment sizes",6,0,0,0,0,0,0,"N",5.64,0,0,0,0,0,0,"N",0,0.0,0,0,0,0,0,0,0,0,0,0,0,0
"38059","5","112111","78","0","2021","A","","Morton County, North Dakota","Private","NAICS 112111 Beef cattle ranching and farming","County, NAICS 6-digit -- by ownership sector","All establishment sizes",4,18,790694,608609,487,865,44968,"",4.21,5.63,8.34,6.18,1.16,1.52,1.52,"",0,0.0,2,12.5,42185,5.6,48923,8.7,38,8.5,-49,-5.4,-2556,-5.4
"38059","5","112112","78","0","2021","A","N","Morton County, North Dakota","Private","NAICS 112112 Cattle feedlots","County, NAICS 6-digit -- by ownership sector","All establishment sizes",2,0,0,0,0,0,0,"N",17.81,0,0,0,0,0,0,"N",0,0.0,0,0,0,0,0,0,0,0,0,0,0,0
"38059","5","11212","77","0","2021","A","N","Morton County, North Dakota","Private","NAICS 11212 Dairy cattle and milk production","County, NAICS 5-digit -- by ownership sector","All establishment sizes",2,0,0,0,0,0,0,"N",2.88,0,0,0,0,0,0,"N",0,0.0,0,0,0,0,0,0,0,0,0,0,0,0
"38059","5","112120","78","0","2021","A","N","Morton County, North Dakota","Private","NAICS 112120 Dairy cattle and milk production","County, NAICS 6-digit -- by ownership sector","All establishment sizes",2,0,0,0,0,0,0,"N",2.88,0,0,0,0,0,0,"N",0,0.0,0,0,0,0,0,0,0,0,0,0,0,0
"38059","5","1129","76","0","2021","A","","Morton County, North Dakota","Private","NAICS 1129 Other animal production","County, NAICS 4-digit -- by ownership sector","All establishment sizes",4,8,281453,219953,280,663,34464,"",10.59,4.81,4.36,4.67,0.92,0.89,0.89,"",0,0.0,-1,-11.1,-53513,-16.0,-56713,-20.5,-466,-62.5,-46,-6.5,-2413,-6.5
"38059","5","11291","77","0","2021","A","N","Morton County, North Dakota","Private","NAICS 11291 Apiculture","County, NAICS 5-digit -- by ownership sector","All establishment sizes",3,0,0,0,0,0,0,"N",40.05,0,0,0,0,0,0,"N",-1,-25.0,0,0,0,0,0,0,0,0,0,0,0,0
"38059","5","112910","78","0","2021","A","N","Morton County, North Dakota","Private","NAICS 112910 Apiculture","County, NAICS 6-digit -- by ownership sector","All establishment sizes",3,0,0,0,0,0,0,"N",40.05,0,0,0,0,0,0,"N",-1,-25.0,0,0,0,0,0,0,0,0,0,0,0,0
"38059","5","11299","77","0","2021","A","N","Morton County, North Dakota","Private","NAICS 11299 All other animal production","County, NAICS 5-digit -- by ownership sector","All establishment sizes",1,0,0,0,0,0,0,"N",6.55,0,0,0,0,0,0,"N",1,100.0,0,0,0,0,0,0,0,0,0,0,0,0
"38059","5","112990","78","0","2021","A","N","Morton County, North Dakota","Private","NAICS 112990 All other animal production","County, NAICS 6-digit -- by ownership sector","All establishment sizes",1,0,0,0,0,0,0,"N",6.55,0,0,0,0,0,0,"N",1,100.0,0,0,0,0,0,0,0,0,0,0,0,0
"38059","5","115","75","0","2021","A","","Morton County, North Dakota","Private","NAICS 115 Agriculture and forestry support activities","County, NAICS 3-digit -- by ownership sector","All establishment sizes",3,6,484410,248105,198,1531,79629,"",1.42,0.20,0.54,0.24,0.01,2.69,2.69,"",0,0.0,-1,-14.3,21597,4.7,-9596,-3.7,-9,-4.3,274,21.8,14291,21.9
"38059","5","1151","76","0","2021","A","","Morton County, North Dakota","Private","NAICS 1151 Support activities for crop production","County, NAICS 4-digit -- by ownership sector","All establishment sizes",3,6,484410,248105,198,1531,79629,"",2.43,0.23,0.65,0.29,0.01,2.79,2.79,"",0,0.0,-1,-14.3,21597,4.7,-9596,-3.7,-9,-4.3,274,21.8,14291,21.9
"38059","5","11511","77","0","2021","A","","Morton County, North Dakota","Private","NAICS 11511 Support activities for crop production","County, NAICS 5-digit -- by ownership sector","All establishment sizes",3,6,484410,248105,198,1531,79629,"",2.43,0.23,0.65,0.29,0.01,2.79,2.79,"",0,0.0,-1,-14.3,21597,4.7,-9596,-3.7,-9,-4.3,274,21.8,14291,21.9
"38059","5","115112","78","0","2021","A","N","Morton County, North Dakota","Private","NAICS 115112 Soil preparation, planting, and cultivating","County, NAICS 6-digit -- by ownership sector","All establishment sizes",1,0,0,0,0,0,0,"N",2.57,0,0,0,0,0,0,"N",0,0.0,0,0,0,0,0,0,0,0,0,0,0,0
"38059","5","115113","78","0","2021","A","N","Morton County, North Dakota","Private","NAICS 115113 Crop harvesting, primarily by machine","County, NAICS 6-digit -- by ownership sector","All establishment sizes",2,0,0,0,0,0,0,"N",17.62,0,0,0,0,0,0,"N",0,0.0,0,0,0,0,0,0,0,0,0,0,0,0
"38059","5","21","74","0","2021","A","","Morton County, North Dakota","Private","NAICS 21 Mining, quarrying, and oil and gas extraction","County, NAICS Sector -- by ownership sector","All establishment sizes",4,66,5681343,3363994,115733,1662,86408,"",1.29,1.61,1.71,2.24,8.38,1.07,1.07,"",-1,-20.0,-16,-19.5,-1183295,-17.2,-1511296,-31.0,13767,13.5,59,3.7,3032,3.6
"38059","5","212","75","0","2021","A","N","Morton County, North Dakota","Private","NAICS 212 Mining, except oil and gas","County, NAICS 3-digit -- by ownership sector","All establishment sizes",1,0,0,0,0,0,0,"N",1.40,0,0,0,0,0,0,"N",0,0.0,0,0,0,0,0,0,0,0,0,0,0,0
"38059","5","2123","76","0","2021","A","N","Morton County, North Dakota","Private","NAICS 2123 Nonmetallic mineral mining and quarrying","County, NAICS 4-digit -- by ownership sector","All establishment sizes",1,0,0,0,0,0,0,"N",1.72,0,0,0,0,0,0,"N",0,0.0,0,0,0,0,0,0,0,0,0,0,0,0
"38059","5","21232","77","0","2021","A","N","Morton County, North Dakota","Private","NAICS 21232 Sand, gravel, clay, and refractory mining","County, NAICS 5-digit -- by ownership sector","All establishment sizes",1,0,0,0,0,0,0,"N",3.45,0,0,0,0,0,0,"N",0,0.0,0,0,0,0,0,0,0,0,0,0,0,0
"38059","5","212321","78","0","2021","A","N","Morton County, North Dakota","Private","NAICS 212321 Construction sand and gravel mining","County, NAICS 6-digit -- by ownership sector","All establishment sizes",1,0,0,0,0,0,0,"N",4.03,0,0,0,0,0,0,"N",0,0.0,0,0,0,0,0,0,0,0,0,0,0,0
"38059","5","213","75","0","2021","A","N","Morton County, North Dakota","Private","NAICS 213 Support activities for mining","County, NAICS 3-digit -- by ownership sector","All establishment sizes",3,0,0,0,0,0,0,"N",1.73,0,0,0,0,0,0,"N",-1,-25.0,0,0,0,0,0,0,0,0,0,0,0,0
"38059","5","2131","76","0","2021","A","N","Morton County, North Dakota","Private","NAICS 2131 Support activities for mining","County, NAICS 4-digit -- by ownership sector","All establishment sizes",3,0,0,0,0,0,0,"N",1.73,0,0,0,0,0,0,"N",-1,-25.0,0,0,0,0,0,0,0,0,0,0,0,0
"38059","5","21311","77","0","2021","A","N","Morton County, North Dakota","Private","NAICS 21311 Support activities for mining","County, NAICS 5-digit -- by ownership sector","All establishment sizes",3,0,0,0,0,0,0,"N",1.73,0,0,0,0,0,0,"N",-1,-25.0,0,0,0,0,0,0,0,0,0,0,0,0
"38059","5","213111","78","0","2021","A","N","Morton County, North Dakota","Private","NAICS 213111 Drilling oil and gas wells","County, NAICS 6-digit -- by ownership sector","All establishment sizes",2,0,0,0,0,0,0,"N",9.24,0,0,0,0,0,0,"N",0,0.0,0,0,0,0,0,0,0,0,0,0,0,0
"38059","5","213112","78","0","2021","A","N","Morton County, North Dakota","Private","NAICS 213112 Support activities for oil and gas operations","County, NAICS 6-digit -- by ownership sector","All establishment sizes",1,0,0,0,0,0,0,"N",0.70,0,0,0,0,0,0,"N",-1,-50.0,0,0,0,0,0,0,0,0,0,0,0,0
"38059","5","22","74","0","2021","A","","Morton County, North Dakota","Private","NAICS 22 Utilities","County, NAICS Sector -- by ownership sector","All establishment sizes",9,97,10456352,3985363,4682,2082,108262,"",4.39,2.23,2.71,3.16,0.72,1.22,1.22,"",1,12.5,3,3.2,263529,2.6,182585,4.8,-3196,-40.6,-13,-0.6,-655,-0.6
"38059","5","221","75","0","2021","A","","Morton County, North Dakota","Private","NAICS 221 Utilities","County, NAICS 3-digit -- by ownership sector","All establishment sizes",9,97,10456352,3985363,4682,2082,108262,"",4.39,2.23,2.71,3.16,0.72,1.22,1.22,"",1,12.5,3,3.2,263529,2.6,182585,4.8,-3196,-40.6,-13,-0.6,-655,-0.6
"38059","5","2211","76","0","2021","A","N","Morton County, North Dakota","Private","NAICS 2211 Power generation and supply","County, NAICS 4-digit -- by ownership sector","All establishment sizes",8,0,0,0,0,0,0,"N",7.13,0,0,0,0,0,0,"N",1,14.3,0,0,0,0,0,0,0,0,0,0,0,0
"38059","5","22111","77","0","2021","A","","Morton County, North Dakota","Private","NAICS 22111 Electric power generation","County, NAICS 5-digit -- by ownership sector","All establishment sizes",5,69,7527963,2838715,3766,2113,109897,"",10.88,6.13,6.73,8.28,1.81,1.11,1.11,"",0,0.0,1,1.5,-17513,-0.2,-15084,-0.5,-3354,-47.1,-13,-0.6,-659,-0.6
"38059","5","221112","78","0","2021","A","N","Morton County, North Dakota","Private","NAICS 221112 Fossil fuel electric power generation","County, NAICS 6-digit -- by ownership sector","All establishment sizes",1,0,0,0,0,0,0,"N",5.62,0,0,0,0,0,0,"N",0,0.0,0,0,0,0,0,0,0,0,0,0,0,0
"38059","5","221115","78","0","2021","A","N","Morton County, North Dakota","Private","NAICS 221115 Wind electric power generation","County, NAICS 6-digit -- by ownership sector","All establishment sizes",4,0,0,0,0,0,0,"N",82.69,0,0,0,0,0,0,"N",0,0.0,0,0,0,0,0,0,0,0,0,0,0,0
"38059","5","22112","77","0","2021","A","N","Morton County, North Dakota","Private","NAICS 22112 Electric power transmission and distribution","County, NAICS 5-digit -- by ownership sector","All establishment sizes",3,0,0,0,0,0,0,"N",4.53,0,0,0,0,0,0,"N",1,50.0,0,0,0,0,0,0,0,0,0,0,0,0
"38059","5","221122","78","0","2021","A","N","Morton County, North Dakota","Private","NAICS 221122 Electric power distribution","County, NAICS 6-digit -- by ownership sector","All establishment sizes",3,0,0,0,0,0,0,"N",5.08,0,0,0,0,0,0,"N",1,50.0,0,0,0,0,0,0,0,0,0,0,0,0
"38059","5","2212","76","0","2021","A","N","Morton County, North Dakota","Private","NAICS 2212 Natural gas distribution","County, NAICS 4-digit -- by ownership sector","All establishment sizes",1,0,0,0,0,0,0,"N",3.23,0,0,0,0,0,0,"N",0,0.0,0,0,0,0,0,0,0,0,0,0,0,0
"38059","5","22121","77","0","2021","A","N","Morton County, North Dakota","Private","NAICS 22121 Natural gas distribution","County, NAICS 5-digit -- by ownership sector","All establishment sizes",1,0,0,0,0,0,0,"N",3.23,0,0,0,0,0,0,"N",0,0.0,0,0,0,0,0,0,0,0,0,0,0,0
"38059","5","221210","78","0","2021","A","N","Morton County, North Dakota","Private","NAICS 221210 Natural gas distribution","County, NAICS 6-digit -- by ownership sector","All establishment sizes",1,0,0,0,0,0,0,"N",3.23,0,0,0,0,0,0,"N",0,0.0,0,0,0,0,0,0,0,0,0,0,0,0
"38059","5","23","74","0","2021","A","","Morton County, North Dakota","Private","NAICS 23 Construction","County, NAICS Sector -- by ownership sector","All establishment sizes",172,883,51944544,35744504,1306811,1131,58816,"",1.98,1.49,1.69,1.74,5.30,1.14,1.14,"",5,3.0,-85,-8.8,-11177184,-17.7,-6585275,-15.6,-454022,-25.8,-124,-9.9,-6426,-9.8
"38059","5","236","75","0","2021","A","","Morton County, North Dakota","Private","NAICS 236 Construction of buildings","County, NAICS 3-digit -- by ownership sector","All establishment sizes",42,138,7394725,4989313,180842,1032,53650,"",1.55,1.04,0.99,1.09,3.64,0.95,0.95,"",2,5.0,22,19.0,2057960,38.6,917683,22.5,29453,19.5,145,16.3,7511,16.3
"38059","5","2361","76","0","2021","A","","Morton County, North Dakota","Private","NAICS 2361 Residential building construction","County, NAICS 4-digit -- by ownership sector","All establishment sizes",31,104,4873074,3557718,99413,899,46744,"",1.47,1.50,1.44,1.52,4.83,0.96,0.96,"",0,0.0,18,20.9,1169225,31.6,738704,26.2,13536,15.8,74,9.0,3842,9.0
"38059","5","23611","77","0","2021","A","","Morton County, North Dakota","Private","NAICS 23611 Residential building construction","County, NAICS 5-digit -- by ownership sector","All establishment sizes",31,104,4873074,3557718,99413,899,46744,"",1.47,1.50,1.44,1.52,4.83,0.96,0.96,"",0,0.0,18,20.9,1169225,31.6,738704,26.2,13536,15.8,74,9.0,3842,9.0
"38059","5","236115","78","0","2021","A","","Morton County, North Dakota","Private","NAICS 236115 New single-family general contractors","County, NAICS 6-digit -- by ownership sector","All establishment sizes",18,58,3196700,2048359,29168,1066,55434,"",2.04,1.94,2.07,1.96,3.45,1.07,1.07,"",-1,-5.3,11,23.4,789369,32.8,400498,24.3,-9686,-24.9,83,8.4,4305,8.4
"38059","5","236118","78","0","2021","A","","Morton County, North Dakota","Private","NAICS 236118 Residential remodelers","County, NAICS 6-digit -- by ownership sector","All establishment sizes",13,47,1676374,1509359,70245,692,35987,"",1.15,1.45,1.29,1.44,6.97,0.90,0.90,"",1,8.3,8,20.5,379856,29.3,338206,28.9,23222,49.4,57,9.0,2955,8.9
"38059","5","2362","76","0","2021","A","","Morton County, North Dakota","Private","NAICS 2362 Nonresidential building construction","County, NAICS 4-digit -- by ownership sector","All establishment sizes",12,34,2521651,1431595,81429,1444,75086,"",2.02,0.54,0.62,0.64,2.80,1.16,1.16,"",3,33.3,5,17.2,888735,54.4,178979,14.3,15917,24.3,373,34.8,19418,34.9
"38059","5","23621","77","0","2021","A","","Morton County, North Dakota","Private","NAICS 23621 Industrial building construction","County, NAICS 5-digit -- by ownership sector","All establishment sizes",5,10,1129469,470429,38114,2190,113896,"",8.03,0.91,1.55,1.15,5.85,1.72,1.72,"N",2,66.7,0,0,0,0,0,0,0,0,0,0,0,0
"38059","5","236210","78","0","2021","A","","Morton County, North Dakota","Private","NAICS 236210 Industrial building construction","County, NAICS 6-digit -- by ownership sector","All establishment sizes",5,10,1129469,470429,38114,2190,113896,"",8.03,0.91,1.55,1.15,5.85,1.72,1.72,"N",2,66.7,0,0,0,0,0,0,0,0,0,0,0,0
"38059","5","23622","77","0","2021","A","","Morton County, North Dakota","Private","NAICS 23622 Commercial building construction","County, NAICS 5-digit -- by ownership sector","All establishment sizes",7,24,1392182,961166,43315,1131,58825,"",1.31,0.46,0.41,0.53,1.92,0.91,0.91,"N",1,16.7,0,0,0,0,0,0,0,0,0,0,0,0
"38059","5","236220","78","0","2021","A","","Morton County, North Dakota","Private","NAICS 236220 Commercial building construction","County, NAICS 6-digit -- by ownership sector","All establishment sizes",7,24,1392182,961166,43315,1131,58825,"",1.31,0.46,0.41,0.53,1.92,0.91,0.91,"N",1,16.7,0,0,0,0,0,0,0,0,0,0,0,0
"38059","5","237","75","0","2021","A","","Morton County, North Dakota","Private","NAICS 237 Heavy and civil engineering construction","County, NAICS 3-digit -- by ownership sector","All establishment sizes",18,114,8379330,5087739,209941,1412,73449,"",3.35,1.37,1.63,1.66,4.41,1.19,1.19,"",-2,-10.0,-120,-51.3,-8132733,-49.3,-6324649,-55.4,12097,6.1,56,4.1,2960,4.2
"38059","5","2371","76","0","2021","A","","Morton County, North Dakota","Private","NAICS 2371 Utility system construction","County, NAICS 4-digit -- by ownership sector","All establishment sizes",13,69,5202395,3262187,121146,1445,75125,"",4.72,1.59,1.94,2.02,5.33,1.22,1.22,"",-2,-13.3,-131,-65.5,-8409415,-61.8,-6658897,-67.1,12251,11.3,134,10.2,6952,10.2
"38059","5","23711","77","0","2021","A","N","Morton County, North Dakota","Private","NAICS 23711 Water and sewer system construction","County, NAICS 5-digit -- by ownership sector","All establishment sizes",7,0,0,0,0,0,0,"N",5.63,0,0,0,0,0,0,"N",0,0.0,0,0,0,0,0,0,0,0,0,0,0,0
"38059","5","237110","78","0","2021","A","N","Morton County, North Dakota","Private","NAICS 237110 Water and sewer system construction","County, NAICS 6-digit -- by ownership sector","All establishment sizes",7,0,0,0,0,0,0,"N",5.63,0,0,0,0,0,0,"N",0,0.0,0,0,0,0,0,0,0,0,0,0,0,0
"38059","5","23712","77","0","2021","A","N","Morton County, North Dakota","Private","NAICS 23712 Oil and gas pipeline construction","County, NAICS 5-digit -- by ownership sector","All establishment sizes",1,0,0,0,0,0,0,"N",2.39,0,0,0,0,0,0,"N",0,0.0,0,0,0,0,0,0,0,0,0,0,0,0
"38059","5","237120","78","0","2021","A","N","Morton County, North Dakota","Private","NAICS 237120 Oil and gas pipeline construction","County, NAICS 6-digit -- by ownership sector","All establishment sizes",1,0,0,0,0,0,0,"N",2.39,0,0,0,0,0,0,"N",0,0.0,0,0,0,0,0,0,0,0,0,0,0,0
"38059","5","23713","77","0","2021","A","","Morton County, North Dakota","Private","NAICS 23713 Power and communication system construction","County, NAICS 5-digit -- by ownership sector","All establishment sizes",6,43,3626132,2052904,89852,1619,84166,"",5.49,2.43,3.07,3.04,10.98,1.26,1.26,"",-1,-14.3,-133,-75.6,-8736705,-70.7,-6871842,-77.0,-6295,-6.5,270,20.0,14022,20.0
"38059","5","237130","78","0","2021","A","","Morton County, North Dakota","Private","NAICS 237130 Power and communication system construction","County, NAICS 6-digit -- by ownership sector","All establishment sizes",6,43,3626132,2052904,89852,1619,84166,"",5.49,2.43,3.07,3.04,10.98,1.26,1.26,"",-1,-14.3,-133,-75.6,-8736705,-70.7,-6871842,-77.0,-6295,-6.5,270,20.0,14022,20.0
"38059","5","2372","76","0","2021","A","N","Morton County, North Dakota","Private","NAICS 2372 Land subdivision","County, NAICS 4-digit -- by ownership sector","All establishment sizes",0,0,0,0,0,0,0,"N",0.00,0,0,0,0,0,0,"N",-1,-100.0,0,0,0,0,0,0,0,0,0,0,0,0
"38059","5","23721","77","0","2021","A","N","Morton County, North Dakota","Private","NAICS 23721 Land subdivision","County, NAICS 5-digit -- by ownership sector","All establishment sizes",0,0,0,0,0,0,0,"N",0.00,0,0,0,0,0,0,"N",-1,-100.0,0,0,0,0,0,0,0,0,0,0,0,0
"38059","5","237210","78","0","2021","A","N","Morton County, North Dakota","Private","NAICS 237210 Land subdivision","County, NAICS 6-digit -- by ownership sector","All establishment sizes",0,0,0,0,0,0,0,"N",0.00,0,0,0,0,0,0,"N",-1,-100.0,0,0,0,0,0,0,0,0,0,0,0,0
"38059","5","2373","76","0","2021","A","N","Morton County, North Dakota","Private","NAICS 2373 Highway, street, and bridge construction","County, NAICS 4-digit -- by ownership sector","All establishment sizes",3,0,0,0,0,0,0,"N",2.58,0,0,0,0,0,0,"N",0,0.0,0,0,0,0,0,0,0,0,0,0,0,0
"38059","5","23731","77","0","2021","A","N","Morton County, North Dakota","Private","NAICS 23731 Highway, street, and bridge construction","County, NAICS 5-digit -- by ownership sector","All establishment sizes",3,0,0,0,0,0,0,"N",2.58,0,0,0,0,0,0,"N",0,0.0,0,0,0,0,0,0,0,0,0,0,0,0
"38059","5","237310","78","0","2021","A","N","Morton County, North Dakota","Private","NAICS 237310 Highway, street, and bridge construction","County, NAICS 6-digit -- by ownership sector","All establishment sizes",3,0,0,0,0,0,0,"N",2.58,0,0,0,0,0,0,"N",0,0.0,0,0,0,0,0,0,0,0,0,0,0,0
"38059","5","2379","76","0","2021","A","N","Morton County, North Dakota","Private","NAICS 2379 Other heavy construction","County, NAICS 4-digit -- by ownership sector","All establishment sizes",2,0,0,0,0,0,0,"N",2.31,0,0,0,0,0,0,"N",1,100.0,0,0,0,0,0,0,0,0,0,0,0,0
"38059","5","23799","77","0","2021","A","N","Morton County, North Dakota","Private","NAICS 23799 Other heavy construction","County, NAICS 5-digit -- by ownership sector","All establishment sizes",2,0,0,0,0,0,0,"N",2.31,0,0,0,0,0,0,"N",1,100.0,0,0,0,0,0,0,0,0,0,0,0,0
"38059","5","237990","78","0","2021","A","N","Morton County, North Dakota","Private","NAICS 237990 Other heavy construction","County, NAICS 6-digit -- by ownership sector","All establishment sizes",2,0,0,0,0,0,0,"N",2.31,0,0,0,0,0,0,"N",1,100.0,0,0,0,0,0,0,0,0,0,0,0,0
"38059","5","238","75","0","2021","A","","Morton County, North Dakota","Private","NAICS 238 Specialty trade contractors","County, NAICS 3-digit -- by ownership sector","All establishment sizes",112,631,36170489,25667452,916028,1102,57300,"",2.05,1.67,2.00,1.99,6.14,1.20,1.20,"",4,3.7,13,2.1,-5102411,-12.4,-1178309,-4.4,-495572,-35.1,-183,-14.2,-9530,-14.3
"38059","5","2381","76","0","2021","A","","Morton County, North Dakota","Private","NAICS 2381 Building foundation and exterior contractors","County, NAICS 4-digit -- by ownership sector","All establishment sizes",31,292,16820589,12105993,686424,1108,57605,"",2.84,3.95,5.11,4.71,22.44,1.30,1.29,"",-3,-8.8,-20,-6.4,-6516097,-27.9,-2796660,-18.8,-365968,-34.8,-328,-22.8,-17092,-22.9
"38059","5","23811","77","0","2021","A","","Morton County, North Dakota","Private","NAICS 23811 Poured concrete structure contractors","County, NAICS 5-digit -- by ownership sector","All establishment sizes",12,67,3391697,2758110,207589,980,50939,"",5.34,3.55,3.91,4.18,26.18,1.11,1.11,"",-2,-14.3,8,13.6,561979,19.9,454879,19.7,46014,28.5,55,5.9,2842,5.9
"38059","5","238111","78","0","2021","A","N","Morton County, North Dakota","Private","NAICS 238111 Residential poured foundation contractors","County, NAICS 6-digit -- by ownership sector","All establishment sizes",11,0,0,0,0,0,0,"N",6.81,0,0,0,0,0,0,"N",-2,-15.4,0,0,0,0,0,0,0,0,0,0,0,0
"38059","5","238112","78","0","2021","A","N","Morton County, North Dakota","Private","NAICS 238112 Nonresidential poured foundation contractors","County, NAICS 6-digit -- by ownership sector","All establishment sizes",1,0,0,0,0,0,0,"N",1.59,0,0,0,0,0,0,"N",0,0.0,0,0,0,0,0,0,0,0,0,0,0,0
"38059","5","23812","77","0","2021","A","N","Morton County, North Dakota","Private","NAICS 23812 Steel and precast concrete contractors","County, NAICS 5-digit -- by ownership sector","All establishment sizes",1,0,0,0,0,0,0,"N",1.86,0,0,0,0,0,0,"N",0,0.0,0,0,0,0,0,0,0,0,0,0,0,0
"38059","5","238122","78","0","2021","A","N","Morton County, North Dakota","Private","NAICS 238122 Nonresidential structural steel contractors","County, NAICS 6-digit -- by ownership sector","All establishment sizes",1,0,0,0,0,0,0,"N",2.51,0,0,0,0,0,0,"N",0,0.0,0,0,0,0,0,0,0,0,0,0,0,0
"38059","5","23813","77","0","2021","A","N","Morton County, North Dakota","Private","NAICS 23813 Framing contractors","County, NAICS 5-digit -- by ownership sector","All establishment sizes",2,0,0,0,0,0,0,"N",1.74,0,0,0,0,0,0,"N",0,0.0,0,0,0,0,0,0,0,0,0,0,0,0
"38059","5","238131","78","0","2021","A","N","Morton County, North Dakota","Private","NAICS 238131 Residential framing contractors","County, NAICS 6-digit -- by ownership sector","All establishment sizes",2,0,0,0,0,0,0,"N",2.01,0,0,0,0,0,0,"N",0,0.0,0,0,0,0,0,0,0,0,0,0,0,0
"38059","5","23814","77","0","2021","A","","Morton County, North Dakota","Private","NAICS 23814 Masonry contractors","County, NAICS 5-digit -- by ownership sector","All establishment sizes",4,9,304004,292488,14629,621,32284,"",2.02,0.80,0.66,0.74,2.46,0.78,0.78,"",-1,-20.0,0,0.0,26809,9.7,24505,9.1,-891,-5.7,34,5.8,1767,5.8
"38059","5","238141","78","0","2021","A","N","Morton County, North Dakota","Private","NAICS 238141 Residential masonry contractors","County, NAICS 6-digit -- by ownership sector","All establishment sizes",3,0,0,0,0,0,0,"N",2.02,0,0,0,0,0,0,"N",0,0.0,0,0,0,0,0,0,0,0,0,0,0,0
"38059","5","238142","78","0","2021","A","N","Morton County, North Dakota","Private","NAICS 238142 Nonresidential masonry contractors","County, NAICS 6-digit -- by ownership sector","All establishment sizes",1,0,0,0,0,0,0,"N",2.02,0,0,0,0,0,0,"N",-1,-50.0,0,0,0,0,0,0,0,0,0,0,0,0
"38059","5","23816","77","0","2021","A","","Morton County, North Dakota","Private","NAICS 23816 Roofing contractors","County, NAICS 5-digit -- by ownership sector","All establishment sizes",4,60,4293619,2329042,84837,1384,71960,"",1.48,3.41,5.55,4.11,13.68,1.64,1.64,"",0,0.0,-9,-13.0,-651290,-13.2,-194754,-7.7,-14322,-14.4,1,0.1,34,0.0
"38059","5","238161","78","0","2021","A","N","Morton County, North Dakota","Private","NAICS 238161 Residential roofing contractors","County, NAICS 6-digit -- by ownership sector","All establishment sizes",2,0,0,0,0,0,0,"N",0.94,0,0,0,0,0,0,"N",0,0.0,0,0,0,0,0,0,0,0,0,0,0,0
"38059","5","238162","78","0","2021","A","N","Morton County, North Dakota","Private","NAICS 238162 Nonresidential roofing contractors","County, NAICS 6-digit -- by ownership sector","All establishment sizes",2,0,0,0,0,0,0,"N",3.39,0,0,0,0,0,0,"N",0,0.0,0,0,0,0,0,0,0,0,0,0,0,0
"38059","5","23817","77","0","2021","A","","Morton County, North Dakota","Private","NAICS 23817 Siding contractors","County, NAICS 5-digit -- by ownership sector","All establishment sizes",6,77,4244115,2766108,20472,1055,54881,"",7.22,23.02,32.27,21.50,17.07,1.39,1.40,"",-1,-14.3,-12,-13.5,-248020,-5.5,-249510,-8.3,-123953,-85.8,81,8.3,4218,8.3
"38059","5","238171","78","0","2021","A","N","Morton County, North Dakota","Private","NAICS 238171 Residential siding contractors","County, NAICS 6-digit -- by ownership sector","All establishment sizes",5,0,0,0,0,0,0,"N",6.48,0,0,0,0,0,0,"N",-1,-16.7,0,0,0,0,0,0,0,0,0,0,0,0
"38059","5","238172","78","0","2021","A","N","Morton County, North Dakota","Private","NAICS 238172 Nonresidential siding contractors","County, NAICS 6-digit -- by ownership sector","All establishment sizes",1,0,0,0,0,0,0,"N",16.74,0,0,0,0,0,0,"N",0,0.0,0,0,0,0,0,0,0,0,0,0,0,0
"38059","5","23819","77","0","2021","A","N","Morton County, North Dakota","Private","NAICS 23819 Other building exterior contractors","County, NAICS 5-digit -- by ownership sector","All establishment sizes",2,0,0,0,0,0,0,"N",2.71,0,0,0,0,0,0,"N",0,0.0,0,0,0,0,0,0,0,0,0,0,0,0
"38059","5","238192","78","0","2021","A","N","Morton County, North Dakota","Private","NAICS 238192 Other nonresidential exterior contractors","County, NAICS 6-digit -- by ownership sector","All establishment sizes",2,0,0,0,0,0,0,"N",6.20,0,0,0,0,0,0,"N",0,0.0,0,0,0,0,0,0,0,0,0,0,0,0
"38059","5","2382","76","0","2021","A","","Morton County, North Dakota","Private","NAICS 2382 Building equipment contractors","County, NAICS 4-digit -- by ownership sector","All establishment sizes",35,154,10747493,6495843,126333,1339,69638,"",1.62,0.84,1.14,1.06,1.93,1.35,1.35,"",5,16.7,-2,-1.3,-392151,-3.5,-32999,-0.5,-66460,-34.5,-37,-2.7,-1923,-2.7
"38059","5","23821","77","0","2021","A","","Morton County, North Dakota","Private","NAICS 23821 Electrical and wiring contractors","County, NAICS 5-digit -- by ownership sector","All establishment sizes",10,42,2717726,1582688,2275,1239,64452,"",1.09,0.54,0.67,0.60,0.08,1.23,1.23,"",1,11.1,-5,-10.6,-935050,-25.6,-337865,-17.6,-63030,-96.5,-258,-17.2,-13405,-17.2
"38059","5","238211","78","0","2021","A","","Morton County, North Dakota","Private","NAICS 238211 Residential electrical contractors","County, NAICS 6-digit -- by ownership sector","All establishment sizes",5,8,311422,242174,1202,790,41067,"",0.92,0.31,0.28,0.28,0.16,0.95,0.95,"N",1,25.0,0,0,0,0,0,0,0,0,0,0,0,0
"38059","5","238212","78","0","2021","A","","Morton County, North Dakota","Private","NAICS 238212 Nonresidential electrical contractors","County, NAICS 6-digit -- by ownership sector","All establishment sizes",5,35,2406304,1340514,1073,1338,69580,"",1.35,0.68,0.82,0.76,0.05,1.22,1.22,"N",0,0.0,0,0,0,0,0,0,0,0,0,0,0,0
"38059","5","23822","77","0","2021","A","","Morton County, North Dakota","Private","NAICS 23822 Plumbing and hvac contractors","County, NAICS 5-digit -- by ownership sector","All establishment sizes",17,98,6798449,4020469,66407,1331,69195,"",1.50,1.05,1.47,1.31,2.12,1.39,1.39,"",1,6.2,8,8.9,919723,15.6,611955,18.0,21472,47.8,81,6.5,4177,6.4
"38059","5","238221","78","0","2021","A","","Morton County, North Dakota","Private","NAICS 238221 Residential plumbing and hvac contractors","County, NAICS 6-digit -- by ownership sector","All establishment sizes",12,41,1891236,1445125,22217,887,46128,"",1.42,0.84,0.91,0.93,1.84,1.08,1.08,"",0,0.0,1,2.5,62486,3.4,-22373,-1.5,-1090,-4.7,10,1.1,504,1.1
"38059","5","238222","78","0","2021","A","","Morton County, North Dakota","Private","NAICS 238222 Nonresidential plumbing and hvac contractors","County, NAICS 6-digit -- by ownership sector","All establishment sizes",5,57,4907213,2575344,44190,1648,85716,"",1.73,1.28,1.92,1.70,2.30,1.49,1.49,"",1,25.0,7,14.0,857237,21.2,634328,32.7,22562,104.3,101,6.5,5253,6.5
"38059","5","23829","77","0","2021","A","","Morton County, North Dakota","Private","NAICS 23829 Other building equipment contractors","County, NAICS 5-digit -- by ownership sector","All establishment sizes",8,14,1231318,892686,57651,1701,88478,"",6.93,1.19,1.68,2.16,12.06,1.42,1.42,"",2,33.3,-4,-22.2,-376824,-23.4,-307089,-25.6,-24902,-30.2,14,0.8,761,0.9
"38059","5","238292","78","0","2021","A","","Morton County, North Dakota","Private","NAICS 238292 Other nonresidential equipment contractors","County, NAICS 6-digit -- by ownership sector","All establishment sizes",8,14,1231318,892686,57651,1701,88478,"",9.02,1.33,1.81,2.41,13.06,1.37,1.37,"",2,33.3,-4,-22.2,-376824,-23.4,-307089,-25.6,-24902,-30.2,14,0.8,761,0.9
"38059","5","2383","76","0","2021","A","","Morton County, North Dakota","Private","NAICS 2383 Building finishing contractors","County, NAICS 4-digit -- by ownership sector","All establishment sizes",19,94,4258910,3669060,8685,876,45550,"",1.43,1.44,1.56,1.65,0.35,1.09,1.09,"",-1,-5.0,25,36.2,1548902,57.2,1390048,61.0,-11379,-56.7,119,15.7,6179,15.7
"38059","5","23831","77","0","2021","A","","Morton County, North Dakota","Private","NAICS 23831 Drywall and insulation contractors","County, NAICS 5-digit -- by ownership sector","All establishment sizes",4,5,189918,180366,2373,730,37984,"",1.86,0.25,0.21,0.25,0.26,0.83,0.83,"",-1,-20.0,-2,-28.6,-13384,-6.6,-10769,-5.6,-7082,-74.9,129,21.5,6707,21.4
"38059","5","238311","78","0","2021","A","N","Morton County, North Dakota","Private","NAICS 238311 Residential drywall contractors","County, NAICS 6-digit -- by ownership sector","All establishment sizes",2,0,0,0,0,0,0,"N",1.31,0,0,0,0,0,0,"N",-1,-33.3,0,0,0,0,0,0,0,0,0,0,0,0
"38059","5","238312","78","0","2021","A","N","Morton County, North Dakota","Private","NAICS 238312 Nonresidential drywall contractors","County, NAICS 6-digit -- by ownership sector","All establishment sizes",2,0,0,0,0,0,0,"N",3.22,0,0,0,0,0,0,"N",0,0.0,0,0,0,0,0,0,0,0,0,0,0,0
"38059","5","23832","77","0","2021","A","N","Morton County, North Dakota","Private","NAICS 23832 Painting and wall covering contractors","County, NAICS 5-digit -- by ownership sector","All establishment sizes",4,0,0,0,0,0,0,"N",0.98,0,0,0,0,0,0,"N",0,0.0,0,0,0,0,0,0,0,0,0,0,0,0
"38059","5","238321","78","0","2021","A","N","Morton County, North Dakota","Private","NAICS 238321 Residential painting contractors","County, NAICS 6-digit -- by ownership sector","All establishment sizes",3,0,0,0,0,0,0,"N",0.89,0,0,0,0,0,0,"N",0,0.0,0,0,0,0,0,0,0,0,0,0,0,0
"38059","5","238322","78","0","2021","A","N","Morton County, North Dakota","Private","NAICS 238322 Nonresidential painting contractors","County, NAICS 6-digit -- by ownership sector","All establishment sizes",1,0,0,0,0,0,0,"N",1.47,0,0,0,0,0,0,"N",0,0.0,0,0,0,0,0,0,0,0,0,0,0,0
"38059","5","23833","77","0","2021","A","","Morton County, North Dakota","Private","NAICS 23833 Flooring contractors","County, NAICS 5-digit -- by ownership sector","All establishment sizes",3,13,477523,422939,338,697,36268,"",1.61,2.04,1.77,2.01,0.16,0.86,0.86,"",0,0.0,2,18.2,113449,31.2,91091,27.4,-1470,-81.3,46,7.1,2401,7.1
"38059","5","238331","78","0","2021","A","","Morton County, North Dakota","Private","NAICS 238331 Residential flooring contractors","County, NAICS 6-digit -- by ownership sector","All establishment sizes",3,13,477523,422939,338,697,36268,"",1.96,3.08,3.01,3.07,0.30,0.96,0.96,"",0,0.0,2,18.2,113449,31.2,91091,27.4,-1470,-81.3,46,7.1,2401,7.1
"38059","5","23835","77","0","2021","A","","Morton County, North Dakota","Private","NAICS 23835 Finish carpentry contractors","County, NAICS 5-digit -- by ownership sector","All establishment sizes",7,22,822457,715420,2498,706,36690,"",2.21,1.79,1.63,1.76,0.65,0.89,0.89,"",-1,-12.5,6,37.5,220625,36.7,188567,35.8,-1474,-37.1,1,0.1,30,0.1
"38059","5","238351","78","0","2021","A","","Morton County, North Dakota","Private","NAICS 238351 Residential finish carpentry contractors","County, NAICS 6-digit -- by ownership sector","All establishment sizes",7,22,822457,715420,2498,706,36690,"",2.53,2.30,2.24,2.30,1.01,0.96,0.95,"",-1,-12.5,6,37.5,220625,36.7,188567,35.8,-1474,-37.1,1,0.1,30,0.1
"38059","5","23839","77","0","2021","A","N","Morton County, North Dakota","Private","NAICS 23839 Other building finishing contractors","County, NAICS 5-digit -- by ownership sector","All establishment sizes",1,0,0,0,0,0,0,"N",1.00,0,0,0,0,0,0,"N",0,0.0,0,0,0,0,0,0,0,0,0,0,0,0
"38059","5","238392","78","0","2021","A","N","Morton County, North Dakota","Private","NAICS 238392 Other nonresidential finishing contractors","County, NAICS 6-digit -- by ownership sector","All establishment sizes",1,0,0,0,0,0,0,"N",2.24,0,0,0,0,0,0,"N",0,0.0,0,0,0,0,0,0,0,0,0,0,0,0
"38059","5","2389","76","0","2021","A","","Morton County, North Dakota","Private","NAICS 2389 Other specialty trade contractors","County, NAICS 4-digit -- by ownership sector","All establishment sizes",27,91,4343497,3396556,94586,914,47513,"",3.11,1.60,1.64,1.72,3.36,1.02,1.02,"",4,17.4,10,12.3,256935,6.3,261302,8.3,-51765,-35.4,-60,-6.2,-3147,-6.2
"38059","5","23891","77","0","2021","A","","Morton County, North Dakota","Private","NAICS 23891 Site preparation contractors","County, NAICS 5-digit -- by ownership sector","All establishment sizes",10,59,3306401,2424559,43791,1076,55962,"",2.57,2.03,2.39,2.33,3.12,1.18,1.18,"",1,11.1,7,13.5,286305,9.5,277892,12.9,-51016,-53.8,-41,-3.7,-2117,-3.6
"38059","5","238911","78","0","2021","A","","Morton County, North Dakota","Private","NAICS 238911 Residential site preparation contractors","County, NAICS 6-digit -- by ownership sector","All establishment sizes",4,8,394408,251026,9274,1011,52588,"",1.80,0.75,0.88,0.64,2.02,1.25,1.25,"",1,33.3,2,33.3,32490,9.0,42821,20.6,2274,32.5,-133,-11.6,-6905,-11.6
"38059","5","238912","78","0","2021","A","","Morton County, North Dakota","Private","NAICS 238912 Nonresidential site preparation contractors","County, NAICS 6-digit -- by ownership sector","All establishment sizes",7,52,2911993,2173533,34517,1086,56452,"",4.19,2.84,3.12,3.36,3.65,1.11,1.11,"",1,16.7,6,13.0,253815,9.5,235071,12.1,-53290,-60.7,-27,-2.4,-1439,-2.5
"38059","5","23899","77","0","2021","A","","Morton County, North Dakota","Private","NAICS 23899 All other specialty trade contractors","County, NAICS 5-digit -- by ownership sector","All establishment sizes",17,32,1037096,971997,50795,617,32075,"",3.56,1.15,0.81,1.04,3.61,0.70,0.70,"",3,21.4,3,10.3,-29370,-2.8,-16590,-1.7,-749,-1.5,-98,-13.7,-5127,-13.8
"38059","5","238991","78","0","2021","A","","Morton County, North Dakota","Private","NAICS 238991 All other residential trade contractors","County, NAICS 6-digit -- by ownership sector","All establishment sizes",6,16,460303,458198,36084,556,28920,"",1.89,1.17,0.84,1.03,5.71,0.72,0.72,"",0,0.0,-1,-5.9,-35956,-7.2,-35919,-7.3,-5101,-12.4,-11,-1.9,-561,-1.9
"38059","5","238992","78","0","2021","A","","Morton County, North Dakota","Private","NAICS 238992 All other nonresidential trade contractors","County, NAICS 6-digit -- by ownership sector","All establishment sizes",11,16,576793,513799,14711,676,35135,"",6.83,1.14,0.80,1.05,1.90,0.68,0.68,"",3,37.5,4,33.3,6586,1.2,19329,3.9,4352,42.0,-251,-27.1,-13052,-27.1
"38059","5","31-33","74","0","2021","A","","Morton County, North Dakota","Private","NAICS 31-33 Manufacturing","County, NAICS Sector -- by ownership sector","All establishment sizes",30,990,81174753,36073002,55600,1577,81981,"",0.82,1.00,1.45,1.20,0.25,1.45,1.45,"",2,7.1,52,5.5,2869702,3.7,1243401,3.6,-71084,-56.1,-28,-1.7,-1470,-1.8
"38059","5","311","75","0","2021","A","N","Morton County, North Dakota","Private","NAICS 311 Food manufacturing","County, NAICS 3-digit -- by ownership sector","All establishment sizes",4,0,0,0,0,0,0,"N",1.09,0,0,0,0,0,0,"N",1,33.3,0,0,0,0,0,0,0,0,0,0,0,0
"38059","5","3116","76","0","2021","A","N","Morton County, North Dakota","Private","NAICS 3116 Animal slaughtering and processing","County, NAICS 4-digit -- by ownership sector","All establishment sizes",2,0,0,0,0,0,0,"N",4.75,0,0,0,0,0,0,"N",0,0.0,0,0,0,0,0,0,0,0,0,0,0,0
"38059","5","31161","77","0","2021","A","N","Morton County, North Dakota","Private","NAICS 31161 Animal slaughtering and processing","County, NAICS 5-digit -- by ownership sector","All establishment sizes",2,0,0,0,0,0,0,"N",4.75,0,0,0,0,0,0,"N",0,0.0,0,0,0,0,0,0,0,0,0,0,0,0
"38059","5","311611","78","0","2021","A","N","Morton County, North Dakota","Private","NAICS 311611 Animal, except poultry, slaughtering","County, NAICS 6-digit -- by ownership sector","All establishment sizes",1,0,0,0,0,0,0,"N",6.81,0,0,0,0,0,0,"N",0,0.0,0,0,0,0,0,0,0,0,0,0,0,0
"38059","5","311612","78","0","2021","A","N","Morton County, North Dakota","Private","NAICS 311612 Meat processed from carcasses","County, NAICS 6-digit -- by ownership sector","All establishment sizes",1,0,0,0,0,0,0,"N",5.66,0,0,0,0,0,0,"N",0,0.0,0,0,0,0,0,0,0,0,0,0,0,0
"38059","5","3118","76","0","2021","A","N","Morton County, North Dakota","Private","NAICS 3118 Bakeries and tortilla manufacturing","County, NAICS 4-digit -- by ownership sector","All establishment sizes",2,0,0,0,0,0,0,"N",1.41,0,0,0,0,0,0,"N",1,100.0,0,0,0,0,0,0,0,0,0,0,0,0
"38059","5","31181","77","0","2021","A","N","Morton County, North Dakota","Private","NAICS 31181 Bread and bakery product manufacturing","County, NAICS 5-digit -- by ownership sector","All establishment sizes",2,0,0,0,0,0,0,"N",1.60,0,0,0,0,0,0,"N",1,100.0,0,0,0,0,0,0,0,0,0,0,0,0
"38059","5","311811","78","0","2021","A","N","Morton County, North Dakota","Private","NAICS 311811 Retail bakeries","County, NAICS 6-digit -- by ownership sector","All establishment sizes",2,0,0,0,0,0,0,"N",2.41,0,0,0,0,0,0,"N",1,100.0,0,0,0,0,0,0,0,0,0,0,0,0
"38059","5","312","75","0","2021","A","N","Morton County, North Dakota","Private","NAICS 312 Beverage and tobacco product manufacturing","County, NAICS 3-digit -- by ownership sector","All establishment sizes",1,0,0,0,0,0,0,"N",0.68,0,0,0,0,0,0,"N",1,100.0,0,0,0,0,0,0,0,0,0,0,0,0
"38059","5","3121","76","0","2021","A","N","Morton County, North Dakota","Private","NAICS 3121 Beverage manufacturing","County, NAICS 4-digit -- by ownership sector","All establishment sizes",1,0,0,0,0,0,0,"N",0.70,0,0,0,0,0,0,"N",1,100.0,0,0,0,0,0,0,0,0,0,0,0,0
"38059","5","31212","77","0","2021","A","N","Morton County, North Dakota","Private","NAICS 31212 Breweries","County, NAICS 5-digit -- by ownership sector","All establishment sizes",1,0,0,0,0,0,0,"N",1.84,0,0,0,0,0,0,"N",1,100.0,0,0,0,0,0,0,0,0,0,0,0,0
"38059","5","312120","78","0","2021","A","N","Morton County, North Dakota","Private","NAICS 312120 Breweries","County, NAICS 6-digit -- by ownership sector","All establishment sizes",1,0,0,0,0,0,0,"N",1.84,0,0,0,0,0,0,"N",1,100.0,0,0,0,0,0,0,0,0,0,0,0,0
"38059","5","321","75","0","2021","A","N","Morton County, North Dakota","Private","NAICS 321 Wood product manufacturing","County, NAICS 3-digit -- by ownership sector","All establishment sizes",2,0,0,0,0,0,0,"N",1.32,0,0,0,0,0,0,"N",0,0.0,0,0,0,0,0,0,0,0,0,0,0,0
"38059","5","3212","76","0","2021","A","N","Morton County, North Dakota","Private","NAICS 3212 Plywood and engineered wood product mfg.","County, NAICS 4-digit -- by ownership sector","All establishment sizes",1,0,0,0,0,0,0,"N",5.96,0,0,0,0,0,0,"N",0,0.0,0,0,0,0,0,0,0,0,0,0,0,0
"38059","5","32121","77","0","2021","A","N","Morton County, North Dakota","Private","NAICS 32121 Plywood and engineered wood product mfg.","County, NAICS 5-digit -- by ownership sector","All establishment sizes",1,0,0,0,0,0,0,"N",5.96,0,0,0,0,0,0,"N",0,0.0,0,0,0,0,0,0,0,0,0,0,0,0
"38059","5","321214","78","0","2021","A","N","Morton County, North Dakota","Private","NAICS 321214 Truss manufacturing","County, NAICS 6-digit -- by ownership sector","All establishment sizes",1,0,0,0,0,0,0,"N",11.37,0,0,0,0,0,0,"N",0,0.0,0,0,0,0,0,0,0,0,0,0,0,0
"38059","5","3219","76","0","2021","A","N","Morton County, North Dakota","Private","NAICS 3219 Other wood product manufacturing","County, NAICS 4-digit -- by ownership sector","All establishment sizes",1,0,0,0,0,0,0,"N",1.00,0,0,0,0,0,0,"N",0,0.0,0,0,0,0,0,0,0,0,0,0,0,0
"38059","5","32191","77","0","2021","A","N","Morton County, North Dakota","Private","NAICS 32191 Millwork","County, NAICS 5-digit -- by ownership sector","All establishment sizes",1,0,0,0,0,0,0,"N",2.91,0,0,0,0,0,0,"N",0,0.0,0,0,0,0,0,0,0,0,0,0,0,0
"38059","5","321918","78","0","2021","A","N","Morton County, North Dakota","Private","NAICS 321918 Other millwork, including flooring","County, NAICS 6-digit -- by ownership sector","All establishment sizes",1,0,0,0,0,0,0,"N",5.72,0,0,0,0,0,0,"N",0,0.0,0,0,0,0,0,0,0,0,0,0,0,0
"38059","5","324","75","0","2021","A","N","Morton County, North Dakota","Private","NAICS 324 Petroleum and coal products manufacturing","County, NAICS 3-digit -- by ownership sector","All establishment sizes",2,0,0,0,0,0,0,"N",8.41,0,0,0,0,0,0,"N",0,0.0,0,0,0,0,0,0,0,0,0,0,0,0
"38059","5","3241","76","0","2021","A","N","Morton County, North Dakota","Private","NAICS 3241 Petroleum and coal products manufacturing","County, NAICS 4-digit -- by ownership sector","All establishment sizes",2,0,0,0,0,0,0,"N",8.41,0,0,0,0,0,0,"N",0,0.0,0,0,0,0,0,0,0,0,0,0,0,0
"38059","5","32411","77","0","2021","A","N","Morton County, North Dakota","Private","NAICS 32411 Petroleum refineries","County, NAICS 5-digit -- by ownership sector","All establishment sizes",2,0,0,0,0,0,0,"N",32.50,0,0,0,0,0,0,"N",0,0.0,0,0,0,0,0,0,0,0,0,0,0,0
"38059","5","324110","78","0","2021","A","N","Morton County, North Dakota","Private","NAICS 324110 Petroleum refineries","County, NAICS 6-digit -- by ownership sector","All establishment sizes",2,0,0,0,0,0,0,"N",32.50,0,0,0,0,0,0,"N",0,0.0,0,0,0,0,0,0,0,0,0,0,0,0
"38059","5","325","75","0","2021","A","N","Morton County, North Dakota","Private","NAICS 325 Chemical manufacturing","County, NAICS 3-digit -- by ownership sector","All establishment sizes",1,0,0,0,0,0,0,"N",0.47,0,0,0,0,0,0,"N",0,0.0,0,0,0,0,0,0,0,0,0,0,0,0
"38059","5","3254","76","0","2021","A","N","Morton County, North Dakota","Private","NAICS 3254 Pharmaceutical and medicine manufacturing","County, NAICS 4-digit -- by ownership sector","All establishment sizes",1,0,0,0,0,0,0,"N",1.68,0,0,0,0,0,0,"N",1,100.0,0,0,0,0,0,0,0,0,0,0,0,0
"38059","5","32541","77","0","2021","A","N","Morton County, North Dakota","Private","NAICS 32541 Pharmaceutical and medicine manufacturing","County, NAICS 5-digit -- by ownership sector","All establishment sizes",1,0,0,0,0,0,0,"N",1.68,0,0,0,0,0,0,"N",1,100.0,0,0,0,0,0,0,0,0,0,0,0,0
"38059","5","325412","78","0","2021","A","N","Morton County, North Dakota","Private","NAICS 325412 Pharmaceutical preparation manufacturing","County, NAICS 6-digit -- by ownership sector","All establishment sizes",1,0,0,0,0,0,0,"N",2.64,0,0,0,0,0,0,"N",1,100.0,0,0,0,0,0,0,0,0,0,0,0,0
"38059","5","327","75","0","2021","A","","Morton County, North Dakota","Private","NAICS 327 Nonmetallic mineral product manufacturing","County, NAICS 3-digit -- by ownership sector","All establishment sizes",5,95,6048750,3565707,4637,1221,63504,"",2.98,2.95,3.83,3.52,0.48,1.29,1.29,"",0,0.0,1,1.1,447467,8.0,46405,1.3,-757,-14.0,74,6.5,3863,6.5
"38059","5","3271","76","0","2021","A","N","Morton County, North Dakota","Private","NAICS 3271 Clay product and refractory manufacturing","County, NAICS 4-digit -- by ownership sector","All establishment sizes",1,0,0,0,0,0,0,"N",7.12,0,0,0,0,0,0,"N",0,0.0,0,0,0,0,0,0,0,0,0,0,0,0
"38059","5","32712","77","0","2021","A","N","Morton County, North Dakota","Private","NAICS 32712 Clay building material and refractories mfg.","County, NAICS 5-digit -- by ownership sector","All establishment sizes",1,0,0,0,0,0,0,"N",15.50,0,0,0,0,0,0,"N",0,0.0,0,0,0,0,0,0,0,0,0,0,0,0
"38059","5","327120","78","0","2021","A","N","Morton County, North Dakota","Private","NAICS 327120 Clay building material and refractories mfg","County, NAICS 6-digit -- by ownership sector","All establishment sizes",1,0,0,0,0,0,0,"N",15.50,0,0,0,0,0,0,"N",0,0.0,0,0,0,0,0,0,0,0,0,0,0,0
"38059","5","3273","76","0","2021","A","","Morton County, North Dakota","Private","NAICS 3273 Cement and concrete product manufacturing","County, NAICS 4-digit -- by ownership sector","All establishment sizes",3,13,554775,380190,2088,831,43229,"",3.33,0.83,0.70,0.77,0.36,0.85,0.85,"",0,0.0,0,0.0,-26509,-4.6,-63584,-14.3,-845,-28.8,-18,-2.1,-919,-2.1
"38059","5","32732","77","0","2021","A","N","Morton County, North Dakota","Private","NAICS 32732 Ready-mix concrete manufacturing","County, NAICS 5-digit -- by ownership sector","All establishment sizes",1,0,0,0,0,0,0,"N",1.84,0,0,0,0,0,0,"N",0,0.0,0,0,0,0,0,0,0,0,0,0,0,0
"38059","5","327320","78","0","2021","A","N","Morton County, North Dakota","Private","NAICS 327320 Ready-mix concrete manufacturing","County, NAICS 6-digit -- by ownership sector","All establishment sizes",1,0,0,0,0,0,0,"N",1.84,0,0,0,0,0,0,"N",0,0.0,0,0,0,0,0,0,0,0,0,0,0,0
"38059","5","32733","77","0","2021","A","N","Morton County, North Dakota","Private","NAICS 32733 Concrete pipe, brick, and block manufacturing","County, NAICS 5-digit -- by ownership sector","All establishment sizes",1,0,0,0,0,0,0,"N",9.22,0,0,0,0,0,0,"N",0,0.0,0,0,0,0,0,0,0,0,0,0,0,0
"38059","5","327331","78","0","2021","A","N","Morton County, North Dakota","Private","NAICS 327331 Concrete block and brick manufacturing","County, NAICS 6-digit -- by ownership sector","All establishment sizes",1,0,0,0,0,0,0,"N",11.89,0,0,0,0,0,0,"N",0,0.0,0,0,0,0,0,0,0,0,0,0,0,0
"38059","5","32739","77","0","2021","A","N","Morton County, North Dakota","Private","NAICS 32739 Other concrete product manufacturing","County, NAICS 5-digit -- by ownership sector","All establishment sizes",1,0,0,0,0,0,0,"N",4.80,0,0,0,0,0,0,"N",0,0.0,0,0,0,0,0,0,0,0,0,0,0,0
"38059","5","327390","78","0","2021","A","N","Morton County, North Dakota","Private","NAICS 327390 Other concrete product manufacturing","County, NAICS 6-digit -- by ownership sector","All establishment sizes",1,0,0,0,0,0,0,"N",4.80,0,0,0,0,0,0,"N",0,0.0,0,0,0,0,0,0,0,0,0,0,0,0
"38059","5","3279","76","0","2021","A","N","Morton County, North Dakota","Private","NAICS 3279 Other nonmetallic mineral products","County, NAICS 4-digit -- by ownership sector","All establishment sizes",1,0,0,0,0,0,0,"N",2.44,0,0,0,0,0,0,"N",0,0.0,0,0,0,0,0,0,0,0,0,0,0,0
"38059","5","32791","77","0","2021","A","N","Morton County, North Dakota","Private","NAICS 32791 Abrasive product manufacturing","County, NAICS 5-digit -- by ownership sector","All establishment sizes",1,0,0,0,0,0,0,"N",28.81,0,0,0,0,0,0,"N",0,0.0,0,0,0,0,0,0,0,0,0,0,0,0
"38059","5","327910","78","0","2021","A","N","Morton County, North Dakota","Private","NAICS 327910 Abrasive product manufacturing","County, NAICS 6-digit -- by ownership sector","All establishment sizes",1,0,0,0,0,0,0,"N",28.81,0,0,0,0,0,0,"N",0,0.0,0,0,0,0,0,0,0,0,0,0,0,0
"38059","5","332","75","0","2021","A","","Morton County, North Dakota","Private","NAICS 332 Fabricated metal product manufacturing","County, NAICS 3-digit -- by ownership sector","All establishment sizes",5,59,3708375,2203212,1763,1214,63121,"",0.85,0.53,0.71,0.67,0.07,1.34,1.34,"",-1,-16.7,0,0.0,266976,7.8,93698,4.4,74,4.4,83,7.3,4294,7.3
"38059","5","3323","76","0","2021","A","N","Morton County, North Dakota","Private","NAICS 3323 Architectural and structural metals mfg.","County, NAICS 4-digit -- by ownership sector","All establishment sizes",1,0,0,0,0,0,0,"N",0.64,0,0,0,0,0,0,"N",0,0.0,0,0,0,0,0,0,0,0,0,0,0,0
"38059","5","33231","77","0","2021","A","N","Morton County, North Dakota","Private","NAICS 33231 Plate work and fabricated structural products","County, NAICS 5-digit -- by ownership sector","All establishment sizes",1,0,0,0,0,0,0,"N",1.49,0,0,0,0,0,0,"N",0,0.0,0,0,0,0,0,0,0,0,0,0,0,0
"38059","5","332313","78","0","2021","A","N","Morton County, North Dakota","Private","NAICS 332313 Plate work manufacturing","County, NAICS 6-digit -- by ownership sector","All establishment sizes",1,0,0,0,0,0,0,"N",5.19,0,0,0,0,0,0,"N",0,0.0,0,0,0,0,0,0,0,0,0,0,0,0
"38059","5","3324","76","0","2021","A","N","Morton County, North Dakota","Private","NAICS 3324 Boiler, tank, and shipping container mfg.","County, NAICS 4-digit -- by ownership sector","All establishment sizes",1,0,0,0,0,0,0,"N",4.96,0,0,0,0,0,0,"N",0,0.0,0,0,0,0,0,0,0,0,0,0,0,0
"38059","5","33242","77","0","2021","A","N","Morton County, North Dakota","Private","NAICS 33242 Metal tank, heavy gauge, manufacturing","County, NAICS 5-digit -- by ownership sector","All establishment sizes",1,0,0,0,0,0,0,"N",10.51,0,0,0,0,0,0,"N",0,0.0,0,0,0,0,0,0,0,0,0,0,0,0
"38059","5","332420","78","0","2021","A","N","Morton County, North Dakota","Private","NAICS 332420 Metal tank, heavy gauge, manufacturing","County, NAICS 6-digit -- by ownership sector","All establishment sizes",1,0,0,0,0,0,0,"N",10.51,0,0,0,0,0,0,"N",0,0.0,0,0,0,0,0,0,0,0,0,0,0,0
"38059","5","3327","76","0","2021","A","","Morton County, North Dakota","Private","NAICS 3327 Machine shops and threaded product mfg.","County, NAICS 4-digit -- by ownership sector","All establishment sizes",3,11,533080,401872,323,918,47739,"",1.40,0.42,0.45,0.52,0.06,1.06,1.06,"",0,0.0,-1,-8.3,-35416,-6.2,-37986,-8.6,-30,-8.5,-12,-1.3,-644,-1.3
"38059","5","33271","77","0","2021","A","","Morton County, North Dakota","Private","NAICS 33271 Machine shops","County, NAICS 5-digit -- by ownership sector","All establishment sizes",3,11,533080,401872,323,918,47739,"",1.56,0.54,0.59,0.66,0.07,1.08,1.08,"",0,0.0,-1,-8.3,-35416,-6.2,-37986,-8.6,-30,-8.5,-12,-1.3,-644,-1.3
"38059","5","332710","78","0","2021","A","","Morton County, North Dakota","Private","NAICS 332710 Machine shops","County, NAICS 6-digit -- by ownership sector","All establishment sizes",3,11,533080,401872,323,918,47739,"",1.56,0.54,0.59,0.66,0.07,1.08,1.08,"",0,0.0,-1,-8.3,-35416,-6.2,-37986,-8.6,-30,-8.5,-12,-1.3,-644,-1.3
"38059","5","333","75","0","2021","A","N","Morton County, North Dakota","Private","NAICS 333 Machinery manufacturing","County, NAICS 3-digit -- by ownership sector","All establishment sizes",2,0,0,0,0,0,0,"N",0.63,0,0,0,0,0,0,"N",0,0.0,0,0,0,0,0,0,0,0,0,0,0,0
"38059","5","3331","76","0","2021","A","N","Morton County, North Dakota","Private","NAICS 3331 Ag., construction, and mining machinery mfg.","County, NAICS 4-digit -- by ownership sector","All establishment sizes",2,0,0,0,0,0,0,"N",4.53,0,0,0,0,0,0,"N",0,0.0,0,0,0,0,0,0,0,0,0,0,0,0
"38059","5","33311","77","0","2021","A","N","Morton County, North Dakota","Private","NAICS 33311 Agricultural implement manufacturing","County, NAICS 5-digit -- by ownership sector","All establishment sizes",2,0,0,0,0,0,0,"N",11.34,0,0,0,0,0,0,"N",0,0.0,0,0,0,0,0,0,0,0,0,0,0,0
"38059","5","333111","78","0","2021","A","N","Morton County, North Dakota","Private","NAICS 333111 Farm machinery and equipment manufacturing","County, NAICS 6-digit -- by ownership sector","All establishment sizes",2,0,0,0,0,0,0,"N",13.31,0,0,0,0,0,0,"N",0,0.0,0,0,0,0,0,0,0,0,0,0,0,0
"38059","5","3332","76","0","2021","A","N","Morton County, North Dakota","Private","NAICS 3332 Industrial machinery manufacturing","County, NAICS 4-digit -- by ownership sector","All establishment sizes",0,0,0,0,0,0,0,"N",0.00,0,0,0,0,0,0,"N",0,0,0,0,0,0,0,0,0,0,0,0,0,0
"38059","5","33324","77","0","2021","A","N","Morton County, North Dakota","Private","NAICS 33324 Industrial machinery manufacturing","County, NAICS 5-digit -- by ownership sector","All establishment sizes",0,0,0,0,0,0,0,"N",0.00,0,0,0,0,0,0,"N",0,0,0,0,0,0,0,0,0,0,0,0,0,0
"38059","5","333243","78","0","2021","A","N","Morton County, North Dakota","Private","NAICS 333243 Sawmill, woodworking, and paper machinery mfg","County, NAICS 6-digit -- by ownership sector","All establishment sizes",0,0,0,0,0,0,0,"N",0.00,0,0,0,0,0,0,"N",0,0,0,0,0,0,0,0,0,0,0,0,0,0
"38059","5","336","75","0","2021","A","N","Morton County, North Dakota","Private","NAICS 336 Transportation equipment manufacturing","County, NAICS 3-digit -- by ownership sector","All establishment sizes",2,0,0,0,0,0,0,"N",1.24,0,0,0,0,0,0,"N",0,0.0,0,0,0,0,0,0,0,0,0,0,0,0
"38059","5","3363","76","0","2021","A","N","Morton County, North Dakota","Private","NAICS 3363 Motor vehicle parts manufacturing","County, NAICS 4-digit -- by ownership sector","All establishment sizes",1,0,0,0,0,0,0,"N",1.71,0,0,0,0,0,0,"N",0,0.0,0,0,0,0,0,0,0,0,0,0,0,0
"38059","5","33637","77","0","2021","A","N","Morton County, North Dakota","Private","NAICS 33637 Motor vehicle metal stamping","County, NAICS 5-digit -- by ownership sector","All establishment sizes",1,0,0,0,0,0,0,"N",17.29,0,0,0,0,0,0,"N",0,0.0,0,0,0,0,0,0,0,0,0,0,0,0
"38059","5","336370","78","0","2021","A","N","Morton County, North Dakota","Private","NAICS 336370 Motor vehicle metal stamping","County, NAICS 6-digit -- by ownership sector","All establishment sizes",1,0,0,0,0,0,0,"N",17.29,0,0,0,0,0,0,"N",0,0.0,0,0,0,0,0,0,0,0,0,0,0,0
"38059","5","3364","76","0","2021","A","N","Morton County, North Dakota","Private","NAICS 3364 Aerospace product and parts manufacturing","County, NAICS 4-digit -- by ownership sector","All establishment sizes",1,0,0,0,0,0,0,"N",2.71,0,0,0,0,0,0,"N",0,0.0,0,0,0,0,0,0,0,0,0,0,0,0
"38059","5","33641","77","0","2021","A","N","Morton County, North Dakota","Private","NAICS 33641 Aerospace product and parts manufacturing","County, NAICS 5-digit -- by ownership sector","All establishment sizes",1,0,0,0,0,0,0,"N",2.71,0,0,0,0,0,0,"N",0,0.0,0,0,0,0,0,0,0,0,0,0,0,0
"38059","5","336411","78","0","2021","A","N","Morton County, North Dakota","Private","NAICS 336411 Aircraft manufacturing","County, NAICS 6-digit -- by ownership sector","All establishment sizes",1,0,0,0,0,0,0,"N",11.20,0,0,0,0,0,0,"N",0,0.0,0,0,0,0,0,0,0,0,0,0,0,0
"38059","5","339","75","0","2021","A","","Morton County, North Dakota","Private","NAICS 339 Miscellaneous manufacturing","County, NAICS 3-digit -- by ownership sector","All establishment sizes",6,58,3866264,2070192,5180,1284,66756,"",1.77,1.20,1.49,1.39,0.50,1.24,1.24,"",1,20.0,8,16.0,1396251,56.5,432594,26.4,-7352,-58.7,334,35.2,17356,35.1
"38059","5","3391","76","0","2021","A","N","Morton County, North Dakota","Private","NAICS 3391 Medical equipment and supplies manufacturing","County, NAICS 4-digit -- by ownership sector","All establishment sizes",1,0,0,0,0,0,0,"N",0.77,0,0,0,0,0,0,"N",1,100.0,0,0,0,0,0,0,0,0,0,0,0,0
"38059","5","33911","77","0","2021","A","N","Morton County, North Dakota","Private","NAICS 33911 Medical equipment and supplies manufacturing","County, NAICS 5-digit -- by ownership sector","All establishment sizes",1,0,0,0,0,0,0,"N",0.77,0,0,0,0,0,0,"N",1,100.0,0,0,0,0,0,0,0,0,0,0,0,0
"38059","5","339113","78","0","2021","A","N","Morton County, North Dakota","Private","NAICS 339113 Surgical appliance and supplies manufacturing","County, NAICS 6-digit -- by ownership sector","All establishment sizes",1,0,0,0,0,0,0,"N",3.01,0,0,0,0,0,0,"N",1,100.0,0,0,0,0,0,0,0,0,0,0,0,0
"38059","5","3399","76","0","2021","A","N","Morton County, North Dakota","Private","NAICS 3399 Other miscellaneous manufacturing","County, NAICS 4-digit -- by ownership sector","All establishment sizes",5,0,0,0,0,0,0,"N",2.38,0,0,0,0,0,0,"N",0,0.0,0,0,0,0,0,0,0,0,0,0,0,0
"38059","5","33993","77","0","2021","A","N","Morton County, North Dakota","Private","NAICS 33993 Doll, toy, and game manufacturing","County, NAICS 5-digit -- by ownership sector","All establishment sizes",1,0,0,0,0,0,0,"N",13.25,0,0,0,0,0,0,"N",0,0.0,0,0,0,0,0,0,0,0,0,0,0,0
"38059","5","339930","78","0","2021","A","N","Morton County, North Dakota","Private","NAICS 339930 Doll, toy, and game manufacturing","County, NAICS 6-digit -- by ownership sector","All establishment sizes",1,0,0,0,0,0,0,"N",13.25,0,0,0,0,0,0,"N",0,0.0,0,0,0,0,0,0,0,0,0,0,0,0
"38059","5","33994","77","0","2021","A","N","Morton County, North Dakota","Private","NAICS 33994 Office supplies, except paper, manufacturing","County, NAICS 5-digit -- by ownership sector","All establishment sizes",2,0,0,0,0,0,0,"N",40.19,0,0,0,0,0,0,"N",0,0.0,0,0,0,0,0,0,0,0,0,0,0,0
"38059","5","339940","78","0","2021","A","N","Morton County, North Dakota","Private","NAICS 339940 Office supplies, except paper, manufacturing","County, NAICS 6-digit -- by ownership sector","All establishment sizes",2,0,0,0,0,0,0,"N",40.19,0,0,0,0,0,0,"N",0,0.0,0,0,0,0,0,0,0,0,0,0,0,0
"38059","5","33995","77","0","2021","A","N","Morton County, North Dakota","Private","NAICS 33995 Sign manufacturing","County, NAICS 5-digit -- by ownership sector","All establishment sizes",2,0,0,0,0,0,0,"N",2.74,0,0,0,0,0,0,"N",0,0.0,0,0,0,0,0,0,0,0,0,0,0,0
"38059","5","339950","78","0","2021","A","N","Morton County, North Dakota","Private","NAICS 339950 Sign manufacturing","County, NAICS 6-digit -- by ownership sector","All establishment sizes",2,0,0,0,0,0,0,"N",2.74,0,0,0,0,0,0,"N",0,0.0,0,0,0,0,0,0,0,0,0,0,0,0
"38059","5","42","74","0","2021","A","","Morton County, North Dakota","Private","NAICS 42 Wholesale trade","County, NAICS Sector -- by ownership sector","All establishment sizes",95,690,41170859,24025817,113867,1147,59639,"",1.54,1.51,1.35,1.67,1.15,0.89,0.89,"",-2,-2.1,-11,-1.6,-572212,-1.4,149673,0.6,37470,49.0,1,0.1,70,0.1
"38059","5","423","75","0","2021","A","","Morton County, North Dakota","Private","NAICS 423 Merchant wholesalers, durable goods","County, NAICS 3-digit -- by ownership sector","All establishment sizes",51,323,21488938,11689481,79226,1278,66444,"",1.63,1.29,1.27,1.50,1.48,0.99,0.99,"",0,0.0,7,2.2,997312,4.9,257468,2.3,46670,143.4,29,2.3,1494,2.3
"38059","5","4231","76","0","2021","A","","Morton County, North Dakota","Private","NAICS 4231 Motor vehicle and parts merchant wholesalers","County, NAICS 4-digit -- by ownership sector","All establishment sizes",6,18,504516,458805,368,549,28558,"",2.34,0.65,0.35,0.56,0.07,0.56,0.56,"",1,20.0,2,12.5,-9850,-1.9,17250,3.9,14,4.0,-82,-13.0,-4274,-13.0
"38059","5","42311","77","0","2021","A","N","Morton County, North Dakota","Private","NAICS 42311 Motor vehicle merchant wholesalers","County, NAICS 5-digit -- by ownership sector","All establishment sizes",4,0,0,0,0,0,0,"N",5.65,0,0,0,0,0,0,"N",1,33.3,0,0,0,0,0,0,0,0,0,0,0,0
"38059","5","423110","78","0","2021","A","N","Morton County, North Dakota","Private","NAICS 423110 Motor vehicle merchant wholesalers","County, NAICS 6-digit -- by ownership sector","All establishment sizes",4,0,0,0,0,0,0,"N",5.65,0,0,0,0,0,0,"N",1,33.3,0,0,0,0,0,0,0,0,0,0,0,0
"38059","5","42312","77","0","2021","A","N","Morton County, North Dakota","Private","NAICS 42312 New motor vehicle parts merchant wholesalers","County, NAICS 5-digit -- by ownership sector","All establishment sizes",2,0,0,0,0,0,0,"N",1.41,0,0,0,0,0,0,"N",0,0.0,0,0,0,0,0,0,0,0,0,0,0,0
"38059","5","423120","78","0","2021","A","N","Morton County, North Dakota","Private","NAICS 423120 New motor vehicle parts merchant wholesalers","County, NAICS 6-digit -- by ownership sector","All establishment sizes",2,0,0,0,0,0,0,"N",1.41,0,0,0,0,0,0,"N",0,0.0,0,0,0,0,0,0,0,0,0,0,0,0
"38059","5","4233","76","0","2021","A","","Morton County, North Dakota","Private","NAICS 4233 Lumber and const. supply merchant wholesalers","County, NAICS 4-digit -- by ownership sector","All establishment sizes",4,13,809996,481131,1964,1238,64371,"",1.70,0.65,0.72,0.75,0.42,1.13,1.13,"",0,0.0,0,0.0,169109,26.4,50423,11.7,-73,-3.6,314,34.0,16304,33.9
"38059","5","42331","77","0","2021","A","N","Morton County, North Dakota","Private","NAICS 42331 Lumber and wood merchant wholesalers","County, NAICS 5-digit -- by ownership sector","All establishment sizes",2,0,0,0,0,0,0,"N",2.19,0,0,0,0,0,0,"N",0,0.0,0,0,0,0,0,0,0,0,0,0,0,0
"38059","5","423310","78","0","2021","A","N","Morton County, North Dakota","Private","NAICS 423310 Lumber and wood merchant wholesalers","County, NAICS 6-digit -- by ownership sector","All establishment sizes",2,0,0,0,0,0,0,"N",2.19,0,0,0,0,0,0,"N",0,0.0,0,0,0,0,0,0,0,0,0,0,0,0
"38059","5","42332","77","0","2021","A","N","Morton County, North Dakota","Private","NAICS 42332 Masonry material merchant wholesalers","County, NAICS 5-digit -- by ownership sector","All establishment sizes",1,0,0,0,0,0,0,"N",1.58,0,0,0,0,0,0,"N",0,0.0,0,0,0,0,0,0,0,0,0,0,0,0
"38059","5","423320","78","0","2021","A","N","Morton County, North Dakota","Private","NAICS 423320 Masonry material merchant wholesalers","County, NAICS 6-digit -- by ownership sector","All establishment sizes",1,0,0,0,0,0,0,"N",1.58,0,0,0,0,0,0,"N",0,0.0,0,0,0,0,0,0,0,0,0,0,0,0
"38059","5","42339","77","0","2021","A","N","Morton County, North Dakota","Private","NAICS 42339 Other const. material merchant wholesalers","County, NAICS 5-digit -- by ownership sector","All establishment sizes",1,0,0,0,0,0,0,"N",2.27,0,0,0,0,0,0,"N",0,0.0,0,0,0,0,0,0,0,0,0,0,0,0
"38059","5","423390","78","0","2021","A","N","Morton County, North Dakota","Private","NAICS 423390 Other const. material merchant wholesalers","County, NAICS 6-digit -- by ownership sector","All establishment sizes",1,0,0,0,0,0,0,"N",2.27,0,0,0,0,0,0,"N",0,0.0,0,0,0,0,0,0,0,0,0,0,0,0
"38059","5","4234","76","0","2021","A","","Morton County, North Dakota","Private","NAICS 4234 Commercial equip. merchant wholesalers","County, NAICS 4-digit -- by ownership sector","All establishment sizes",9,30,2062416,1107545,5457,1308,67992,"",1.35,0.54,0.40,0.63,0.41,0.73,0.73,"",1,12.5,-2,-6.2,168050,8.9,-14904,-1.3,4560,508.4,178,15.8,9252,15.8
"38059","5","42342","77","0","2021","A","","Morton County, North Dakota","Private","NAICS 42342 Office equipment merchant wholesalers","County, NAICS 5-digit -- by ownership sector","All establishment sizes",4,26,1562182,931315,746,1144,59512,"",6.65,4.61,4.81,5.27,0.53,1.03,1.03,"",0,0.0,-2,-7.1,87378,5.9,2810,0.3,3,0.4,113,11.0,5883,11.0
"38059","5","423420","78","0","2021","A","","Morton County, North Dakota","Private","NAICS 423420 Office equipment merchant wholesalers","County, NAICS 6-digit -- by ownership sector","All establishment sizes",4,26,1562182,931315,746,1144,59512,"",6.65,4.61,4.81,5.27,0.53,1.03,1.03,"",0,0.0,-2,-7.1,87378,5.9,2810,0.3,3,0.4,113,11.0,5883,11.0
"38059","5","42344","77","0","2021","A","N","Morton County, North Dakota","Private","NAICS 42344 Other commercial equip. merchant wholesalers","County, NAICS 5-digit -- by ownership sector","All establishment sizes",1,0,0,0,0,0,0,"N",1.55,0,0,0,0,0,0,"N",0,0.0,0,0,0,0,0,0,0,0,0,0,0,0
"38059","5","423440","78","0","2021","A","N","Morton County, North Dakota","Private","NAICS 423440 Other commercial equip. merchant wholesalers","County, NAICS 6-digit -- by ownership sector","All establishment sizes",1,0,0,0,0,0,0,"N",1.55,0,0,0,0,0,0,"N",0,0.0,0,0,0,0,0,0,0,0,0,0,0,0
"38059","5","42345","77","0","2021","A","N","Morton County, North Dakota","Private","NAICS 42345 Medical equipment merchant wholesalers","County, NAICS 5-digit -- by ownership sector","All establishment sizes",4,0,0,0,0,0,0,"N",1.31,0,0,0,0,0,0,"N",1,33.3,0,0,0,0,0,0,0,0,0,0,0,0
"38059","5","423450","78","0","2021","A","N","Morton County, North Dakota","Private","NAICS 423450 Medical equipment merchant wholesalers","County, NAICS 6-digit -- by ownership sector","All establishment sizes",4,0,0,0,0,0,0,"N",1.31,0,0,0,0,0,0,"N",1,33.3,0,0,0,0,0,0,0,0,0,0,0,0
"38059","5","4235","76","0","2021","A","N","Morton County, North Dakota","Private","NAICS 4235 Metal and mineral merchant wholesalers","County, NAICS 4-digit -- by ownership sector","All establishment sizes",1,0,0,0,0,0,0,"N",0.90,0,0,0,0,0,0,"N",0,0.0,0,0,0,0,0,0,0,0,0,0,0,0
"38059","5","42351","77","0","2021","A","N","Morton County, North Dakota","Private","NAICS 42351 Metal merchant wholesalers","County, NAICS 5-digit -- by ownership sector","All establishment sizes",1,0,0,0,0,0,0,"N",0.95,0,0,0,0,0,0,"N",0,0.0,0,0,0,0,0,0,0,0,0,0,0,0
"38059","5","423510","78","0","2021","A","N","Morton County, North Dakota","Private","NAICS 423510 Metal merchant wholesalers","County, NAICS 6-digit -- by ownership sector","All establishment sizes",1,0,0,0,0,0,0,"N",0.95,0,0,0,0,0,0,"N",0,0.0,0,0,0,0,0,0,0,0,0,0,0,0
"38059","5","4236","76","0","2021","A","N","Morton County, North Dakota","Private","NAICS 4236 Appliance and electric goods merchant whls.","County, NAICS 4-digit -- by ownership sector","All establishment sizes",2,0,0,0,0,0,0,"N",0.55,0,0,0,0,0,0,"N",0,0.0,0,0,0,0,0,0,0,0,0,0,0,0
"38059","5","42361","77","0","2021","A","N","Morton County, North Dakota","Private","NAICS 42361 Elec. equip. and wiring merchant wholesalers","County, NAICS 5-digit -- by ownership sector","All establishment sizes",1,0,0,0,0,0,0,"N",0.57,0,0,0,0,0,0,"N",0,0.0,0,0,0,0,0,0,0,0,0,0,0,0
"38059","5","423610","78","0","2021","A","N","Morton County, North Dakota","Private","NAICS 423610 Elec. equip. and wiring merchant wholesalers","County, NAICS 6-digit -- by ownership sector","All establishment sizes",1,0,0,0,0,0,0,"N",0.57,0,0,0,0,0,0,"N",0,0.0,0,0,0,0,0,0,0,0,0,0,0,0
"38059","5","42362","77","0","2021","A","N","Morton County, North Dakota","Private","NAICS 42362 Appliance and electronics merchant whls.","County, NAICS 5-digit -- by ownership sector","All establishment sizes",1,0,0,0,0,0,0,"N",2.33,0,0,0,0,0,0,"N",0,0.0,0,0,0,0,0,0,0,0,0,0,0,0
"38059","5","423620","78","0","2021","A","N","Morton County, North Dakota","Private","NAICS 423620 Appliance and electronics merchant whls.","County, NAICS 6-digit -- by ownership sector","All establishment sizes",1,0,0,0,0,0,0,"N",2.33,0,0,0,0,0,0,"N",0,0.0,0,0,0,0,0,0,0,0,0,0,0,0
"38059","5","4237","76","0","2021","A","","Morton County, North Dakota","Private","NAICS 4237 Hardware and plumbing merchant wholesalers","County, NAICS 4-digit -- by ownership sector","All establishment sizes",5,22,1643581,859326,989,1464,76150,"",1.95,0.96,1.21,1.21,0.23,1.28,1.28,"",0,0.0,0,0.0,-265143,-13.9,-99614,-10.4,-1838,-65.0,-211,-12.6,-10940,-12.6
"38059","5","42371","77","0","2021","A","N","Morton County, North Dakota","Private","NAICS 42371 Hardware merchant wholesalers","County, NAICS 5-digit -- by ownership sector","All establishment sizes",1,0,0,0,0,0,0,"N",1.26,0,0,0,0,0,0,"N",0,0.0,0,0,0,0,0,0,0,0,0,0,0,0
"38059","5","423710","78","0","2021","A","N","Morton County, North Dakota","Private","NAICS 423710 Hardware merchant wholesalers","County, NAICS 6-digit -- by ownership sector","All establishment sizes",1,0,0,0,0,0,0,"N",1.26,0,0,0,0,0,0,"N",0,0.0,0,0,0,0,0,0,0,0,0,0,0,0
"38059","5","42372","77","0","2021","A","","Morton County, North Dakota","Private","NAICS 42372 Plumbing equip. merchant wholesalers","County, NAICS 5-digit -- by ownership sector","All establishment sizes",3,17,1219158,676106,841,1353,70336,"",3.10,1.94,2.36,2.37,0.50,1.19,1.19,"",0,0.0,-1,-5.6,-333090,-21.5,-117638,-14.8,-985,-53.9,-321,-19.2,-16706,-19.2
"38059","5","423720","78","0","2021","A","","Morton County, North Dakota","Private","NAICS 423720 Plumbing equip. merchant wholesalers","County, NAICS 6-digit -- by ownership sector","All establishment sizes",3,17,1219158,676106,841,1353,70336,"",3.10,1.94,2.36,2.37,0.50,1.19,1.19,"",0,0.0,-1,-5.6,-333090,-21.5,-117638,-14.8,-985,-53.9,-321,-19.2,-16706,-19.2
"38059","5","42374","77","0","2021","A","N","Morton County, North Dakota","Private","NAICS 42374 Refrigeration equip. merchant wholesalers","County, NAICS 5-digit -- by ownership sector","All establishment sizes",1,0,0,0,0,0,0,"N",5.94,0,0,0,0,0,0,"N",0,0.0,0,0,0,0,0,0,0,0,0,0,0,0
"38059","5","423740","78","0","2021","A","N","Morton County, North Dakota","Private","NAICS 423740 Refrigeration equip. merchant wholesalers","County, NAICS 6-digit -- by ownership sector","All establishment sizes",1,0,0,0,0,0,0,"N",5.94,0,0,0,0,0,0,"N",0,0.0,0,0,0,0,0,0,0,0,0,0,0,0
"38059","5","4238","76","0","2021","A","","Morton County, North Dakota","Private","NAICS 4238 Machinery and supply merchant wholesalers","County, NAICS 4-digit -- by ownership sector","All establishment sizes",23,196,13906667,7105101,61101,1367,71073,"",3.18,3.56,4.15,4.09,5.86,1.17,1.17,"",-1,-4.2,8,4.3,792534,6.0,294838,4.3,49136,410.7,25,1.9,1286,1.8
"38059","5","42381","77","0","2021","A","N","Morton County, North Dakota","Private","NAICS 42381 Construction equipment merchant wholesalers","County, NAICS 5-digit -- by ownership sector","All establishment sizes",1,0,0,0,0,0,0,"N",1.80,0,0,0,0,0,0,"N",0,0.0,0,0,0,0,0,0,0,0,0,0,0,0
"38059","5","423810","78","0","2021","A","N","Morton County, North Dakota","Private","NAICS 423810 Construction equipment merchant wholesalers","County, NAICS 6-digit -- by ownership sector","All establishment sizes",1,0,0,0,0,0,0,"N",1.80,0,0,0,0,0,0,"N",0,0.0,0,0,0,0,0,0,0,0,0,0,0,0
"38059","5","42382","77","0","2021","A","","Morton County, North Dakota","Private","NAICS 42382 Farm and garden equip. merchant wholesalers","County, NAICS 5-digit -- by ownership sector","All establishment sizes",10,100,6444489,3357287,2683,1238,64391,"",11.20,11.85,15.00,11.78,2.13,1.26,1.26,"",-1,-9.1,6,6.4,516084,8.7,241732,7.8,-2903,-52.0,19,1.6,986,1.6
"38059","5","423820","78","0","2021","A","","Morton County, North Dakota","Private","NAICS 423820 Farm and garden equip. merchant wholesalers","County, NAICS 6-digit -- by ownership sector","All establishment sizes",10,100,6444489,3357287,2683,1238,64391,"",11.20,11.85,15.00,11.78,2.13,1.26,1.26,"",-1,-9.1,6,6.4,516084,8.7,241732,7.8,-2903,-52.0,19,1.6,986,1.6
"38059","5","42383","77","0","2021","A","","Morton County, North Dakota","Private","NAICS 42383 Industrial machinery merchant wholesalers","County, NAICS 5-digit -- by ownership sector","All establishment sizes",11,81,6456017,3198681,57978,1534,79786,"",3.16,3.28,4.06,4.20,11.78,1.24,1.24,"",0,0.0,2,2.5,277748,4.5,52117,1.7,52037,875.9,38,2.5,1990,2.6
"38059","5","423830","78","0","2021","A","","Morton County, North Dakota","Private","NAICS 423830 Industrial machinery merchant wholesalers","County, NAICS 6-digit -- by ownership sector","All establishment sizes",11,81,6456017,3198681,57978,1534,79786,"",3.16,3.28,4.06,4.20,11.78,1.24,1.24,"",0,0.0,2,2.5,277748,4.5,52117,1.7,52037,875.9,38,2.5,1990,2.6
"38059","5","42384","77","0","2021","A","N","Morton County, North Dakota","Private","NAICS 42384 Industrial supplies merchant wholesalers","County, NAICS 5-digit -- by ownership sector","All establishment sizes",1,0,0,0,0,0,0,"N",0.81,0,0,0,0,0,0,"N",0,0.0,0,0,0,0,0,0,0,0,0,0,0,0
"38059","5","423840","78","0","2021","A","N","Morton County, North Dakota","Private","NAICS 423840 Industrial supplies merchant wholesalers","County, NAICS 6-digit -- by ownership sector","All establishment sizes",1,0,0,0,0,0,0,"N",0.81,0,0,0,0,0,0,"N",0,0.0,0,0,0,0,0,0,0,0,0,0,0,0
"38059","5","4239","76","0","2021","A","N","Morton County, North Dakota","Private","NAICS 4239 Misc. durable goods merchant wholesalers","County, NAICS 4-digit -- by ownership sector","All establishment sizes",2,0,0,0,0,0,0,"N",0.52,0,0,0,0,0,0,"N",0,0.0,0,0,0,0,0,0,0,0,0,0,0,0
"38059","5","42393","77","0","2021","A","N","Morton County, North Dakota","Private","NAICS 42393 Recyclable material merchant wholesalers","County, NAICS 5-digit -- by ownership sector","All establishment sizes",2,0,0,0,0,0,0,"N",2.59,0,0,0,0,0,0,"N",0,0.0,0,0,0,0,0,0,0,0,0,0,0,0
"38059","5","423930","78","0","2021","A","N","Morton County, North Dakota","Private","NAICS 423930 Recyclable material merchant wholesalers","County, NAICS 6-digit -- by ownership sector","All establishment sizes",2,0,0,0,0,0,0,"N",2.59,0,0,0,0,0,0,"N",0,0.0,0,0,0,0,0,0,0,0,0,0,0,0
"38059","5","424","75","0","2021","A","","Morton County, North Dakota","Private","NAICS 424 Merchant wholesalers, nondurable goods","County, NAICS 3-digit -- by ownership sector","All establishment sizes",40,359,19174088,12038733,34041,1029,53484,"",2.33,2.16,1.88,2.28,0.94,0.87,0.87,"",-1,-2.4,-7,-1.9,-386215,-2.0,254774,2.2,-7133,-17.3,2,0.2,89,0.2
"38059","5","4241","76","0","2021","A","N","Morton County, North Dakota","Private","NAICS 4241 Paper and paper product merchant wholesalers","County, NAICS 4-digit -- by ownership sector","All establishment sizes",2,0,0,0,0,0,0,"N",1.97,0,0,0,0,0,0,"N",0,0.0,0,0,0,0,0,0,0,0,0,0,0,0
"38059","5","42412","77","0","2021","A","N","Morton County, North Dakota","Private","NAICS 42412 Office supplies merchant wholesalers","County, NAICS 5-digit -- by ownership sector","All establishment sizes",1,0,0,0,0,0,0,"N",2.80,0,0,0,0,0,0,"N",0,0.0,0,0,0,0,0,0,0,0,0,0,0,0
"38059","5","424120","78","0","2021","A","N","Morton County, North Dakota","Private","NAICS 424120 Office supplies merchant wholesalers","County, NAICS 6-digit -- by ownership sector","All establishment sizes",1,0,0,0,0,0,0,"N",2.80,0,0,0,0,0,0,"N",0,0.0,0,0,0,0,0,0,0,0,0,0,0,0
"38059","5","42413","77","0","2021","A","N","Morton County, North Dakota","Private","NAICS 42413 Industrial paper merchant wholesalers","County, NAICS 5-digit -- by ownership sector","All establishment sizes",1,0,0,0,0,0,0,"N",1.96,0,0,0,0,0,0,"N",0,0.0,0,0,0,0,0,0,0,0,0,0,0,0
"38059","5","424130","78","0","2021","A","N","Morton County, North Dakota","Private","NAICS 424130 Industrial paper merchant wholesalers","County, NAICS 6-digit -- by ownership sector","All establishment sizes",1,0,0,0,0,0,0,"N",1.96,0,0,0,0,0,0,"N",0,0.0,0,0,0,0,0,0,0,0,0,0,0,0
"38059","5","4242","76","0","2021","A","","Morton County, North Dakota","Private","NAICS 4242 Druggists' goods merchant wholesalers","County, NAICS 4-digit -- by ownership sector","All establishment sizes",4,6,518549,233469,550,1554,80813,"",1.83,0.31,0.25,0.37,0.11,0.76,0.76,"",1,33.3,1,20.0,5984,1.2,26037,12.6,219,66.2,-324,-17.3,-16818,-17.2
"38059","5","42421","77","0","2021","A","","Morton County, North Dakota","Private","NAICS 42421 Druggists' goods merchant wholesalers","County, NAICS 5-digit -- by ownership sector","All establishment sizes",4,6,518549,233469,550,1554,80813,"",1.83,0.31,0.25,0.37,0.11,0.76,0.76,"",1,33.3,1,20.0,5984,1.2,26037,12.6,219,66.2,-324,-17.3,-16818,-17.2
"38059","5","424210","78","0","2021","A","","Morton County, North Dakota","Private","NAICS 424210 Druggists' goods merchant wholesalers","County, NAICS 6-digit -- by ownership sector","All establishment sizes",4,6,518549,233469,550,1554,80813,"",1.83,0.31,0.25,0.37,0.11,0.76,0.76,"",1,33.3,1,20.0,5984,1.2,26037,12.6,219,66.2,-324,-17.3,-16818,-17.2
"38059","5","4243","76","0","2021","A","N","Morton County, North Dakota","Private","NAICS 4243 Apparel and piece goods merchant wholesalers","County, NAICS 4-digit -- by ownership sector","All establishment sizes",2,0,0,0,0,0,0,"N",1.27,0,0,0,0,0,0,"N",0,0.0,0,0,0,0,0,0,0,0,0,0,0,0
"38059","5","42432","77","0","2021","A","N","Morton County, North Dakota","Private","NAICS 42432 Men's and boys' clothing merchant wholesalers","County, NAICS 5-digit -- by ownership sector","All establishment sizes",1,0,0,0,0,0,0,"N",3.55,0,0,0,0,0,0,"N",-1,-50.0,0,0,0,0,0,0,0,0,0,0,0,0
"38059","5","424320","78","0","2021","A","N","Morton County, North Dakota","Private","NAICS 424320 Men's and boys' clothing merchant wholesalers","County, NAICS 6-digit -- by ownership sector","All establishment sizes",1,0,0,0,0,0,0,"N",3.55,0,0,0,0,0,0,"N",-1,-50.0,0,0,0,0,0,0,0,0,0,0,0,0
"38059","5","42434","77","0","2021","A","N","Morton County, North Dakota","Private","NAICS 42434 Footwear merchant wholesalers","County, NAICS 5-digit -- by ownership sector","All establishment sizes",1,0,0,0,0,0,0,"N",5.37,0,0,0,0,0,0,"N",1,100.0,0,0,0,0,0,0,0,0,0,0,0,0
"38059","5","424340","78","0","2021","A","N","Morton County, North Dakota","Private","NAICS 424340 Footwear merchant wholesalers","County, NAICS 6-digit -- by ownership sector","All establishment sizes",1,0,0,0,0,0,0,"N",5.37,0,0,0,0,0,0,"N",1,100.0,0,0,0,0,0,0,0,0,0,0,0,0
"38059","5","4244","76","0","2021","A","","Morton County, North Dakota","Private","NAICS 4244 Grocery and related product wholesalers","County, NAICS 4-digit -- by ownership sector","All establishment sizes",8,68,3825754,2481132,1984,1085,56399,"",1.75,1.13,1.24,1.28,0.15,1.10,1.10,"",-1,-11.1,0,0.0,-44769,-1.2,22955,0.9,-3492,-63.8,-8,-0.7,-451,-0.8
"38059","5","42443","77","0","2021","A","N","Morton County, North Dakota","Private","NAICS 42443 Dairy product merchant wholesalers","County, NAICS 5-digit -- by ownership sector","All establishment sizes",1,0,0,0,0,0,0,"N",3.77,0,0,0,0,0,0,"N",-1,-50.0,0,0,0,0,0,0,0,0,0,0,0,0
"38059","5","424430","78","0","2021","A","N","Morton County, North Dakota","Private","NAICS 424430 Dairy product merchant wholesalers","County, NAICS 6-digit -- by ownership sector","All establishment sizes",1,0,0,0,0,0,0,"N",3.77,0,0,0,0,0,0,"N",-1,-50.0,0,0,0,0,0,0,0,0,0,0,0,0
"38059","5","42445","77","0","2021","A","N","Morton County, North Dakota","Private","NAICS 42445 Confectionery merchant wholesalers","County, NAICS 5-digit -- by ownership sector","All establishment sizes",1,0,0,0,0,0,0,"N",2.68,0,0,0,0,0,0,"N",0,0.0,0,0,0,0,0,0,0,0,0,0,0,0
"38059","5","424450","78","0","2021","A","N","Morton County, North Dakota","Private","NAICS 424450 Confectionery merchant wholesalers","County, NAICS 6-digit -- by ownership sector","All establishment sizes",1,0,0,0,0,0,0,"N",2.68,0,0,0,0,0,0,"N",0,0.0,0,0,0,0,0,0,0,0,0,0,0,0
"38059","5","42447","77","0","2021","A","N","Morton County, North Dakota","Private","NAICS 42447 Meat and meat product merchant wholesalers","County, NAICS 5-digit -- by ownership sector","All establishment sizes",1,0,0,0,0,0,0,"N",3.32,0,0,0,0,0,0,"N",0,0.0,0,0,0,0,0,0,0,0,0,0,0,0
"38059","5","424470","78","0","2021","A","N","Morton County, North Dakota","Private","NAICS 424470 Meat and meat product merchant wholesalers","County, NAICS 6-digit -- by ownership sector","All establishment sizes",1,0,0,0,0,0,0,"N",3.32,0,0,0,0,0,0,"N",0,0.0,0,0,0,0,0,0,0,0,0,0,0,0
"38059","5","42449","77","0","2021","A","","Morton County, North Dakota","Private","NAICS 42449 Other grocery product merchant wholesalers","County, NAICS 5-digit -- by ownership sector","All establishment sizes",5,38,2198155,1324973,1060,1112,57846,"",2.76,2.13,2.34,2.31,0.28,1.10,1.10,"",0,0.0,0,0.0,150389,7.3,72726,5.8,-3451,-76.5,62,5.9,3239,5.9
"38059","5","424490","78","0","2021","A","","Morton County, North Dakota","Private","NAICS 424490 Other grocery product merchant wholesalers","County, NAICS 6-digit -- by ownership sector","All establishment sizes",5,38,2198155,1324973,1060,1112,57846,"",2.76,2.13,2.34,2.31,0.28,1.10,1.10,"",0,0.0,0,0.0,150389,7.3,72726,5.8,-3451,-76.5,62,5.9,3239,5.9
"38059","5","4245","76","0","2021","A","","Morton County, North Dakota","Private","NAICS 4245 Farm product raw material merch. whls.","County, NAICS 4-digit -- by ownership sector","All establishment sizes",4,79,3348009,1826572,1460,818,42514,"",5.96,14.57,14.72,10.11,1.76,1.01,1.01,"",0,0.0,5,6.8,-115841,-3.3,95246,5.5,77,5.6,-77,-8.6,-4033,-8.7
"38059","5","42451","77","0","2021","A","N","Morton County, North Dakota","Private","NAICS 42451 Grain and field bean merchant wholesalers","County, NAICS 5-digit -- by ownership sector","All establishment sizes",2,0,0,0,0,0,0,"N",5.06,0,0,0,0,0,0,"N",0,0.0,0,0,0,0,0,0,0,0,0,0,0,0
"38059","5","424510","78","0","2021","A","N","Morton County, North Dakota","Private","NAICS 424510 Grain and field bean merchant wholesalers","County, NAICS 6-digit -- by ownership sector","All establishment sizes",2,0,0,0,0,0,0,"N",5.06,0,0,0,0,0,0,"N",0,0.0,0,0,0,0,0,0,0,0,0,0,0,0
"38059","5","42452","77","0","2021","A","N","Morton County, North Dakota","Private","NAICS 42452 Livestock merchant wholesalers","County, NAICS 5-digit -- by ownership sector","All establishment sizes",1,0,0,0,0,0,0,"N",7.85,0,0,0,0,0,0,"N",0,0.0,0,0,0,0,0,0,0,0,0,0,0,0
"38059","5","424520","78","0","2021","A","N","Morton County, North Dakota","Private","NAICS 424520 Livestock merchant wholesalers","County, NAICS 6-digit -- by ownership sector","All establishment sizes",1,0,0,0,0,0,0,"N",7.85,0,0,0,0,0,0,"N",0,0.0,0,0,0,0,0,0,0,0,0,0,0,0
"38059","5","42459","77","0","2021","A","N","Morton County, North Dakota","Private","NAICS 42459 Other farm product raw material merch. whls.","County, NAICS 5-digit -- by ownership sector","All establishment sizes",1,0,0,0,0,0,0,"N",6.77,0,0,0,0,0,0,"N",0,0.0,0,0,0,0,0,0,0,0,0,0,0,0
"38059","5","424590","78","0","2021","A","N","Morton County, North Dakota","Private","NAICS 424590 Other farm product raw material merch. whls.","County, NAICS 6-digit -- by ownership sector","All establishment sizes",1,0,0,0,0,0,0,"N",6.77,0,0,0,0,0,0,"N",0,0.0,0,0,0,0,0,0,0,0,0,0,0,0
"38059","5","4246","76","0","2021","A","N","Morton County, North Dakota","Private","NAICS 4246 Chemical merchant wholesalers","County, NAICS 4-digit -- by ownership sector","All establishment sizes",2,0,0,0,0,0,0,"N",1.11,0,0,0,0,0,0,"N",0,0.0,0,0,0,0,0,0,0,0,0,0,0,0
"38059","5","42469","77","0","2021","A","N","Morton County, North Dakota","Private","NAICS 42469 Other chemicals merchant wholesalers","County, NAICS 5-digit -- by ownership sector","All establishment sizes",2,0,0,0,0,0,0,"N",1.47,0,0,0,0,0,0,"N",0,0.0,0,0,0,0,0,0,0,0,0,0,0,0
"38059","5","424690","78","0","2021","A","N","Morton County, North Dakota","Private","NAICS 424690 Other chemicals merchant wholesalers","County, NAICS 6-digit -- by ownership sector","All establishment sizes",2,0,0,0,0,0,0,"N",1.47,0,0,0,0,0,0,"N",0,0.0,0,0,0,0,0,0,0,0,0,0,0,0
"38059","5","4247","76","0","2021","A","","Morton County, North Dakota","Private","NAICS 4247 Petroleum merchant wholesalers","County, NAICS 4-digit -- by ownership sector","All establishment sizes",9,142,7495128,5184548,18943,1016,52845,"",10.84,18.32,13.47,20.51,12.03,0.74,0.74,"",0,0.0,-9,-6.0,-402841,-5.1,200999,4.0,3606,23.5,12,1.2,656,1.3
"38059","5","42471","77","0","2021","A","N","Morton County, North Dakota","Private","NAICS 42471 Petroleum bulk stations and terminals","County, NAICS 5-digit -- by ownership sector","All establishment sizes",1,0,0,0,0,0,0,"N",3.69,0,0,0,0,0,0,"N",0,0.0,0,0,0,0,0,0,0,0,0,0,0,0
"38059","5","424710","78","0","2021","A","N","Morton County, North Dakota","Private","NAICS 424710 Petroleum bulk stations and terminals","County, NAICS 6-digit -- by ownership sector","All establishment sizes",1,0,0,0,0,0,0,"N",3.69,0,0,0,0,0,0,"N",0,0.0,0,0,0,0,0,0,0,0,0,0,0,0
"38059","5","42472","77","0","2021","A","N","Morton County, North Dakota","Private","NAICS 42472 Other petroleum merchant wholesalers","County, NAICS 5-digit -- by ownership sector","All establishment sizes",8,0,0,0,0,0,0,"N",14.31,0,0,0,0,0,0,"N",0,0.0,0,0,0,0,0,0,0,0,0,0,0,0
"38059","5","424720","78","0","2021","A","N","Morton County, North Dakota","Private","NAICS 424720 Other petroleum merchant wholesalers","County, NAICS 6-digit -- by ownership sector","All establishment sizes",8,0,0,0,0,0,0,"N",14.31,0,0,0,0,0,0,"N",0,0.0,0,0,0,0,0,0,0,0,0,0,0,0
"38059","5","4249","76","0","2021","A","","Morton County, North Dakota","Private","NAICS 4249 Misc. nondurable goods merchant wholesalers","County, NAICS 4-digit -- by ownership sector","All establishment sizes",9,47,2888720,1631595,10409,1195,62123,"",2.45,1.84,2.31,2.04,1.91,1.27,1.27,"",-1,-10.0,-2,-4.1,249782,9.5,-23480,-1.4,-7282,-41.2,166,16.1,8631,16.1
"38059","5","42491","77","0","2021","A","N","Morton County, North Dakota","Private","NAICS 42491 Farm supplies merchant wholesalers","County, NAICS 5-digit -- by ownership sector","All establishment sizes",8,0,0,0,0,0,0,"N",6.39,0,0,0,0,0,0,"N",-1,-11.1,0,0,0,0,0,0,0,0,0,0,0,0
"38059","5","424910","78","0","2021","A","N","Morton County, North Dakota","Private","NAICS 424910 Farm supplies merchant wholesalers","County, NAICS 6-digit -- by ownership sector","All establishment sizes",8,0,0,0,0,0,0,"N",6.39,0,0,0,0,0,0,"N",-1,-11.1,0,0,0,0,0,0,0,0,0,0,0,0
"38059","5","42499","77","0","2021","A","N","Morton County, North Dakota","Private","NAICS 42499 Other nondurable goods merchant wholesalers","County, NAICS 5-digit -- by ownership sector","All establishment sizes",1,0,0,0,0,0,0,"N",0.72,0,0,0,0,0,0,"N",0,0.0,0,0,0,0,0,0,0,0,0,0,0,0
"38059","5","424990","78","0","2021","A","N","Morton County, North Dakota","Private","NAICS 424990 Other nondurable goods merchant wholesalers","County, NAICS 6-digit -- by ownership sector","All establishment sizes",1,0,0,0,0,0,0,"N",0.72,0,0,0,0,0,0,"N",0,0.0,0,0,0,0,0,0,0,0,0,0,0,0
"38059","5","425","75","0","2021","A","","Morton County, North Dakota","Private","NAICS 425 Electronic markets and agents and brokers","County, NAICS 3-digit -- by ownership sector","All establishment sizes",5,8,507833,297603,600,1160,60337,"",0.38,0.20,0.15,0.23,0.07,0.70,0.70,"",0,0.0,-11,-57.9,-1183309,-70.0,-362569,-54.9,-2067,-77.5,-559,-32.5,-29063,-32.5
"38059","5","4251","76","0","2021","A","","Morton County, North Dakota","Private","NAICS 4251 Electronic markets and agents and brokers","County, NAICS 4-digit -- by ownership sector","All establishment sizes",5,8,507833,297603,600,1160,60337,"",0.38,0.20,0.15,0.23,0.07,0.70,0.70,"",0,0.0,-11,-57.9,-1183309,-70.0,-362569,-54.9,-2067,-77.5,-559,-32.5,-29063,-32.5
"38059","5","42512","77","0","2021","A","","Morton County, North Dakota","Private","NAICS 42512 Wholesale trade agents and brokers","County, NAICS 5-digit -- by ownership sector","All establishment sizes",5,8,507833,297603,600,1160,60337,"",0.39,0.22,0.16,0.25,0.07,0.70,0.70,"",0,0.0,-11,-57.9,-1183309,-70.0,-362569,-54.9,-2067,-77.5,-559,-32.5,-29063,-32.5
"38059","5","425120","78","0","2021","A","","Morton County, North Dakota","Private","NAICS 425120 Wholesale trade agents and brokers","County, NAICS 6-digit -- by ownership sector","All establishment sizes",5,8,507833,297603,600,1160,60337,"",0.39,0.22,0.16,0.25,0.07,0.70,0.70,"",0,0.0,-11,-57.9,-1183309,-70.0,-362569,-54.9,-2067,-77.5,-559,-32.5,-29063,-32.5
"38059","5","44-45","74","0","2021","A","","Morton County, North Dakota","Private","NAICS 44-45 Retail trade","County, NAICS Sector -- by ownership sector","All establishment sizes",84,1351,55194211,36770332,82654,785,40842,"",0.80,1.10,1.53,1.16,0.47,1.39,1.39,"",-1,-1.2,39,3.0,3990847,7.8,1476723,4.2,-12572,-13.2,35,4.7,1825,4.7
"38059","5","441","75","0","2021","A","","Morton County, North Dakota","Private","NAICS 441 Motor vehicle and parts dealers","County, NAICS 3-digit -- by ownership sector","All establishment sizes",25,500,29403722,16663511,37922,1131,58837,"",2.10,3.20,3.76,3.57,1.29,1.17,1.18,"",1,4.2,15,3.1,2924457,11.0,801204,5.1,-10297,-21.4,81,7.7,4241,7.8
"38059","5","4411","76","0","2021","A","","Morton County, North Dakota","Private","NAICS 4411 Automobile dealers","County, NAICS 4-digit -- by ownership sector","All establishment sizes",11,309,20155162,10361031,9844,1253,65157,"",2.35,3.13,3.46,3.43,0.49,1.10,1.10,"",1,10.0,1,0.3,1805579,9.8,178398,1.8,-4152,-29.7,106,9.2,5516,9.2
"38059","5","44111","77","0","2021","A","","Morton County, North Dakota","Private","NAICS 44111 New car dealers","County, NAICS 5-digit -- by ownership sector","All establishment sizes",4,287,19538169,9886297,7908,1310,68117,"",1.95,3.38,3.73,3.78,0.46,1.11,1.11,"",0,0.0,8,2.9,1713061,9.6,130182,1.3,-4538,-36.5,83,6.8,4323,6.8
"38059","5","441110","78","0","2021","A","","Morton County, North Dakota","Private","NAICS 441110 New car dealers","County, NAICS 6-digit -- by ownership sector","All establishment sizes",4,287,19538169,9886297,7908,1310,68117,"",1.95,3.38,3.73,3.78,0.46,1.11,1.11,"",0,0.0,8,2.9,1713061,9.6,130182,1.3,-4538,-36.5,83,6.8,4323,6.8
"38059","5","44112","77","0","2021","A","","Morton County, North Dakota","Private","NAICS 44112 Used car dealers","County, NAICS 5-digit -- by ownership sector","All establishment sizes",7,23,616993,474734,1936,527,27422,"",2.67,1.67,1.04,1.16,0.67,0.63,0.64,"",1,16.7,-5,-17.9,92518,17.6,48216,11.3,386,24.9,170,47.6,8857,47.7
"38059","5","441120","78","0","2021","A","","Morton County, North Dakota","Private","NAICS 441120 Used car dealers","County, NAICS 6-digit -- by ownership sector","All establishment sizes",7,23,616993,474734,1936,527,27422,"",2.67,1.67,1.04,1.16,0.67,0.63,0.64,"",1,16.7,-5,-17.9,92518,17.6,48216,11.3,386,24.9,170,47.6,8857,47.7
"38059","5","4412","76","0","2021","A","","Morton County, North Dakota","Private","NAICS 4412 Other motor vehicle dealers","County, NAICS 4-digit -- by ownership sector","All establishment sizes",6,130,6710670,4405467,24795,991,51521,"",4.18,9.81,10.46,10.35,7.63,1.06,1.06,"",-1,-14.3,10,8.3,736616,12.3,339773,8.4,-2192,-8.1,31,3.2,1599,3.2
"38059","5","44121","77","0","2021","A","N","Morton County, North Dakota","Private","NAICS 44121 Recreational vehicle dealers","County, NAICS 5-digit -- by ownership sector","All establishment sizes",1,0,0,0,0,0,0,"N",3.54,0,0,0,0,0,0,"N",0,0.0,0,0,0,0,0,0,0,0,0,0,0,0
"38059","5","441210","78","0","2021","A","N","Morton County, North Dakota","Private","NAICS 441210 Recreational vehicle dealers","County, NAICS 6-digit -- by ownership sector","All establishment sizes",1,0,0,0,0,0,0,"N",3.54,0,0,0,0,0,0,"N",0,0.0,0,0,0,0,0,0,0,0,0,0,0,0
"38059","5","44122","77","0","2021","A","N","Morton County, North Dakota","Private","NAICS 44122 Motorcycle, boat, and other vehicle dealers","County, NAICS 5-digit -- by ownership sector","All establishment sizes",5,0,0,0,0,0,0,"N",4.33,0,0,0,0,0,0,"N",-1,-16.7,0,0,0,0,0,0,0,0,0,0,0,0
"38059","5","441228","78","0","2021","A","N","Morton County, North Dakota","Private","NAICS 441228 Motorcycle, atv, and other vehicle dealers","County, NAICS 6-digit -- by ownership sector","All establishment sizes",5,0,0,0,0,0,0,"N",7.05,0,0,0,0,0,0,"N",0,0.0,0,0,0,0,0,0,0,0,0,0,0,0
"38059","5","4413","76","0","2021","A","","Morton County, North Dakota","Private","NAICS 4413 Auto parts, accessories, and tire stores","County, NAICS 4-digit -- by ownership sector","All establishment sizes",8,60,2537890,1897013,3283,811,42181,"",1.38,1.36,1.89,1.55,0.55,1.38,1.38,"",0,0.0,2,3.4,382262,17.7,283033,17.5,-3953,-54.6,92,12.8,4800,12.8
"38059","5","44131","77","0","2021","A","","Morton County, North Dakota","Private","NAICS 44131 Automotive parts and accessories stores","County, NAICS 5-digit -- by ownership sector","All establishment sizes",5,34,1403920,1037901,2594,784,40792,"",1.32,1.15,1.70,1.34,0.71,1.47,1.47,"",0,0.0,3,9.7,320686,29.6,233485,29.0,41,1.6,107,15.8,5565,15.8
"38059","5","441310","78","0","2021","A","","Morton County, North Dakota","Private","NAICS 441310 Automotive parts and accessories stores","County, NAICS 6-digit -- by ownership sector","All establishment sizes",5,34,1403920,1037901,2594,784,40792,"",1.32,1.15,1.70,1.34,0.71,1.47,1.47,"",0,0.0,3,9.7,320686,29.6,233485,29.0,41,1.6,107,15.8,5565,15.8
"38059","5","44132","77","0","2021","A","","Morton County, North Dakota","Private","NAICS 44132 Tire dealers","County, NAICS 5-digit -- by ownership sector","All establishment sizes",3,26,1133970,859112,689,847,44038,"",1.47,1.81,2.19,1.93,0.30,1.22,1.22,"",0,0.0,-1,-3.7,61576,5.7,49548,6.1,-3994,-85.3,81,10.6,4197,10.5
"38059","5","441320","78","0","2021","A","","Morton County, North Dakota","Private","NAICS 441320 Tire dealers","County, NAICS 6-digit -- by ownership sector","All establishment sizes",3,26,1133970,859112,689,847,44038,"",1.47,1.81,2.19,1.93,0.30,1.22,1.22,"",0,0.0,-1,-3.7,61576,5.7,49548,6.1,-3994,-85.3,81,10.6,4197,10.5
"38059","5","442","75","0","2021","A","","Morton County, North Dakota","Private","NAICS 442 Furniture and home furnishings stores","County, NAICS 3-digit -- by ownership sector","All establishment sizes",5,28,1879692,905618,878,1280,66538,"",1.11,0.79,1.50,0.94,0.14,1.90,1.90,"",0,0.0,-1,-3.4,148459,8.6,-34326,-3.7,-952,-52.0,135,11.8,7011,11.8
"38059","5","4421","76","0","2021","A","N","Morton County, North Dakota","Private","NAICS 4421 Furniture stores","County, NAICS 4-digit -- by ownership sector","All establishment sizes",2,0,0,0,0,0,0,"N",0.90,0,0,0,0,0,0,"N",0,0.0,0,0,0,0,0,0,0,0,0,0,0,0
"38059","5","44211","77","0","2021","A","N","Morton County, North Dakota","Private","NAICS 44211 Furniture stores","County, NAICS 5-digit -- by ownership sector","All establishment sizes",2,0,0,0,0,0,0,"N",0.90,0,0,0,0,0,0,"N",0,0.0,0,0,0,0,0,0,0,0,0,0,0,0
"38059","5","442110","78","0","2021","A","N","Morton County, North Dakota","Private","NAICS 442110 Furniture stores","County, NAICS 6-digit -- by ownership sector","All establishment sizes",2,0,0,0,0,0,0,"N",0.90,0,0,0,0,0,0,"N",0,0.0,0,0,0,0,0,0,0,0,0,0,0,0
"38059","5","4422","76","0","2021","A","N","Morton County, North Dakota","Private","NAICS 4422 Home furnishings stores","County, NAICS 4-digit -- by ownership sector","All establishment sizes",3,0,0,0,0,0,0,"N",1.30,0,0,0,0,0,0,"N",0,0.0,0,0,0,0,0,0,0,0,0,0,0,0
"38059","5","44221","77","0","2021","A","N","Morton County, North Dakota","Private","NAICS 44221 Floor covering stores","County, NAICS 5-digit -- by ownership sector","All establishment sizes",1,0,0,0,0,0,0,"N",1.08,0,0,0,0,0,0,"N",0,0.0,0,0,0,0,0,0,0,0,0,0,0,0
"38059","5","442210","78","0","2021","A","N","Morton County, North Dakota","Private","NAICS 442210 Floor covering stores","County, NAICS 6-digit -- by ownership sector","All establishment sizes",1,0,0,0,0,0,0,"N",1.08,0,0,0,0,0,0,"N",0,0.0,0,0,0,0,0,0,0,0,0,0,0,0
"38059","5","44229","77","0","2021","A","N","Morton County, North Dakota","Private","NAICS 44229 Other home furnishings stores","County, NAICS 5-digit -- by ownership sector","All establishment sizes",2,0,0,0,0,0,0,"N",1.45,0,0,0,0,0,0,"N",0,0.0,0,0,0,0,0,0,0,0,0,0,0,0
"38059","5","442299","78","0","2021","A","N","Morton County, North Dakota","Private","NAICS 442299 All other home furnishings stores","County, NAICS 6-digit -- by ownership sector","All establishment sizes",2,0,0,0,0,0,0,"N",1.75,0,0,0,0,0,0,"N",0,0.0,0,0,0,0,0,0,0,0,0,0,0,0
"38059","5","443","75","0","2021","A","N","Morton County, North Dakota","Private","NAICS 443 Electronics and appliance stores","County, NAICS 3-digit -- by ownership sector","All establishment sizes",1,0,0,0,0,0,0,"N",0.23,0,0,0,0,0,0,"N",0,0.0,0,0,0,0,0,0,0,0,0,0,0,0
"38059","5","4431","76","0","2021","A","N","Morton County, North Dakota","Private","NAICS 4431 Electronics and appliance stores","County, NAICS 4-digit -- by ownership sector","All establishment sizes",1,0,0,0,0,0,0,"N",0.23,0,0,0,0,0,0,"N",0,0.0,0,0,0,0,0,0,0,0,0,0,0,0
"38059","5","44314","77","0","2021","A","N","Morton County, North Dakota","Private","NAICS 44314 Electronics and appliance stores","County, NAICS 5-digit -- by ownership sector","All establishment sizes",1,0,0,0,0,0,0,"N",0.23,0,0,0,0,0,0,"N",0,0.0,0,0,0,0,0,0,0,0,0,0,0,0
"38059","5","443142","78","0","2021","A","N","Morton County, North Dakota","Private","NAICS 443142 Electronics stores","County, NAICS 6-digit -- by ownership sector","All establishment sizes",1,0,0,0,0,0,0,"N",0.27,0,0,0,0,0,0,"N",0,0.0,0,0,0,0,0,0,0,0,0,0,0,0
"38059","5","444","75","0","2021","A","","Morton County, North Dakota","Private","NAICS 444 Building material and garden supply stores","County, NAICS 3-digit -- by ownership sector","All establishment sizes",7,56,2127322,1463910,7547,732,38045,"",1.02,0.50,0.65,0.49,0.43,1.31,1.31,"",0,0.0,-3,-5.1,243,0.0,-88919,-5.7,-618,-7.6,44,6.4,2246,6.3
"38059","5","4441","76","0","2021","A","N","Morton County, North Dakota","Private","NAICS 4441 Building material and supplies dealers","County, NAICS 4-digit -- by ownership sector","All establishment sizes",4,0,0,0,0,0,0,"N",0.77,0,0,0,0,0,0,"N",-1,-20.0,0,0,0,0,0,0,0,0,0,0,0,0
"38059","5","44411","77","0","2021","A","","Morton County, North Dakota","Private","NAICS 44411 Home centers","County, NAICS 5-digit -- by ownership sector","All establishment sizes",3,27,1521756,909912,7104,1077,56016,"",3.25,0.43,0.98,0.56,0.80,2.28,2.29,"",0,0.0,-1,-3.6,95842,6.7,3420,0.4,-543,-7.1,112,11.6,5837,11.6
"38059","5","444110","78","0","2021","A","","Morton County, North Dakota","Private","NAICS 444110 Home centers","County, NAICS 6-digit -- by ownership sector","All establishment sizes",3,27,1521756,909912,7104,1077,56016,"",3.25,0.43,0.98,0.56,0.80,2.28,2.29,"",0,0.0,-1,-3.6,95842,6.7,3420,0.4,-543,-7.1,112,11.6,5837,11.6
"38059","5","44419","77","0","2021","A","N","Morton County, North Dakota","Private","NAICS 44419 Other building material dealers","County, NAICS 5-digit -- by ownership sector","All establishment sizes",1,0,0,0,0,0,0,"N",0.45,0,0,0,0,0,0,"N",0,0.0,0,0,0,0,0,0,0,0,0,0,0,0
"38059","5","444190","78","0","2021","A","N","Morton County, North Dakota","Private","NAICS 444190 Other building material dealers","County, NAICS 6-digit -- by ownership sector","All establishment sizes",1,0,0,0,0,0,0,"N",0.45,0,0,0,0,0,0,"N",0,0.0,0,0,0,0,0,0,0,0,0,0,0,0
"38059","5","4442","76","0","2021","A","N","Morton County, North Dakota","Private","NAICS 4442 Lawn and garden equipment and supplies stores","County, NAICS 4-digit -- by ownership sector","All establishment sizes",3,0,0,0,0,0,0,"N",1.83,0,0,0,0,0,0,"N",1,50.0,0,0,0,0,0,0,0,0,0,0,0,0
"38059","5","44422","77","0","2021","A","N","Morton County, North Dakota","Private","NAICS 44422 Nursery, garden, and farm supply stores","County, NAICS 5-digit -- by ownership sector","All establishment sizes",3,0,0,0,0,0,0,"N",2.40,0,0,0,0,0,0,"N",1,50.0,0,0,0,0,0,0,0,0,0,0,0,0
"38059","5","444220","78","0","2021","A","N","Morton County, North Dakota","Private","NAICS 444220 Nursery, garden, and farm supply stores","County, NAICS 6-digit -- by ownership sector","All establishment sizes",3,0,0,0,0,0,0,"N",2.40,0,0,0,0,0,0,"N",1,50.0,0,0,0,0,0,0,0,0,0,0,0,0
"38059","5","445","75","0","2021","A","","Morton County, North Dakota","Private","NAICS 445 Food and beverage stores","County, NAICS 3-digit -- by ownership sector","All establishment sizes",11,134,3195042,2581935,3656,459,23873,"",0.74,0.54,0.60,0.44,0.13,1.12,1.12,"",-1,-8.3,-4,-2.9,-83128,-2.5,-108015,-4.0,-2287,-38.5,2,0.4,89,0.4
"38059","5","4451","76","0","2021","A","","Morton County, North Dakota","Private","NAICS 4451 Grocery stores","County, NAICS 4-digit -- by ownership sector","All establishment sizes",5,86,1949639,1634012,1306,434,22583,"",0.55,0.39,0.42,0.32,0.06,1.06,1.06,"",0,0.0,-4,-4.4,-126262,-6.1,-135312,-7.6,-1913,-59.4,-9,-2.0,-440,-1.9
"38059","5","44511","77","0","2021","A","N","Morton County, North Dakota","Private","NAICS 44511 Supermarkets and other grocery stores","County, NAICS 5-digit -- by ownership sector","All establishment sizes",4,0,0,0,0,0,0,"N",0.70,0,0,0,0,0,0,"N",0,0.0,0,0,0,0,0,0,0,0,0,0,0,0
"38059","5","445110","78","0","2021","A","N","Morton County, North Dakota","Private","NAICS 445110 Supermarkets and other grocery stores","County, NAICS 6-digit -- by ownership sector","All establishment sizes",4,0,0,0,0,0,0,"N",0.70,0,0,0,0,0,0,"N",0,0.0,0,0,0,0,0,0,0,0,0,0,0,0
"38059","5","44512","77","0","2021","A","N","Morton County, North Dakota","Private","NAICS 44512 Convenience stores","County, NAICS 5-digit -- by ownership sector","All establishment sizes",1,0,0,0,0,0,0,"N",0.30,0,0,0,0,0,0,"N",0,0.0,0,0,0,0,0,0,0,0,0,0,0,0
"38059","5","445120","78","0","2021","A","N","Morton County, North Dakota","Private","NAICS 445120 Convenience stores","County, NAICS 6-digit -- by ownership sector","All establishment sizes",1,0,0,0,0,0,0,"N",0.30,0,0,0,0,0,0,"N",0,0.0,0,0,0,0,0,0,0,0,0,0,0,0
"38059","5","4452","76","0","2021","A","N","Morton County, North Dakota","Private","NAICS 4452 Specialty food stores","County, NAICS 4-digit -- by ownership sector","All establishment sizes",4,0,0,0,0,0,0,"N",1.55,0,0,0,0,0,0,"N",-1,-20.0,0,0,0,0,0,0,0,0,0,0,0,0
"38059","5","44521","77","0","2021","A","N","Morton County, North Dakota","Private","NAICS 44521 Meat markets","County, NAICS 5-digit -- by ownership sector","All establishment sizes",2,0,0,0,0,0,0,"N",3.18,0,0,0,0,0,0,"N",0,0.0,0,0,0,0,0,0,0,0,0,0,0,0
"38059","5","445210","78","0","2021","A","N","Morton County, North Dakota","Private","NAICS 445210 Meat markets","County, NAICS 6-digit -- by ownership sector","All establishment sizes",2,0,0,0,0,0,0,"N",3.18,0,0,0,0,0,0,"N",0,0.0,0,0,0,0,0,0,0,0,0,0,0,0
"38059","5","44523","77","0","2021","A","N","Morton County, North Dakota","Private","NAICS 44523 Fruit and vegetable markets","County, NAICS 5-digit -- by ownership sector","All establishment sizes",1,0,0,0,0,0,0,"N",3.03,0,0,0,0,0,0,"N",0,0.0,0,0,0,0,0,0,0,0,0,0,0,0
"38059","5","445230","78","0","2021","A","N","Morton County, North Dakota","Private","NAICS 445230 Fruit and vegetable markets","County, NAICS 6-digit -- by ownership sector","All establishment sizes",1,0,0,0,0,0,0,"N",3.03,0,0,0,0,0,0,"N",0,0.0,0,0,0,0,0,0,0,0,0,0,0,0
"38059","5","44529","77","0","2021","A","N","Morton County, North Dakota","Private","NAICS 44529 Other specialty food stores","County, NAICS 5-digit -- by ownership sector","All establishment sizes",1,0,0,0,0,0,0,"N",0.72,0,0,0,0,0,0,"N",-1,-50.0,0,0,0,0,0,0,0,0,0,0,0,0
"38059","5","445299","78","0","2021","A","N","Morton County, North Dakota","Private","NAICS 445299 All other specialty food stores","County, NAICS 6-digit -- by ownership sector","All establishment sizes",1,0,0,0,0,0,0,"N",1.17,0,0,0,0,0,0,"N",-1,-50.0,0,0,0,0,0,0,0,0,0,0,0,0
"38059","5","4453","76","0","2021","A","N","Morton County, North Dakota","Private","NAICS 4453 Beer, wine, and liquor stores","County, NAICS 4-digit -- by ownership sector","All establishment sizes",2,0,0,0,0,0,0,"N",0.63,0,0,0,0,0,0,"N",0,0.0,0,0,0,0,0,0,0,0,0,0,0,0
"38059","5","44531","77","0","2021","A","N","Morton County, North Dakota","Private","NAICS 44531 Beer, wine, and liquor stores","County, NAICS 5-digit -- by ownership sector","All establishment sizes",2,0,0,0,0,0,0,"N",0.63,0,0,0,0,0,0,"N",0,0.0,0,0,0,0,0,0,0,0,0,0,0,0
"38059","5","445310","78","0","2021","A","N","Morton County, North Dakota","Private","NAICS 445310 Beer, wine, and liquor stores","County, NAICS 6-digit -- by ownership sector","All establishment sizes",2,0,0,0,0,0,0,"N",0.63,0,0,0,0,0,0,"N",0,0.0,0,0,0,0,0,0,0,0,0,0,0,0
"38059","5","446","75","0","2021","A","","Morton County, North Dakota","Private","NAICS 446 Health and personal care stores","County, NAICS 3-digit -- by ownership sector","All establishment sizes",3,37,1729660,1023871,1594,905,47066,"",0.27,0.45,0.64,0.48,0.14,1.44,1.43,"",0,0.0,0,0.0,-21961,-1.3,-11604,-1.1,-395,-19.9,-7,-0.8,-382,-0.8
"38059","5","4461","76","0","2021","A","","Morton County, North Dakota","Private","NAICS 4461 Health and personal care stores","County, NAICS 4-digit -- by ownership sector","All establishment sizes",3,37,1729660,1023871,1594,905,47066,"",0.27,0.45,0.64,0.48,0.14,1.44,1.43,"",0,0.0,0,0.0,-21961,-1.3,-11604,-1.1,-395,-19.9,-7,-0.8,-382,-0.8
"38059","5","44611","77","0","2021","A","","Morton County, North Dakota","Private","NAICS 44611 Pharmacies and drug stores","County, NAICS 5-digit -- by ownership sector","All establishment sizes",3,37,1729660,1023871,1594,905,47066,"",0.47,0.66,0.89,0.70,0.21,1.35,1.35,"",0,0.0,0,0.0,-21961,-1.3,-11604,-1.1,-395,-19.9,-7,-0.8,-382,-0.8
"38059","5","446110","78","0","2021","A","","Morton County, North Dakota","Private","NAICS 446110 Pharmacies and drug stores","County, NAICS 6-digit -- by ownership sector","All establishment sizes",3,37,1729660,1023871,1594,905,47066,"",0.47,0.66,0.89,0.70,0.21,1.35,1.35,"",0,0.0,0,0.0,-21961,-1.3,-11604,-1.1,-395,-19.9,-7,-0.8,-382,-0.8
"38059","5","447","75","0","2021","A","","Morton County, North Dakota","Private","NAICS 447 Gasoline stations","County, NAICS 3-digit -- by ownership sector","All establishment sizes",14,225,6116742,5128112,12542,523,27206,"",1.30,3.01,4.11,2.73,1.39,1.37,1.37,"",0,0.0,14,6.6,461691,8.2,609333,13.5,1707,15.8,7,1.4,394,1.5
"38059","5","4471","76","0","2021","A","","Morton County, North Dakota","Private","NAICS 4471 Gasoline stations","County, NAICS 4-digit -- by ownership sector","All establishment sizes",14,225,6116742,5128112,12542,523,27206,"",1.30,3.01,4.11,2.73,1.39,1.37,1.37,"",0,0.0,14,6.6,461691,8.2,609333,13.5,1707,15.8,7,1.4,394,1.5
"38059","5","44711","77","0","2021","A","","Morton County, North Dakota","Private","NAICS 44711 Gasoline stations with convenience stores","County, NAICS 5-digit -- by ownership sector","All establishment sizes",14,225,6116742,5128112,12542,523,27206,"",1.43,3.35,4.71,3.07,1.58,1.41,1.41,"",0,0.0,14,6.6,461691,8.2,609333,13.5,1707,15.8,7,1.4,394,1.5
"38059","5","447110","78","0","2021","A","","Morton County, North Dakota","Private","NAICS 447110 Gasoline stations with convenience stores","County, NAICS 6-digit -- by ownership sector","All establishment sizes",14,225,6116742,5128112,12542,523,27206,"",1.43,3.35,4.71,3.07,1.58,1.41,1.41,"",0,0.0,14,6.6,461691,8.2,609333,13.5,1707,15.8,7,1.4,394,1.5
"38059","5","451","75","0","2021","A","","Morton County, North Dakota","Private","NAICS 451 Sports, hobby, music instrument, book stores","County, NAICS 3-digit -- by ownership sector","All establishment sizes",4,14,286232,264140,210,403,20944,"",0.84,0.33,0.34,0.27,0.04,1.03,1.03,"",0,0.0,0,0.0,-19532,-6.4,-11836,-4.3,-10,-4.5,-10,-2.4,-513,-2.4
"38059","5","4511","76","0","2021","A","N","Morton County, North Dakota","Private","NAICS 4511 Sporting goods and musical instrument stores","County, NAICS 4-digit -- by ownership sector","All establishment sizes",3,0,0,0,0,0,0,"N",0.74,0,0,0,0,0,0,"N",0,0.0,0,0,0,0,0,0,0,0,0,0,0,0
"38059","5","45111","77","0","2021","A","N","Morton County, North Dakota","Private","NAICS 45111 Sporting goods stores","County, NAICS 5-digit -- by ownership sector","All establishment sizes",2,0,0,0,0,0,0,"N",0.88,0,0,0,0,0,0,"N",0,0.0,0,0,0,0,0,0,0,0,0,0,0,0
"38059","5","451110","78","0","2021","A","N","Morton County, North Dakota","Private","NAICS 451110 Sporting goods stores","County, NAICS 6-digit -- by ownership sector","All establishment sizes",2,0,0,0,0,0,0,"N",0.88,0,0,0,0,0,0,"N",0,0.0,0,0,0,0,0,0,0,0,0,0,0,0
"38059","5","45113","77","0","2021","A","N","Morton County, North Dakota","Private","NAICS 45113 Sewing, needlework, and piece goods stores","County, NAICS 5-digit -- by ownership sector","All establishment sizes",1,0,0,0,0,0,0,"N",2.52,0,0,0,0,0,0,"N",0,0.0,0,0,0,0,0,0,0,0,0,0,0,0
"38059","5","451130","78","0","2021","A","N","Morton County, North Dakota","Private","NAICS 451130 Sewing, needlework, and piece goods stores","County, NAICS 6-digit -- by ownership sector","All establishment sizes",1,0,0,0,0,0,0,"N",2.52,0,0,0,0,0,0,"N",0,0.0,0,0,0,0,0,0,0,0,0,0,0,0
"38059","5","4512","76","0","2021","A","N","Morton County, North Dakota","Private","NAICS 4512 Book stores and news dealers","County, NAICS 4-digit -- by ownership sector","All establishment sizes",1,0,0,0,0,0,0,"N",1.44,0,0,0,0,0,0,"N",0,0.0,0,0,0,0,0,0,0,0,0,0,0,0
"38059","5","45121","77","0","2021","A","N","Morton County, North Dakota","Private","NAICS 45121 Book stores and news dealers","County, NAICS 5-digit -- by ownership sector","All establishment sizes",1,0,0,0,0,0,0,"N",1.44,0,0,0,0,0,0,"N",0,0.0,0,0,0,0,0,0,0,0,0,0,0,0
"38059","5","451211","78","0","2021","A","N","Morton County, North Dakota","Private","NAICS 451211 Book stores","County, NAICS 6-digit -- by ownership sector","All establishment sizes",1,0,0,0,0,0,0,"N",1.63,0,0,0,0,0,0,"N",0,0.0,0,0,0,0,0,0,0,0,0,0,0,0
"38059","5","452","75","0","2021","A","N","Morton County, North Dakota","Private","NAICS 452 General merchandise stores","County, NAICS 3-digit -- by ownership sector","All establishment sizes",3,0,0,0,0,0,0,"N",0.45,0,0,0,0,0,0,"N",0,0.0,0,0,0,0,0,0,0,0,0,0,0,0
"38059","5","4523","76","0","2021","A","N","Morton County, North Dakota","Private","NAICS 4523 General merchandise stores, including warehouse clubs and supercenters","County, NAICS 4-digit -- by ownership sector","All establishment sizes",3,0,0,0,0,0,0,"N",0.55,0,0,0,0,0,0,"N",0,0.0,0,0,0,0,0,0,0,0,0,0,0,0
"38059","5","45231","77","0","2021","A","N","Morton County, North Dakota","Private","NAICS 45231 General merchandise stores, including warehouse clubs and supercenters","County, NAICS 5-digit -- by ownership sector","All establishment sizes",3,0,0,0,0,0,0,"N",0.55,0,0,0,0,0,0,"N",0,0.0,0,0,0,0,0,0,0,0,0,0,0,0
"38059","5","452311","78","0","2021","A","N","Morton County, North Dakota","Private","NAICS 452311 Warehouse clubs and supercenters","County, NAICS 6-digit -- by ownership sector","All establishment sizes",1,0,0,0,0,0,0,"N",1.61,0,0,0,0,0,0,"N",0,0.0,0,0,0,0,0,0,0,0,0,0,0,0
"38059","5","452319","78","0","2021","A","N","Morton County, North Dakota","Private","NAICS 452319 All other general merchandise stores","County, NAICS 6-digit -- by ownership sector","All establishment sizes",2,0,0,0,0,0,0,"N",0.41,0,0,0,0,0,0,"N",0,0.0,0,0,0,0,0,0,0,0,0,0,0,0
"38059","5","453","75","0","2021","A","","Morton County, North Dakota","Private","NAICS 453 Miscellaneous store retailers","County, NAICS 3-digit -- by ownership sector","All establishment sizes",9,43,1309459,895239,4545,591,30751,"",0.79,0.66,0.82,0.58,0.44,1.26,1.26,"",0,0.0,3,7.5,112090,9.4,52921,6.3,-271,-5.6,18,3.1,941,3.2
"38059","5","4531","76","0","2021","A","N","Morton County, North Dakota","Private","NAICS 4531 Florists","County, NAICS 4-digit -- by ownership sector","All establishment sizes",2,0,0,0,0,0,0,"N",1.66,0,0,0,0,0,0,"N",0,0.0,0,0,0,0,0,0,0,0,0,0,0,0
"38059","5","45311","77","0","2021","A","N","Morton County, North Dakota","Private","NAICS 45311 Florists","County, NAICS 5-digit -- by ownership sector","All establishment sizes",2,0,0,0,0,0,0,"N",1.66,0,0,0,0,0,0,"N",0,0.0,0,0,0,0,0,0,0,0,0,0,0,0
"38059","5","453110","78","0","2021","A","N","Morton County, North Dakota","Private","NAICS 453110 Florists","County, NAICS 6-digit -- by ownership sector","All establishment sizes",2,0,0,0,0,0,0,"N",1.66,0,0,0,0,0,0,"N",0,0.0,0,0,0,0,0,0,0,0,0,0,0,0
"38059","5","4532","76","0","2021","A","N","Morton County, North Dakota","Private","NAICS 4532 Office supplies, stationery, and gift stores","County, NAICS 4-digit -- by ownership sector","All establishment sizes",1,0,0,0,0,0,0,"N",0.40,0,0,0,0,0,0,"N",-1,-50.0,0,0,0,0,0,0,0,0,0,0,0,0
"38059","5","45322","77","0","2021","A","N","Morton County, North Dakota","Private","NAICS 45322 Gift, novelty, and souvenir stores","County, NAICS 5-digit -- by ownership sector","All establishment sizes",1,0,0,0,0,0,0,"N",0.55,0,0,0,0,0,0,"N",-1,-50.0,0,0,0,0,0,0,0,0,0,0,0,0
"38059","5","453220","78","0","2021","A","N","Morton County, North Dakota","Private","NAICS 453220 Gift, novelty, and souvenir stores","County, NAICS 6-digit -- by ownership sector","All establishment sizes",1,0,0,0,0,0,0,"N",0.55,0,0,0,0,0,0,"N",-1,-50.0,0,0,0,0,0,0,0,0,0,0,0,0
"38059","5","4533","76","0","2021","A","N","Morton County, North Dakota","Private","NAICS 4533 Used merchandise stores","County, NAICS 4-digit -- by ownership sector","All establishment sizes",1,0,0,0,0,0,0,"N",0.59,0,0,0,0,0,0,"N",0,0.0,0,0,0,0,0,0,0,0,0,0,0,0
"38059","5","45331","77","0","2021","A","N","Morton County, North Dakota","Private","NAICS 45331 Used merchandise stores","County, NAICS 5-digit -- by ownership sector","All establishment sizes",1,0,0,0,0,0,0,"N",0.59,0,0,0,0,0,0,"N",0,0.0,0,0,0,0,0,0,0,0,0,0,0,0
"38059","5","453310","78","0","2021","A","N","Morton County, North Dakota","Private","NAICS 453310 Used merchandise stores","County, NAICS 6-digit -- by ownership sector","All establishment sizes",1,0,0,0,0,0,0,"N",0.59,0,0,0,0,0,0,"N",0,0.0,0,0,0,0,0,0,0,0,0,0,0,0
"38059","5","4539","76","0","2021","A","","Morton County, North Dakota","Private","NAICS 4539 Other miscellaneous store retailers","County, NAICS 4-digit -- by ownership sector","All establishment sizes",4,23,930726,569089,456,784,40762,"",0.67,0.74,1.05,0.67,0.08,1.44,1.43,"",0,0.0,1,4.5,80238,9.4,29234,5.4,-189,-29.3,49,6.7,2538,6.6
"38059","5","45393","77","0","2021","A","N","Morton County, North Dakota","Private","NAICS 45393 Manufactured, mobile, home dealers","County, NAICS 5-digit -- by ownership sector","All establishment sizes",2,0,0,0,0,0,0,"N",9.75,0,0,0,0,0,0,"N",0,0.0,0,0,0,0,0,0,0,0,0,0,0,0
"38059","5","453930","78","0","2021","A","N","Morton County, North Dakota","Private","NAICS 453930 Manufactured, mobile, home dealers","County, NAICS 6-digit -- by ownership sector","All establishment sizes",2,0,0,0,0,0,0,"N",9.75,0,0,0,0,0,0,"N",0,0.0,0,0,0,0,0,0,0,0,0,0,0,0
"38059","5","45399","77","0","2021","A","N","Morton County, North Dakota","Private","NAICS 45399 All other miscellaneous store retailers","County, NAICS 5-digit -- by ownership sector","All establishment sizes",2,0,0,0,0,0,0,"N",0.47,0,0,0,0,0,0,"N",0,0.0,0,0,0,0,0,0,0,0,0,0,0,0
"38059","5","453991","78","0","2021","A","N","Morton County, North Dakota","Private","NAICS 453991 Tobacco stores","County, NAICS 6-digit -- by ownership sector","All establishment sizes",1,0,0,0,0,0,0,"N",0.76,0,0,0,0,0,0,"N",0,0.0,0,0,0,0,0,0,0,0,0,0,0,0
"38059","5","453998","78","0","2021","A","N","Morton County, North Dakota","Private","NAICS 453998 Store retailers not specified elsewhere","County, NAICS 6-digit -- by ownership sector","All establishment sizes",1,0,0,0,0,0,0,"N",0.34,0,0,0,0,0,0,"N",0,0.0,0,0,0,0,0,0,0,0,0,0,0,0
"38059","5","454","75","0","2021","A","N","Morton County, North Dakota","Private","NAICS 454 Nonstore retailers","County, NAICS 3-digit -- by ownership sector","All establishment sizes",3,0,0,0,0,0,0,"N",0.46,0,0,0,0,0,0,"N",-1,-25.0,0,0,0,0,0,0,0,0,0,0,0,0
"38059","5","4541","76","0","2021","A","N","Morton County, North Dakota","Private","NAICS 4541 Electronic shopping and mail-order houses","County, NAICS 4-digit -- by ownership sector","All establishment sizes",1,0,0,0,0,0,0,"N",0.24,0,0,0,0,0,0,"N",-1,-50.0,0,0,0,0,0,0,0,0,0,0,0,0
"38059","5","45411","77","0","2021","A","N","Morton County, North Dakota","Private","NAICS 45411 Electronic shopping and mail-order houses","County, NAICS 5-digit -- by ownership sector","All establishment sizes",1,0,0,0,0,0,0,"N",0.24,0,0,0,0,0,0,"N",-1,-50.0,0,0,0,0,0,0,0,0,0,0,0,0
"38059","5","454110","78","0","2021","A","N","Morton County, North Dakota","Private","NAICS 454110 Electronic shopping and mail-order houses","County, NAICS 6-digit -- by ownership sector","All establishment sizes",1,0,0,0,0,0,0,"N",0.24,0,0,0,0,0,0,"N",-1,-50.0,0,0,0,0,0,0,0,0,0,0,0,0
"38059","5","4542","76","0","2021","A","N","Morton County, North Dakota","Private","NAICS 4542 Vending machine operators","County, NAICS 4-digit -- by ownership sector","All establishment sizes",1,0,0,0,0,0,0,"N",2.91,0,0,0,0,0,0,"N",0,0.0,0,0,0,0,0,0,0,0,0,0,0,0
"38059","5","45421","77","0","2021","A","N","Morton County, North Dakota","Private","NAICS 45421 Vending machine operators","County, NAICS 5-digit -- by ownership sector","All establishment sizes",1,0,0,0,0,0,0,"N",2.91,0,0,0,0,0,0,"N",0,0.0,0,0,0,0,0,0,0,0,0,0,0,0
"38059","5","454210","78","0","2021","A","N","Morton County, North Dakota","Private","NAICS 454210 Vending machine operators","County, NAICS 6-digit -- by ownership sector","All establishment sizes",1,0,0,0,0,0,0,"N",2.91,0,0,0,0,0,0,"N",0,0.0,0,0,0,0,0,0,0,0,0,0,0,0
"38059","5","4543","76","0","2021","A","N","Morton County, North Dakota","Private","NAICS 4543 Direct selling establishments","County, NAICS 4-digit -- by ownership sector","All establishment sizes",1,0,0,0,0,0,0,"N",0.48,0,0,0,0,0,0,"N",0,0.0,0,0,0,0,0,0,0,0,0,0,0,0
"38059","5","45439","77","0","2021","A","N","Morton County, North Dakota","Private","NAICS 45439 Other direct selling establishments","County, NAICS 5-digit -- by ownership sector","All establishment sizes",1,0,0,0,0,0,0,"N",0.76,0,0,0,0,0,0,"N",0,0.0,0,0,0,0,0,0,0,0,0,0,0,0
"38059","5","454390","78","0","2021","A","N","Morton County, North Dakota","Private","NAICS 454390 Other direct selling establishments","County, NAICS 6-digit -- by ownership sector","All establishment sizes",1,0,0,0,0,0,0,"N",0.76,0,0,0,0,0,0,"N",0,0.0,0,0,0,0,0,0,0,0,0,0,0,0
"38059","5","48-49","74","0","2021","A","","Morton County, North Dakota","Private","NAICS 48-49 Transportation and warehousing","County, NAICS Sector -- by ownership sector","All establishment sizes",60,285,17703593,11149775,38352,1193,62045,"",2.08,0.60,0.86,0.76,0.37,1.45,1.45,"",-1,-1.6,3,1.1,491656,2.9,1087796,10.8,-1224,-3.1,19,1.6,992,1.6
"38059","5","481","75","0","2021","A","N","Morton County, North Dakota","Private","NAICS 481 Air transportation","County, NAICS 3-digit -- by ownership sector","All establishment sizes",1,0,0,0,0,0,0,"N",1.59,0,0,0,0,0,0,"N",1,100.0,0,0,0,0,0,0,0,0,0,0,0,0
"38059","5","4812","76","0","2021","A","N","Morton County, North Dakota","Private","NAICS 4812 Nonscheduled air transportation","County, NAICS 4-digit -- by ownership sector","All establishment sizes",1,0,0,0,0,0,0,"N",2.66,0,0,0,0,0,0,"N",1,100.0,0,0,0,0,0,0,0,0,0,0,0,0
"38059","5","48121","77","0","2021","A","N","Morton County, North Dakota","Private","NAICS 48121 Nonscheduled air transportation","County, NAICS 5-digit -- by ownership sector","All establishment sizes",1,0,0,0,0,0,0,"N",2.66,0,0,0,0,0,0,"N",1,100.0,0,0,0,0,0,0,0,0,0,0,0,0
"38059","5","481211","78","0","2021","A","N","Morton County, North Dakota","Private","NAICS 481211 Nonscheduled air passenger chartering","County, NAICS 6-digit -- by ownership sector","All establishment sizes",1,0,0,0,0,0,0,"N",4.08,0,0,0,0,0,0,"N",1,100.0,0,0,0,0,0,0,0,0,0,0,0,0
"38059","5","484","75","0","2021","A","","Morton County, North Dakota","Private","NAICS 484 Truck transportation","County, NAICS 3-digit -- by ownership sector","All establishment sizes",43,199,13361212,8416114,28373,1292,67170,"",2.70,1.65,2.50,2.12,1.07,1.52,1.52,"",-1,-2.3,15,8.2,1150205,9.4,1146255,15.8,-2163,-7.1,19,1.5,956,1.4
"38059","5","4841","76","0","2021","A","","Morton County, North Dakota","Private","NAICS 4841 General freight trucking","County, NAICS 4-digit -- by ownership sector","All establishment sizes",5,48,3349663,1916859,1533,1330,69184,"",0.47,0.57,0.89,0.69,0.09,1.55,1.55,"",-1,-16.7,-1,-2.0,-64937,-1.9,-131377,-6.4,-214,-12.2,-12,-0.9,-620,-0.9
"38059","5","48411","77","0","2021","A","N","Morton County, North Dakota","Private","NAICS 48411 General freight trucking, local","County, NAICS 5-digit -- by ownership sector","All establishment sizes",1,0,0,0,0,0,0,"N",0.24,0,0,0,0,0,0,"N",0,0.0,0,0,0,0,0,0,0,0,0,0,0,0
"38059","5","484110","78","0","2021","A","N","Morton County, North Dakota","Private","NAICS 484110 General freight trucking, local","County, NAICS 6-digit -- by ownership sector","All establishment sizes",1,0,0,0,0,0,0,"N",0.24,0,0,0,0,0,0,"N",0,0.0,0,0,0,0,0,0,0,0,0,0,0,0
"38059","5","48412","77","0","2021","A","N","Morton County, North Dakota","Private","NAICS 48412 General freight trucking, long-distance","County, NAICS 5-digit -- by ownership sector","All establishment sizes",4,0,0,0,0,0,0,"N",0.62,0,0,0,0,0,0,"N",-1,-20.0,0,0,0,0,0,0,0,0,0,0,0,0
"38059","5","484121","78","0","2021","A","N","Morton County, North Dakota","Private","NAICS 484121 General freight trucking, long-distance tl","County, NAICS 6-digit -- by ownership sector","All establishment sizes",4,0,0,0,0,0,0,"N",0.75,0,0,0,0,0,0,"N",-1,-20.0,0,0,0,0,0,0,0,0,0,0,0,0
"38059","5","4842","76","0","2021","A","","Morton County, North Dakota","Private","NAICS 4842 Specialized freight trucking","County, NAICS 4-digit -- by ownership sector","All establishment sizes",38,151,10011549,6499255,26840,1279,66522,"",7.26,4.20,6.39,5.43,2.86,1.53,1.53,"",0,0.0,15,11.0,1215142,13.8,1277632,24.5,-1949,-6.8,31,2.5,1604,2.5
"38059","5","48421","77","0","2021","A","N","Morton County, North Dakota","Private","NAICS 48421 Used household and office goods moving","County, NAICS 5-digit -- by ownership sector","All establishment sizes",2,0,0,0,0,0,0,"N",2.12,0,0,0,0,0,0,"N",1,100.0,0,0,0,0,0,0,0,0,0,0,0,0
"38059","5","484210","78","0","2021","A","N","Morton County, North Dakota","Private","NAICS 484210 Used household and office goods moving","County, NAICS 6-digit -- by ownership sector","All establishment sizes",2,0,0,0,0,0,0,"N",2.12,0,0,0,0,0,0,"N",1,100.0,0,0,0,0,0,0,0,0,0,0,0,0
"38059","5","48422","77","0","2021","A","","Morton County, North Dakota","Private","NAICS 48422 Other specialized trucking, local","County, NAICS 5-digit -- by ownership sector","All establishment sizes",17,90,6574018,4157497,21541,1405,73045,"",5.57,5.14,8.56,6.90,3.87,1.67,1.67,"",-4,-19.0,5,5.9,621766,10.4,830565,25.0,-346,-1.6,52,3.8,2674,3.8
"38059","5","484220","78","0","2021","A","","Morton County, North Dakota","Private","NAICS 484220 Other specialized trucking, local","County, NAICS 6-digit -- by ownership sector","All establishment sizes",17,90,6574018,4157497,21541,1405,73045,"",5.57,5.14,8.56,6.90,3.87,1.67,1.67,"",-4,-19.0,5,5.9,621766,10.4,830565,25.0,-346,-1.6,52,3.8,2674,3.8
"38059","5","48423","77","0","2021","A","N","Morton County, North Dakota","Private","NAICS 48423 Other specialized trucking, long-distance","County, NAICS 5-digit -- by ownership sector","All establishment sizes",19,0,0,0,0,0,0,"N",15.39,0,0,0,0,0,0,"N",3,18.8,0,0,0,0,0,0,0,0,0,0,0,0
"38059","5","484230","78","0","2021","A","N","Morton County, North Dakota","Private","NAICS 484230 Other specialized trucking, long-distance","County, NAICS 6-digit -- by ownership sector","All establishment sizes",19,0,0,0,0,0,0,"N",15.39,0,0,0,0,0,0,"N",3,18.8,0,0,0,0,0,0,0,0,0,0,0,0
"38059","5","485","75","0","2021","A","","Morton County, North Dakota","Private","NAICS 485 Transit and ground passenger transportation","County, NAICS 3-digit -- by ownership sector","All establishment sizes",3,35,745064,689362,6501,407,21187,"",1.48,1.18,0.75,0.81,0.49,0.63,0.63,"N",-1,-25.0,0,0,0,0,0,0,0,0,0,0,0,0
"38059","5","4853","76","0","2021","A","N","Morton County, North Dakota","Private","NAICS 4853 Taxi and limousine service","County, NAICS 4-digit -- by ownership sector","All establishment sizes",2,0,0,0,0,0,0,"N",2.88,0,0,0,0,0,0,"N",0,0.0,0,0,0,0,0,0,0,0,0,0,0,0
"38059","5","48531","77","0","2021","A","N","Morton County, North Dakota","Private","NAICS 48531 Taxi service","County, NAICS 5-digit -- by ownership sector","All establishment sizes",1,0,0,0,0,0,0,"N",3.56,0,0,0,0,0,0,"N",0,0.0,0,0,0,0,0,0,0,0,0,0,0,0
"38059","5","485310","78","0","2021","A","N","Morton County, North Dakota","Private","NAICS 485310 Taxi service","County, NAICS 6-digit -- by ownership sector","All establishment sizes",1,0,0,0,0,0,0,"N",3.56,0,0,0,0,0,0,"N",0,0.0,0,0,0,0,0,0,0,0,0,0,0,0
"38059","5","48532","77","0","2021","A","N","Morton County, North Dakota","Private","NAICS 48532 Limousine service","County, NAICS 5-digit -- by ownership sector","All establishment sizes",1,0,0,0,0,0,0,"N",2.42,0,0,0,0,0,0,"N",0,0.0,0,0,0,0,0,0,0,0,0,0,0,0
"38059","5","485320","78","0","2021","A","N","Morton County, North Dakota","Private","NAICS 485320 Limousine service","County, NAICS 6-digit -- by ownership sector","All establishment sizes",1,0,0,0,0,0,0,"N",2.42,0,0,0,0,0,0,"N",0,0.0,0,0,0,0,0,0,0,0,0,0,0,0
"38059","5","4854","76","0","2021","A","N","Morton County, North Dakota","Private","NAICS 4854 School and employee bus transportation","County, NAICS 4-digit -- by ownership sector","All establishment sizes",1,0,0,0,0,0,0,"N",2.37,0,0,0,0,0,0,"N",0,0.0,0,0,0,0,0,0,0,0,0,0,0,0
"38059","5","48541","77","0","2021","A","N","Morton County, North Dakota","Private","NAICS 48541 School and employee bus transportation","County, NAICS 5-digit -- by ownership sector","All establishment sizes",1,0,0,0,0,0,0,"N",2.37,0,0,0,0,0,0,"N",0,0.0,0,0,0,0,0,0,0,0,0,0,0,0
"38059","5","485410","78","0","2021","A","N","Morton County, North Dakota","Private","NAICS 485410 School and employee bus transportation","County, NAICS 6-digit -- by ownership sector","All establishment sizes",1,0,0,0,0,0,0,"N",2.37,0,0,0,0,0,0,"N",0,0.0,0,0,0,0,0,0,0,0,0,0,0,0
"38059","5","486","75","0","2021","A","N","Morton County, North Dakota","Private","NAICS 486 Pipeline transportation","County, NAICS 3-digit -- by ownership sector","All establishment sizes",3,0,0,0,0,0,0,"N",9.19,0,0,0,0,0,0,"N",-1,-25.0,0,0,0,0,0,0,0,0,0,0,0,0
"38059","5","4862","76","0","2021","A","N","Morton County, North Dakota","Private","NAICS 4862 Pipeline transportation of natural gas","County, NAICS 4-digit -- by ownership sector","All establishment sizes",3,0,0,0,0,0,0,"N",14.75,0,0,0,0,0,0,"N",-1,-25.0,0,0,0,0,0,0,0,0,0,0,0,0
"38059","5","48621","77","0","2021","A","N","Morton County, North Dakota","Private","NAICS 48621 Pipeline transportation of natural gas","County, NAICS 5-digit -- by ownership sector","All establishment sizes",3,0,0,0,0,0,0,"N",14.75,0,0,0,0,0,0,"N",-1,-25.0,0,0,0,0,0,0,0,0,0,0,0,0
"38059","5","486210","78","0","2021","A","N","Morton County, North Dakota","Private","NAICS 486210 Pipeline transportation of natural gas","County, NAICS 6-digit -- by ownership sector","All establishment sizes",3,0,0,0,0,0,0,"N",14.75,0,0,0,0,0,0,"N",-1,-25.0,0,0,0,0,0,0,0,0,0,0,0,0
"38059","5","487","75","0","2021","A","N","Morton County, North Dakota","Private","NAICS 487 Scenic and sightseeing transportation","County, NAICS 3-digit -- by ownership sector","All establishment sizes",1,0,0,0,0,0,0,"N",2.90,0,0,0,0,0,0,"N",0,0.0,0,0,0,0,0,0,0,0,0,0,0,0
"38059","5","4871","76","0","2021","A","N","Morton County, North Dakota","Private","NAICS 4871 Scenic and sightseeing transportation, land","County, NAICS 4-digit -- by ownership sector","All establishment sizes",1,0,0,0,0,0,0,"N",11.58,0,0,0,0,0,0,"N",0,0.0,0,0,0,0,0,0,0,0,0,0,0,0
"38059","5","48711","77","0","2021","A","N","Morton County, North Dakota","Private","NAICS 48711 Scenic and sightseeing transportation, land","County, NAICS 5-digit -- by ownership sector","All establishment sizes",1,0,0,0,0,0,0,"N",11.58,0,0,0,0,0,0,"N",0,0.0,0,0,0,0,0,0,0,0,0,0,0,0
"38059","5","487110","78","0","2021","A","N","Morton County, North Dakota","Private","NAICS 487110 Scenic and sightseeing transportation, land","County, NAICS 6-digit -- by ownership sector","All establishment sizes",1,0,0,0,0,0,0,"N",11.58,0,0,0,0,0,0,"N",0,0.0,0,0,0,0,0,0,0,0,0,0,0,0
"38059","5","488","75","0","2021","A","","Morton County, North Dakota","Private","NAICS 488 Support activities for transportation","County, NAICS 3-digit -- by ownership sector","All establishment sizes",6,25,1790272,1141232,1061,1391,72334,"",1.16,0.44,0.63,0.65,0.08,1.46,1.46,"",0,0.0,-3,-10.7,-178625,-9.1,4846,0.4,-167,-13.6,31,2.3,1595,2.3
"38059","5","4881","76","0","2021","A","N","Morton County, North Dakota","Private","NAICS 4881 Support activities for air transportation","County, NAICS 4-digit -- by ownership sector","All establishment sizes",1,0,0,0,0,0,0,"N",1.19,0,0,0,0,0,0,"N",0,0.0,0,0,0,0,0,0,0,0,0,0,0,0
"38059","5","48819","77","0","2021","A","N","Morton County, North Dakota","Private","NAICS 48819 Other support activities for air transport.","County, NAICS 5-digit -- by ownership sector","All establishment sizes",1,0,0,0,0,0,0,"N",1.63,0,0,0,0,0,0,"N",0,0.0,0,0,0,0,0,0,0,0,0,0,0,0
"38059","5","488190","78","0","2021","A","N","Morton County, North Dakota","Private","NAICS 488190 Other support activities for air transport.","County, NAICS 6-digit -- by ownership sector","All establishment sizes",1,0,0,0,0,0,0,"N",1.63,0,0,0,0,0,0,"N",0,0.0,0,0,0,0,0,0,0,0,0,0,0,0
"38059","5","4882","76","0","2021","A","N","Morton County, North Dakota","Private","NAICS 4882 Support activities for rail transportation","County, NAICS 4-digit -- by ownership sector","All establishment sizes",3,0,0,0,0,0,0,"N",16.66,0,0,0,0,0,0,"N",0,0.0,0,0,0,0,0,0,0,0,0,0,0,0
"38059","5","48821","77","0","2021","A","N","Morton County, North Dakota","Private","NAICS 48821 Support activities for rail transportation","County, NAICS 5-digit -- by ownership sector","All establishment sizes",3,0,0,0,0,0,0,"N",16.66,0,0,0,0,0,0,"N",0,0.0,0,0,0,0,0,0,0,0,0,0,0,0
"38059","5","488210","78","0","2021","A","N","Morton County, North Dakota","Private","NAICS 488210 Support activities for rail transportation","County, NAICS 6-digit -- by ownership sector","All establishment sizes",3,0,0,0,0,0,0,"N",16.66,0,0,0,0,0,0,"N",0,0.0,0,0,0,0,0,0,0,0,0,0,0,0
"38059","5","4885","76","0","2021","A","N","Morton County, North Dakota","Private","NAICS 4885 Freight transportation arrangement","County, NAICS 4-digit -- by ownership sector","All establishment sizes",2,0,0,0,0,0,0,"N",0.94,0,0,0,0,0,0,"N",0,0.0,0,0,0,0,0,0,0,0,0,0,0,0
"38059","5","48851","77","0","2021","A","N","Morton County, North Dakota","Private","NAICS 48851 Freight transportation arrangement","County, NAICS 5-digit -- by ownership sector","All establishment sizes",2,0,0,0,0,0,0,"N",0.94,0,0,0,0,0,0,"N",0,0.0,0,0,0,0,0,0,0,0,0,0,0,0
"38059","5","488510","78","0","2021","A","N","Morton County, North Dakota","Private","NAICS 488510 Freight transportation arrangement","County, NAICS 6-digit -- by ownership sector","All establishment sizes",2,0,0,0,0,0,0,"N",0.94,0,0,0,0,0,0,"N",0,0.0,0,0,0,0,0,0,0,0,0,0,0,0
"38059","5","491","75","0","2021","A","N","Morton County, North Dakota","Private","NAICS 491 Postal service","County, NAICS 3-digit -- by ownership sector","All establishment sizes",1,0,0,0,0,0,0,"N",10.03,0,0,0,0,0,0,"N",1,100.0,0,0,0,0,0,0,0,0,0,0,0,0
"38059","5","4911","76","0","2021","A","N","Morton County, North Dakota","Private","NAICS 4911 Postal service","County, NAICS 4-digit -- by ownership sector","All establishment sizes",1,0,0,0,0,0,0,"N",10.03,0,0,0,0,0,0,"N",1,100.0,0,0,0,0,0,0,0,0,0,0,0,0
"38059","5","49111","77","0","2021","A","N","Morton County, North Dakota","Private","NAICS 49111 Postal service","County, NAICS 5-digit -- by ownership sector","All establishment sizes",1,0,0,0,0,0,0,"N",10.03,0,0,0,0,0,0,"N",1,100.0,0,0,0,0,0,0,0,0,0,0,0,0
"38059","5","491110","78","0","2021","A","N","Morton County, North Dakota","Private","NAICS 491110 Postal service","County, NAICS 6-digit -- by ownership sector","All establishment sizes",1,0,0,0,0,0,0,"N",10.03,0,0,0,0,0,0,"N",1,100.0,0,0,0,0,0,0,0,0,0,0,0,0
"38059","5","492","75","0","2021","A","N","Morton County, North Dakota","Private","NAICS 492 Couriers and messengers","County, NAICS 3-digit -- by ownership sector","All establishment sizes",3,0,0,0,0,0,0,"N",1.41,0,0,0,0,0,0,"N",0,0.0,0,0,0,0,0,0,0,0,0,0,0,0
"38059","5","4921","76","0","2021","A","N","Morton County, North Dakota","Private","NAICS 4921 Couriers and express delivery services","County, NAICS 4-digit -- by ownership sector","All establishment sizes",2,0,0,0,0,0,0,"N",1.59,0,0,0,0,0,0,"N",0,0.0,0,0,0,0,0,0,0,0,0,0,0,0
"38059","5","49211","77","0","2021","A","N","Morton County, North Dakota","Private","NAICS 49211 Couriers and express delivery services","County, NAICS 5-digit -- by ownership sector","All establishment sizes",2,0,0,0,0,0,0,"N",1.59,0,0,0,0,0,0,"N",0,0.0,0,0,0,0,0,0,0,0,0,0,0,0
"38059","5","492110","78","0","2021","A","N","Morton County, North Dakota","Private","NAICS 492110 Couriers and express delivery services","County, NAICS 6-digit -- by ownership sector","All establishment sizes",2,0,0,0,0,0,0,"N",1.59,0,0,0,0,0,0,"N",0,0.0,0,0,0,0,0,0,0,0,0,0,0,0
"38059","5","4922","76","0","2021","A","N","Morton County, North Dakota","Private","NAICS 4922 Local messengers and local delivery","County, NAICS 4-digit -- by ownership sector","All establishment sizes",1,0,0,0,0,0,0,"N",1.15,0,0,0,0,0,0,"N",0,0.0,0,0,0,0,0,0,0,0,0,0,0,0
"38059","5","49221","77","0","2021","A","N","Morton County, North Dakota","Private","NAICS 49221 Local messengers and local delivery","County, NAICS 5-digit -- by ownership sector","All establishment sizes",1,0,0,0,0,0,0,"N",1.15,0,0,0,0,0,0,"N",0,0.0,0,0,0,0,0,0,0,0,0,0,0,0
"38059","5","492210","78","0","2021","A","N","Morton County, North Dakota","Private","NAICS 492210 Local messengers and local delivery","County, NAICS 6-digit -- by ownership sector","All establishment sizes",1,0,0,0,0,0,0,"N",1.15,0,0,0,0,0,0,"N",0,0.0,0,0,0,0,0,0,0,0,0,0,0,0
"38059","5","51","74","0","2021","A","","Morton County, North Dakota","Private","NAICS 51 Information","County, NAICS Sector -- by ownership sector","All establishment sizes",13,112,5717930,3852370,8034,985,51244,"",0.58,0.49,0.22,0.49,0.12,0.45,0.45,"",-1,-7.1,-17,-13.2,-1043461,-15.4,-599125,-13.5,-5582,-41.0,-22,-2.2,-1102,-2.1
"38059","5","511","75","0","2021","A","","Morton County, North Dakota","Private","NAICS 511 Publishing industries, except internet","County, NAICS 3-digit -- by ownership sector","All establishment sizes",3,9,106209,101759,83,225,11693,"",0.40,0.14,0.01,0.04,0.00,0.09,0.09,"",-2,-40.0,-10,-52.6,-515514,-82.9,-388677,-79.3,-4060,-98.0,-418,-65.0,-21763,-65.0
"38059","5","5111","76","0","2021","A","","Morton County, North Dakota","Private","NAICS 5111 Newspaper, book, and directory publishers","County, NAICS 4-digit -- by ownership sector","All establishment sizes",3,9,106209,101759,83,225,11693,"",1.52,0.46,0.09,0.18,0.02,0.19,0.19,"N",-2,-40.0,0,0,0,0,0,0,0,0,0,0,0,0
"38059","5","51111","77","0","2021","A","","Morton County, North Dakota","Private","NAICS 51111 Newspaper publishers","County, NAICS 5-digit -- by ownership sector","All establishment sizes",3,9,106209,101759,83,225,11693,"",4.50,1.10,0.27,0.43,0.04,0.25,0.25,"N",0,0.0,0,0,0,0,0,0,0,0,0,0,0,0
"38059","5","511110","78","0","2021","A","","Morton County, North Dakota","Private","NAICS 511110 Newspaper publishers","County, NAICS 6-digit -- by ownership sector","All establishment sizes",3,9,106209,101759,83,225,11693,"",4.50,1.10,0.27,0.43,0.04,0.25,0.25,"N",0,0.0,0,0,0,0,0,0,0,0,0,0,0,0
"38059","5","512","75","0","2021","A","N","Morton County, North Dakota","Private","NAICS 512 Motion picture and sound recording industries","County, NAICS 3-digit -- by ownership sector","All establishment sizes",2,0,0,0,0,0,0,"N",0.55,0,0,0,0,0,0,"N",0,0.0,0,0,0,0,0,0,0,0,0,0,0,0
"38059","5","5121","76","0","2021","A","N","Morton County, North Dakota","Private","NAICS 5121 Motion picture and video industries","County, NAICS 4-digit -- by ownership sector","All establishment sizes",2,0,0,0,0,0,0,"N",0.63,0,0,0,0,0,0,"N",0,0.0,0,0,0,0,0,0,0,0,0,0,0,0
"38059","5","51211","77","0","2021","A","N","Morton County, North Dakota","Private","NAICS 51211 Motion picture and video production","County, NAICS 5-digit -- by ownership sector","All establishment sizes",1,0,0,0,0,0,0,"N",0.44,0,0,0,0,0,0,"N",0,0.0,0,0,0,0,0,0,0,0,0,0,0,0
"38059","5","512110","78","0","2021","A","N","Morton County, North Dakota","Private","NAICS 512110 Motion picture and video production","County, NAICS 6-digit -- by ownership sector","All establishment sizes",1,0,0,0,0,0,0,"N",0.44,0,0,0,0,0,0,"N",0,0.0,0,0,0,0,0,0,0,0,0,0,0,0
"38059","5","51219","77","0","2021","A","N","Morton County, North Dakota","Private","NAICS 51219 Postproduction and other related industries","County, NAICS 5-digit -- by ownership sector","All establishment sizes",1,0,0,0,0,0,0,"N",2.64,0,0,0,0,0,0,"N",0,0.0,0,0,0,0,0,0,0,0,0,0,0,0
"38059","5","512191","78","0","2021","A","N","Morton County, North Dakota","Private","NAICS 512191 Teleproduction and postproduction services","County, NAICS 6-digit -- by ownership sector","All establishment sizes",1,0,0,0,0,0,0,"N",3.12,0,0,0,0,0,0,"N",0,0.0,0,0,0,0,0,0,0,0,0,0,0,0
"38059","5","515","75","0","2021","A","N","Morton County, North Dakota","Private","NAICS 515 Broadcasting, except internet","County, NAICS 3-digit -- by ownership sector","All establishment sizes",1,0,0,0,0,0,0,"N",1.05,0,0,0,0,0,0,"N",0,0.0,0,0,0,0,0,0,0,0,0,0,0,0
"38059","5","5151","76","0","2021","A","N","Morton County, North Dakota","Private","NAICS 5151 Radio and television broadcasting","County, NAICS 4-digit -- by ownership sector","All establishment sizes",1,0,0,0,0,0,0,"N",1.21,0,0,0,0,0,0,"N",0,0.0,0,0,0,0,0,0,0,0,0,0,0,0
"38059","5","51511","77","0","2021","A","N","Morton County, North Dakota","Private","NAICS 51511 Radio broadcasting","County, NAICS 5-digit -- by ownership sector","All establishment sizes",1,0,0,0,0,0,0,"N",1.93,0,0,0,0,0,0,"N",0,0.0,0,0,0,0,0,0,0,0,0,0,0,0
"38059","5","515112","78","0","2021","A","N","Morton County, North Dakota","Private","NAICS 515112 Radio stations","County, NAICS 6-digit -- by ownership sector","All establishment sizes",1,0,0,0,0,0,0,"N",2.51,0,0,0,0,0,0,"N",0,0.0,0,0,0,0,0,0,0,0,0,0,0,0
"38059","5","517","75","0","2021","A","N","Morton County, North Dakota","Private","NAICS 517 Telecommunications","County, NAICS 3-digit -- by ownership sector","All establishment sizes",4,0,0,0,0,0,0,"N",1.12,0,0,0,0,0,0,"N",0,0.0,0,0,0,0,0,0,0,0,0,0,0,0
"38059","5","5173","76","0","2021","A","N","Morton County, North Dakota","Private","NAICS 5173 Wired and wireless telecommunications carriers","County, NAICS 4-digit -- by ownership sector","All establishment sizes",3,0,0,0,0,0,0,"N",1.14,0,0,0,0,0,0,"N",0,0.0,0,0,0,0,0,0,0,0,0,0,0,0
"38059","5","51731","77","0","2021","A","N","Morton County, North Dakota","Private","NAICS 51731 Wired and wireless telecommunications carriers","County, NAICS 5-digit -- by ownership sector","All establishment sizes",3,0,0,0,0,0,0,"N",1.14,0,0,0,0,0,0,"N",0,0.0,0,0,0,0,0,0,0,0,0,0,0,0
"38059","5","517311","78","0","2021","A","N","Morton County, North Dakota","Private","NAICS 517311 Wired telecommunications carriers","County, NAICS 6-digit -- by ownership sector","All establishment sizes",3,0,0,0,0,0,0,"N",1.56,0,0,0,0,0,0,"N",0,0.0,0,0,0,0,0,0,0,0,0,0,0,0
"38059","5","5179","76","0","2021","A","N","Morton County, North Dakota","Private","NAICS 5179 Other telecommunications","County, NAICS 4-digit -- by ownership sector","All establishment sizes",1,0,0,0,0,0,0,"N",1.17,0,0,0,0,0,0,"N",0,0.0,0,0,0,0,0,0,0,0,0,0,0,0
"38059","5","51791","77","0","2021","A","N","Morton County, North Dakota","Private","NAICS 51791 Other telecommunications","County, NAICS 5-digit -- by ownership sector","All establishment sizes",1,0,0,0,0,0,0,"N",1.17,0,0,0,0,0,0,"N",0,0.0,0,0,0,0,0,0,0,0,0,0,0,0
"38059","5","517911","78","0","2021","A","N","Morton County, North Dakota","Private","NAICS 517911 Telecommunications resellers","County, NAICS 6-digit -- by ownership sector","All establishment sizes",1,0,0,0,0,0,0,"N",2.24,0,0,0,0,0,0,"N",0,0.0,0,0,0,0,0,0,0,0,0,0,0,0
"38059","5","518","75","0","2021","A","N","Morton County, North Dakota","Private","NAICS 518 Data processing, hosting and related services","County, NAICS 3-digit -- by ownership sector","All establishment sizes",2,0,0,0,0,0,0,"N",0.54,0,0,0,0,0,0,"N",0,0.0,0,0,0,0,0,0,0,0,0,0,0,0
"38059","5","5182","76","0","2021","A","N","Morton County, North Dakota","Private","NAICS 5182 Data processing, hosting and related services","County, NAICS 4-digit -- by ownership sector","All establishment sizes",2,0,0,0,0,0,0,"N",0.54,0,0,0,0,0,0,"N",0,0.0,0,0,0,0,0,0,0,0,0,0,0,0
"38059","5","51821","77","0","2021","A","N","Morton County, North Dakota","Private","NAICS 51821 Data processing, hosting and related services","County, NAICS 5-digit -- by ownership sector","All establishment sizes",2,0,0,0,0,0,0,"N",0.54,0,0,0,0,0,0,"N",0,0.0,0,0,0,0,0,0,0,0,0,0,0,0
"38059","5","518210","78","0","2021","A","N","Morton County, North Dakota","Private","NAICS 518210 Data processing, hosting and related services","County, NAICS 6-digit -- by ownership sector","All establishment sizes",2,0,0,0,0,0,0,"N",0.54,0,0,0,0,0,0,"N",0,0.0,0,0,0,0,0,0,0,0,0,0,0,0
"38059","5","519","75","0","2021","A","N","Morton County, North Dakota","Private","NAICS 519 Other information services","County, NAICS 3-digit -- by ownership sector","All establishment sizes",1,0,0,0,0,0,0,"N",0.31,0,0,0,0,0,0,"N",1,100.0,0,0,0,0,0,0,0,0,0,0,0,0
"38059","5","5191","76","0","2021","A","N","Morton County, North Dakota","Private","NAICS 5191 Other information services","County, NAICS 4-digit -- by ownership sector","All establishment sizes",1,0,0,0,0,0,0,"N",0.31,0,0,0,0,0,0,"N",1,100.0,0,0,0,0,0,0,0,0,0,0,0,0
"38059","5","51913","77","0","2021","A","N","Morton County, North Dakota","Private","NAICS 51913 Internet publishing and web search portals","County, NAICS 5-digit -- by ownership sector","All establishment sizes",1,0,0,0,0,0,0,"N",0.47,0,0,0,0,0,0,"N",1,100.0,0,0,0,0,0,0,0,0,0,0,0,0
"38059","5","519130","78","0","2021","A","N","Morton County, North Dakota","Private","NAICS 519130 Internet publishing and web search portals","County, NAICS 6-digit -- by ownership sector","All establishment sizes",1,0,0,0,0,0,0,"N",0.47,0,0,0,0,0,0,"N",1,100.0,0,0,0,0,0,0,0,0,0,0,0,0
"38059","5","52","74","0","2021","A","","Morton County, North Dakota","Private","NAICS 52 Finance and insurance","County, NAICS Sector -- by ownership sector","All establishment sizes",63,444,34456973,16303466,24333,1492,77562,"",1.18,0.90,0.72,1.08,0.24,0.80,0.80,"",4,6.8,12,2.8,1325131,4.0,383904,2.4,-40,-0.2,18,1.2,897,1.2
"38059","5","522","75","0","2021","A","","Morton County, North Dakota","Private","NAICS 522 Credit intermediation and related activities","County, NAICS 3-digit -- by ownership sector","All establishment sizes",23,337,26468609,12568494,19918,1510,78503,"",1.22,1.56,1.52,1.92,0.46,0.97,0.97,"",1,4.5,8,2.4,797571,3.1,130832,1.1,-189,-0.9,8,0.5,396,0.5
"38059","5","5221","76","0","2021","A","","Morton County, North Dakota","Private","NAICS 5221 Depository credit intermediation","County, NAICS 4-digit -- by ownership sector","All establishment sizes",19,251,19286772,9292961,8048,1478,76865,"",1.79,1.80,1.96,2.19,0.33,1.09,1.09,"",1,5.6,4,1.6,183694,1.0,-52179,-0.6,-7376,-47.8,-12,-0.8,-606,-0.8
"38059","5","52211","77","0","2021","A","","Morton County, North Dakota","Private","NAICS 52211 Commercial banking","County, NAICS 5-digit -- by ownership sector","All establishment sizes",12,200,15869812,7559974,6384,1524,79250,"",1.49,1.83,1.92,2.31,0.33,1.05,1.05,"",1,9.1,3,1.5,49129,0.3,-160190,-2.1,-7408,-53.7,-24,-1.6,-1228,-1.5
"38059","5","522110","78","0","2021","A","","Morton County, North Dakota","Private","NAICS 522110 Commercial banking","County, NAICS 6-digit -- by ownership sector","All establishment sizes",12,200,15869812,7559974,6384,1524,79250,"",1.49,1.83,1.92,2.31,0.33,1.05,1.05,"",1,9.1,3,1.5,49129,0.3,-160190,-2.1,-7408,-53.7,-24,-1.6,-1228,-1.5
"38059","5","52212","77","0","2021","A","N","Morton County, North Dakota","Private","NAICS 52212 Savings institutions","County, NAICS 5-digit -- by ownership sector","All establishment sizes",1,0,0,0,0,0,0,"N",1.48,0,0,0,0,0,0,"N",0,0.0,0,0,0,0,0,0,0,0,0,0,0,0
"38059","5","522120","78","0","2021","A","N","Morton County, North Dakota","Private","NAICS 522120 Savings institutions","County, NAICS 6-digit -- by ownership sector","All establishment sizes",1,0,0,0,0,0,0,"N",1.48,0,0,0,0,0,0,"N",0,0.0,0,0,0,0,0,0,0,0,0,0,0,0
"38059","5","52213","77","0","2021","A","N","Morton County, North Dakota","Private","NAICS 52213 Credit unions","County, NAICS 5-digit -- by ownership sector","All establishment sizes",6,0,0,0,0,0,0,"N",3.34,0,0,0,0,0,0,"N",0,0.0,0,0,0,0,0,0,0,0,0,0,0,0
"38059","5","522130","78","0","2021","A","N","Morton County, North Dakota","Private","NAICS 522130 Credit unions","County, NAICS 6-digit -- by ownership sector","All establishment sizes",6,0,0,0,0,0,0,"N",3.34,0,0,0,0,0,0,"N",0,0.0,0,0,0,0,0,0,0,0,0,0,0,0
"38059","5","5222","76","0","2021","A","","Morton County, North Dakota","Private","NAICS 5222 Nondepository credit intermediation","County, NAICS 4-digit -- by ownership sector","All establishment sizes",4,86,7181837,3275533,11870,1601,83268,"",0.78,1.72,1.55,2.13,0.96,0.90,0.90,"",0,0.0,4,4.9,613877,9.3,183011,5.9,7187,153.5,62,4.0,3252,4.1
"38059","5","52229","77","0","2021","A","","Morton County, North Dakota","Private","NAICS 52229 Other nondepository credit intermediation","County, NAICS 5-digit -- by ownership sector","All establishment sizes",4,86,7181837,3275533,11870,1601,83268,"",0.90,2.30,2.01,2.76,1.25,0.87,0.87,"",0,0.0,4,4.9,613877,9.3,183011,5.9,7187,153.5,62,4.0,3252,4.1
"38059","5","522298","78","0","2021","A","","Morton County, North Dakota","Private","NAICS 522298 All other nondepository credit intermediation","County, NAICS 6-digit -- by ownership sector","All establishment sizes",4,86,7181837,3275533,11870,1601,83268,"",4.35,15.89,19.98,19.82,12.32,1.25,1.25,"",0,0.0,4,4.9,613877,9.3,183011,5.9,7187,153.5,62,4.0,3252,4.1
"38059","5","523","75","0","2021","A","","Morton County, North Dakota","Private","NAICS 523 Securities, commodity contracts, investments","County, NAICS 3-digit -- by ownership sector","All establishment sizes",11,20,2010476,681184,1086,1966,102228,"",0.84,0.26,0.12,0.26,0.05,0.49,0.49,"N",2,22.2,0,0,0,0,0,0,0,0,0,0,0,0
"38059","5","5231","76","0","2021","A","N","Morton County, North Dakota","Private","NAICS 5231 Securities and commodity contracts brokerage","County, NAICS 4-digit -- by ownership sector","All establishment sizes",4,0,0,0,0,0,0,"N",0.96,0,0,0,0,0,0,"N",1,33.3,0,0,0,0,0,0,0,0,0,0,0,0
"38059","5","52312","77","0","2021","A","N","Morton County, North Dakota","Private","NAICS 52312 Securities brokerage","County, NAICS 5-digit -- by ownership sector","All establishment sizes",3,0,0,0,0,0,0,"N",0.99,0,0,0,0,0,0,"N",0,0.0,0,0,0,0,0,0,0,0,0,0,0,0
"38059","5","523120","78","0","2021","A","N","Morton County, North Dakota","Private","NAICS 523120 Securities brokerage","County, NAICS 6-digit -- by ownership sector","All establishment sizes",3,0,0,0,0,0,0,"N",0.99,0,0,0,0,0,0,"N",0,0.0,0,0,0,0,0,0,0,0,0,0,0,0
"38059","5","52313","77","0","2021","A","N","Morton County, North Dakota","Private","NAICS 52313 Commodity contracts dealing","County, NAICS 5-digit -- by ownership sector","All establishment sizes",1,0,0,0,0,0,0,"N",5.40,0,0,0,0,0,0,"N",1,100.0,0,0,0,0,0,0,0,0,0,0,0,0
"38059","5","523130","78","0","2021","A","N","Morton County, North Dakota","Private","NAICS 523130 Commodity contracts dealing","County, NAICS 6-digit -- by ownership sector","All establishment sizes",1,0,0,0,0,0,0,"N",5.40,0,0,0,0,0,0,"N",1,100.0,0,0,0,0,0,0,0,0,0,0,0,0
"38059","5","5239","76","0","2021","A","N","Morton County, North Dakota","Private","NAICS 5239 Other financial investment activities","County, NAICS 4-digit -- by ownership sector","All establishment sizes",8,0,0,0,0,0,0,"N",0.91,0,0,0,0,0,0,"N",2,33.3,0,0,0,0,0,0,0,0,0,0,0,0
"38059","5","52391","77","0","2021","A","N","Morton County, North Dakota","Private","NAICS 52391 Miscellaneous intermediation","County, NAICS 5-digit -- by ownership sector","All establishment sizes",2,0,0,0,0,0,0,"N",2.55,0,0,0,0,0,0,"N",0,0.0,0,0,0,0,0,0,0,0,0,0,0,0
"38059","5","523910","78","0","2021","A","N","Morton County, North Dakota","Private","NAICS 523910 Miscellaneous intermediation","County, NAICS 6-digit -- by ownership sector","All establishment sizes",2,0,0,0,0,0,0,"N",2.55,0,0,0,0,0,0,"N",0,0.0,0,0,0,0,0,0,0,0,0,0,0,0
"38059","5","52392","77","0","2021","A","N","Morton County, North Dakota","Private","NAICS 52392 Portfolio management","County, NAICS 5-digit -- by ownership sector","All establishment sizes",1,0,0,0,0,0,0,"N",0.39,0,0,0,0,0,0,"N",0,0.0,0,0,0,0,0,0,0,0,0,0,0,0
"38059","5","523920","78","0","2021","A","N","Morton County, North Dakota","Private","NAICS 523920 Portfolio management","County, NAICS 6-digit -- by ownership sector","All establishment sizes",1,0,0,0,0,0,0,"N",0.39,0,0,0,0,0,0,"N",0,0.0,0,0,0,0,0,0,0,0,0,0,0,0
"38059","5","52393","77","0","2021","A","","Morton County, North Dakota","Private","NAICS 52393 Investment advice","County, NAICS 5-digit -- by ownership sector","All establishment sizes",4,9,397346,298501,532,865,44983,"",0.84,0.53,0.15,0.53,0.12,0.30,0.30,"N",2,100.0,0,0,0,0,0,0,0,0,0,0,0,0
"38059","5","523930","78","0","2021","A","","Morton County, North Dakota","Private","NAICS 523930 Investment advice","County, NAICS 6-digit -- by ownership sector","All establishment sizes",4,9,397346,298501,532,865,44983,"",0.84,0.53,0.15,0.53,0.12,0.30,0.30,"N",2,100.0,0,0,0,0,0,0,0,0,0,0,0,0
"38059","5","52399","77","0","2021","A","N","Morton County, North Dakota","Private","NAICS 52399 All other financial investment activities","County, NAICS 5-digit -- by ownership sector","All establishment sizes",1,0,0,0,0,0,0,"N",1.40,0,0,0,0,0,0,"N",0,0.0,0,0,0,0,0,0,0,0,0,0,0,0
"38059","5","523999","78","0","2021","A","N","Morton County, North Dakota","Private","NAICS 523999 Miscellaneous financial investment activities","County, NAICS 6-digit -- by ownership sector","All establishment sizes",1,0,0,0,0,0,0,"N",2.16,0,0,0,0,0,0,"N",0,0.0,0,0,0,0,0,0,0,0,0,0,0,0
"38059","5","524","75","0","2021","A","","Morton County, North Dakota","Private","NAICS 524 Insurance carriers and related activities","County, NAICS 3-digit -- by ownership sector","All establishment sizes",29,87,5977888,3053788,3329,1315,68384,"",1.39,0.45,0.43,0.52,0.09,0.95,0.96,"",2,7.4,-3,-3.3,223357,3.9,90953,3.1,-197,-5.6,89,7.3,4622,7.2
"38059","5","5241","76","0","2021","A","N","Morton County, North Dakota","Private","NAICS 5241 Insurance carriers","County, NAICS 4-digit -- by ownership sector","All establishment sizes",2,0,0,0,0,0,0,"N",0.63,0,0,0,0,0,0,"N",0,0.0,0,0,0,0,0,0,0,0,0,0,0,0
"38059","5","52412","77","0","2021","A","N","Morton County, North Dakota","Private","NAICS 52412 Direct insurers, except life and health","County, NAICS 5-digit -- by ownership sector","All establishment sizes",2,0,0,0,0,0,0,"N",1.01,0,0,0,0,0,0,"N",0,0.0,0,0,0,0,0,0,0,0,0,0,0,0
"38059","5","524126","78","0","2021","A","N","Morton County, North Dakota","Private","NAICS 524126 Direct property and casualty insurers","County, NAICS 6-digit -- by ownership sector","All establishment sizes",2,0,0,0,0,0,0,"N",1.58,0,0,0,0,0,0,"N",0,0.0,0,0,0,0,0,0,0,0,0,0,0,0
"38059","5","5242","76","0","2021","A","N","Morton County, North Dakota","Private","NAICS 5242 Insurance agencies and brokerages","County, NAICS 4-digit -- by ownership sector","All establishment sizes",27,0,0,0,0,0,0,"N",1.53,0,0,0,0,0,0,"N",2,8.0,0,0,0,0,0,0,0,0,0,0,0,0
"38059","5","52421","77","0","2021","A","N","Morton County, North Dakota","Private","NAICS 52421 Insurance agencies and brokerages","County, NAICS 5-digit -- by ownership sector","All establishment sizes",27,0,0,0,0,0,0,"N",1.77,0,0,0,0,0,0,"N",2,8.0,0,0,0,0,0,0,0,0,0,0,0,0
"38059","5","524210","78","0","2021","A","N","Morton County, North Dakota","Private","NAICS 524210 Insurance agencies and brokerages","County, NAICS 6-digit -- by ownership sector","All establishment sizes",27,0,0,0,0,0,0,"N",1.77,0,0,0,0,0,0,"N",2,8.0,0,0,0,0,0,0,0,0,0,0,0,0
"38059","5","53","74","0","2021","A","","Morton County, North Dakota","Private","NAICS 53 Real estate and rental and leasing","County, NAICS Sector -- by ownership sector","All establishment sizes",42,91,3283533,2592297,9568,698,36282,"",0.94,0.51,0.36,0.50,0.24,0.70,0.70,"",4,10.5,-6,-6.2,91314,2.9,-367,0.0,-7570,-44.2,66,10.4,3429,10.4
"38059","5","531","75","0","2021","A","","Morton County, North Dakota","Private","NAICS 531 Real estate","County, NAICS 3-digit -- by ownership sector","All establishment sizes",35,81,3079312,2416593,8609,727,37822,"",0.90,0.59,0.43,0.61,0.28,0.72,0.72,"",2,6.1,-7,-8.0,33404,1.1,-29760,-1.2,-8259,-49.0,61,9.2,3209,9.3
"38059","5","5311","76","0","2021","A","","Morton County, North Dakota","Private","NAICS 5311 Lessors of real estate","County, NAICS 4-digit -- by ownership sector","All establishment sizes",15,25,1024987,646971,5860,791,41137,"",1.28,0.52,0.45,0.49,0.57,0.86,0.86,"",0,0.0,-3,-10.7,-22502,-2.1,-17995,-2.7,-291,-4.7,69,9.6,3615,9.6
"38059","5","53111","77","0","2021","A","","Morton County, North Dakota","Private","NAICS 53111 Lessors of residential buildings","County, NAICS 5-digit -- by ownership sector","All establishment sizes",4,7,563629,227113,237,1668,86712,"",0.63,0.25,0.48,0.29,0.04,2.12,2.12,"",0,0.0,1,16.7,43131,8.3,29815,15.1,27,12.9,66,4.1,3432,4.1
"38059","5","531110","78","0","2021","A","","Morton County, North Dakota","Private","NAICS 531110 Lessors of residential buildings","County, NAICS 6-digit -- by ownership sector","All establishment sizes",4,7,563629,227113,237,1668,86712,"",0.63,0.25,0.48,0.29,0.04,2.12,2.12,"",0,0.0,1,16.7,43131,8.3,29815,15.1,27,12.9,66,4.1,3432,4.1
"38059","5","53112","77","0","2021","A","N","Morton County, North Dakota","Private","NAICS 53112 Lessors of nonresidential buildings","County, NAICS 5-digit -- by ownership sector","All establishment sizes",3,0,0,0,0,0,0,"N",1.16,0,0,0,0,0,0,"N",0,0.0,0,0,0,0,0,0,0,0,0,0,0,0
"38059","5","531120","78","0","2021","A","N","Morton County, North Dakota","Private","NAICS 531120 Lessors of nonresidential buildings","County, NAICS 6-digit -- by ownership sector","All establishment sizes",3,0,0,0,0,0,0,"N",1.16,0,0,0,0,0,0,"N",0,0.0,0,0,0,0,0,0,0,0,0,0,0,0
"38059","5","53113","77","0","2021","A","N","Morton County, North Dakota","Private","NAICS 53113 Miniwarehouse and self-storage unit operators","County, NAICS 5-digit -- by ownership sector","All establishment sizes",1,0,0,0,0,0,0,"N",0.59,0,0,0,0,0,0,"N",0,0.0,0,0,0,0,0,0,0,0,0,0,0,0
"38059","5","531130","78","0","2021","A","N","Morton County, North Dakota","Private","NAICS 531130 Miniwarehouse and self-storage unit operators","County, NAICS 6-digit -- by ownership sector","All establishment sizes",1,0,0,0,0,0,0,"N",0.59,0,0,0,0,0,0,"N",0,0.0,0,0,0,0,0,0,0,0,0,0,0,0
"38059","5","53119","77","0","2021","A","","Morton County, North Dakota","Private","NAICS 53119 Lessors of other real estate property","County, NAICS 5-digit -- by ownership sector","All establishment sizes",7,12,301053,259553,458,479,24915,"",6.95,3.71,2.16,3.09,0.70,0.58,0.58,"",0,0.0,-3,-20.0,-99113,-24.8,-81290,-23.8,-574,-55.6,-52,-9.8,-2683,-9.7
"38059","5","531190","78","0","2021","A","","Morton County, North Dakota","Private","NAICS 531190 Lessors of other real estate property","County, NAICS 6-digit -- by ownership sector","All establishment sizes",7,12,301053,259553,458,479,24915,"",6.95,3.71,2.16,3.09,0.70,0.58,0.58,"",0,0.0,-3,-20.0,-99113,-24.8,-81290,-23.8,-574,-55.6,-52,-9.8,-2683,-9.7
"38059","5","5312","76","0","2021","A","","Morton County, North Dakota","Private","NAICS 5312 Offices of real estate agents and brokers","County, NAICS 4-digit -- by ownership sector","All establishment sizes",13,12,479191,389733,1536,752,39118,"",0.89,0.42,0.26,0.44,0.24,0.61,0.61,"",2,18.2,0,0.0,35901,8.1,36356,10.3,217,16.5,11,1.5,571,1.5
"38059","5","53121","77","0","2021","A","","Morton County, North Dakota","Private","NAICS 53121 Offices of real estate agents and brokers","County, NAICS 5-digit -- by ownership sector","All establishment sizes",13,12,479191,389733,1536,752,39118,"",0.89,0.42,0.26,0.44,0.24,0.61,0.61,"",2,18.2,0,0.0,35901,8.1,36356,10.3,217,16.5,11,1.5,571,1.5
"38059","5","531210","78","0","2021","A","","Morton County, North Dakota","Private","NAICS 531210 Offices of real estate agents and brokers","County, NAICS 6-digit -- by ownership sector","All establishment sizes",13,12,479191,389733,1536,752,39118,"",0.89,0.42,0.26,0.44,0.24,0.61,0.61,"",2,18.2,0,0.0,35901,8.1,36356,10.3,217,16.5,11,1.5,571,1.5
"38059","5","5313","76","0","2021","A","","Morton County, North Dakota","Private","NAICS 5313 Activities related to real estate","County, NAICS 4-digit -- by ownership sector","All establishment sizes",8,44,1575134,1379889,1213,685,35596,"",0.63,0.72,0.51,0.77,0.09,0.70,0.70,"",1,14.3,-5,-10.2,20005,1.3,-48121,-3.4,-8185,-87.1,69,11.2,3586,11.2
"38059","5","53131","77","0","2021","A","N","Morton County, North Dakota","Private","NAICS 53131 Real estate property managers","County, NAICS 5-digit -- by ownership sector","All establishment sizes",4,0,0,0,0,0,0,"N",0.44,0,0,0,0,0,0,"N",1,33.3,0,0,0,0,0,0,0,0,0,0,0,0
"38059","5","531311","78","0","2021","A","N","Morton County, North Dakota","Private","NAICS 531311 Residential property managers","County, NAICS 6-digit -- by ownership sector","All establishment sizes",4,0,0,0,0,0,0,"N",0.59,0,0,0,0,0,0,"N",1,33.3,0,0,0,0,0,0,0,0,0,0,0,0
"38059","5","53132","77","0","2021","A","N","Morton County, North Dakota","Private","NAICS 53132 Offices of real estate appraisers","County, NAICS 5-digit -- by ownership sector","All establishment sizes",2,0,0,0,0,0,0,"N",1.47,0,0,0,0,0,0,"N",0,0.0,0,0,0,0,0,0,0,0,0,0,0,0
"38059","5","531320","78","0","2021","A","N","Morton County, North Dakota","Private","NAICS 531320 Offices of real estate appraisers","County, NAICS 6-digit -- by ownership sector","All establishment sizes",2,0,0,0,0,0,0,"N",1.47,0,0,0,0,0,0,"N",0,0.0,0,0,0,0,0,0,0,0,0,0,0,0
"38059","5","53139","77","0","2021","A","N","Morton County, North Dakota","Private","NAICS 53139 Other activities related to real estate","County, NAICS 5-digit -- by ownership sector","All establishment sizes",2,0,0,0,0,0,0,"N",0.84,0,0,0,0,0,0,"N",0,0.0,0,0,0,0,0,0,0,0,0,0,0,0
"38059","5","531390","78","0","2021","A","N","Morton County, North Dakota","Private","NAICS 531390 Other activities related to real estate","County, NAICS 6-digit -- by ownership sector","All establishment sizes",2,0,0,0,0,0,0,"N",0.84,0,0,0,0,0,0,"N",0,0.0,0,0,0,0,0,0,0,0,0,0,0,0
"38059","5","532","75","0","2021","A","N","Morton County, North Dakota","Private","NAICS 532 Rental and leasing services","County, NAICS 3-digit -- by ownership sector","All establishment sizes",6,0,0,0,0,0,0,"N",1.10,0,0,0,0,0,0,"N",1,20.0,0,0,0,0,0,0,0,0,0,0,0,0
"38059","5","5322","76","0","2021","A","N","Morton County, North Dakota","Private","NAICS 5322 Consumer goods rental","County, NAICS 4-digit -- by ownership sector","All establishment sizes",3,0,0,0,0,0,0,"N",1.71,0,0,0,0,0,0,"N",1,50.0,0,0,0,0,0,0,0,0,0,0,0,0
"38059","5","53228","77","0","2021","A","N","Morton County, North Dakota","Private","NAICS 53228 Other consumer goods rental","County, NAICS 5-digit -- by ownership sector","All establishment sizes",3,0,0,0,0,0,0,"N",1.88,0,0,0,0,0,0,"N",1,50.0,0,0,0,0,0,0,0,0,0,0,0,0
"38059","5","532284","78","0","2021","A","N","Morton County, North Dakota","Private","NAICS 532284 Recreational goods rental","County, NAICS 6-digit -- by ownership sector","All establishment sizes",2,0,0,0,0,0,0,"N",6.84,0,0,0,0,0,0,"N",0,0.0,0,0,0,0,0,0,0,0,0,0,0,0
"38059","5","532289","78","0","2021","A","N","Morton County, North Dakota","Private","NAICS 532289 All other consumer goods rental","County, NAICS 6-digit -- by ownership sector","All establishment sizes",1,0,0,0,0,0,0,"N",1.14,0,0,0,0,0,0,"N",1,100.0,0,0,0,0,0,0,0,0,0,0,0,0
"38059","5","5323","76","0","2021","A","N","Morton County, North Dakota","Private","NAICS 5323 General rental centers","County, NAICS 4-digit -- by ownership sector","All establishment sizes",1,0,0,0,0,0,0,"N",2.79,0,0,0,0,0,0,"N",0,0.0,0,0,0,0,0,0,0,0,0,0,0,0
"38059","5","53231","77","0","2021","A","N","Morton County, North Dakota","Private","NAICS 53231 General rental centers","County, NAICS 5-digit -- by ownership sector","All establishment sizes",1,0,0,0,0,0,0,"N",2.79,0,0,0,0,0,0,"N",0,0.0,0,0,0,0,0,0,0,0,0,0,0,0
"38059","5","532310","78","0","2021","A","N","Morton County, North Dakota","Private","NAICS 532310 General rental centers","County, NAICS 6-digit -- by ownership sector","All establishment sizes",1,0,0,0,0,0,0,"N",2.79,0,0,0,0,0,0,"N",0,0.0,0,0,0,0,0,0,0,0,0,0,0,0
"38059","5","5324","76","0","2021","A","N","Morton County, North Dakota","Private","NAICS 5324 Machinery and equipment rental and leasing","County, NAICS 4-digit -- by ownership sector","All establishment sizes",2,0,0,0,0,0,0,"N",1.19,0,0,0,0,0,0,"N",0,0.0,0,0,0,0,0,0,0,0,0,0,0,0
"38059","5","53241","77","0","2021","A","N","Morton County, North Dakota","Private","NAICS 53241 Heavy machinery rental and leasing","County, NAICS 5-digit -- by ownership sector","All establishment sizes",2,0,0,0,0,0,0,"N",2.72,0,0,0,0,0,0,"N",0,0.0,0,0,0,0,0,0,0,0,0,0,0,0
"38059","5","532412","78","0","2021","A","N","Morton County, North Dakota","Private","NAICS 532412 Other heavy machinery rental and leasing","County, NAICS 6-digit -- by ownership sector","All establishment sizes",2,0,0,0,0,0,0,"N",3.06,0,0,0,0,0,0,"N",0,0.0,0,0,0,0,0,0,0,0,0,0,0,0
"38059","5","533","75","0","2021","A","N","Morton County, North Dakota","Private","NAICS 533 Lessors of nonfinancial intangible assets","County, NAICS 3-digit -- by ownership sector","All establishment sizes",1,0,0,0,0,0,0,"N",2.95,0,0,0,0,0,0,"N",1,100.0,0,0,0,0,0,0,0,0,0,0,0,0
"38059","5","5331","76","0","2021","A","N","Morton County, North Dakota","Private","NAICS 5331 Lessors of nonfinancial intangible assets","County, NAICS 4-digit -- by ownership sector","All establishment sizes",1,0,0,0,0,0,0,"N",2.95,0,0,0,0,0,0,"N",1,100.0,0,0,0,0,0,0,0,0,0,0,0,0
"38059","5","53311","77","0","2021","A","N","Morton County, North Dakota","Private","NAICS 53311 Lessors of nonfinancial intangible assets","County, NAICS 5-digit -- by ownership sector","All establishment sizes",1,0,0,0,0,0,0,"N",2.95,0,0,0,0,0,0,"N",1,100.0,0,0,0,0,0,0,0,0,0,0,0,0
"38059","5","533110","78","0","2021","A","N","Morton County, North Dakota","Private","NAICS 533110 Lessors of nonfinancial intangible assets","County, NAICS 6-digit -- by ownership sector","All establishment sizes",1,0,0,0,0,0,0,"N",2.95,0,0,0,0,0,0,"N",1,100.0,0,0,0,0,0,0,0,0,0,0,0,0
"38059","5","54","74","0","2021","A","","Morton County, North Dakota","Private","NAICS 54 Professional and technical services","County, NAICS Sector -- by ownership sector","All establishment sizes",116,844,59237666,31055216,76034,1350,70180,"",0.82,1.06,0.88,1.26,0.39,0.83,0.83,"",2,1.8,2,0.2,573714,1.0,1392553,4.7,-38837,-33.8,9,0.7,466,0.7
"38059","5","541","75","0","2021","A","","Morton County, North Dakota","Private","NAICS 541 Professional and technical services","County, NAICS 3-digit -- by ownership sector","All establishment sizes",116,844,59237666,31055216,76034,1350,70180,"",0.82,1.06,0.88,1.26,0.39,0.83,0.83,"",2,1.8,2,0.2,573714,1.0,1392553,4.7,-38837,-33.8,9,0.7,466,0.7
"38059","5","5411","76","0","2021","A","","Morton County, North Dakota","Private","NAICS 5411 Legal services","County, NAICS 4-digit -- by ownership sector","All establishment sizes",12,36,2065711,1453771,2382,1106,57514,"",0.61,0.39,0.26,0.54,0.14,0.67,0.67,"",-1,-7.7,-15,-29.4,-684391,-24.9,-335369,-18.7,-3257,-57.8,66,6.3,3414,6.3
"38059","5","54111","77","0","2021","A","","Morton County, North Dakota","Private","NAICS 54111 Offices of lawyers","County, NAICS 5-digit -- by ownership sector","All establishment sizes",8,18,960079,666760,1391,1026,53338,"",0.45,0.21,0.13,0.28,0.09,0.60,0.60,"",0,0.0,-1,-5.3,79819,9.1,22806,3.5,-2977,-68.2,131,14.6,6804,14.6
"38059","5","541110","78","0","2021","A","","Morton County, North Dakota","Private","NAICS 541110 Offices of lawyers","County, NAICS 6-digit -- by ownership sector","All establishment sizes",8,18,960079,666760,1391,1026,53338,"",0.45,0.21,0.13,0.28,0.09,0.60,0.60,"",0,0.0,-1,-5.3,79819,9.1,22806,3.5,-2977,-68.2,131,14.6,6804,14.6
"38059","5","54119","77","0","2021","A","","Morton County, North Dakota","Private","NAICS 54119 Other legal services","County, NAICS 5-digit -- by ownership sector","All establishment sizes",4,18,1105632,787011,991,1187,61710,"",2.34,2.10,2.33,3.07,0.50,1.11,1.11,"",-1,-20.0,-14,-43.8,-764210,-40.9,-358175,-31.3,-280,-22.0,60,5.3,3125,5.3
"38059","5","541191","78","0","2021","A","N","Morton County, North Dakota","Private","NAICS 541191 Title abstract and settlement offices","County, NAICS 6-digit -- by ownership sector","All establishment sizes",2,0,0,0,0,0,0,"N",2.11,0,0,0,0,0,0,"N",-1,-33.3,0,0,0,0,0,0,0,0,0,0,0,0
"38059","5","541199","78","0","2021","A","N","Morton County, North Dakota","Private","NAICS 541199 All other legal services","County, NAICS 6-digit -- by ownership sector","All establishment sizes",2,0,0,0,0,0,0,"N",2.64,0,0,0,0,0,0,"N",0,0.0,0,0,0,0,0,0,0,0,0,0,0,0
"38059","5","5412","76","0","2021","A","","Morton County, North Dakota","Private","NAICS 5412 Accounting and bookkeeping services","County, NAICS 4-digit -- by ownership sector","All establishment sizes",17,217,8573900,6539535,11920,762,39602,"",1.05,2.55,1.58,2.52,0.59,0.62,0.62,"",0,0.0,-3,-1.4,22297,0.3,113499,1.8,-2052,-14.7,15,2.0,746,1.9
"38059","5","54121","77","0","2021","A","","Morton County, North Dakota","Private","NAICS 54121 Accounting and bookkeeping services","County, NAICS 5-digit -- by ownership sector","All establishment sizes",17,217,8573900,6539535,11920,762,39602,"",1.05,2.55,1.58,2.52,0.59,0.62,0.62,"",0,0.0,-3,-1.4,22297,0.3,113499,1.8,-2052,-14.7,15,2.0,746,1.9
"38059","5","541211","78","0","2021","A","","Morton County, North Dakota","Private","NAICS 541211 Offices of certified public accountants","County, NAICS 6-digit -- by ownership sector","All establishment sizes",5,29,1704014,1087608,3446,1143,59442,"",0.86,0.72,0.56,0.86,0.46,0.79,0.79,"N",1,25.0,0,0,0,0,0,0,0,0,0,0,0,0
"38059","5","541213","78","0","2021","A","N","Morton County, North Dakota","Private","NAICS 541213 Tax preparation services","County, NAICS 6-digit -- by ownership sector","All establishment sizes",3,0,0,0,0,0,0,"N",0.84,0,0,0,0,0,0,"N",0,0.0,0,0,0,0,0,0,0,0,0,0,0,0
"38059","5","541219","78","0","2021","A","N","Morton County, North Dakota","Private","NAICS 541219 Other accounting services","County, NAICS 6-digit -- by ownership sector","All establishment sizes",9,0,0,0,0,0,0,"N",1.56,0,0,0,0,0,0,"N",0,0.0,0,0,0,0,0,0,0,0,0,0,0,0
"38059","5","5413","76","0","2021","A","","Morton County, North Dakota","Private","NAICS 5413 Architectural and engineering services","County, NAICS 4-digit -- by ownership sector","All establishment sizes",24,97,7432761,4266966,28785,1476,76758,"",1.61,0.79,0.82,1.13,0.97,1.03,1.03,"",1,4.3,19,24.4,112632,1.5,1008379,30.9,-25200,-46.7,-319,-17.8,-16591,-17.8
"38059","5","54131","77","0","2021","A","N","Morton County, North Dakota","Private","NAICS 54131 Architectural services","County, NAICS 5-digit -- by ownership sector","All establishment sizes",1,0,0,0,0,0,0,"N",0.38,0,0,0,0,0,0,"N",0,0.0,0,0,0,0,0,0,0,0,0,0,0,0
"38059","5","541310","78","0","2021","A","N","Morton County, North Dakota","Private","NAICS 541310 Architectural services","County, NAICS 6-digit -- by ownership sector","All establishment sizes",1,0,0,0,0,0,0,"N",0.38,0,0,0,0,0,0,"N",0,0.0,0,0,0,0,0,0,0,0,0,0,0,0
"38059","5","54133","77","0","2021","A","","Morton County, North Dakota","Private","NAICS 54133 Engineering services","County, NAICS 5-digit -- by ownership sector","All establishment sizes",16,88,7167433,4072165,28451,1572,81758,"",1.91,1.07,1.09,1.59,1.40,1.02,1.02,"",1,6.7,20,29.4,301568,4.4,1209427,42.2,-22432,-44.1,-365,-18.8,-18964,-18.8
"38059","5","541330","78","0","2021","A","","Morton County, North Dakota","Private","NAICS 541330 Engineering services","County, NAICS 6-digit -- by ownership sector","All establishment sizes",16,88,7167433,4072165,28451,1572,81758,"",1.91,1.07,1.09,1.59,1.40,1.02,1.02,"",1,6.7,20,29.4,301568,4.4,1209427,42.2,-22432,-44.1,-365,-18.8,-18964,-18.8
"38059","5","54135","77","0","2021","A","","Morton County, North Dakota","Private","NAICS 54135 Building inspection services","County, NAICS 5-digit -- by ownership sector","All establishment sizes",3,5,77300,77300,240,319,16564,"",3.72,2.37,0.82,1.29,0.48,0.37,0.37,"",0,0.0,1,25.0,15918,25.9,15918,25.9,-107,-30.8,24,8.1,1218,7.9
"38059","5","541350","78","0","2021","A","","Morton County, North Dakota","Private","NAICS 541350 Building inspection services","County, NAICS 6-digit -- by ownership sector","All establishment sizes",3,5,77300,77300,240,319,16564,"",3.72,2.37,0.82,1.29,0.48,0.37,0.37,"",0,0.0,1,25.0,15918,25.9,15918,25.9,-107,-30.8,24,8.1,1218,7.9
"38059","5","54136","77","0","2021","A","N","Morton County, North Dakota","Private","NAICS 54136 Geophysical surveying and mapping services","County, NAICS 5-digit -- by ownership sector","All establishment sizes",2,0,0,0,0,0,0,"N",8.89,0,0,0,0,0,0,"N",0,0.0,0,0,0,0,0,0,0,0,0,0,0,0
"38059","5","541360","78","0","2021","A","N","Morton County, North Dakota","Private","NAICS 541360 Geophysical surveying and mapping services","County, NAICS 6-digit -- by ownership sector","All establishment sizes",2,0,0,0,0,0,0,"N",8.89,0,0,0,0,0,0,"N",0,0.0,0,0,0,0,0,0,0,0,0,0,0,0
"38059","5","54137","77","0","2021","A","N","Morton County, North Dakota","Private","NAICS 54137 Other surveying and mapping services","County, NAICS 5-digit -- by ownership sector","All establishment sizes",2,0,0,0,0,0,0,"N",2.46,0,0,0,0,0,0,"N",1,100.0,0,0,0,0,0,0,0,0,0,0,0,0
"38059","5","541370","78","0","2021","A","N","Morton County, North Dakota","Private","NAICS 541370 Other surveying and mapping services","County, NAICS 6-digit -- by ownership sector","All establishment sizes",2,0,0,0,0,0,0,"N",2.46,0,0,0,0,0,0,"N",1,100.0,0,0,0,0,0,0,0,0,0,0,0,0
"38059","5","54138","77","0","2021","A","N","Morton County, North Dakota","Private","NAICS 54138 Testing laboratories","County, NAICS 5-digit -- by ownership sector","All establishment sizes",1,0,0,0,0,0,0,"N",0.94,0,0,0,0,0,0,"N",0,0.0,0,0,0,0,0,0,0,0,0,0,0,0
"38059","5","541380","78","0","2021","A","N","Morton County, North Dakota","Private","NAICS 541380 Testing laboratories","County, NAICS 6-digit -- by ownership sector","All establishment sizes",1,0,0,0,0,0,0,"N",0.94,0,0,0,0,0,0,"N",0,0.0,0,0,0,0,0,0,0,0,0,0,0,0
"38059","5","5414","76","0","2021","A","N","Morton County, North Dakota","Private","NAICS 5414 Specialized design services","County, NAICS 4-digit -- by ownership sector","All establishment sizes",1,0,0,0,0,0,0,"N",0.24,0,0,0,0,0,0,"N",0,0.0,0,0,0,0,0,0,0,0,0,0,0,0
"38059","5","54143","77","0","2021","A","N","Morton County, North Dakota","Private","NAICS 54143 Graphic design services","County, NAICS 5-digit -- by ownership sector","All establishment sizes",1,0,0,0,0,0,0,"N",0.55,0,0,0,0,0,0,"N",0,0.0,0,0,0,0,0,0,0,0,0,0,0,0
"38059","5","541430","78","0","2021","A","N","Morton County, North Dakota","Private","NAICS 541430 Graphic design services","County, NAICS 6-digit -- by ownership sector","All establishment sizes",1,0,0,0,0,0,0,"N",0.55,0,0,0,0,0,0,"N",0,0.0,0,0,0,0,0,0,0,0,0,0,0,0
"38059","5","5415","76","0","2021","A","N","Morton County, North Dakota","Private","NAICS 5415 Computer systems design and related services","County, NAICS 4-digit -- by ownership sector","All establishment sizes",18,0,0,0,0,0,0,"N",0.54,0,0,0,0,0,0,"N",0,0.0,0,0,0,0,0,0,0,0,0,0,0,0
"38059","5","54151","77","0","2021","A","N","Morton County, North Dakota","Private","NAICS 54151 Computer systems design and related services","County, NAICS 5-digit -- by ownership sector","All establishment sizes",18,0,0,0,0,0,0,"N",0.54,0,0,0,0,0,0,"N",0,0.0,0,0,0,0,0,0,0,0,0,0,0,0
"38059","5","541511","78","0","2021","A","N","Morton County, North Dakota","Private","NAICS 541511 Custom computer programming services","County, NAICS 6-digit -- by ownership sector","All establishment sizes",7,0,0,0,0,0,0,"N",0.46,0,0,0,0,0,0,"N",-1,-12.5,0,0,0,0,0,0,0,0,0,0,0,0
"38059","5","541512","78","0","2021","A","","Morton County, North Dakota","Private","NAICS 541512 Computer systems design services","County, NAICS 6-digit -- by ownership sector","All establishment sizes",10,26,2523284,1074947,1340,1872,97361,"",0.66,0.30,0.29,0.37,0.06,0.98,0.98,"",1,11.1,5,23.8,680185,36.9,356738,49.7,-4111,-75.4,217,13.1,11302,13.1
"38059","5","541519","78","0","2021","A","N","Morton County, North Dakota","Private","NAICS 541519 Other computer related services","County, NAICS 6-digit -- by ownership sector","All establishment sizes",1,0,0,0,0,0,0,"N",0.44,0,0,0,0,0,0,"N",0,0.0,0,0,0,0,0,0,0,0,0,0,0,0
"38059","5","5416","76","0","2021","A","","Morton County, North Dakota","Private","NAICS 5416 Management and technical consulting services","County, NAICS 4-digit -- by ownership sector","All establishment sizes",25,30,2508749,1182299,12320,1591,82706,"",0.77,0.23,0.23,0.28,0.36,1.02,1.01,"",2,8.7,4,15.4,617330,32.6,32407,2.8,854,7.4,205,14.8,10652,14.8
"38059","5","54161","77","0","2021","A","","Morton County, North Dakota","Private","NAICS 54161 Management consulting services","County, NAICS 5-digit -- by ownership sector","All establishment sizes",9,10,862530,331702,2225,1687,87715,"",0.34,0.09,0.10,0.10,0.08,1.06,1.06,"",2,28.6,6,150.0,623484,260.8,217124,189.5,1963,749.2,538,46.8,27953,46.8
"38059","5","541611","78","0","2021","A","","Morton County, North Dakota","Private","NAICS 541611 Administrative management consulting services","County, NAICS 6-digit -- by ownership sector","All establishment sizes",6,7,638261,245642,1991,1674,87036,"",0.44,0.12,0.12,0.13,0.14,0.94,0.94,"N",4,200.0,0,0,0,0,0,0,0,0,0,0,0,0
"38059","5","541612","78","0","2021","A","N","Morton County, North Dakota","Private","NAICS 541612 Human resources consulting services","County, NAICS 6-digit -- by ownership sector","All establishment sizes",1,0,0,0,0,0,0,"N",0.79,0,0,0,0,0,0,"N",0,0.0,0,0,0,0,0,0,0,0,0,0,0,0
"38059","5","541613","78","0","2021","A","N","Morton County, North Dakota","Private","NAICS 541613 Marketing consulting services","County, NAICS 6-digit -- by ownership sector","All establishment sizes",1,0,0,0,0,0,0,"N",0.15,0,0,0,0,0,0,"N",-3,-75.0,0,0,0,0,0,0,0,0,0,0,0,0
"38059","5","541618","78","0","2021","A","N","Morton County, North Dakota","Private","NAICS 541618 Other management consulting services","County, NAICS 6-digit -- by ownership sector","All establishment sizes",1,0,0,0,0,0,0,"N",0.37,0,0,0,0,0,0,"N",1,100.0,0,0,0,0,0,0,0,0,0,0,0,0
"38059","5","54162","77","0","2021","A","","Morton County, North Dakota","Private","NAICS 54162 Environmental consulting services","County, NAICS 5-digit -- by ownership sector","All establishment sizes",5,14,1118405,576817,8907,1518,78946,"",3.76,1.90,2.41,2.44,4.88,1.25,1.25,"",1,25.0,2,16.7,298289,36.4,15928,2.8,458,5.4,248,19.5,12896,19.5
"38059","5","541620","78","0","2021","A","","Morton County, North Dakota","Private","NAICS 541620 Environmental consulting services","County, NAICS 6-digit -- by ownership sector","All establishment sizes",5,14,1118405,576817,8907,1518,78946,"",3.76,1.90,2.41,2.44,4.88,1.25,1.25,"",1,25.0,2,16.7,298289,36.4,15928,2.8,458,5.4,248,19.5,12896,19.5
"38059","5","54169","77","0","2021","A","","Morton County, North Dakota","Private","NAICS 54169 Other technical consulting services","County, NAICS 5-digit -- by ownership sector","All establishment sizes",12,6,527814,273780,1188,1603,83339,"",2.44,0.38,0.41,0.53,0.26,1.03,1.03,"",0,0.0,-4,-40.0,-304443,-36.6,-200645,-42.3,-1567,-56.9,-25,-1.5,-1297,-1.5
"38059","5","541690","78","0","2021","A","","Morton County, North Dakota","Private","NAICS 541690 Other technical consulting services","County, NAICS 6-digit -- by ownership sector","All establishment sizes",12,6,527814,273780,1188,1603,83339,"",2.44,0.38,0.41,0.53,0.26,1.03,1.03,"",0,0.0,-4,-40.0,-304443,-36.6,-200645,-42.3,-1567,-56.9,-25,-1.5,-1297,-1.5
"38059","5","5417","76","0","2021","A","N","Morton County, North Dakota","Private","NAICS 5417 Scientific research and development services","County, NAICS 4-digit -- by ownership sector","All establishment sizes",2,0,0,0,0,0,0,"N",0.47,0,0,0,0,0,0,"N",0,0.0,0,0,0,0,0,0,0,0,0,0,0,0
"38059","5","54171","77","0","2021","A","N","Morton County, North Dakota","Private","NAICS 54171 Research and development in the physical, engineering, and life sciences","County, NAICS 5-digit -- by ownership sector","All establishment sizes",2,0,0,0,0,0,0,"N",0.54,0,0,0,0,0,0,"N",0,0.0,0,0,0,0,0,0,0,0,0,0,0,0
"38059","5","541715","78","0","2021","A","N","Morton County, North Dakota","Private","NAICS 541715 Research and development in the physical, engineering, and life sciences (except nanotechnology and biotechnology)","County, NAICS 6-digit -- by ownership sector","All establishment sizes",2,0,0,0,0,0,0,"N",0.98,0,0,0,0,0,0,"N",0,0.0,0,0,0,0,0,0,0,0,0,0,0,0
"38059","5","5418","76","0","2021","A","","Morton County, North Dakota","Private","NAICS 5418 Advertising, pr, and related services","County, NAICS 4-digit -- by ownership sector","All establishment sizes",3,8,367329,204954,524,892,46399,"",0.48,0.22,0.14,0.18,0.05,0.63,0.63,"",0,0.0,1,14.3,84598,29.9,4323,2.2,7,1.4,151,20.4,7845,20.3
"38059","5","54181","77","0","2021","A","N","Morton County, North Dakota","Private","NAICS 54181 Advertising agencies","County, NAICS 5-digit -- by ownership sector","All establishment sizes",1,0,0,0,0,0,0,"N",0.36,0,0,0,0,0,0,"N",0,0.0,0,0,0,0,0,0,0,0,0,0,0,0
"38059","5","541810","78","0","2021","A","N","Morton County, North Dakota","Private","NAICS 541810 Advertising agencies","County, NAICS 6-digit -- by ownership sector","All establishment sizes",1,0,0,0,0,0,0,"N",0.36,0,0,0,0,0,0,"N",0,0.0,0,0,0,0,0,0,0,0,0,0,0,0
"38059","5","54182","77","0","2021","A","N","Morton County, North Dakota","Private","NAICS 54182 Public relations agencies","County, NAICS 5-digit -- by ownership sector","All establishment sizes",1,0,0,0,0,0,0,"N",0.80,0,0,0,0,0,0,"N",0,0.0,0,0,0,0,0,0,0,0,0,0,0,0
"38059","5","541820","78","0","2021","A","N","Morton County, North Dakota","Private","NAICS 541820 Public relations agencies","County, NAICS 6-digit -- by ownership sector","All establishment sizes",1,0,0,0,0,0,0,"N",0.80,0,0,0,0,0,0,"N",0,0.0,0,0,0,0,0,0,0,0,0,0,0,0
"38059","5","54189","77","0","2021","A","N","Morton County, North Dakota","Private","NAICS 54189 Other services related to advertising","County, NAICS 5-digit -- by ownership sector","All establishment sizes",1,0,0,0,0,0,0,"N",1.14,0,0,0,0,0,0,"N",0,0.0,0,0,0,0,0,0,0,0,0,0,0,0
"38059","5","541890","78","0","2021","A","N","Morton County, North Dakota","Private","NAICS 541890 Other services related to advertising","County, NAICS 6-digit -- by ownership sector","All establishment sizes",1,0,0,0,0,0,0,"N",1.14,0,0,0,0,0,0,"N",0,0.0,0,0,0,0,0,0,0,0,0,0,0,0
"38059","5","5419","76","0","2021","A","","Morton County, North Dakota","Private","NAICS 5419 Other professional and technical services","County, NAICS 4-digit -- by ownership sector","All establishment sizes",13,65,3023025,2147859,2966,891,46330,"",1.17,1.02,0.98,1.15,0.24,0.95,0.95,"",-1,-7.1,-2,-3.0,126704,4.4,83472,4.0,647,27.9,54,6.5,2831,6.5
"38059","5","54191","77","0","2021","A","N","Morton County, North Dakota","Private","NAICS 54191 Marketing research and public opinion polling","County, NAICS 5-digit -- by ownership sector","All establishment sizes",1,0,0,0,0,0,0,"N",1.12,0,0,0,0,0,0,"N",0,0.0,0,0,0,0,0,0,0,0,0,0,0,0
"38059","5","541910","78","0","2021","A","N","Morton County, North Dakota","Private","NAICS 541910 Marketing research and public opinion polling","County, NAICS 6-digit -- by ownership sector","All establishment sizes",1,0,0,0,0,0,0,"N",1.12,0,0,0,0,0,0,"N",0,0.0,0,0,0,0,0,0,0,0,0,0,0,0
"38059","5","54192","77","0","2021","A","N","Morton County, North Dakota","Private","NAICS 54192 Photographic services","County, NAICS 5-digit -- by ownership sector","All establishment sizes",2,0,0,0,0,0,0,"N",1.38,0,0,0,0,0,0,"N",0,0.0,0,0,0,0,0,0,0,0,0,0,0,0
"38059","5","541921","78","0","2021","A","N","Morton County, North Dakota","Private","NAICS 541921 Photography studios, portrait","County, NAICS 6-digit -- by ownership sector","All establishment sizes",2,0,0,0,0,0,0,"N",1.90,0,0,0,0,0,0,"N",0,0.0,0,0,0,0,0,0,0,0,0,0,0,0
"38059","5","54194","77","0","2021","A","","Morton County, North Dakota","Private","NAICS 54194 Veterinary services","County, NAICS 5-digit -- by ownership sector","All establishment sizes",6,43,2032755,1343957,1077,900,46820,"",1.81,1.22,1.63,1.37,0.22,1.32,1.32,"",0,0.0,-2,-4.4,150490,8.0,88340,7.0,73,7.3,87,10.7,4522,10.7
"38059","5","541940","78","0","2021","A","","Morton County, North Dakota","Private","NAICS 541940 Veterinary services","County, NAICS 6-digit -- by ownership sector","All establishment sizes",6,43,2032755,1343957,1077,900,46820,"",1.81,1.22,1.63,1.37,0.22,1.32,1.32,"",0,0.0,-2,-4.4,150490,8.0,88340,7.0,73,7.3,87,10.7,4522,10.7
"38059","5","54199","77","0","2021","A","N","Morton County, North Dakota","Private","NAICS 54199 All other professional and technical services","County, NAICS 5-digit -- by ownership sector","All establishment sizes",5,0,0,0,0,0,0,"N",1.01,0,0,0,0,0,0,"N",0,0.0,0,0,0,0,0,0,0,0,0,0,0,0
"38059","5","541990","78","0","2021","A","N","Morton County, North Dakota","Private","NAICS 541990 All other professional and technical services","County, NAICS 6-digit -- by ownership sector","All establishment sizes",5,0,0,0,0,0,0,"N",1.01,0,0,0,0,0,0,"N",0,0.0,0,0,0,0,0,0,0,0,0,0,0,0
"38059","5","55","74","0","2021","A","","Morton County, North Dakota","Private","NAICS 55 Management of companies and enterprises","County, NAICS Sector -- by ownership sector","All establishment sizes",6,69,5342143,1209158,1960,1482,77050,"",0.75,0.37,0.27,0.17,0.04,0.74,0.74,"",2,50.0,-19,-21.6,409021,8.3,273055,29.2,73,3.9,405,37.6,21045,37.6
"38059","5","551","75","0","2021","A","","Morton County, North Dakota","Private","NAICS 551 Management of companies and enterprises","County, NAICS 3-digit -- by ownership sector","All establishment sizes",6,69,5342143,1209158,1960,1482,77050,"",0.75,0.37,0.27,0.17,0.04,0.74,0.74,"",2,50.0,-19,-21.6,409021,8.3,273055,29.2,73,3.9,405,37.6,21045,37.6
"38059","5","5511","76","0","2021","A","","Morton County, North Dakota","Private","NAICS 5511 Management of companies and enterprises","County, NAICS 4-digit -- by ownership sector","All establishment sizes",6,69,5342143,1209158,1960,1482,77050,"",0.75,0.37,0.27,0.17,0.04,0.74,0.74,"",2,50.0,-19,-21.6,409021,8.3,273055,29.2,73,3.9,405,37.6,21045,37.6
"38059","5","55111","77","0","2021","A","","Morton County, North Dakota","Private","NAICS 55111 Management of companies and enterprises","County, NAICS 5-digit -- by ownership sector","All establishment sizes",6,69,5342143,1209158,1960,1482,77050,"",0.75,0.37,0.27,0.17,0.04,0.74,0.74,"",2,50.0,-19,-21.6,409021,8.3,273055,29.2,73,3.9,405,37.6,21045,37.6
"38059","5","551111","78","0","2021","A","N","Morton County, North Dakota","Private","NAICS 551111 Offices of bank holding companies","County, NAICS 6-digit -- by ownership sector","All establishment sizes",1,0,0,0,0,0,0,"N",10.74,0,0,0,0,0,0,"N",0,0.0,0,0,0,0,0,0,0,0,0,0,0,0
"38059","5","551114","78","0","2021","A","N","Morton County, North Dakota","Private","NAICS 551114 Managing offices","County, NAICS 6-digit -- by ownership sector","All establishment sizes",5,0,0,0,0,0,0,"N",0.74,0,0,0,0,0,0,"N",2,66.7,0,0,0,0,0,0,0,0,0,0,0,0
"38059","5","56","74","0","2021","A","","Morton County, North Dakota","Private","NAICS 56 Administrative and waste services","County, NAICS Sector -- by ownership sector","All establishment sizes",66,538,26201094,19305002,47817,936,48686,"",1.08,0.74,0.97,0.83,0.23,1.31,1.31,"",-3,-4.3,46,9.3,7662943,41.3,5303033,37.9,-3093,-6.1,211,29.1,10994,29.2
"38059","5","561","75","0","2021","A","","Morton County, North Dakota","Private","NAICS 561 Administrative and support services","County, NAICS 3-digit -- by ownership sector","All establishment sizes",63,501,24308779,17849470,45608,933,48537,"",1.08,0.73,0.97,0.81,0.23,1.33,1.33,"",-2,-3.1,45,9.9,7495564,44.6,5190200,41.0,588,1.3,225,31.8,11700,31.8
"38059","5","5611","76","0","2021","A","","Morton County, North Dakota","Private","NAICS 5611 Office administrative services","County, NAICS 4-digit -- by ownership sector","All establishment sizes",6,13,1372621,649773,1592,2031,105586,"",0.96,0.30,0.44,0.54,0.16,1.46,1.46,"",2,50.0,7,116.7,925922,207.3,422372,185.7,1412,784.4,599,41.8,31136,41.8
"38059","5","56111","77","0","2021","A","","Morton County, North Dakota","Private","NAICS 56111 Office administrative services","County, NAICS 5-digit -- by ownership sector","All establishment sizes",6,13,1372621,649773,1592,2031,105586,"",0.96,0.30,0.44,0.54,0.16,1.46,1.46,"",2,50.0,7,116.7,925922,207.3,422372,185.7,1412,784.4,599,41.8,31136,41.8
"38059","5","561110","78","0","2021","A","","Morton County, North Dakota","Private","NAICS 561110 Office administrative services","County, NAICS 6-digit -- by ownership sector","All establishment sizes",6,13,1372621,649773,1592,2031,105586,"",0.96,0.30,0.44,0.54,0.16,1.46,1.46,"",2,50.0,7,116.7,925922,207.3,422372,185.7,1412,784.4,599,41.8,31136,41.8
"38059","5","5613","76","0","2021","A","N","Morton County, North Dakota","Private","NAICS 5613 Employment services","County, NAICS 4-digit -- by ownership sector","All establishment sizes",10,0,0,0,0,0,0,"N",0.74,0,0,0,0,0,0,"N",-4,-28.6,0,0,0,0,0,0,0,0,0,0,0,0
"38059","5","56132","77","0","2021","A","N","Morton County, North Dakota","Private","NAICS 56132 Temporary help services","County, NAICS 5-digit -- by ownership sector","All establishment sizes",10,0,0,0,0,0,0,"N",1.10,0,0,0,0,0,0,"N",-4,-28.6,0,0,0,0,0,0,0,0,0,0,0,0
"38059","5","561320","78","0","2021","A","N","Morton County, North Dakota","Private","NAICS 561320 Temporary help services","County, NAICS 6-digit -- by ownership sector","All establishment sizes",10,0,0,0,0,0,0,"N",1.10,0,0,0,0,0,0,"N",-4,-28.6,0,0,0,0,0,0,0,0,0,0,0,0
"38059","5","5614","76","0","2021","A","","Morton County, North Dakota","Private","NAICS 5614 Business support services","County, NAICS 4-digit -- by ownership sector","All establishment sizes",6,7,477722,259250,569,1344,69911,"",1.11,0.11,0.19,0.14,0.04,1.78,1.78,"",0,0.0,2,40.0,36871,8.4,53049,25.7,-441,-43.7,-246,-15.5,-12749,-15.4
"38059","5","56141","77","0","2021","A","N","Morton County, North Dakota","Private","NAICS 56141 Document preparation services","County, NAICS 5-digit -- by ownership sector","All establishment sizes",2,0,0,0,0,0,0,"N",2.76,0,0,0,0,0,0,"N",0,0.0,0,0,0,0,0,0,0,0,0,0,0,0
"38059","5","561410","78","0","2021","A","N","Morton County, North Dakota","Private","NAICS 561410 Document preparation services","County, NAICS 6-digit -- by ownership sector","All establishment sizes",2,0,0,0,0,0,0,"N",2.76,0,0,0,0,0,0,"N",0,0.0,0,0,0,0,0,0,0,0,0,0,0,0
"38059","5","56142","77","0","2021","A","N","Morton County, North Dakota","Private","NAICS 56142 Telephone call centers","County, NAICS 5-digit -- by ownership sector","All establishment sizes",1,0,0,0,0,0,0,"N",0.79,0,0,0,0,0,0,"N",0,0.0,0,0,0,0,0,0,0,0,0,0,0,0
"38059","5","561422","78","0","2021","A","N","Morton County, North Dakota","Private","NAICS 561422 Telemarketing and other contact centers","County, NAICS 6-digit -- by ownership sector","All establishment sizes",1,0,0,0,0,0,0,"N",1.01,0,0,0,0,0,0,"N",0,0.0,0,0,0,0,0,0,0,0,0,0,0,0
"38059","5","56149","77","0","2021","A","","Morton County, North Dakota","Private","NAICS 56149 Other business support services","County, NAICS 5-digit -- by ownership sector","All establishment sizes",3,5,390308,182250,145,1553,80753,"",1.83,0.66,0.92,0.89,0.08,1.43,1.43,"",0,0.0,2,66.7,33793,9.5,51849,39.8,-448,-75.5,-504,-24.5,-26202,-24.5
"38059","5","561491","78","0","2021","A","N","Morton County, North Dakota","Private","NAICS 561491 Repossession services","County, NAICS 6-digit -- by ownership sector","All establishment sizes",1,0,0,0,0,0,0,"N",12.02,0,0,0,0,0,0,"N",0,0.0,0,0,0,0,0,0,0,0,0,0,0,0
"38059","5","561492","78","0","2021","A","N","Morton County, North Dakota","Private","NAICS 561492 Court reporting and stenotype services","County, NAICS 6-digit -- by ownership sector","All establishment sizes",1,0,0,0,0,0,0,"N",3.18,0,0,0,0,0,0,"N",0,0.0,0,0,0,0,0,0,0,0,0,0,0,0
"38059","5","561499","78","0","2021","A","N","Morton County, North Dakota","Private","NAICS 561499 All other business support services","County, NAICS 6-digit -- by ownership sector","All establishment sizes",1,0,0,0,0,0,0,"N",0.80,0,0,0,0,0,0,"N",0,0.0,0,0,0,0,0,0,0,0,0,0,0,0
"38059","5","5616","76","0","2021","A","","Morton County, North Dakota","Private","NAICS 5616 Investigation and security services","County, NAICS 4-digit -- by ownership sector","All establishment sizes",4,12,971561,443391,357,1568,81530,"",1.10,0.16,0.43,0.21,0.02,2.67,2.67,"",0,0.0,0,0.0,30720,3.3,-19170,-4.1,-2807,-88.7,91,6.2,4727,6.2
"38059","5","56161","77","0","2021","A","N","Morton County, North Dakota","Private","NAICS 56161 Security and armored car services","County, NAICS 5-digit -- by ownership sector","All establishment sizes",2,0,0,0,0,0,0,"N",0.92,0,0,0,0,0,0,"N",0,0.0,0,0,0,0,0,0,0,0,0,0,0,0
"38059","5","561611","78","0","2021","A","N","Morton County, North Dakota","Private","NAICS 561611 Investigation services","County, NAICS 6-digit -- by ownership sector","All establishment sizes",2,0,0,0,0,0,0,"N",3.70,0,0,0,0,0,0,"N",0,0.0,0,0,0,0,0,0,0,0,0,0,0,0
"38059","5","56162","77","0","2021","A","N","Morton County, North Dakota","Private","NAICS 56162 Security systems services","County, NAICS 5-digit -- by ownership sector","All establishment sizes",2,0,0,0,0,0,0,"N",1.39,0,0,0,0,0,0,"N",0,0.0,0,0,0,0,0,0,0,0,0,0,0,0
"38059","5","561621","78","0","2021","A","N","Morton County, North Dakota","Private","NAICS 561621 Security systems services, except locksmiths","County, NAICS 6-digit -- by ownership sector","All establishment sizes",2,0,0,0,0,0,0,"N",1.95,0,0,0,0,0,0,"N",0,0.0,0,0,0,0,0,0,0,0,0,0,0,0
"38059","5","5617","76","0","2021","A","","Morton County, North Dakota","Private","NAICS 5617 Services to buildings and dwellings","County, NAICS 4-digit -- by ownership sector","All establishment sizes",35,191,6233309,4713400,25421,626,32564,"",1.48,1.11,1.33,0.97,0.58,1.19,1.19,"",0,0.0,9,4.9,374642,6.4,184656,4.1,-6388,-20.1,8,1.3,418,1.3
"38059","5","56172","77","0","2021","A","","Morton County, North Dakota","Private","NAICS 56172 Janitorial services","County, NAICS 5-digit -- by ownership sector","All establishment sizes",20,140,4523071,3314987,12497,619,32212,"",2.56,1.70,2.56,1.59,0.89,1.50,1.50,"",1,5.3,8,6.1,306329,7.3,176224,5.6,-2662,-17.6,5,0.8,307,1.0
"38059","5","561720","78","0","2021","A","","Morton County, North Dakota","Private","NAICS 561720 Janitorial services","County, NAICS 6-digit -- by ownership sector","All establishment sizes",20,140,4523071,3314987,12497,619,32212,"",2.56,1.70,2.56,1.59,0.89,1.50,1.50,"",1,5.3,8,6.1,306329,7.3,176224,5.6,-2662,-17.6,5,0.8,307,1.0
"38059","5","56173","77","0","2021","A","","Morton County, North Dakota","Private","NAICS 56173 Landscaping services","County, NAICS 5-digit -- by ownership sector","All establishment sizes",13,41,1363134,1147673,12396,646,33589,"",1.12,0.61,0.63,0.54,0.50,1.04,1.04,"",-1,-7.1,1,2.5,42675,3.2,1492,0.1,-3442,-21.7,14,2.2,715,2.2
"38059","5","561730","78","0","2021","A","","Morton County, North Dakota","Private","NAICS 561730 Landscaping services","County, NAICS 6-digit -- by ownership sector","All establishment sizes",13,41,1363134,1147673,12396,646,33589,"",1.12,0.61,0.63,0.54,0.50,1.04,1.04,"",-1,-7.1,1,2.5,42675,3.2,1492,0.1,-3442,-21.7,14,2.2,715,2.2
"38059","5","56174","77","0","2021","A","","Morton County, North Dakota","Private","NAICS 56174 Carpet and upholstery cleaning services","County, NAICS 5-digit -- by ownership sector","All establishment sizes",3,10,347104,250740,528,641,33322,"",4.05,3.25,3.78,2.74,0.82,1.12,1.12,"",0,0.0,0,0.0,25638,8.0,6940,2.8,-284,-35.0,18,2.9,905,2.8
"38059","5","561740","78","0","2021","A","","Morton County, North Dakota","Private","NAICS 561740 Carpet and upholstery cleaning services","County, NAICS 6-digit -- by ownership sector","All establishment sizes",3,10,347104,250740,528,641,33322,"",4.05,3.25,3.78,2.74,0.82,1.12,1.12,"",0,0.0,0,0.0,25638,8.0,6940,2.8,-284,-35.0,18,2.9,905,2.8
"38059","5","5619","76","0","2021","A","N","Morton County, North Dakota","Private","NAICS 5619 Other support services","County, NAICS 4-digit -- by ownership sector","All establishment sizes",2,0,0,0,0,0,0,"N",0.67,0,0,0,0,0,0,"N",0,0.0,0,0,0,0,0,0,0,0,0,0,0,0
"38059","5","56199","77","0","2021","A","N","Morton County, North Dakota","Private","NAICS 56199 All other support services","County, NAICS 5-digit -- by ownership sector","All establishment sizes",2,0,0,0,0,0,0,"N",0.98,0,0,0,0,0,0,"N",0,0.0,0,0,0,0,0,0,0,0,0,0,0,0
"38059","5","561990","78","0","2021","A","N","Morton County, North Dakota","Private","NAICS 561990 All other support services","County, NAICS 6-digit -- by ownership sector","All establishment sizes",2,0,0,0,0,0,0,"N",0.98,0,0,0,0,0,0,"N",0,0.0,0,0,0,0,0,0,0,0,0,0,0,0
"38059","5","562","75","0","2021","A","","Morton County, North Dakota","Private","NAICS 562 Waste management and remediation services","County, NAICS 3-digit -- by ownership sector","All establishment sizes",3,37,1892315,1455532,2209,975,50687,"",0.94,1.01,1.04,1.19,0.22,1.01,1.01,"",-1,-25.0,2,5.7,167379,9.7,112833,8.4,-3681,-62.5,38,4.1,1983,4.1
"38059","5","5621","76","0","2021","A","N","Morton County, North Dakota","Private","NAICS 5621 Waste collection","County, NAICS 4-digit -- by ownership sector","All establishment sizes",2,0,0,0,0,0,0,"N",1.61,0,0,0,0,0,0,"N",0,0.0,0,0,0,0,0,0,0,0,0,0,0,0
"38059","5","56211","77","0","2021","A","N","Morton County, North Dakota","Private","NAICS 56211 Waste collection","County, NAICS 5-digit -- by ownership sector","All establishment sizes",2,0,0,0,0,0,0,"N",1.61,0,0,0,0,0,0,"N",0,0.0,0,0,0,0,0,0,0,0,0,0,0,0
"38059","5","562111","78","0","2021","A","N","Morton County, North Dakota","Private","NAICS 562111 Solid waste collection","County, NAICS 6-digit -- by ownership sector","All establishment sizes",2,0,0,0,0,0,0,"N",2.06,0,0,0,0,0,0,"N",0,0.0,0,0,0,0,0,0,0,0,0,0,0,0
"38059","5","5629","76","0","2021","A","N","Morton County, North Dakota","Private","NAICS 5629 Remediation and other waste services","County, NAICS 4-digit -- by ownership sector","All establishment sizes",1,0,0,0,0,0,0,"N",0.65,0,0,0,0,0,0,"N",-1,-50.0,0,0,0,0,0,0,0,0,0,0,0,0
"38059","5","56291","77","0","2021","A","N","Morton County, North Dakota","Private","NAICS 56291 Remediation services","County, NAICS 5-digit -- by ownership sector","All establishment sizes",1,0,0,0,0,0,0,"N",1.31,0,0,0,0,0,0,"N",-1,-50.0,0,0,0,0,0,0,0,0,0,0,0,0
"38059","5","562910","78","0","2021","A","N","Morton County, North Dakota","Private","NAICS 562910 Remediation services","County, NAICS 6-digit -- by ownership sector","All establishment sizes",1,0,0,0,0,0,0,"N",1.31,0,0,0,0,0,0,"N",-1,-50.0,0,0,0,0,0,0,0,0,0,0,0,0
"38059","5","61","74","0","2021","A","N","Morton County, North Dakota","Private","NAICS 61 Educational services","County, NAICS Sector -- by ownership sector","All establishment sizes",3,0,0,0,0,0,0,"N",0.21,0,0,0,0,0,0,"N",-1,-25.0,0,0,0,0,0,0,0,0,0,0,0,0
"38059","5","611","75","0","2021","A","N","Morton County, North Dakota","Private","NAICS 611 Educational services","County, NAICS 3-digit -- by ownership sector","All establishment sizes",3,0,0,0,0,0,0,"N",0.21,0,0,0,0,0,0,"N",-1,-25.0,0,0,0,0,0,0,0,0,0,0,0,0
"38059","5","6116","76","0","2021","A","N","Morton County, North Dakota","Private","NAICS 6116 Other schools and instruction","County, NAICS 4-digit -- by ownership sector","All establishment sizes",1,0,0,0,0,0,0,"N",0.17,0,0,0,0,0,0,"N",0,0.0,0,0,0,0,0,0,0,0,0,0,0,0
"38059","5","61162","77","0","2021","A","N","Morton County, North Dakota","Private","NAICS 61162 Sports and recreation instruction","County, NAICS 5-digit -- by ownership sector","All establishment sizes",1,0,0,0,0,0,0,"N",0.54,0,0,0,0,0,0,"N",0,0.0,0,0,0,0,0,0,0,0,0,0,0,0
"38059","5","611620","78","0","2021","A","N","Morton County, North Dakota","Private","NAICS 611620 Sports and recreation instruction","County, NAICS 6-digit -- by ownership sector","All establishment sizes",1,0,0,0,0,0,0,"N",0.54,0,0,0,0,0,0,"N",0,0.0,0,0,0,0,0,0,0,0,0,0,0,0
"38059","5","6117","76","0","2021","A","N","Morton County, North Dakota","Private","NAICS 6117 Educational support services","County, NAICS 4-digit -- by ownership sector","All establishment sizes",2,0,0,0,0,0,0,"N",0.83,0,0,0,0,0,0,"N",0,0.0,0,0,0,0,0,0,0,0,0,0,0,0
"38059","5","61171","77","0","2021","A","N","Morton County, North Dakota","Private","NAICS 61171 Educational support services","County, NAICS 5-digit -- by ownership sector","All establishment sizes",2,0,0,0,0,0,0,"N",0.83,0,0,0,0,0,0,"N",0,0.0,0,0,0,0,0,0,0,0,0,0,0,0
"38059","5","611710","78","0","2021","A","N","Morton County, North Dakota","Private","NAICS 611710 Educational support services","County, NAICS 6-digit -- by ownership sector","All establishment sizes",2,0,0,0,0,0,0,"N",0.83,0,0,0,0,0,0,"N",0,0.0,0,0,0,0,0,0,0,0,0,0,0,0
"38059","5","62","74","0","2021","A","N","Morton County, North Dakota","Private","NAICS 62 Health care and social assistance","County, NAICS Sector -- by ownership sector","All establishment sizes",87,0,0,0,0,0,0,"N",0.49,0,0,0,0,0,0,"N",4,4.8,0,0,0,0,0,0,0,0,0,0,0,0
"38059","5","621","75","0","2021","A","","Morton County, North Dakota","Private","NAICS 621 Ambulatory health care services","County, NAICS 3-digit -- by ownership sector","All establishment sizes",38,350,18111435,7864627,24671,996,51796,"",0.59,0.56,0.55,0.52,0.26,0.99,0.99,"",1,2.7,-15,-4.1,276158,1.5,70461,0.9,-15206,-38.1,57,6.1,2955,6.1
"38059","5","6211","76","0","2021","A","","Morton County, North Dakota","Private","NAICS 6211 Offices of physicians","County, NAICS 4-digit -- by ownership sector","All establishment sizes",7,108,6611412,412258,329,1173,60982,"",0.32,0.49,0.40,0.08,0.01,0.82,0.82,"",0,0.0,-14,-11.5,-292682,-4.2,3361,0.8,-1159,-77.9,82,7.5,4275,7.5
"38059","5","62111","77","0","2021","A","","Morton County, North Dakota","Private","NAICS 62111 Offices of physicians","County, NAICS 5-digit -- by ownership sector","All establishment sizes",7,108,6611412,412258,329,1173,60982,"",0.32,0.49,0.40,0.08,0.01,0.82,0.82,"",0,0.0,-14,-11.5,-292682,-4.2,3361,0.8,-1159,-77.9,82,7.5,4275,7.5
"38059","5","621111","78","0","2021","A","N","Morton County, North Dakota","Private","NAICS 621111 Offices of physicians, except mental health","County, NAICS 6-digit -- by ownership sector","All establishment sizes",6,0,0,0,0,0,0,"N",0.29,0,0,0,0,0,0,"N",0,0.0,0,0,0,0,0,0,0,0,0,0,0,0
"38059","5","621112","78","0","2021","A","N","Morton County, North Dakota","Private","NAICS 621112 Offices of mental health physicians","County, NAICS 6-digit -- by ownership sector","All establishment sizes",1,0,0,0,0,0,0,"N",0.81,0,0,0,0,0,0,"N",0,0.0,0,0,0,0,0,0,0,0,0,0,0,0
"38059","5","6212","76","0","2021","A","","Morton County, North Dakota","Private","NAICS 6212 Offices of dentists","County, NAICS 4-digit -- by ownership sector","All establishment sizes",6,44,3828795,1701041,1362,1673,87018,"",0.45,0.56,1.12,0.74,0.10,2.02,2.02,"",0,0.0,-2,-4.3,117914,3.2,24071,1.4,-5043,-78.7,105,6.7,5460,6.7
"38059","5","62121","77","0","2021","A","","Morton County, North Dakota","Private","NAICS 62121 Offices of dentists","County, NAICS 5-digit -- by ownership sector","All establishment sizes",6,44,3828795,1701041,1362,1673,87018,"",0.45,0.56,1.12,0.74,0.10,2.02,2.02,"",0,0.0,-2,-4.3,117914,3.2,24071,1.4,-5043,-78.7,105,6.7,5460,6.7
"38059","5","621210","78","0","2021","A","","Morton County, North Dakota","Private","NAICS 621210 Offices of dentists","County, NAICS 6-digit -- by ownership sector","All establishment sizes",6,44,3828795,1701041,1362,1673,87018,"",0.45,0.56,1.12,0.74,0.10,2.02,2.02,"",0,0.0,-2,-4.3,117914,3.2,24071,1.4,-5043,-78.7,105,6.7,5460,6.7
"38059","5","6213","76","0","2021","A","","Morton County, North Dakota","Private","NAICS 6213 Offices of other health practitioners","County, NAICS 4-digit -- by ownership sector","All establishment sizes",19,117,5043380,3687615,14564,831,43229,"",1.14,1.45,1.76,1.64,1.06,1.22,1.22,"",0,0.0,14,13.6,986183,24.3,544190,17.3,2854,24.4,73,9.6,3807,9.7
"38059","5","62131","77","0","2021","A","N","Morton County, North Dakota","Private","NAICS 62131 Offices of chiropractors","County, NAICS 5-digit -- by ownership sector","All establishment sizes",8,0,0,0,0,0,0,"N",2.05,0,0,0,0,0,0,"N",0,0.0,0,0,0,0,0,0,0,0,0,0,0,0
"38059","5","621310","78","0","2021","A","N","Morton County, North Dakota","Private","NAICS 621310 Offices of chiropractors","County, NAICS 6-digit -- by ownership sector","All establishment sizes",8,0,0,0,0,0,0,"N",2.05,0,0,0,0,0,0,"N",0,0.0,0,0,0,0,0,0,0,0,0,0,0,0
"38059","5","62132","77","0","2021","A","","Morton County, North Dakota","Private","NAICS 62132 Offices of optometrists","County, NAICS 5-digit -- by ownership sector","All establishment sizes",4,50,2399486,1658680,3712,928,48231,"",1.92,4.32,5.80,5.04,2.16,1.35,1.35,"",0,0.0,4,8.7,423549,21.4,195505,13.4,24,0.7,100,12.1,5198,12.1
"38059","5","621320","78","0","2021","A","","Morton County, North Dakota","Private","NAICS 621320 Offices of optometrists","County, NAICS 6-digit -- by ownership sector","All establishment sizes",4,50,2399486,1658680,3712,928,48231,"",1.92,4.32,5.80,5.04,2.16,1.35,1.35,"",0,0.0,4,8.7,423549,21.4,195505,13.4,24,0.7,100,12.1,5198,12.1
"38059","5","62134","77","0","2021","A","","Morton County, North Dakota","Private","NAICS 62134 Offices of specialty therapists","County, NAICS 5-digit -- by ownership sector","All establishment sizes",5,34,1467336,1094190,8283,826,42946,"",1.14,1.03,1.24,1.21,1.50,1.20,1.20,"",1,25.0,6,21.4,388354,36.0,272160,33.1,2233,36.9,71,9.4,3710,9.5
"38059","5","621340","78","0","2021","A","","Morton County, North Dakota","Private","NAICS 621340 Offices of specialty therapists","County, NAICS 6-digit -- by ownership sector","All establishment sizes",5,34,1467336,1094190,8283,826,42946,"",1.14,1.03,1.24,1.21,1.50,1.20,1.20,"",1,25.0,6,21.4,388354,36.0,272160,33.1,2233,36.9,71,9.4,3710,9.5
"38059","5","62139","77","0","2021","A","N","Morton County, North Dakota","Private","NAICS 62139 Offices of all other health practitioners","County, NAICS 5-digit -- by ownership sector","All establishment sizes",2,0,0,0,0,0,0,"N",0.58,0,0,0,0,0,0,"N",-1,-33.3,0,0,0,0,0,0,0,0,0,0,0,0
"38059","5","621391","78","0","2021","A","N","Morton County, North Dakota","Private","NAICS 621391 Offices of podiatrists","County, NAICS 6-digit -- by ownership sector","All establishment sizes",0,0,0,0,0,0,0,"N",0.00,0,0,0,0,0,0,"N",0,0,0,0,0,0,0,0,0,0,0,0,0,0
"38059","5","621399","78","0","2021","A","N","Morton County, North Dakota","Private","NAICS 621399 Offices of miscellaneous health practitioners","County, NAICS 6-digit -- by ownership sector","All establishment sizes",2,0,0,0,0,0,0,"N",0.72,0,0,0,0,0,0,"N",-1,-33.3,0,0,0,0,0,0,0,0,0,0,0,0
"38059","5","6216","76","0","2021","A","N","Morton County, North Dakota","Private","NAICS 6216 Home health care services","County, NAICS 4-digit -- by ownership sector","All establishment sizes",3,0,0,0,0,0,0,"N",0.69,0,0,0,0,0,0,"N",1,50.0,0,0,0,0,0,0,0,0,0,0,0,0
"38059","5","62161","77","0","2021","A","N","Morton County, North Dakota","Private","NAICS 62161 Home health care services","County, NAICS 5-digit -- by ownership sector","All establishment sizes",3,0,0,0,0,0,0,"N",0.69,0,0,0,0,0,0,"N",1,50.0,0,0,0,0,0,0,0,0,0,0,0,0
"38059","5","621610","78","0","2021","A","N","Morton County, North Dakota","Private","NAICS 621610 Home health care services","County, NAICS 6-digit -- by ownership sector","All establishment sizes",3,0,0,0,0,0,0,"N",0.69,0,0,0,0,0,0,"N",1,50.0,0,0,0,0,0,0,0,0,0,0,0,0
"38059","5","6219","76","0","2021","A","N","Morton County, North Dakota","Private","NAICS 6219 Other ambulatory health care services","County, NAICS 4-digit -- by ownership sector","All establishment sizes",3,0,0,0,0,0,0,"N",1.80,0,0,0,0,0,0,"N",0,0.0,0,0,0,0,0,0,0,0,0,0,0,0
"38059","5","62191","77","0","2021","A","N","Morton County, North Dakota","Private","NAICS 62191 Ambulance services","County, NAICS 5-digit -- by ownership sector","All establishment sizes",1,0,0,0,0,0,0,"N",1.80,0,0,0,0,0,0,"N",0,0.0,0,0,0,0,0,0,0,0,0,0,0,0
"38059","5","621910","78","0","2021","A","N","Morton County, North Dakota","Private","NAICS 621910 Ambulance services","County, NAICS 6-digit -- by ownership sector","All establishment sizes",1,0,0,0,0,0,0,"N",1.80,0,0,0,0,0,0,"N",0,0.0,0,0,0,0,0,0,0,0,0,0,0,0
"38059","5","62199","77","0","2021","A","N","Morton County, North Dakota","Private","NAICS 62199 All other ambulatory health care services","County, NAICS 5-digit -- by ownership sector","All establishment sizes",2,0,0,0,0,0,0,"N",1.79,0,0,0,0,0,0,"N",0,0.0,0,0,0,0,0,0,0,0,0,0,0,0
"38059","5","621999","78","0","2021","A","N","Morton County, North Dakota","Private","NAICS 621999 Miscellaneous ambulatory health care services","County, NAICS 6-digit -- by ownership sector","All establishment sizes",2,0,0,0,0,0,0,"N",2.23,0,0,0,0,0,0,"N",0,0.0,0,0,0,0,0,0,0,0,0,0,0,0
"38059","5","622","75","0","2021","A","N","Morton County, North Dakota","Private","NAICS 622 Hospitals","County, NAICS 3-digit -- by ownership sector","All establishment sizes",1,0,0,0,0,0,0,"N",0.82,0,0,0,0,0,0,"N",0,0.0,0,0,0,0,0,0,0,0,0,0,0,0
"38059","5","6223","76","0","2021","A","N","Morton County, North Dakota","Private","NAICS 6223 Other hospitals","County, NAICS 4-digit -- by ownership sector","All establishment sizes",1,0,0,0,0,0,0,"N",4.99,0,0,0,0,0,0,"N",0,0.0,0,0,0,0,0,0,0,0,0,0,0,0
"38059","5","62231","77","0","2021","A","N","Morton County, North Dakota","Private","NAICS 62231 Other hospitals","County, NAICS 5-digit -- by ownership sector","All establishment sizes",1,0,0,0,0,0,0,"N",4.99,0,0,0,0,0,0,"N",0,0.0,0,0,0,0,0,0,0,0,0,0,0,0
"38059","5","622310","78","0","2021","A","N","Morton County, North Dakota","Private","NAICS 622310 Other hospitals","County, NAICS 6-digit -- by ownership sector","All establishment sizes",1,0,0,0,0,0,0,"N",4.99,0,0,0,0,0,0,"N",0,0.0,0,0,0,0,0,0,0,0,0,0,0,0
"38059","5","623","75","0","2021","A","","Morton County, North Dakota","Private","NAICS 623 Nursing and residential care facilities","County, NAICS 3-digit -- by ownership sector","All establishment sizes",16,909,32976240,3560991,2849,698,36287,"",1.87,3.77,4.73,0.69,0.09,1.25,1.25,"",-1,-5.9,-47,-4.9,-2368930,-6.7,-637673,-15.2,-511,-15.2,-13,-1.8,-698,-1.9
"38059","5","6231","76","0","2021","A","","Morton County, North Dakota","Private","NAICS 6231 Nursing care facilities, skilled nursing","County, NAICS 4-digit -- by ownership sector","All establishment sizes",11,738,27263932,0,0,711,36960,"",5.86,6.72,8.00,0.00,0.00,1.19,1.19,"",-1,-8.3,-15,-2.0,-1705056,-5.9,0,0.0,0,0.0,-29,-3.9,-1516,-3.9
"38059","5","62311","77","0","2021","A","","Morton County, North Dakota","Private","NAICS 62311 Nursing care facilities, skilled nursing","County, NAICS 5-digit -- by ownership sector","All establishment sizes",11,738,27263932,0,0,711,36960,"",5.86,6.72,8.00,0.00,0.00,1.19,1.19,"",-1,-8.3,-15,-2.0,-1705056,-5.9,0,0.0,0,0.0,-29,-3.9,-1516,-3.9
"38059","5","623110","78","0","2021","A","","Morton County, North Dakota","Private","NAICS 623110 Nursing care facilities, skilled nursing","County, NAICS 6-digit -- by ownership sector","All establishment sizes",11,738,27263932,0,0,711,36960,"",5.86,6.72,8.00,0.00,0.00,1.19,1.19,"",-1,-8.3,-15,-2.0,-1705056,-5.9,0,0.0,0,0.0,-29,-3.9,-1516,-3.9
"38059","5","6232","76","0","2021","A","N","Morton County, North Dakota","Private","NAICS 6232 Residential mental health facilities","County, NAICS 4-digit -- by ownership sector","All establishment sizes",1,0,0,0,0,0,0,"N",0.31,0,0,0,0,0,0,"N",0,0.0,0,0,0,0,0,0,0,0,0,0,0,0
"38059","5","62322","77","0","2021","A","N","Morton County, North Dakota","Private","NAICS 62322 Residential mental and substance abuse care","County, NAICS 5-digit -- by ownership sector","All establishment sizes",1,0,0,0,0,0,0,"N",1.11,0,0,0,0,0,0,"N",0,0.0,0,0,0,0,0,0,0,0,0,0,0,0
"38059","5","623220","78","0","2021","A","N","Morton County, North Dakota","Private","NAICS 623220 Residential mental and substance abuse care","County, NAICS 6-digit -- by ownership sector","All establishment sizes",1,0,0,0,0,0,0,"N",1.11,0,0,0,0,0,0,"N",0,0.0,0,0,0,0,0,0,0,0,0,0,0,0
"38059","5","6233","76","0","2021","A","N","Morton County, North Dakota","Private","NAICS 6233 Continuing care, assisted living facilities","County, NAICS 4-digit -- by ownership sector","All establishment sizes",2,0,0,0,0,0,0,"N",0.71,0,0,0,0,0,0,"N",0,0.0,0,0,0,0,0,0,0,0,0,0,0,0
"38059","5","62331","77","0","2021","A","N","Morton County, North Dakota","Private","NAICS 62331 Continuing care, assisted living facilities","County, NAICS 5-digit -- by ownership sector","All establishment sizes",2,0,0,0,0,0,0,"N",0.71,0,0,0,0,0,0,"N",0,0.0,0,0,0,0,0,0,0,0,0,0,0,0
"38059","5","623311","78","0","2021","A","N","Morton County, North Dakota","Private","NAICS 623311 Continuing care retirement communities","County, NAICS 6-digit -- by ownership sector","All establishment sizes",2,0,0,0,0,0,0,"N",2.73,0,0,0,0,0,0,"N",0,0.0,0,0,0,0,0,0,0,0,0,0,0,0
"38059","5","6239","76","0","2021","A","N","Morton County, North Dakota","Private","NAICS 6239 Other residential care facilities","County, NAICS 4-digit -- by ownership sector","All establishment sizes",2,0,0,0,0,0,0,"N",2.91,0,0,0,0,0,0,"N",0,0.0,0,0,0,0,0,0,0,0,0,0,0,0
"38059","5","62399","77","0","2021","A","N","Morton County, North Dakota","Private","NAICS 62399 Other residential care facilities","County, NAICS 5-digit -- by ownership sector","All establishment sizes",2,0,0,0,0,0,0,"N",2.91,0,0,0,0,0,0,"N",0,0.0,0,0,0,0,0,0,0,0,0,0,0,0
"38059","5","623990","78","0","2021","A","N","Morton County, North Dakota","Private","NAICS 623990 Other residential care facilities","County, NAICS 6-digit -- by ownership sector","All establishment sizes",2,0,0,0,0,0,0,"N",2.91,0,0,0,0,0,0,"N",0,0.0,0,0,0,0,0,0,0,0,0,0,0,0
"38059","5","624","75","0","2021","A","","Morton County, North Dakota","Private","NAICS 624 Social assistance","County, NAICS 3-digit -- by ownership sector","All establishment sizes",32,269,7027714,1903535,8304,502,26093,"",0.31,0.85,1.03,0.31,0.17,1.22,1.22,"N",3,10.3,0,0,0,0,0,0,0,0,0,0,0,0
"38059","5","6241","76","0","2021","A","","Morton County, North Dakota","Private","NAICS 6241 Individual and family services","County, NAICS 4-digit -- by ownership sector","All establishment sizes",24,184,4748972,823001,2011,497,25821,"",0.25,0.86,1.08,0.20,0.06,1.26,1.26,"",2,9.1,12,7.0,54804,1.2,6399,0.8,368,22.4,-29,-5.5,-1550,-5.7
"38059","5","62412","77","0","2021","A","N","Morton County, North Dakota","Private","NAICS 62412 Services for the elderly and disabled","County, NAICS 5-digit -- by ownership sector","All establishment sizes",23,0,0,0,0,0,0,"N",0.26,0,0,0,0,0,0,"N",2,9.5,0,0,0,0,0,0,0,0,0,0,0,0
"38059","5","624120","78","0","2021","A","N","Morton County, North Dakota","Private","NAICS 624120 Services for the elderly and disabled","County, NAICS 6-digit -- by ownership sector","All establishment sizes",23,0,0,0,0,0,0,"N",0.26,0,0,0,0,0,0,"N",2,9.5,0,0,0,0,0,0,0,0,0,0,0,0
"38059","5","62419","77","0","2021","A","N","Morton County, North Dakota","Private","NAICS 62419 Other individual and family services","County, NAICS 5-digit -- by ownership sector","All establishment sizes",1,0,0,0,0,0,0,"N",0.28,0,0,0,0,0,0,"N",0,0.0,0,0,0,0,0,0,0,0,0,0,0,0
"38059","5","624190","78","0","2021","A","N","Morton County, North Dakota","Private","NAICS 624190 Other individual and family services","County, NAICS 6-digit -- by ownership sector","All establishment sizes",1,0,0,0,0,0,0,"N",0.28,0,0,0,0,0,0,"N",0,0.0,0,0,0,0,0,0,0,0,0,0,0,0
"38059","5","6244","76","0","2021","A","","Morton County, North Dakota","Private","NAICS 6244 Child day care services","County, NAICS 4-digit -- by ownership sector","All establishment sizes",9,85,2278742,1080534,6293,513,26678,"",1.21,1.30,1.69,0.68,0.58,1.30,1.30,"N",2,28.6,0,0,0,0,0,0,0,0,0,0,0,0
"38059","5","62441","77","0","2021","A","","Morton County, North Dakota","Private","NAICS 62441 Child day care services","County, NAICS 5-digit -- by ownership sector","All establishment sizes",9,85,2278742,1080534,6293,513,26678,"",1.21,1.30,1.69,0.68,0.58,1.30,1.30,"N",2,28.6,0,0,0,0,0,0,0,0,0,0,0,0
"38059","5","624410","78","0","2021","A","","Morton County, North Dakota","Private","NAICS 624410 Child day care services","County, NAICS 6-digit -- by ownership sector","All establishment sizes",9,85,2278742,1080534,6293,513,26678,"",1.21,1.30,1.69,0.68,0.58,1.30,1.30,"N",2,28.6,0,0,0,0,0,0,0,0,0,0,0,0
"38059","5","71","74","0","2021","A","","Morton County, North Dakota","Private","NAICS 71 Arts, entertainment, and recreation","County, NAICS Sector -- by ownership sector","All establishment sizes",20,324,3757751,2906520,12314,223,11616,"",1.22,2.04,0.69,0.83,0.41,0.34,0.34,"",2,11.1,69,27.1,955624,34.1,842337,40.8,823,7.2,12,5.7,624,5.7
"38059","5","711","75","0","2021","A","N","Morton County, North Dakota","Private","NAICS 711 Performing arts and spectator sports","County, NAICS 3-digit -- by ownership sector","All establishment sizes",3,0,0,0,0,0,0,"N",0.45,0,0,0,0,0,0,"N",0,0.0,0,0,0,0,0,0,0,0,0,0,0,0
"38059","5","7112","76","0","2021","A","N","Morton County, North Dakota","Private","NAICS 7112 Spectator sports","County, NAICS 4-digit -- by ownership sector","All establishment sizes",1,0,0,0,0,0,0,"N",1.37,0,0,0,0,0,0,"N",0,0.0,0,0,0,0,0,0,0,0,0,0,0,0
"38059","5","71121","77","0","2021","A","N","Morton County, North Dakota","Private","NAICS 71121 Spectator sports","County, NAICS 5-digit -- by ownership sector","All establishment sizes",1,0,0,0,0,0,0,"N",1.37,0,0,0,0,0,0,"N",0,0.0,0,0,0,0,0,0,0,0,0,0,0,0
"38059","5","711212","78","0","2021","A","N","Morton County, North Dakota","Private","NAICS 711212 Racetracks","County, NAICS 6-digit -- by ownership sector","All establishment sizes",1,0,0,0,0,0,0,"N",12.92,0,0,0,0,0,0,"N",0,0.0,0,0,0,0,0,0,0,0,0,0,0,0
"38059","5","7113","76","0","2021","A","N","Morton County, North Dakota","Private","NAICS 7113 Promoters of performing arts and sports","County, NAICS 4-digit -- by ownership sector","All establishment sizes",2,0,0,0,0,0,0,"N",2.18,0,0,0,0,0,0,"N",0,0.0,0,0,0,0,0,0,0,0,0,0,0,0
"38059","5","71131","77","0","2021","A","N","Morton County, North Dakota","Private","NAICS 71131 Promoters with facilities","County, NAICS 5-digit -- by ownership sector","All establishment sizes",1,0,0,0,0,0,0,"N",2.56,0,0,0,0,0,0,"N",0,0.0,0,0,0,0,0,0,0,0,0,0,0,0
"38059","5","711310","78","0","2021","A","N","Morton County, North Dakota","Private","NAICS 711310 Promoters with facilities","County, NAICS 6-digit -- by ownership sector","All establishment sizes",1,0,0,0,0,0,0,"N",2.56,0,0,0,0,0,0,"N",0,0.0,0,0,0,0,0,0,0,0,0,0,0,0
"38059","5","71132","77","0","2021","A","N","Morton County, North Dakota","Private","NAICS 71132 Promoters without facilities","County, NAICS 5-digit -- by ownership sector","All establishment sizes",1,0,0,0,0,0,0,"N",1.90,0,0,0,0,0,0,"N",0,0.0,0,0,0,0,0,0,0,0,0,0,0,0
"38059","5","711320","78","0","2021","A","N","Morton County, North Dakota","Private","NAICS 711320 Promoters without facilities","County, NAICS 6-digit -- by ownership sector","All establishment sizes",1,0,0,0,0,0,0,"N",1.90,0,0,0,0,0,0,"N",0,0.0,0,0,0,0,0,0,0,0,0,0,0,0
"38059","5","713","75","0","2021","A","N","Morton County, North Dakota","Private","NAICS 713 Amusements, gambling, and recreation","County, NAICS 3-digit -- by ownership sector","All establishment sizes",17,0,0,0,0,0,0,"N",1.90,0,0,0,0,0,0,"N",2,13.3,0,0,0,0,0,0,0,0,0,0,0,0
"38059","5","7132","76","0","2021","A","N","Morton County, North Dakota","Private","NAICS 7132 Gambling industries","County, NAICS 4-digit -- by ownership sector","All establishment sizes",5,0,0,0,0,0,0,"N",14.04,0,0,0,0,0,0,"N",0,0.0,0,0,0,0,0,0,0,0,0,0,0,0
"38059","5","71329","77","0","2021","A","N","Morton County, North Dakota","Private","NAICS 71329 Other gambling industries","County, NAICS 5-digit -- by ownership sector","All establishment sizes",5,0,0,0,0,0,0,"N",15.80,0,0,0,0,0,0,"N",0,0.0,0,0,0,0,0,0,0,0,0,0,0,0
"38059","5","713290","78","0","2021","A","N","Morton County, North Dakota","Private","NAICS 713290 Other gambling industries","County, NAICS 6-digit -- by ownership sector","All establishment sizes",5,0,0,0,0,0,0,"N",15.80,0,0,0,0,0,0,"N",0,0.0,0,0,0,0,0,0,0,0,0,0,0,0
"38059","5","7139","76","0","2021","A","N","Morton County, North Dakota","Private","NAICS 7139 Other amusement and recreation industries","County, NAICS 4-digit -- by ownership sector","All establishment sizes",12,0,0,0,0,0,0,"N",1.46,0,0,0,0,0,0,"N",2,20.0,0,0,0,0,0,0,0,0,0,0,0,0
"38059","5","71391","77","0","2021","A","N","Morton County, North Dakota","Private","NAICS 71391 Golf courses and country clubs","County, NAICS 5-digit -- by ownership sector","All establishment sizes",1,0,0,0,0,0,0,"N",0.93,0,0,0,0,0,0,"N",0,0.0,0,0,0,0,0,0,0,0,0,0,0,0
"38059","5","713910","78","0","2021","A","N","Morton County, North Dakota","Private","NAICS 713910 Golf courses and country clubs","County, NAICS 6-digit -- by ownership sector","All establishment sizes",1,0,0,0,0,0,0,"N",0.93,0,0,0,0,0,0,"N",0,0.0,0,0,0,0,0,0,0,0,0,0,0,0
"38059","5","71392","77","0","2021","A","N","Morton County, North Dakota","Private","NAICS 71392 Skiing facilities","County, NAICS 5-digit -- by ownership sector","All establishment sizes",1,0,0,0,0,0,0,"N",25.64,0,0,0,0,0,0,"N",0,0.0,0,0,0,0,0,0,0,0,0,0,0,0
"38059","5","713920","78","0","2021","A","N","Morton County, North Dakota","Private","NAICS 713920 Skiing facilities","County, NAICS 6-digit -- by ownership sector","All establishment sizes",1,0,0,0,0,0,0,"N",25.64,0,0,0,0,0,0,"N",0,0.0,0,0,0,0,0,0,0,0,0,0,0,0
"38059","5","71394","77","0","2021","A","","Morton County, North Dakota","Private","NAICS 71394 Fitness and recreational sports centers","County, NAICS 5-digit -- by ownership sector","All establishment sizes",4,79,901786,294748,3006,220,11439,"",0.97,1.94,1.47,0.42,0.59,0.76,0.76,"N",2,100.0,0,0,0,0,0,0,0,0,0,0,0,0
"38059","5","713940","78","0","2021","A","","Morton County, North Dakota","Private","NAICS 713940 Fitness and recreational sports centers","County, NAICS 6-digit -- by ownership sector","All establishment sizes",4,79,901786,294748,3006,220,11439,"",0.97,1.94,1.47,0.42,0.59,0.76,0.76,"N",2,100.0,0,0,0,0,0,0,0,0,0,0,0,0
"38059","5","71395","77","0","2021","A","N","Morton County, North Dakota","Private","NAICS 71395 Bowling centers","County, NAICS 5-digit -- by ownership sector","All establishment sizes",2,0,0,0,0,0,0,"N",5.81,0,0,0,0,0,0,"N",0,0.0,0,0,0,0,0,0,0,0,0,0,0,0
"38059","5","713950","78","0","2021","A","N","Morton County, North Dakota","Private","NAICS 713950 Bowling centers","County, NAICS 6-digit -- by ownership sector","All establishment sizes",2,0,0,0,0,0,0,"N",5.81,0,0,0,0,0,0,"N",0,0.0,0,0,0,0,0,0,0,0,0,0,0,0
"38059","5","71399","77","0","2021","A","","Morton County, North Dakota","Private","NAICS 71399 All other amusement and recreation industries","County, NAICS 5-digit -- by ownership sector","All establishment sizes",4,104,682731,661741,2834,126,6559,"",1.80,6.98,2.45,1.90,1.11,0.35,0.35,"",0,0.0,26,33.3,169512,33.0,160032,31.9,192,7.3,-1,-0.8,-63,-1.0
"38059","5","713990","78","0","2021","A","","Morton County, North Dakota","Private","NAICS 713990 All other amusement and recreation industries","County, NAICS 6-digit -- by ownership sector","All establishment sizes",4,104,682731,661741,2834,126,6559,"",1.80,6.98,2.45,1.90,1.11,0.35,0.35,"",0,0.0,26,33.3,169512,33.0,160032,31.9,192,7.3,-1,-0.8,-63,-1.0
"38059","5","72","74","0","2021","A","","Morton County, North Dakota","Private","NAICS 72 Accommodation and food services","County, NAICS Sector -- by ownership sector","All establishment sizes",70,923,17332423,15970912,41811,361,18772,"",0.95,0.95,0.94,0.66,0.28,0.99,0.99,"",3,4.5,72,8.5,2683121,18.3,2375166,17.5,-25131,-37.5,30,9.1,1548,9.0
"38059","5","721","75","0","2021","A","","Morton County, North Dakota","Private","NAICS 721 Accommodation","County, NAICS 3-digit -- by ownership sector","All establishment sizes",9,97,1929477,1761108,8661,384,19960,"",1.21,0.81,0.56,0.47,0.33,0.70,0.70,"",0,0.0,9,10.2,167076,9.5,158299,9.9,-12927,-59.9,-2,-0.5,-86,-0.4
"38059","5","7211","76","0","2021","A","","Morton County, North Dakota","Private","NAICS 7211 Traveler accommodation","County, NAICS 4-digit -- by ownership sector","All establishment sizes",9,97,1929477,1761108,8661,384,19960,"",1.40,0.85,0.58,0.49,0.35,0.69,0.69,"",0,0.0,9,10.2,167076,9.5,158299,9.9,-12927,-59.9,-2,-0.5,-86,-0.4
"38059","5","72111","77","0","2021","A","","Morton County, North Dakota","Private","NAICS 72111 Hotels and motels, except casino hotels","County, NAICS 5-digit -- by ownership sector","All establishment sizes",9,97,1929477,1761108,8661,384,19960,"",1.52,1.02,0.79,0.65,0.43,0.78,0.78,"",0,0.0,9,10.2,167076,9.5,158299,9.9,-12927,-59.9,-2,-0.5,-86,-0.4
"38059","5","721110","78","0","2021","A","","Morton County, North Dakota","Private","NAICS 721110 Hotels and motels, except casino hotels","County, NAICS 6-digit -- by ownership sector","All establishment sizes",9,97,1929477,1761108,8661,384,19960,"",1.52,1.02,0.79,0.65,0.43,0.78,0.78,"",0,0.0,9,10.2,167076,9.5,158299,9.9,-12927,-59.9,-2,-0.5,-86,-0.4
"38059","5","722","75","0","2021","A","","Morton County, North Dakota","Private","NAICS 722 Food services and drinking places","County, NAICS 3-digit -- by ownership sector","All establishment sizes",61,827,15402946,14209804,33150,358,18633,"",0.92,0.97,1.02,0.70,0.26,1.06,1.06,"",3,5.2,64,8.4,2516045,19.5,2216867,18.5,-12204,-26.9,33,10.2,1734,10.3
"38059","5","7223","76","0","2021","A","N","Morton County, North Dakota","Private","NAICS 7223 Special food services","County, NAICS 4-digit -- by ownership sector","All establishment sizes",3,0,0,0,0,0,0,"N",0.69,0,0,0,0,0,0,"N",2,200.0,0,0,0,0,0,0,0,0,0,0,0,0
"38059","5","72231","77","0","2021","A","N","Morton County, North Dakota","Private","NAICS 72231 Food service contractors","County, NAICS 5-digit -- by ownership sector","All establishment sizes",2,0,0,0,0,0,0,"N",0.87,0,0,0,0,0,0,"N",2,100.0,0,0,0,0,0,0,0,0,0,0,0,0
"38059","5","722310","78","0","2021","A","N","Morton County, North Dakota","Private","NAICS 722310 Food service contractors","County, NAICS 6-digit -- by ownership sector","All establishment sizes",2,0,0,0,0,0,0,"N",0.87,0,0,0,0,0,0,"N",2,100.0,0,0,0,0,0,0,0,0,0,0,0,0
"38059","5","72232","77","0","2021","A","N","Morton County, North Dakota","Private","NAICS 72232 Caterers","County, NAICS 5-digit -- by ownership sector","All establishment sizes",1,0,0,0,0,0,0,"N",0.79,0,0,0,0,0,0,"N",1,100.0,0,0,0,0,0,0,0,0,0,0,0,0
"38059","5","722320","78","0","2021","A","N","Morton County, North Dakota","Private","NAICS 722320 Caterers","County, NAICS 6-digit -- by ownership sector","All establishment sizes",1,0,0,0,0,0,0,"N",0.79,0,0,0,0,0,0,"N",1,100.0,0,0,0,0,0,0,0,0,0,0,0,0
"38059","5","72233","77","0","2021","A","N","Morton County, North Dakota","Private","NAICS 72233 Mobile food services","County, NAICS 5-digit -- by ownership sector","All establishment sizes",0,0,0,0,0,0,0,"N",0.00,0,0,0,0,0,0,"N",-1,-100.0,0,0,0,0,0,0,0,0,0,0,0,0
"38059","5","722330","78","0","2021","A","N","Morton County, North Dakota","Private","NAICS 722330 Mobile food services","County, NAICS 6-digit -- by ownership sector","All establishment sizes",0,0,0,0,0,0,0,"N",0.00,0,0,0,0,0,0,"N",-1,-100.0,0,0,0,0,0,0,0,0,0,0,0,0
"38059","5","7224","76","0","2021","A","N","Morton County, North Dakota","Private","NAICS 7224 Drinking places, alcoholic beverages","County, NAICS 4-digit -- by ownership sector","All establishment sizes",22,0,0,0,0,0,0,"N",5.31,0,0,0,0,0,0,"N",1,4.8,0,0,0,0,0,0,0,0,0,0,0,0
"38059","5","72241","77","0","2021","A","N","Morton County, North Dakota","Private","NAICS 72241 Drinking places, alcoholic beverages","County, NAICS 5-digit -- by ownership sector","All establishment sizes",22,0,0,0,0,0,0,"N",5.31,0,0,0,0,0,0,"N",1,4.8,0,0,0,0,0,0,0,0,0,0,0,0
"38059","5","722410","78","0","2021","A","N","Morton County, North Dakota","Private","NAICS 722410 Drinking places, alcoholic beverages","County, NAICS 6-digit -- by ownership sector","All establishment sizes",22,0,0,0,0,0,0,"N",5.31,0,0,0,0,0,0,"N",1,4.8,0,0,0,0,0,0,0,0,0,0,0,0
"38059","5","7225","76","0","2021","A","","Morton County, North Dakota","Private","NAICS 7225 Restaurants and other eating places","County, NAICS 4-digit -- by ownership sector","All establishment sizes",37,643,11558517,10799427,23000,346,17978,"",0.64,0.82,0.85,0.58,0.22,1.04,1.04,"",0,0.0,33,5.4,1502743,14.9,1439278,15.4,-11977,-34.2,29,9.1,1482,9.0
"38059","5","72251","77","0","2021","A","","Morton County, North Dakota","Private","NAICS 72251 Restaurants and other eating places","County, NAICS 5-digit -- by ownership sector","All establishment sizes",37,643,11558517,10799427,23000,346,17978,"",0.64,0.82,0.85,0.58,0.22,1.04,1.04,"",0,0.0,33,5.4,1502743,14.9,1439278,15.4,-11977,-34.2,29,9.1,1482,9.0
"38059","5","722511","78","0","2021","A","","Morton County, North Dakota","Private","NAICS 722511 Full-service restaurants","County, NAICS 6-digit -- by ownership sector","All establishment sizes",14,224,4414639,4077134,14342,380,19738,"",0.56,0.61,0.60,0.43,0.25,1.00,1.00,"",0,0.0,27,13.7,1041892,30.9,863749,26.9,-933,-6.1,51,15.5,2632,15.4
"38059","5","722513","78","0","2021","A","","Morton County, North Dakota","Private","NAICS 722513 Limited-service restaurants","County, NAICS 6-digit -- by ownership sector","All establishment sizes",19,403,6898780,6489056,8410,329,17129,"",0.76,1.17,1.34,0.86,0.22,1.14,1.14,"",0,0.0,10,2.5,466429,7.3,586512,9.9,-10551,-55.6,15,4.8,776,4.7
"38059","5","722515","78","0","2021","A","","Morton County, North Dakota","Private","NAICS 722515 Snack and nonalcoholic beverage bars","County, NAICS 6-digit -- by ownership sector","All establishment sizes",4,17,245098,233237,248,286,14854,"",0.57,0.26,0.25,0.16,0.03,1.00,0.99,"",0,0.0,-2,-10.5,-5578,-2.2,-10983,-4.5,-493,-66.5,33,13.0,1718,13.1
"38059","5","81","74","0","2021","A","","Morton County, North Dakota","Private","NAICS 81 Other services, except public administration","County, NAICS Sector -- by ownership sector","All establishment sizes",82,348,15218302,10081932,32818,840,43678,"",0.98,1.05,1.34,1.22,0.57,1.28,1.28,"",6,7.9,-5,-1.4,913145,6.4,773544,8.3,-7208,-18.0,60,7.7,3125,7.7
"38059","5","811","75","0","2021","A","","Morton County, North Dakota","Private","NAICS 811 Repair and maintenance","County, NAICS 3-digit -- by ownership sector","All establishment sizes",40,136,6329733,4710643,14085,896,46571,"",1.70,1.28,1.55,1.49,0.66,1.22,1.22,"",1,2.6,9,7.1,59856,1.0,264973,6.0,-7153,-33.7,-53,-5.6,-2798,-5.7
"38059","5","8111","76","0","2021","A","","Morton County, North Dakota","Private","NAICS 8111 Automotive repair and maintenance","County, NAICS 4-digit -- by ownership sector","All establishment sizes",22,85,3531181,2784513,4667,800,41625,"",1.32,1.14,1.39,1.28,0.35,1.22,1.22,"",1,4.8,8,10.4,127522,3.7,222494,8.7,1607,52.5,-49,-5.8,-2531,-5.7
"38059","5","81111","77","0","2021","A","","Morton County, North Dakota","Private","NAICS 81111 Automotive mechanical and electrical repair","County, NAICS 5-digit -- by ownership sector","All establishment sizes",7,27,1096588,881835,1197,772,40119,"",0.74,0.83,0.93,0.90,0.20,1.11,1.11,"",0,0.0,10,58.8,198804,22.1,227388,34.7,387,47.8,-219,-22.1,-11428,-22.2
"38059","5","811111","78","0","2021","A","N","Morton County, North Dakota","Private","NAICS 811111 General automotive repair","County, NAICS 6-digit -- by ownership sector","All establishment sizes",6,0,0,0,0,0,0,"N",0.72,0,0,0,0,0,0,"N",0,0.0,0,0,0,0,0,0,0,0,0,0,0,0
"38059","5","811113","78","0","2021","A","N","Morton County, North Dakota","Private","NAICS 811113 Automotive transmission repair","County, NAICS 6-digit -- by ownership sector","All establishment sizes",1,0,0,0,0,0,0,"N",2.64,0,0,0,0,0,0,"N",0,0.0,0,0,0,0,0,0,0,0,0,0,0,0
"38059","5","81112","77","0","2021","A","N","Morton County, North Dakota","Private","NAICS 81112 Automotive body, interior, and glass repair","County, NAICS 5-digit -- by ownership sector","All establishment sizes",11,0,0,0,0,0,0,"N",2.66,0,0,0,0,0,0,"N",0,0.0,0,0,0,0,0,0,0,0,0,0,0,0
"38059","5","811121","78","0","2021","A","","Morton County, North Dakota","Private","NAICS 811121 Automotive body and interior repair","County, NAICS 6-digit -- by ownership sector","All establishment sizes",8,30,1508106,1096023,1160,975,50693,"",2.28,1.61,1.96,1.90,0.31,1.23,1.23,"",0,0.0,-9,-23.1,-313091,-17.2,-202017,-15.6,-242,-17.3,65,7.1,3389,7.2
"38059","5","811122","78","0","2021","A","N","Morton County, North Dakota","Private","NAICS 811122 Automotive glass replacement shops","County, NAICS 6-digit -- by ownership sector","All establishment sizes",3,0,0,0,0,0,0,"N",4.79,0,0,0,0,0,0,"N",0,0.0,0,0,0,0,0,0,0,0,0,0,0,0
"38059","5","81119","77","0","2021","A","N","Morton County, North Dakota","Private","NAICS 81119 Other automotive repair and maintenance","County, NAICS 5-digit -- by ownership sector","All establishment sizes",4,0,0,0,0,0,0,"N",1.27,0,0,0,0,0,0,"N",1,33.3,0,0,0,0,0,0,0,0,0,0,0,0
"38059","5","811192","78","0","2021","A","N","Morton County, North Dakota","Private","NAICS 811192 Car washes","County, NAICS 6-digit -- by ownership sector","All establishment sizes",3,0,0,0,0,0,0,"N",1.72,0,0,0,0,0,0,"N",1,50.0,0,0,0,0,0,0,0,0,0,0,0,0
"38059","5","811198","78","0","2021","A","N","Morton County, North Dakota","Private","NAICS 811198 All other automotive repair and maintenance","County, NAICS 6-digit -- by ownership sector","All establishment sizes",1,0,0,0,0,0,0,"N",1.56,0,0,0,0,0,0,"N",0,0.0,0,0,0,0,0,0,0,0,0,0,0,0
"38059","5","8112","76","0","2021","A","N","Morton County, North Dakota","Private","NAICS 8112 Electronic equipment repair and maintenance","County, NAICS 4-digit -- by ownership sector","All establishment sizes",1,0,0,0,0,0,0,"N",0.61,0,0,0,0,0,0,"N",0,0.0,0,0,0,0,0,0,0,0,0,0,0,0
"38059","5","81121","77","0","2021","A","N","Morton County, North Dakota","Private","NAICS 81121 Electronic equipment repair and maintenance","County, NAICS 5-digit -- by ownership sector","All establishment sizes",1,0,0,0,0,0,0,"N",0.61,0,0,0,0,0,0,"N",0,0.0,0,0,0,0,0,0,0,0,0,0,0,0
"38059","5","811212","78","0","2021","A","N","Morton County, North Dakota","Private","NAICS 811212 Computer and office machine repair","County, NAICS 6-digit -- by ownership sector","All establishment sizes",1,0,0,0,0,0,0,"N",1.52,0,0,0,0,0,0,"N",0,0.0,0,0,0,0,0,0,0,0,0,0,0,0
"38059","5","8113","76","0","2021","A","","Morton County, North Dakota","Private","NAICS 8113 Commercial machinery repair and maintenance","County, NAICS 4-digit -- by ownership sector","All establishment sizes",11,37,2166723,1395870,8320,1126,58560,"",3.74,2.18,2.40,2.50,1.75,1.10,1.10,"",0,0.0,0,0.0,-174769,-7.5,-77884,-5.3,-9270,-52.7,-80,-6.6,-4159,-6.6
"38059","5","81131","77","0","2021","A","","Morton County, North Dakota","Private","NAICS 81131 Commercial machinery repair and maintenance","County, NAICS 5-digit -- by ownership sector","All establishment sizes",11,37,2166723,1395870,8320,1126,58560,"",3.74,2.18,2.40,2.50,1.75,1.10,1.10,"",0,0.0,0,0.0,-174769,-7.5,-77884,-5.3,-9270,-52.7,-80,-6.6,-4159,-6.6
"38059","5","811310","78","0","2021","A","","Morton County, North Dakota","Private","NAICS 811310 Commercial machinery repair and maintenance","County, NAICS 6-digit -- by ownership sector","All establishment sizes",11,37,2166723,1395870,8320,1126,58560,"",3.74,2.18,2.40,2.50,1.75,1.10,1.10,"",0,0.0,0,0.0,-174769,-7.5,-77884,-5.3,-9270,-52.7,-80,-6.6,-4159,-6.6
"38059","5","8114","76","0","2021","A","N","Morton County, North Dakota","Private","NAICS 8114 Household goods repair and maintenance","County, NAICS 4-digit -- by ownership sector","All establishment sizes",6,0,0,0,0,0,0,"N",2.59,0,0,0,0,0,0,"N",0,0.0,0,0,0,0,0,0,0,0,0,0,0,0
"38059","5","81142","77","0","2021","A","N","Morton County, North Dakota","Private","NAICS 81142 Reupholstery and furniture repair","County, NAICS 5-digit -- by ownership sector","All establishment sizes",1,0,0,0,0,0,0,"N",2.73,0,0,0,0,0,0,"N",0,0.0,0,0,0,0,0,0,0,0,0,0,0,0
"38059","5","811420","78","0","2021","A","N","Morton County, North Dakota","Private","NAICS 811420 Reupholstery and furniture repair","County, NAICS 6-digit -- by ownership sector","All establishment sizes",1,0,0,0,0,0,0,"N",2.73,0,0,0,0,0,0,"N",0,0.0,0,0,0,0,0,0,0,0,0,0,0,0
"38059","5","81149","77","0","2021","A","N","Morton County, North Dakota","Private","NAICS 81149 Other household goods repair and maintenance","County, NAICS 5-digit -- by ownership sector","All establishment sizes",5,0,0,0,0,0,0,"N",4.44,0,0,0,0,0,0,"N",0,0.0,0,0,0,0,0,0,0,0,0,0,0,0
"38059","5","811490","78","0","2021","A","N","Morton County, North Dakota","Private","NAICS 811490 Other household goods repair and maintenance","County, NAICS 6-digit -- by ownership sector","All establishment sizes",5,0,0,0,0,0,0,"N",4.44,0,0,0,0,0,0,"N",0,0.0,0,0,0,0,0,0,0,0,0,0,0,0
"38059","5","812","75","0","2021","A","N","Morton County, North Dakota","Private","NAICS 812 Personal and laundry services","County, NAICS 3-digit -- by ownership sector","All establishment sizes",17,0,0,0,0,0,0,"N",0.71,0,0,0,0,0,0,"N",2,13.3,0,0,0,0,0,0,0,0,0,0,0,0
"38059","5","8121","76","0","2021","A","","Morton County, North Dakota","Private","NAICS 8121 Personal care services","County, NAICS 4-digit -- by ownership sector","All establishment sizes",12,49,1277348,1203309,8946,500,26024,"",0.86,0.92,1.10,0.89,1.00,1.19,1.19,"",2,20.0,22,81.5,750992,142.7,683179,131.3,5806,184.9,122,32.3,6347,32.3
"38059","5","81211","77","0","2021","A","N","Morton County, North Dakota","Private","NAICS 81211 Hair, nail, and skin care services","County, NAICS 5-digit -- by ownership sector","All establishment sizes",10,0,0,0,0,0,0,"N",0.89,0,0,0,0,0,0,"N",2,25.0,0,0,0,0,0,0,0,0,0,0,0,0
"38059","5","812112","78","0","2021","A","","Morton County, North Dakota","Private","NAICS 812112 Beauty salons","County, NAICS 6-digit -- by ownership sector","All establishment sizes",7,37,913913,844590,6251,479,24925,"",0.94,1.31,1.42,1.18,1.49,1.09,1.09,"",1,16.7,14,60.9,447652,96.0,384555,83.6,3618,137.4,85,21.6,4430,21.6
"38059","5","812113","78","0","2021","A","N","Morton County, North Dakota","Private","NAICS 812113 Nail salons","County, NAICS 6-digit -- by ownership sector","All establishment sizes",3,0,0,0,0,0,0,"N",0.98,0,0,0,0,0,0,"N",1,50.0,0,0,0,0,0,0,0,0,0,0,0,0
"38059","5","81219","77","0","2021","A","N","Morton County, North Dakota","Private","NAICS 81219 Other personal care services","County, NAICS 5-digit -- by ownership sector","All establishment sizes",2,0,0,0,0,0,0,"N",0.73,0,0,0,0,0,0,"N",0,0.0,0,0,0,0,0,0,0,0,0,0,0,0
"38059","5","812199","78","0","2021","A","N","Morton County, North Dakota","Private","NAICS 812199 Other personal care services","County, NAICS 6-digit -- by ownership sector","All establishment sizes",2,0,0,0,0,0,0,"N",0.82,0,0,0,0,0,0,"N",0,0.0,0,0,0,0,0,0,0,0,0,0,0,0
"38059","5","8122","76","0","2021","A","N","Morton County, North Dakota","Private","NAICS 8122 Death care services","County, NAICS 4-digit -- by ownership sector","All establishment sizes",2,0,0,0,0,0,0,"N",1.10,0,0,0,0,0,0,"N",0,0.0,0,0,0,0,0,0,0,0,0,0,0,0
"38059","5","81221","77","0","2021","A","N","Morton County, North Dakota","Private","NAICS 81221 Funeral homes and funeral services","County, NAICS 5-digit -- by ownership sector","All establishment sizes",2,0,0,0,0,0,0,"N",1.45,0,0,0,0,0,0,"N",0,0.0,0,0,0,0,0,0,0,0,0,0,0,0
"38059","5","812210","78","0","2021","A","N","Morton County, North Dakota","Private","NAICS 812210 Funeral homes and funeral services","County, NAICS 6-digit -- by ownership sector","All establishment sizes",2,0,0,0,0,0,0,"N",1.45,0,0,0,0,0,0,"N",0,0.0,0,0,0,0,0,0,0,0,0,0,0,0
"38059","5","8129","76","0","2021","A","N","Morton County, North Dakota","Private","NAICS 8129 Other personal services","County, NAICS 4-digit -- by ownership sector","All establishment sizes",3,0,0,0,0,0,0,"N",0.56,0,0,0,0,0,0,"N",1,50.0,0,0,0,0,0,0,0,0,0,0,0,0
"38059","5","81291","77","0","2021","A","N","Morton County, North Dakota","Private","NAICS 81291 Pet care, except veterinary, services","County, NAICS 5-digit -- by ownership sector","All establishment sizes",2,0,0,0,0,0,0,"N",0.90,0,0,0,0,0,0,"N",0,0.0,0,0,0,0,0,0,0,0,0,0,0,0
"38059","5","812910","78","0","2021","A","N","Morton County, North Dakota","Private","NAICS 812910 Pet care, except veterinary, services","County, NAICS 6-digit -- by ownership sector","All establishment sizes",2,0,0,0,0,0,0,"N",0.90,0,0,0,0,0,0,"N",0,0.0,0,0,0,0,0,0,0,0,0,0,0,0
"38059","5","81299","77","0","2021","A","N","Morton County, North Dakota","Private","NAICS 81299 All other personal services","County, NAICS 5-digit -- by ownership sector","All establishment sizes",1,0,0,0,0,0,0,"N",0.43,0,0,0,0,0,0,"N",0,0.0,0,0,0,0,0,0,0,0,0,0,0,0
"38059","5","812990","78","0","2021","A","N","Morton County, North Dakota","Private","NAICS 812990 All other personal services","County, NAICS 6-digit -- by ownership sector","All establishment sizes",1,0,0,0,0,0,0,"N",0.43,0,0,0,0,0,0,"N",0,0.0,0,0,0,0,0,0,0,0,0,0,0,0
"38059","5","813","75","0","2021","A","","Morton County, North Dakota","Private","NAICS 813 Membership associations and organizations","County, NAICS 3-digit -- by ownership sector","All establishment sizes",19,120,6183898,3506243,8294,992,51604,"",1.19,1.20,1.51,1.86,0.58,1.26,1.26,"",0,0.0,-32,-21.1,10315,0.2,-177375,-4.8,-2767,-25.0,211,27.0,10966,27.0
"38059","5","8132","76","0","2021","A","N","Morton County, North Dakota","Private","NAICS 8132 Grantmaking and giving services","County, NAICS 4-digit -- by ownership sector","All establishment sizes",2,0,0,0,0,0,0,"N",1.01,0,0,0,0,0,0,"N",-1,-33.3,0,0,0,0,0,0,0,0,0,0,0,0
"38059","5","81321","77","0","2021","A","N","Morton County, North Dakota","Private","NAICS 81321 Grantmaking and giving services","County, NAICS 5-digit -- by ownership sector","All establishment sizes",2,0,0,0,0,0,0,"N",1.01,0,0,0,0,0,0,"N",-1,-33.3,0,0,0,0,0,0,0,0,0,0,0,0
"38059","5","813211","78","0","2021","A","N","Morton County, North Dakota","Private","NAICS 813211 Grantmaking foundations","County, NAICS 6-digit -- by ownership sector","All establishment sizes",1,0,0,0,0,0,0,"N",0.96,0,0,0,0,0,0,"N",1,100.0,0,0,0,0,0,0,0,0,0,0,0,0
"38059","5","813212","78","0","2021","A","N","Morton County, North Dakota","Private","NAICS 813212 Voluntary health organizations","County, NAICS 6-digit -- by ownership sector","All establishment sizes",1,0,0,0,0,0,0,"N",2.18,0,0,0,0,0,0,"N",-2,-66.7,0,0,0,0,0,0,0,0,0,0,0,0
"38059","5","8133","76","0","2021","A","N","Morton County, North Dakota","Private","NAICS 8133 Social advocacy organizations","County, NAICS 4-digit -- by ownership sector","All establishment sizes",3,0,0,0,0,0,0,"N",1.07,0,0,0,0,0,0,"N",1,50.0,0,0,0,0,0,0,0,0,0,0,0,0
"38059","5","81331","77","0","2021","A","N","Morton County, North Dakota","Private","NAICS 81331 Social advocacy organizations","County, NAICS 5-digit -- by ownership sector","All establishment sizes",3,0,0,0,0,0,0,"N",1.07,0,0,0,0,0,0,"N",1,50.0,0,0,0,0,0,0,0,0,0,0,0,0
"38059","5","813311","78","0","2021","A","N","Morton County, North Dakota","Private","NAICS 813311 Human rights organizations","County, NAICS 6-digit -- by ownership sector","All establishment sizes",1,0,0,0,0,0,0,"N",1.79,0,0,0,0,0,0,"N",0,0.0,0,0,0,0,0,0,0,0,0,0,0,0
"38059","5","813319","78","0","2021","A","N","Morton County, North Dakota","Private","NAICS 813319 Other social advocacy organizations","County, NAICS 6-digit -- by ownership sector","All establishment sizes",1,0,0,0,0,0,0,"N",0.68,0,0,0,0,0,0,"N",0,0.0,0,0,0,0,0,0,0,0,0,0,0,0
"38059","5","8134","76","0","2021","A","","Morton County, North Dakota","Private","NAICS 8134 Civic and social organizations","County, NAICS 4-digit -- by ownership sector","All establishment sizes",4,37,437796,368261,545,230,11967,"",1.56,1.65,0.97,1.45,0.30,0.59,0.59,"",0,0.0,6,19.4,-59871,-12.0,-16846,-4.4,-415,-43.2,-76,-24.8,-3958,-24.9
"38059","5","81341","77","0","2021","A","","Morton County, North Dakota","Private","NAICS 81341 Civic and social organizations","County, NAICS 5-digit -- by ownership sector","All establishment sizes",4,37,437796,368261,545,230,11967,"",1.56,1.65,0.97,1.45,0.30,0.59,0.59,"",0,0.0,6,19.4,-59871,-12.0,-16846,-4.4,-415,-43.2,-76,-24.8,-3958,-24.9
"38059","5","813410","78","0","2021","A","","Morton County, North Dakota","Private","NAICS 813410 Civic and social organizations","County, NAICS 6-digit -- by ownership sector","All establishment sizes",4,37,437796,368261,545,230,11967,"",1.56,1.65,0.97,1.45,0.30,0.59,0.59,"",0,0.0,6,19.4,-59871,-12.0,-16846,-4.4,-415,-43.2,-76,-24.8,-3958,-24.9
"38059","5","8139","76","0","2021","A","","Morton County, North Dakota","Private","NAICS 8139 Professional and similar organizations","County, NAICS 4-digit -- by ownership sector","All establishment sizes",11,51,3994171,1714991,3752,1506,78317,"",1.80,1.56,2.25,2.09,0.65,1.44,1.44,"",1,10.0,3,6.2,318680,8.7,145449,9.3,-144,-3.7,46,3.2,2403,3.2
"38059","5","81391","77","0","2021","A","N","Morton County, North Dakota","Private","NAICS 81391 Business associations","County, NAICS 5-digit -- by ownership sector","All establishment sizes",4,0,0,0,0,0,0,"N",1.99,0,0,0,0,0,0,"N",1,33.3,0,0,0,0,0,0,0,0,0,0,0,0
"38059","5","813910","78","0","2021","A","N","Morton County, North Dakota","Private","NAICS 813910 Business associations","County, NAICS 6-digit -- by ownership sector","All establishment sizes",4,0,0,0,0,0,0,"N",1.99,0,0,0,0,0,0,"N",1,33.3,0,0,0,0,0,0,0,0,0,0,0,0
"38059","5","81392","77","0","2021","A","N","Morton County, North Dakota","Private","NAICS 81392 Professional organizations","County, NAICS 5-digit -- by ownership sector","All establishment sizes",1,0,0,0,0,0,0,"N",1.02,0,0,0,0,0,0,"N",0,0.0,0,0,0,0,0,0,0,0,0,0,0,0
"38059","5","813920","78","0","2021","A","N","Morton County, North Dakota","Private","NAICS 813920 Professional organizations","County, NAICS 6-digit -- by ownership sector","All establishment sizes",1,0,0,0,0,0,0,"N",1.02,0,0,0,0,0,0,"N",0,0.0,0,0,0,0,0,0,0,0,0,0,0,0
"38059","5","81393","77","0","2021","A","","Morton County, North Dakota","Private","NAICS 81393 Labor unions and similar labor organizations","County, NAICS 5-digit -- by ownership sector","All establishment sizes",6,25,1501814,698140,2577,1140,59282,"",4.63,3.08,4.74,4.00,2.17,1.52,1.52,"",0,0.0,2,8.7,143805,10.6,65946,10.4,235,10.0,-12,-1.0,-630,-1.1
"38059","5","813930","78","0","2021","A","","Morton County, North Dakota","Private","NAICS 813930 Labor unions and similar labor organizations","County, NAICS 6-digit -- by ownership sector","All establishment sizes",6,25,1501814,698140,2577,1140,59282,"",4.63,3.08,4.74,4.00,2.17,1.52,1.52,"",0,0.0,2,8.7,143805,10.6,65946,10.4,235,10.0,-12,-1.0,-630,-1.1
"38059","5","814","75","0","2021","A","N","Morton County, North Dakota","Private","NAICS 814 Private households","County, NAICS 3-digit -- by ownership sector","All establishment sizes",5,0,0,0,0,0,0,"N",0.25,0,0,0,0,0,0,"N",2,66.7,0,0,0,0,0,0,0,0,0,0,0,0
"38059","5","8141","76","0","2021","A","N","Morton County, North Dakota","Private","NAICS 8141 Private households","County, NAICS 4-digit -- by ownership sector","All establishment sizes",5,0,0,0,0,0,0,"N",0.25,0,0,0,0,0,0,"N",2,66.7,0,0,0,0,0,0,0,0,0,0,0,0
"38059","5","81411","77","0","2021","A","N","Morton County, North Dakota","Private","NAICS 81411 Private households","County, NAICS 5-digit -- by ownership sector","All establishment sizes",5,0,0,0,0,0,0,"N",0.25,0,0,0,0,0,0,"N",2,66.7,0,0,0,0,0,0,0,0,0,0,0,0
"38059","5","814110","78","0","2021","A","N","Morton County, North Dakota","Private","NAICS 814110 Private households","County, NAICS 6-digit -- by ownership sector","All establishment sizes",5,0,0,0,0,0,0,"N",0.25,0,0,0,0,0,0,"N",2,66.7,0,0,0,0,0,0,0,0,0,0,0,0
