"area_fips","own_code","industry_code","agglvl_code","size_code","year","qtr","disclosure_code","area_title","own_title","industry_title","agglvl_title","size_title","annual_avg_estabs_count","annual_avg_emplvl","total_annual_wages","taxable_annual_wages","annual_contributions","annual_avg_wkly_wage","avg_annual_pay","lq_disclosure_code","lq_annual_avg_estabs_count","lq_annual_avg_emplvl","lq_total_annual_wages","lq_taxable_annual_wages","lq_annual_contributions","lq_annual_avg_wkly_wage","lq_avg_annual_pay","oty_disclosure_code","oty_annual_avg_estabs_count_chg","oty_annual_avg_estabs_count_pct_chg","oty_annual_avg_emplvl_chg","oty_annual_avg_emplvl_pct_chg","oty_total_annual_wages_chg","oty_total_annual_wages_pct_chg","oty_taxable_annual_wages_chg","oty_taxable_annual_wages_pct_chg","oty_annual_contributions_chg","oty_annual_contributions_pct_chg","oty_annual_avg_wkly_wage_chg","oty_annual_avg_wkly_wage_pct_chg","oty_avg_annual_pay_chg","oty_avg_annual_pay_pct_chg"
"39059","0","10","70","0","2021","A","","Guernsey County, Ohio","Total Covered","10 Total, all industries","County, Total Covered","All establishment sizes",957,14002,651047530,117493546,2713873,894,46498,"",1.00,1.00,1.00,1.00,1.00,1.00,1.00,"",-7,-0.7,20,0.1,27851697,4.5,2757867,2.4,523917,23.9,37,4.3,1928,4.3
"39059","1","10","71","0","2021","A","","Guernsey County, Ohio","Federal Government","10 Total, all industries","County, Total -- by ownership sector","All establishment sizes",19,108,7036473,0,0,1248,64902,"",3.54,0.38,0.41,0.00,0.00,1.06,1.06,"",0,0.0,-9,-7.7,-205905,-2.8,0,0.0,0,0.0,58,4.9,3001,4.8
"39059","1","102","72","0","2021","A","","Guernsey County, Ohio","Federal Government","102 Service-providing","County, by Domain -- by ownership sector","All establishment sizes",19,108,7036473,0,0,1248,64902,"",3.55,0.39,0.42,0.00,0.00,1.06,1.06,"",0,0.0,-9,-7.7,-205905,-2.8,0,0.0,0,0.0,58,4.9,3001,4.8
"39059","1","1021","73","0","2021","A","","Guernsey County, Ohio","Federal Government","1021 Trade, transportation, and utilities","County, by Supersector -- by ownership sector","All establishment sizes",11,75,4179753,0,0,1071,55668,"",4.14,1.15,1.39,0.00,0.00,1.21,1.21,"",0,0.0,2,2.7,128785,3.2,0,0.0,0,0.0,10,0.9,490,0.9
"39059","1","1024","73","0","2021","A","","Guernsey County, Ohio","Federal Government","1024 Professional and business services","County, by Supersector -- by ownership sector","All establishment sizes",1,3,248668,0,0,1594,82889,"",7.82,0.44,0.57,0.00,0.00,1.28,1.28,"",0,0.0,1,50.0,98056,65.1,0,0.0,0,0.0,257,19.2,13376,19.2
"39059","1","1025","73","0","2021","A","","Guernsey County, Ohio","Federal Government","1025 Education and health services","County, by Supersector -- by ownership sector","All establishment sizes",1,13,1122271,0,0,1727,89782,"",8.17,0.31,0.44,0.00,0.00,1.47,1.46,"",0,0.0,-3,-18.8,-313364,-21.8,0,0.0,0,0.0,-35,-2.0,-1854,-2.0
"39059","1","1028","73","0","2021","A","","Guernsey County, Ohio","Federal Government","1028 Public administration","County, by Supersector -- by ownership sector","All establishment sizes",6,18,1485781,0,0,1602,83315,"",2.70,0.12,0.14,0.00,0.00,1.22,1.22,"",0,0.0,-8,-30.8,-119382,-7.4,0,0.0,0,0.0,403,33.6,20979,33.7
"39059","1","48-49","74","0","2021","A","","Guernsey County, Ohio","Federal Government","NAICS 48-49 Transportation and warehousing","County, NAICS Sector -- by ownership sector","All establishment sizes",11,75,4179753,0,0,1071,55668,"",4.26,1.24,1.49,0.00,0.00,1.20,1.20,"",0,0.0,2,2.7,128785,3.2,0,0.0,0,0.0,10,0.9,490,0.9
"39059","1","491","75","0","2021","A","","Guernsey County, Ohio","Federal Government","NAICS 491 Postal service","County, NAICS 3-digit -- by ownership sector","All establishment sizes",11,75,4179753,0,0,1071,55668,"",4.29,1.27,1.56,0.00,0.00,1.22,1.22,"",0,0.0,2,2.7,128785,3.2,0,0.0,0,0.0,10,0.9,490,0.9
"39059","1","4911","76","0","2021","A","","Guernsey County, Ohio","Federal Government","NAICS 4911 Postal service","County, NAICS 4-digit -- by ownership sector","All establishment sizes",11,75,4179753,0,0,1071,55668,"",4.29,1.27,1.56,0.00,0.00,1.22,1.22,"",0,0.0,2,2.7,128785,3.2,0,0.0,0,0.0,10,0.9,490,0.9
"39059","1","49111","77","0","2021","A","","Guernsey County, Ohio","Federal Government","NAICS 49111 Postal service","County, NAICS 5-digit -- by ownership sector","All establishment sizes",11,75,4179753,0,0,1071,55668,"",4.29,1.27,1.56,0.00,0.00,1.22,1.22,"",0,0.0,2,2.7,128785,3.2,0,0.0,0,0.0,10,0.9,490,0.9
"39059","1","491110","78","0","2021","A","","Guernsey County, Ohio","Federal Government","NAICS 491110 Postal service","County, NAICS 6-digit -- by ownership sector","All establishment sizes",11,75,4179753,0,0,1071,55668,"",4.29,1.27,1.56,0.00,0.00,1.22,1.22,"",0,0.0,2,2.7,128785,3.2,0,0.0,0,0.0,10,0.9,490,0.9
"39059","1","54","74","0","2021","A","","Guernsey County, Ohio","Federal Government","NAICS 54 Professional and technical services","County, NAICS Sector -- by ownership sector","All establishment sizes",1,3,248668,0,0,1594,82889,"",8.74,0.45,0.58,0.00,0.00,1.27,1.27,"",0,0.0,1,50.0,98056,65.1,0,0.0,0,0.0,257,19.2,13376,19.2
"39059","1","541","75","0","2021","A","","Guernsey County, Ohio","Federal Government","NAICS 541 Professional and technical services","County, NAICS 3-digit -- by ownership sector","All establishment sizes",1,3,248668,0,0,1594,82889,"",8.74,0.45,0.58,0.00,0.00,1.27,1.27,"",0,0.0,1,50.0,98056,65.1,0,0.0,0,0.0,257,19.2,13376,19.2
"39059","1","5413","76","0","2021","A","","Guernsey County, Ohio","Federal Government","NAICS 5413 Architectural and engineering services","County, NAICS 4-digit -- by ownership sector","All establishment sizes",1,3,248668,0,0,1594,82889,"",14.43,0.57,0.75,0.00,0.00,1.32,1.32,"",0,0.0,1,50.0,98056,65.1,0,0.0,0,0.0,257,19.2,13376,19.2
"39059","1","54133","77","0","2021","A","","Guernsey County, Ohio","Federal Government","NAICS 54133 Engineering services","County, NAICS 5-digit -- by ownership sector","All establishment sizes",1,3,248668,0,0,1594,82889,"",14.50,0.60,0.79,0.00,0.00,1.31,1.31,"",0,0.0,1,50.0,98056,65.1,0,0.0,0,0.0,257,19.2,13376,19.2
"39059","1","541330","78","0","2021","A","","Guernsey County, Ohio","Federal Government","NAICS 541330 Engineering services","County, NAICS 6-digit -- by ownership sector","All establishment sizes",1,3,248668,0,0,1594,82889,"",14.50,0.60,0.79,0.00,0.00,1.31,1.31,"",0,0.0,1,50.0,98056,65.1,0,0.0,0,0.0,257,19.2,13376,19.2
"39059","1","62","74","0","2021","A","","Guernsey County, Ohio","Federal Government","NAICS 62 Health care and social assistance","County, NAICS Sector -- by ownership sector","All establishment sizes",1,13,1122271,0,0,1727,89782,"",9.31,0.32,0.45,0.00,0.00,1.46,1.46,"",0,0.0,-3,-18.8,-313364,-21.8,0,0.0,0,0.0,-35,-2.0,-1854,-2.0
"39059","1","621","75","0","2021","A","","Guernsey County, Ohio","Federal Government","NAICS 621 Ambulatory health care services","County, NAICS 3-digit -- by ownership sector","All establishment sizes",1,13,1122271,0,0,1727,89782,"",23.80,3.33,4.61,0.00,0.00,1.44,1.44,"",0,0.0,-3,-18.8,-313364,-21.8,0,0.0,0,0.0,-35,-2.0,-1854,-2.0
"39059","1","6211","76","0","2021","A","","Guernsey County, Ohio","Federal Government","NAICS 6211 Offices of physicians","County, NAICS 4-digit -- by ownership sector","All establishment sizes",1,13,1122271,0,0,1727,89782,"",32.95,5.45,7.36,0.00,0.00,1.40,1.40,"",0,0.0,-3,-18.8,-313364,-21.8,0,0.0,0,0.0,-35,-2.0,-1854,-2.0
"39059","1","62111","77","0","2021","A","","Guernsey County, Ohio","Federal Government","NAICS 62111 Offices of physicians","County, NAICS 5-digit -- by ownership sector","All establishment sizes",1,13,1122271,0,0,1727,89782,"",32.95,5.45,7.36,0.00,0.00,1.40,1.40,"",0,0.0,-3,-18.8,-313364,-21.8,0,0.0,0,0.0,-35,-2.0,-1854,-2.0
"39059","1","621111","78","0","2021","A","","Guernsey County, Ohio","Federal Government","NAICS 621111 Offices of physicians, except mental health","County, NAICS 6-digit -- by ownership sector","All establishment sizes",1,13,1122271,0,0,1727,89782,"",32.95,5.45,7.36,0.00,0.00,1.40,1.40,"",0,0.0,-3,-18.8,-313364,-21.8,0,0.0,0,0.0,-35,-2.0,-1854,-2.0
"39059","1","92","74","0","2021","A","","Guernsey County, Ohio","Federal Government","NAICS 92 Public administration","County, NAICS Sector -- by ownership sector","All establishment sizes",6,18,1485781,0,0,1602,83315,"",2.70,0.12,0.14,0.00,0.00,1.22,1.22,"",0,0.0,-8,-30.8,-119382,-7.4,0,0.0,0,0.0,403,33.6,20979,33.7
"39059","1","922","75","0","2021","A","","Guernsey County, Ohio","Federal Government","NAICS 922 Justice, public order, and safety activities","County, NAICS 3-digit -- by ownership sector","All establishment sizes",1,3,418906,0,0,2843,147849,"",3.42,0.12,0.21,0.00,0.00,1.92,1.92,"",0,0.0,0,0.0,32576,8.4,0,0.0,0,0.0,296,11.6,15393,11.6
"39059","1","9221","76","0","2021","A","","Guernsey County, Ohio","Federal Government","NAICS 9221 Justice, public order, and safety activities","County, NAICS 4-digit -- by ownership sector","All establishment sizes",1,3,418906,0,0,2843,147849,"",3.42,0.12,0.21,0.00,0.00,1.92,1.92,"",0,0.0,0,0.0,32576,8.4,0,0.0,0,0.0,296,11.6,15393,11.6
"39059","1","92212","77","0","2021","A","","Guernsey County, Ohio","Federal Government","NAICS 92212 Police protection","County, NAICS 5-digit -- by ownership sector","All establishment sizes",1,3,418906,0,0,2843,147849,"",6.63,0.21,0.36,0.00,0.00,1.79,1.79,"",0,0.0,0,0.0,32576,8.4,0,0.0,0,0.0,296,11.6,15393,11.6
"39059","1","922120","78","0","2021","A","","Guernsey County, Ohio","Federal Government","NAICS 922120 Police protection","County, NAICS 6-digit -- by ownership sector","All establishment sizes",1,3,418906,0,0,2843,147849,"",6.63,0.21,0.36,0.00,0.00,1.79,1.79,"",0,0.0,0,0.0,32576,8.4,0,0.0,0,0.0,296,11.6,15393,11.6
"39059","1","923","75","0","2021","A","","Guernsey County, Ohio","Federal Government","NAICS 923 Administration of human resource programs","County, NAICS 3-digit -- by ownership sector","All establishment sizes",1,8,673119,0,0,1618,84140,"",4.41,0.39,0.47,0.00,0.00,1.19,1.19,"",0,0.0,0,0.0,40625,6.4,0,0.0,0,0.0,98,6.4,5078,6.4
"39059","1","9231","76","0","2021","A","","Guernsey County, Ohio","Federal Government","NAICS 9231 Administration of human resource programs","County, NAICS 4-digit -- by ownership sector","All establishment sizes",1,8,673119,0,0,1618,84140,"",4.41,0.39,0.47,0.00,0.00,1.19,1.19,"",0,0.0,0,0.0,40625,6.4,0,0.0,0,0.0,98,6.4,5078,6.4
"39059","1","92313","77","0","2021","A","","Guernsey County, Ohio","Federal Government","NAICS 92313 Other human resource programs administration","County, NAICS 5-digit -- by ownership sector","All establishment sizes",1,8,673119,0,0,1618,84140,"",7.38,1.20,1.58,0.00,0.00,1.32,1.32,"",0,0.0,0,0.0,40625,6.4,0,0.0,0,0.0,98,6.4,5078,6.4
"39059","1","923130","78","0","2021","A","","Guernsey County, Ohio","Federal Government","NAICS 923130 Other human resource programs administration","County, NAICS 6-digit -- by ownership sector","All establishment sizes",1,8,673119,0,0,1618,84140,"",7.38,1.20,1.58,0.00,0.00,1.32,1.32,"",0,0.0,0,0.0,40625,6.4,0,0.0,0,0.0,98,6.4,5078,6.4
"39059","1","924","75","0","2021","A","","Guernsey County, Ohio","Federal Government","NAICS 924 Administration of environmental programs","County, NAICS 3-digit -- by ownership sector","All establishment sizes",1,2,148330,0,0,1426,74165,"",2.18,0.22,0.25,0.00,0.00,1.18,1.18,"",0,0.0,1,100.0,23382,18.7,0,0.0,0,0.0,-270,-15.9,-14034,-15.9
"39059","1","9241","76","0","2021","A","","Guernsey County, Ohio","Federal Government","NAICS 9241 Administration of environmental programs","County, NAICS 4-digit -- by ownership sector","All establishment sizes",1,2,148330,0,0,1426,74165,"",2.18,0.22,0.25,0.00,0.00,1.18,1.18,"",0,0.0,1,100.0,23382,18.7,0,0.0,0,0.0,-270,-15.9,-14034,-15.9
"39059","1","92412","77","0","2021","A","","Guernsey County, Ohio","Federal Government","NAICS 92412 Administration of conservation programs","County, NAICS 5-digit -- by ownership sector","All establishment sizes",1,2,148330,0,0,1426,74165,"",2.30,0.26,0.33,0.00,0.00,1.27,1.27,"",0,0.0,1,100.0,23382,18.7,0,0.0,0,0.0,-270,-15.9,-14034,-15.9
"39059","1","924120","78","0","2021","A","","Guernsey County, Ohio","Federal Government","NAICS 924120 Administration of conservation programs","County, NAICS 6-digit -- by ownership sector","All establishment sizes",1,2,148330,0,0,1426,74165,"",2.30,0.26,0.33,0.00,0.00,1.27,1.27,"",0,0.0,1,100.0,23382,18.7,0,0.0,0,0.0,-270,-15.9,-14034,-15.9
"39059","1","926","75","0","2021","A","","Guernsey County, Ohio","Federal Government","NAICS 926 Administration of economic programs","County, NAICS 3-digit -- by ownership sector","All establishment sizes",3,5,245426,0,0,944,49085,"",3.37,0.21,0.15,0.00,0.00,0.71,0.70,"",0,0.0,-8,-61.5,-215965,-46.8,0,0.0,0,0.0,283,42.8,14696,42.7
"39059","1","9261","76","0","2021","A","","Guernsey County, Ohio","Federal Government","NAICS 9261 Administration of economic programs","County, NAICS 4-digit -- by ownership sector","All establishment sizes",3,5,245426,0,0,944,49085,"",3.37,0.21,0.15,0.00,0.00,0.71,0.70,"",0,0.0,-8,-61.5,-215965,-46.8,0,0.0,0,0.0,283,42.8,14696,42.7
"39059","1","92611","77","0","2021","A","","Guernsey County, Ohio","Federal Government","NAICS 92611 Administration of general economic programs","County, NAICS 5-digit -- by ownership sector","All establishment sizes",1,0,0,0,0,0,0,"",2.47,0.00,0.00,0.00,0.00,0.00,0.00,"",0,0.0,-9,-100.0,-190369,-100.0,0,0.0,0,0.0,-414,-100.0,-21551,-100.0
"39059","1","926110","78","0","2021","A","","Guernsey County, Ohio","Federal Government","NAICS 926110 Administration of general economic programs","County, NAICS 6-digit -- by ownership sector","All establishment sizes",1,0,0,0,0,0,0,"",2.47,0.00,0.00,0.00,0.00,0.00,0.00,"",0,0.0,-9,-100.0,-190369,-100.0,0,0.0,0,0.0,-414,-100.0,-21551,-100.0
"39059","1","92614","77","0","2021","A","","Guernsey County, Ohio","Federal Government","NAICS 92614 Agricultural market and commodity regulation","County, NAICS 5-digit -- by ownership sector","All establishment sizes",2,5,245426,0,0,944,49085,"",7.21,1.15,0.95,0.00,0.00,0.83,0.83,"",0,0.0,0,0.0,-25596,-9.4,0,0.0,0,0.0,-193,-17.0,-10047,-17.0
"39059","1","926140","78","0","2021","A","","Guernsey County, Ohio","Federal Government","NAICS 926140 Agricultural market and commodity regulation","County, NAICS 6-digit -- by ownership sector","All establishment sizes",2,5,245426,0,0,944,49085,"",7.21,1.15,0.95,0.00,0.00,0.83,0.83,"",0,0.0,0,0.0,-25596,-9.4,0,0.0,0,0.0,-193,-17.0,-10047,-17.0
"39059","2","10","71","0","2021","A","","Guernsey County, Ohio","State Government","10 Total, all industries","County, Total -- by ownership sector","All establishment sizes",14,447,27429977,0,0,1180,61342,"",2.27,1.01,1.31,0.00,0.00,1.30,1.30,"",-1,-6.7,-44,-9.0,-1889868,-6.4,0,0.0,0,0.0,31,2.7,1587,2.7
"39059","2","102","72","0","2021","A","","Guernsey County, Ohio","State Government","102 Service-providing","County, by Domain -- by ownership sector","All establishment sizes",14,447,27429977,0,0,1180,61342,"",2.33,1.03,1.33,0.00,0.00,1.29,1.29,"",-1,-6.7,-44,-9.0,-1889868,-6.4,0,0.0,0,0.0,31,2.7,1587,2.7
"39059","2","1025","73","0","2021","A","N","Guernsey County, Ohio","State Government","1025 Education and health services","County, by Supersector -- by ownership sector","All establishment sizes",2,0,0,0,0,0,0,"N",1.55,0,0,0,0,0,0,"N",0,0.0,0,0,0,0,0,0,0,0,0,0,0,0
"39059","2","1028","73","0","2021","A","N","Guernsey County, Ohio","State Government","1028 Public administration","County, by Supersector -- by ownership sector","All establishment sizes",12,0,0,0,0,0,0,"N",2.73,0,0,0,0,0,0,"N",-1,-7.7,0,0,0,0,0,0,0,0,0,0,0,0
"39059","2","62","74","0","2021","A","N","Guernsey County, Ohio","State Government","NAICS 62 Health care and social assistance","County, NAICS Sector -- by ownership sector","All establishment sizes",2,0,0,0,0,0,0,"N",3.38,0,0,0,0,0,0,"N",0,0.0,0,0,0,0,0,0,0,0,0,0,0,0
"39059","2","623","75","0","2021","A","N","Guernsey County, Ohio","State Government","NAICS 623 Nursing and residential care facilities","County, NAICS 3-digit -- by ownership sector","All establishment sizes",2,0,0,0,0,0,0,"N",12.48,0,0,0,0,0,0,"N",0,0.0,0,0,0,0,0,0,0,0,0,0,0,0
"39059","2","6232","76","0","2021","A","N","Guernsey County, Ohio","State Government","NAICS 6232 Residential mental health facilities","County, NAICS 4-digit -- by ownership sector","All establishment sizes",2,0,0,0,0,0,0,"N",20.03,0,0,0,0,0,0,"N",0,0.0,0,0,0,0,0,0,0,0,0,0,0,0
"39059","2","62321","77","0","2021","A","N","Guernsey County, Ohio","State Government","NAICS 62321 Residential developmental disability homes","County, NAICS 5-digit -- by ownership sector","All establishment sizes",1,0,0,0,0,0,0,"N",11.55,0,0,0,0,0,0,"N",0,0.0,0,0,0,0,0,0,0,0,0,0,0,0
"39059","2","623210","78","0","2021","A","N","Guernsey County, Ohio","State Government","NAICS 623210 Residential developmental disability homes","County, NAICS 6-digit -- by ownership sector","All establishment sizes",1,0,0,0,0,0,0,"N",11.55,0,0,0,0,0,0,"N",0,0.0,0,0,0,0,0,0,0,0,0,0,0,0
"39059","2","62322","77","0","2021","A","N","Guernsey County, Ohio","State Government","NAICS 62322 Residential mental and substance abuse care","County, NAICS 5-digit -- by ownership sector","All establishment sizes",1,0,0,0,0,0,0,"N",75.49,0,0,0,0,0,0,"N",0,0.0,0,0,0,0,0,0,0,0,0,0,0,0
"39059","2","623220","78","0","2021","A","N","Guernsey County, Ohio","State Government","NAICS 623220 Residential mental and substance abuse care","County, NAICS 6-digit -- by ownership sector","All establishment sizes",1,0,0,0,0,0,0,"N",75.49,0,0,0,0,0,0,"N",0,0.0,0,0,0,0,0,0,0,0,0,0,0,0
"39059","2","92","74","0","2021","A","N","Guernsey County, Ohio","State Government","NAICS 92 Public administration","County, NAICS Sector -- by ownership sector","All establishment sizes",12,0,0,0,0,0,0,"N",2.73,0,0,0,0,0,0,"N",-1,-7.7,0,0,0,0,0,0,0,0,0,0,0,0
"39059","2","922","75","0","2021","A","N","Guernsey County, Ohio","State Government","NAICS 922 Justice, public order, and safety activities","County, NAICS 3-digit -- by ownership sector","All establishment sizes",3,0,0,0,0,0,0,"N",2.41,0,0,0,0,0,0,"N",0,0.0,0,0,0,0,0,0,0,0,0,0,0,0
"39059","2","9221","76","0","2021","A","N","Guernsey County, Ohio","State Government","NAICS 9221 Justice, public order, and safety activities","County, NAICS 4-digit -- by ownership sector","All establishment sizes",3,0,0,0,0,0,0,"N",2.41,0,0,0,0,0,0,"N",0,0.0,0,0,0,0,0,0,0,0,0,0,0,0
"39059","2","92211","77","0","2021","A","N","Guernsey County, Ohio","State Government","NAICS 92211 Courts","County, NAICS 5-digit -- by ownership sector","All establishment sizes",1,0,0,0,0,0,0,"N",2.93,0,0,0,0,0,0,"N",0,0.0,0,0,0,0,0,0,0,0,0,0,0,0
"39059","2","922110","78","0","2021","A","N","Guernsey County, Ohio","State Government","NAICS 922110 Courts","County, NAICS 6-digit -- by ownership sector","All establishment sizes",1,0,0,0,0,0,0,"N",2.93,0,0,0,0,0,0,"N",0,0.0,0,0,0,0,0,0,0,0,0,0,0,0
"39059","2","92212","77","0","2021","A","N","Guernsey County, Ohio","State Government","NAICS 92212 Police protection","County, NAICS 5-digit -- by ownership sector","All establishment sizes",1,0,0,0,0,0,0,"N",4.39,0,0,0,0,0,0,"N",0,0.0,0,0,0,0,0,0,0,0,0,0,0,0
"39059","2","922120","78","0","2021","A","N","Guernsey County, Ohio","State Government","NAICS 922120 Police protection","County, NAICS 6-digit -- by ownership sector","All establishment sizes",1,0,0,0,0,0,0,"N",4.39,0,0,0,0,0,0,"N",0,0.0,0,0,0,0,0,0,0,0,0,0,0,0
"39059","2","92214","77","0","2021","A","N","Guernsey County, Ohio","State Government","NAICS 92214 Correctional institutions","County, NAICS 5-digit -- by ownership sector","All establishment sizes",1,0,0,0,0,0,0,"N",2.88,0,0,0,0,0,0,"N",0,0.0,0,0,0,0,0,0,0,0,0,0,0,0
"39059","2","922140","78","0","2021","A","N","Guernsey County, Ohio","State Government","NAICS 922140 Correctional institutions","County, NAICS 6-digit -- by ownership sector","All establishment sizes",1,0,0,0,0,0,0,"N",2.88,0,0,0,0,0,0,"N",0,0.0,0,0,0,0,0,0,0,0,0,0,0,0
"39059","2","923","75","0","2021","A","","Guernsey County, Ohio","State Government","NAICS 923 Administration of human resource programs","County, NAICS 3-digit -- by ownership sector","All establishment sizes",4,54,4171329,0,0,1476,76773,"",4.26,1.35,2.37,0.00,0.00,1.75,1.75,"",0,0.0,-5,-8.5,-361916,-8.0,0,0.0,0,0.0,-2,-0.1,-62,-0.1
"39059","2","9231","76","0","2021","A","","Guernsey County, Ohio","State Government","NAICS 9231 Administration of human resource programs","County, NAICS 4-digit -- by ownership sector","All establishment sizes",4,54,4171329,0,0,1476,76773,"",4.26,1.35,2.37,0.00,0.00,1.75,1.75,"",0,0.0,-5,-8.5,-361916,-8.0,0,0.0,0,0.0,-2,-0.1,-62,-0.1
"39059","2","92312","77","0","2021","A","N","Guernsey County, Ohio","State Government","NAICS 92312 Administration of public health programs","County, NAICS 5-digit -- by ownership sector","All establishment sizes",1,0,0,0,0,0,0,"N",3.25,0,0,0,0,0,0,"N",0,0.0,0,0,0,0,0,0,0,0,0,0,0,0
"39059","2","923120","78","0","2021","A","N","Guernsey County, Ohio","State Government","NAICS 923120 Administration of public health programs","County, NAICS 6-digit -- by ownership sector","All establishment sizes",1,0,0,0,0,0,0,"N",3.25,0,0,0,0,0,0,"N",0,0.0,0,0,0,0,0,0,0,0,0,0,0,0
"39059","2","92313","77","0","2021","A","N","Guernsey County, Ohio","State Government","NAICS 92313 Other human resource programs administration","County, NAICS 5-digit -- by ownership sector","All establishment sizes",3,0,0,0,0,0,0,"N",6.24,0,0,0,0,0,0,"N",0,0.0,0,0,0,0,0,0,0,0,0,0,0,0
"39059","2","923130","78","0","2021","A","N","Guernsey County, Ohio","State Government","NAICS 923130 Other human resource programs administration","County, NAICS 6-digit -- by ownership sector","All establishment sizes",3,0,0,0,0,0,0,"N",6.24,0,0,0,0,0,0,"N",0,0.0,0,0,0,0,0,0,0,0,0,0,0,0
"39059","2","924","75","0","2021","A","N","Guernsey County, Ohio","State Government","NAICS 924 Administration of environmental programs","County, NAICS 3-digit -- by ownership sector","All establishment sizes",1,0,0,0,0,0,0,"N",1.62,0,0,0,0,0,0,"N",0,0.0,0,0,0,0,0,0,0,0,0,0,0,0
"39059","2","9241","76","0","2021","A","N","Guernsey County, Ohio","State Government","NAICS 9241 Administration of environmental programs","County, NAICS 4-digit -- by ownership sector","All establishment sizes",1,0,0,0,0,0,0,"N",1.62,0,0,0,0,0,0,"N",0,0.0,0,0,0,0,0,0,0,0,0,0,0,0
"39059","2","92412","77","0","2021","A","N","Guernsey County, Ohio","State Government","NAICS 92412 Administration of conservation programs","County, NAICS 5-digit -- by ownership sector","All establishment sizes",1,0,0,0,0,0,0,"N",1.98,0,0,0,0,0,0,"N",0,0.0,0,0,0,0,0,0,0,0,0,0,0,0
"39059","2","924120","78","0","2021","A","N","Guernsey County, Ohio","State Government","NAICS 924120 Administration of conservation programs","County, NAICS 6-digit -- by ownership sector","All establishment sizes",1,0,0,0,0,0,0,"N",1.98,0,0,0,0,0,0,"N",0,0.0,0,0,0,0,0,0,0,0,0,0,0,0
"39059","2","926","75","0","2021","A","","Guernsey County, Ohio","State Government","NAICS 926 Administration of economic programs","County, NAICS 3-digit -- by ownership sector","All establishment sizes",4,54,2962775,0,0,1049,54530,"",4.20,1.88,2.21,0.00,0.00,1.17,1.17,"",-1,-20.0,0,0.0,-109661,-3.6,0,0.0,0,0.0,-45,-4.1,-2367,-4.2
"39059","2","9261","76","0","2021","A","","Guernsey County, Ohio","State Government","NAICS 9261 Administration of economic programs","County, NAICS 4-digit -- by ownership sector","All establishment sizes",4,54,2962775,0,0,1049,54530,"",4.20,1.88,2.21,0.00,0.00,1.17,1.17,"",-1,-20.0,0,0.0,-109661,-3.6,0,0.0,0,0.0,-45,-4.1,-2367,-4.2
"39059","2","92612","77","0","2021","A","N","Guernsey County, Ohio","State Government","NAICS 92612 Transportation program administration","County, NAICS 5-digit -- by ownership sector","All establishment sizes",1,0,0,0,0,0,0,"N",2.88,0,0,0,0,0,0,"N",0,0.0,0,0,0,0,0,0,0,0,0,0,0,0
"39059","2","926120","78","0","2021","A","N","Guernsey County, Ohio","State Government","NAICS 926120 Transportation program administration","County, NAICS 6-digit -- by ownership sector","All establishment sizes",1,0,0,0,0,0,0,"N",2.88,0,0,0,0,0,0,"N",0,0.0,0,0,0,0,0,0,0,0,0,0,0,0
"39059","2","92614","77","0","2021","A","N","Guernsey County, Ohio","State Government","NAICS 92614 Agricultural market and commodity regulation","County, NAICS 5-digit -- by ownership sector","All establishment sizes",2,0,0,0,0,0,0,"N",7.39,0,0,0,0,0,0,"N",0,0.0,0,0,0,0,0,0,0,0,0,0,0,0
"39059","2","926140","78","0","2021","A","N","Guernsey County, Ohio","State Government","NAICS 926140 Agricultural market and commodity regulation","County, NAICS 6-digit -- by ownership sector","All establishment sizes",2,0,0,0,0,0,0,"N",7.39,0,0,0,0,0,0,"N",0,0.0,0,0,0,0,0,0,0,0,0,0,0,0
"39059","2","92615","77","0","2021","A","N","Guernsey County, Ohio","State Government","NAICS 92615 Licensing and regulating commercial sectors","County, NAICS 5-digit -- by ownership sector","All establishment sizes",1,0,0,0,0,0,0,"N",4.36,0,0,0,0,0,0,"N",0,0.0,0,0,0,0,0,0,0,0,0,0,0,0
"39059","2","926150","78","0","2021","A","N","Guernsey County, Ohio","State Government","NAICS 926150 Licensing and regulating commercial sectors","County, NAICS 6-digit -- by ownership sector","All establishment sizes",1,0,0,0,0,0,0,"N",4.36,0,0,0,0,0,0,"N",0,0.0,0,0,0,0,0,0,0,0,0,0,0,0
"39059","3","10","71","0","2021","A","","Guernsey County, Ohio","Local Government","10 Total, all industries","County, Total -- by ownership sector","All establishment sizes",83,1580,67614669,341974,2736,823,42803,"",5.53,1.19,1.26,0.21,0.17,1.06,1.06,"",1,1.2,7,0.4,1825051,2.8,41971,14.0,1835,203.7,19,2.4,976,2.3
"39059","3","101","72","0","2021","A","N","Guernsey County, Ohio","Local Government","101 Goods-producing","County, by Domain -- by ownership sector","All establishment sizes",2,0,0,0,0,0,0,"N",5.19,0,0,0,0,0,0,"N",0,0.0,0,0,0,0,0,0,0,0,0,0,0,0
"39059","3","1012","73","0","2021","A","N","Guernsey County, Ohio","Local Government","1012 Construction","County, by Supersector -- by ownership sector","All establishment sizes",2,0,0,0,0,0,0,"N",5.32,0,0,0,0,0,0,"N",0,0.0,0,0,0,0,0,0,0,0,0,0,0,0
"39059","3","102","72","0","2021","A","N","Guernsey County, Ohio","Local Government","102 Service-providing","County, by Domain -- by ownership sector","All establishment sizes",81,0,0,0,0,0,0,"N",5.54,0,0,0,0,0,0,"N",1,1.2,0,0,0,0,0,0,0,0,0,0,0,0
"39059","3","1021","73","0","2021","A","","Guernsey County, Ohio","Local Government","1021 Trade, transportation, and utilities","County, by Supersector -- by ownership sector","All establishment sizes",4,38,1779674,0,0,891,46326,"",3.79,0.73,0.68,0.00,0.00,0.92,0.92,"",0,0.0,-3,-7.3,-59520,-3.2,0,0.0,0,0.0,32,3.7,1649,3.7
"39059","3","1022","73","0","2021","A","N","Guernsey County, Ohio","Local Government","1022 Information","County, by Supersector -- by ownership sector","All establishment sizes",2,0,0,0,0,0,0,"N",4.45,0,0,0,0,0,0,"N",0,0.0,0,0,0,0,0,0,0,0,0,0,0,0
"39059","3","1024","73","0","2021","A","","Guernsey County, Ohio","Local Government","1024 Professional and business services","County, by Supersector -- by ownership sector","All establishment sizes",3,14,666134,0,0,920,47866,"",7.61,1.59,1.89,0.00,0.00,1.19,1.19,"",0,0.0,1,7.7,74100,12.5,0,0.0,0,0.0,66,7.7,3463,7.8
"39059","3","1025","73","0","2021","A","","Guernsey County, Ohio","Local Government","1025 Education and health services","County, by Supersector -- by ownership sector","All establishment sizes",20,1052,45909606,0,0,839,43647,"",3.12,1.29,1.46,0.00,0.00,1.13,1.13,"",1,5.3,-13,-1.2,927844,2.1,0,0.0,0,0.0,27,3.3,1417,3.4
"39059","3","1026","73","0","2021","A","N","Guernsey County, Ohio","Local Government","1026 Leisure and hospitality","County, by Supersector -- by ownership sector","All establishment sizes",1,0,0,0,0,0,0,"N",2.46,0,0,0,0,0,0,"N",0,0.0,0,0,0,0,0,0,0,0,0,0,0,0
"39059","3","1027","73","0","2021","A","N","Guernsey County, Ohio","Local Government","1027 Other services","County, by Supersector -- by ownership sector","All establishment sizes",1,0,0,0,0,0,0,"N",5.42,0,0,0,0,0,0,"N",0,0.0,0,0,0,0,0,0,0,0,0,0,0,0
"39059","3","1028","73","0","2021","A","","Guernsey County, Ohio","Local Government","1028 Public administration","County, by Supersector -- by ownership sector","All establishment sizes",50,380,16112593,341974,2736,815,42402,"",9.02,0.97,0.92,0.49,0.38,0.95,0.95,"",0,0.0,2,0.5,636390,4.1,41971,14.0,1835,203.7,27,3.4,1433,3.5
"39059","3","22","74","0","2021","A","N","Guernsey County, Ohio","Local Government","NAICS 22 Utilities","County, NAICS Sector -- by ownership sector","All establishment sizes",3,0,0,0,0,0,0,"N",4.07,0,0,0,0,0,0,"N",0,0.0,0,0,0,0,0,0,0,0,0,0,0,0
"39059","3","221","75","0","2021","A","N","Guernsey County, Ohio","Local Government","NAICS 221 Utilities","County, NAICS 3-digit -- by ownership sector","All establishment sizes",3,0,0,0,0,0,0,"N",4.07,0,0,0,0,0,0,"N",0,0.0,0,0,0,0,0,0,0,0,0,0,0,0
"39059","3","2213","76","0","2021","A","N","Guernsey County, Ohio","Local Government","NAICS 2213 Water, sewage and other systems","County, NAICS 4-digit -- by ownership sector","All establishment sizes",3,0,0,0,0,0,0,"N",4.71,0,0,0,0,0,0,"N",0,0.0,0,0,0,0,0,0,0,0,0,0,0,0
"39059","3","22131","77","0","2021","A","N","Guernsey County, Ohio","Local Government","NAICS 22131 Water supply and irrigation systems","County, NAICS 5-digit -- by ownership sector","All establishment sizes",2,0,0,0,0,0,0,"N",4.63,0,0,0,0,0,0,"N",0,0.0,0,0,0,0,0,0,0,0,0,0,0,0
"39059","3","221310","78","0","2021","A","N","Guernsey County, Ohio","Local Government","NAICS 221310 Water supply and irrigation systems","County, NAICS 6-digit -- by ownership sector","All establishment sizes",2,0,0,0,0,0,0,"N",4.63,0,0,0,0,0,0,"N",0,0.0,0,0,0,0,0,0,0,0,0,0,0,0
"39059","3","22132","77","0","2021","A","N","Guernsey County, Ohio","Local Government","NAICS 22132 Sewage treatment facilities","County, NAICS 5-digit -- by ownership sector","All establishment sizes",1,0,0,0,0,0,0,"N",4.90,0,0,0,0,0,0,"N",0,0.0,0,0,0,0,0,0,0,0,0,0,0,0
"39059","3","221320","78","0","2021","A","N","Guernsey County, Ohio","Local Government","NAICS 221320 Sewage treatment facilities","County, NAICS 6-digit -- by ownership sector","All establishment sizes",1,0,0,0,0,0,0,"N",4.90,0,0,0,0,0,0,"N",0,0.0,0,0,0,0,0,0,0,0,0,0,0,0
"39059","3","23","74","0","2021","A","N","Guernsey County, Ohio","Local Government","NAICS 23 Construction","County, NAICS Sector -- by ownership sector","All establishment sizes",2,0,0,0,0,0,0,"N",5.32,0,0,0,0,0,0,"N",0,0.0,0,0,0,0,0,0,0,0,0,0,0,0
"39059","3","237","75","0","2021","A","N","Guernsey County, Ohio","Local Government","NAICS 237 Heavy and civil engineering construction","County, NAICS 3-digit -- by ownership sector","All establishment sizes",2,0,0,0,0,0,0,"N",5.56,0,0,0,0,0,0,"N",0,0.0,0,0,0,0,0,0,0,0,0,0,0,0
"39059","3","2373","76","0","2021","A","N","Guernsey County, Ohio","Local Government","NAICS 2373 Highway, street, and bridge construction","County, NAICS 4-digit -- by ownership sector","All establishment sizes",2,0,0,0,0,0,0,"N",5.79,0,0,0,0,0,0,"N",0,0.0,0,0,0,0,0,0,0,0,0,0,0,0
"39059","3","23731","77","0","2021","A","N","Guernsey County, Ohio","Local Government","NAICS 23731 Highway, street, and bridge construction","County, NAICS 5-digit -- by ownership sector","All establishment sizes",2,0,0,0,0,0,0,"N",5.79,0,0,0,0,0,0,"N",0,0.0,0,0,0,0,0,0,0,0,0,0,0,0
"39059","3","237310","78","0","2021","A","N","Guernsey County, Ohio","Local Government","NAICS 237310 Highway, street, and bridge construction","County, NAICS 6-digit -- by ownership sector","All establishment sizes",2,0,0,0,0,0,0,"N",5.79,0,0,0,0,0,0,"N",0,0.0,0,0,0,0,0,0,0,0,0,0,0,0
"39059","3","48-49","74","0","2021","A","N","Guernsey County, Ohio","Local Government","NAICS 48-49 Transportation and warehousing","County, NAICS Sector -- by ownership sector","All establishment sizes",1,0,0,0,0,0,0,"N",3.93,0,0,0,0,0,0,"N",0,0.0,0,0,0,0,0,0,0,0,0,0,0,0
"39059","3","488","75","0","2021","A","N","Guernsey County, Ohio","Local Government","NAICS 488 Support activities for transportation","County, NAICS 3-digit -- by ownership sector","All establishment sizes",1,0,0,0,0,0,0,"N",13.40,0,0,0,0,0,0,"N",0,0.0,0,0,0,0,0,0,0,0,0,0,0,0
"39059","3","4881","76","0","2021","A","N","Guernsey County, Ohio","Local Government","NAICS 4881 Support activities for air transportation","County, NAICS 4-digit -- by ownership sector","All establishment sizes",1,0,0,0,0,0,0,"N",19.59,0,0,0,0,0,0,"N",0,0.0,0,0,0,0,0,0,0,0,0,0,0,0
"39059","3","48811","77","0","2021","A","N","Guernsey County, Ohio","Local Government","NAICS 48811 Airport operations","County, NAICS 5-digit -- by ownership sector","All establishment sizes",1,0,0,0,0,0,0,"N",19.79,0,0,0,0,0,0,"N",0,0.0,0,0,0,0,0,0,0,0,0,0,0,0
"39059","3","488119","78","0","2021","A","N","Guernsey County, Ohio","Local Government","NAICS 488119 Other airport operations","County, NAICS 6-digit -- by ownership sector","All establishment sizes",1,0,0,0,0,0,0,"N",21.03,0,0,0,0,0,0,"N",0,0.0,0,0,0,0,0,0,0,0,0,0,0,0
"39059","3","51","74","0","2021","A","N","Guernsey County, Ohio","Local Government","NAICS 51 Information","County, NAICS Sector -- by ownership sector","All establishment sizes",2,0,0,0,0,0,0,"N",4.45,0,0,0,0,0,0,"N",0,0.0,0,0,0,0,0,0,0,0,0,0,0,0
"39059","3","519","75","0","2021","A","N","Guernsey County, Ohio","Local Government","NAICS 519 Other information services","County, NAICS 3-digit -- by ownership sector","All establishment sizes",2,0,0,0,0,0,0,"N",4.63,0,0,0,0,0,0,"N",0,0.0,0,0,0,0,0,0,0,0,0,0,0,0
"39059","3","5191","76","0","2021","A","N","Guernsey County, Ohio","Local Government","NAICS 5191 Other information services","County, NAICS 4-digit -- by ownership sector","All establishment sizes",2,0,0,0,0,0,0,"N",4.63,0,0,0,0,0,0,"N",0,0.0,0,0,0,0,0,0,0,0,0,0,0,0
"39059","3","51912","77","0","2021","A","N","Guernsey County, Ohio","Local Government","NAICS 51912 Libraries and archives","County, NAICS 5-digit -- by ownership sector","All establishment sizes",2,0,0,0,0,0,0,"N",4.63,0,0,0,0,0,0,"N",0,0.0,0,0,0,0,0,0,0,0,0,0,0,0
"39059","3","519120","78","0","2021","A","N","Guernsey County, Ohio","Local Government","NAICS 519120 Libraries and archives","County, NAICS 6-digit -- by ownership sector","All establishment sizes",2,0,0,0,0,0,0,"N",4.63,0,0,0,0,0,0,"N",0,0.0,0,0,0,0,0,0,0,0,0,0,0,0
"39059","3","54","74","0","2021","A","N","Guernsey County, Ohio","Local Government","NAICS 54 Professional and technical services","County, NAICS Sector -- by ownership sector","All establishment sizes",2,0,0,0,0,0,0,"N",20.86,0,0,0,0,0,0,"N",0,0.0,0,0,0,0,0,0,0,0,0,0,0,0
"39059","3","541","75","0","2021","A","N","Guernsey County, Ohio","Local Government","NAICS 541 Professional and technical services","County, NAICS 3-digit -- by ownership sector","All establishment sizes",2,0,0,0,0,0,0,"N",20.86,0,0,0,0,0,0,"N",0,0.0,0,0,0,0,0,0,0,0,0,0,0,0
"39059","3","5413","76","0","2021","A","N","Guernsey County, Ohio","Local Government","NAICS 5413 Architectural and engineering services","County, NAICS 4-digit -- by ownership sector","All establishment sizes",2,0,0,0,0,0,0,"N",46.34,0,0,0,0,0,0,"N",0,0.0,0,0,0,0,0,0,0,0,0,0,0,0
"39059","3","54133","77","0","2021","A","N","Guernsey County, Ohio","Local Government","NAICS 54133 Engineering services","County, NAICS 5-digit -- by ownership sector","All establishment sizes",2,0,0,0,0,0,0,"N",58.31,0,0,0,0,0,0,"N",0,0.0,0,0,0,0,0,0,0,0,0,0,0,0
"39059","3","541330","78","0","2021","A","N","Guernsey County, Ohio","Local Government","NAICS 541330 Engineering services","County, NAICS 6-digit -- by ownership sector","All establishment sizes",2,0,0,0,0,0,0,"N",58.31,0,0,0,0,0,0,"N",0,0.0,0,0,0,0,0,0,0,0,0,0,0,0
"39059","3","56","74","0","2021","A","N","Guernsey County, Ohio","Local Government","NAICS 56 Administrative and waste services","County, NAICS Sector -- by ownership sector","All establishment sizes",1,0,0,0,0,0,0,"N",3.35,0,0,0,0,0,0,"N",0,0.0,0,0,0,0,0,0,0,0,0,0,0,0
"39059","3","561","75","0","2021","A","N","Guernsey County, Ohio","Local Government","NAICS 561 Administrative and support services","County, NAICS 3-digit -- by ownership sector","All establishment sizes",1,0,0,0,0,0,0,"N",5.05,0,0,0,0,0,0,"N",0,0.0,0,0,0,0,0,0,0,0,0,0,0,0
"39059","3","5617","76","0","2021","A","N","Guernsey County, Ohio","Local Government","NAICS 5617 Services to buildings and dwellings","County, NAICS 4-digit -- by ownership sector","All establishment sizes",1,0,0,0,0,0,0,"N",7.65,0,0,0,0,0,0,"N",0,0.0,0,0,0,0,0,0,0,0,0,0,0,0
"39059","3","56172","77","0","2021","A","N","Guernsey County, Ohio","Local Government","NAICS 56172 Janitorial services","County, NAICS 5-digit -- by ownership sector","All establishment sizes",1,0,0,0,0,0,0,"N",12.77,0,0,0,0,0,0,"N",0,0.0,0,0,0,0,0,0,0,0,0,0,0,0
"39059","3","561720","78","0","2021","A","N","Guernsey County, Ohio","Local Government","NAICS 561720 Janitorial services","County, NAICS 6-digit -- by ownership sector","All establishment sizes",1,0,0,0,0,0,0,"N",12.77,0,0,0,0,0,0,"N",0,0.0,0,0,0,0,0,0,0,0,0,0,0,0
"39059","3","61","74","0","2021","A","","Guernsey County, Ohio","Local Government","NAICS 61 Educational services","County, NAICS Sector -- by ownership sector","All establishment sizes",16,882,38385178,0,0,837,43508,"",2.76,1.22,1.40,0.00,0.00,1.15,1.15,"",1,6.7,-7,-0.8,425199,1.1,0,0.0,0,0.0,16,1.9,824,1.9
"39059","3","611","75","0","2021","A","","Guernsey County, Ohio","Local Government","NAICS 611 Educational services","County, NAICS 3-digit -- by ownership sector","All establishment sizes",16,882,38385178,0,0,837,43508,"",2.76,1.22,1.40,0.00,0.00,1.15,1.15,"",1,6.7,-7,-0.8,425199,1.1,0,0.0,0,0.0,16,1.9,824,1.9
"39059","3","6111","76","0","2021","A","","Guernsey County, Ohio","Local Government","NAICS 6111 Elementary and secondary schools","County, NAICS 4-digit -- by ownership sector","All establishment sizes",14,699,31975120,0,0,879,45733,"",2.51,1.03,1.25,0.00,0.00,1.21,1.21,"",1,7.7,13,1.9,742527,2.4,0,0.0,0,0.0,4,0.5,232,0.5
"39059","3","61111","77","0","2021","A","","Guernsey County, Ohio","Local Government","NAICS 61111 Elementary and secondary schools","County, NAICS 5-digit -- by ownership sector","All establishment sizes",14,699,31975120,0,0,879,45733,"",2.51,1.03,1.25,0.00,0.00,1.21,1.21,"",1,7.7,13,1.9,742527,2.4,0,0.0,0,0.0,4,0.5,232,0.5
"39059","3","611110","78","0","2021","A","","Guernsey County, Ohio","Local Government","NAICS 611110 Elementary and secondary schools","County, NAICS 6-digit -- by ownership sector","All establishment sizes",14,699,31975120,0,0,879,45733,"",2.51,1.03,1.25,0.00,0.00,1.21,1.21,"",1,7.7,13,1.9,742527,2.4,0,0.0,0,0.0,4,0.5,232,0.5
"39059","3","6115","76","0","2021","A","N","Guernsey County, Ohio","Local Government","NAICS 6115 Technical and trade schools","County, NAICS 4-digit -- by ownership sector","All establishment sizes",1,0,0,0,0,0,0,"N",65.89,0,0,0,0,0,0,"N",0,0.0,0,0,0,0,0,0,0,0,0,0,0,0
"39059","3","61151","77","0","2021","A","N","Guernsey County, Ohio","Local Government","NAICS 61151 Technical and trade schools","County, NAICS 5-digit -- by ownership sector","All establishment sizes",1,0,0,0,0,0,0,"N",65.89,0,0,0,0,0,0,"N",0,0.0,0,0,0,0,0,0,0,0,0,0,0,0
"39059","3","611519","78","0","2021","A","N","Guernsey County, Ohio","Local Government","NAICS 611519 Other technical and trade schools","County, NAICS 6-digit -- by ownership sector","All establishment sizes",1,0,0,0,0,0,0,"N",85.71,0,0,0,0,0,0,"N",0,0.0,0,0,0,0,0,0,0,0,0,0,0,0
"39059","3","6117","76","0","2021","A","N","Guernsey County, Ohio","Local Government","NAICS 6117 Educational support services","County, NAICS 4-digit -- by ownership sector","All establishment sizes",1,0,0,0,0,0,0,"N",30.98,0,0,0,0,0,0,"N",0,0.0,0,0,0,0,0,0,0,0,0,0,0,0
"39059","3","61171","77","0","2021","A","N","Guernsey County, Ohio","Local Government","NAICS 61171 Educational support services","County, NAICS 5-digit -- by ownership sector","All establishment sizes",1,0,0,0,0,0,0,"N",30.98,0,0,0,0,0,0,"N",0,0.0,0,0,0,0,0,0,0,0,0,0,0,0
"39059","3","611710","78","0","2021","A","N","Guernsey County, Ohio","Local Government","NAICS 611710 Educational support services","County, NAICS 6-digit -- by ownership sector","All establishment sizes",1,0,0,0,0,0,0,"N",30.98,0,0,0,0,0,0,"N",0,0.0,0,0,0,0,0,0,0,0,0,0,0,0
"39059","3","62","74","0","2021","A","","Guernsey County, Ohio","Local Government","NAICS 62 Health care and social assistance","County, NAICS Sector -- by ownership sector","All establishment sizes",4,170,7524428,0,0,853,44370,"",6.52,1.90,1.84,0.00,0.00,0.97,0.97,"",0,0.0,-6,-3.4,502645,7.2,0,0.0,0,0.0,85,11.1,4436,11.1
"39059","3","621","75","0","2021","A","N","Guernsey County, Ohio","Local Government","NAICS 621 Ambulatory health care services","County, NAICS 3-digit -- by ownership sector","All establishment sizes",1,0,0,0,0,0,0,"N",5.35,0,0,0,0,0,0,"N",0,0.0,0,0,0,0,0,0,0,0,0,0,0,0
"39059","3","6214","76","0","2021","A","N","Guernsey County, Ohio","Local Government","NAICS 6214 Outpatient care centers","County, NAICS 4-digit -- by ownership sector","All establishment sizes",1,0,0,0,0,0,0,"N",25.16,0,0,0,0,0,0,"N",0,0.0,0,0,0,0,0,0,0,0,0,0,0,0
"39059","3","62141","77","0","2021","A","N","Guernsey County, Ohio","Local Government","NAICS 62141 Family planning centers","County, NAICS 5-digit -- by ownership sector","All establishment sizes",1,0,0,0,0,0,0,"N",949.94,0,0,0,0,0,0,"N",0,0.0,0,0,0,0,0,0,0,0,0,0,0,0
"39059","3","621410","78","0","2021","A","N","Guernsey County, Ohio","Local Government","NAICS 621410 Family planning centers","County, NAICS 6-digit -- by ownership sector","All establishment sizes",1,0,0,0,0,0,0,"N",949.94,0,0,0,0,0,0,"N",0,0.0,0,0,0,0,0,0,0,0,0,0,0,0
"39059","3","623","75","0","2021","A","N","Guernsey County, Ohio","Local Government","NAICS 623 Nursing and residential care facilities","County, NAICS 3-digit -- by ownership sector","All establishment sizes",1,0,0,0,0,0,0,"N",15.36,0,0,0,0,0,0,"N",0,0.0,0,0,0,0,0,0,0,0,0,0,0,0
"39059","3","6232","76","0","2021","A","N","Guernsey County, Ohio","Local Government","NAICS 6232 Residential mental health facilities","County, NAICS 4-digit -- by ownership sector","All establishment sizes",1,0,0,0,0,0,0,"N",34.97,0,0,0,0,0,0,"N",0,0.0,0,0,0,0,0,0,0,0,0,0,0,0
"39059","3","62321","77","0","2021","A","N","Guernsey County, Ohio","Local Government","NAICS 62321 Residential developmental disability homes","County, NAICS 5-digit -- by ownership sector","All establishment sizes",1,0,0,0,0,0,0,"N",52.29,0,0,0,0,0,0,"N",0,0.0,0,0,0,0,0,0,0,0,0,0,0,0
"39059","3","623210","78","0","2021","A","N","Guernsey County, Ohio","Local Government","NAICS 623210 Residential developmental disability homes","County, NAICS 6-digit -- by ownership sector","All establishment sizes",1,0,0,0,0,0,0,"N",52.29,0,0,0,0,0,0,"N",0,0.0,0,0,0,0,0,0,0,0,0,0,0,0
"39059","3","624","75","0","2021","A","N","Guernsey County, Ohio","Local Government","NAICS 624 Social assistance","County, NAICS 3-digit -- by ownership sector","All establishment sizes",2,0,0,0,0,0,0,"N",8.18,0,0,0,0,0,0,"N",0,0.0,0,0,0,0,0,0,0,0,0,0,0,0
"39059","3","6241","76","0","2021","A","N","Guernsey County, Ohio","Local Government","NAICS 6241 Individual and family services","County, NAICS 4-digit -- by ownership sector","All establishment sizes",2,0,0,0,0,0,0,"N",12.79,0,0,0,0,0,0,"N",0,0.0,0,0,0,0,0,0,0,0,0,0,0,0
"39059","3","62411","77","0","2021","A","N","Guernsey County, Ohio","Local Government","NAICS 62411 Child and youth services","County, NAICS 5-digit -- by ownership sector","All establishment sizes",1,0,0,0,0,0,0,"N",43.68,0,0,0,0,0,0,"N",0,0.0,0,0,0,0,0,0,0,0,0,0,0,0
"39059","3","624110","78","0","2021","A","N","Guernsey County, Ohio","Local Government","NAICS 624110 Child and youth services","County, NAICS 6-digit -- by ownership sector","All establishment sizes",1,0,0,0,0,0,0,"N",43.68,0,0,0,0,0,0,"N",0,0.0,0,0,0,0,0,0,0,0,0,0,0,0
"39059","3","62412","77","0","2021","A","N","Guernsey County, Ohio","Local Government","NAICS 62412 Services for the elderly and disabled","County, NAICS 5-digit -- by ownership sector","All establishment sizes",1,0,0,0,0,0,0,"N",14.73,0,0,0,0,0,0,"N",0,0.0,0,0,0,0,0,0,0,0,0,0,0,0
"39059","3","624120","78","0","2021","A","N","Guernsey County, Ohio","Local Government","NAICS 624120 Services for the elderly and disabled","County, NAICS 6-digit -- by ownership sector","All establishment sizes",1,0,0,0,0,0,0,"N",14.73,0,0,0,0,0,0,"N",0,0.0,0,0,0,0,0,0,0,0,0,0,0,0
"39059","3","71","74","0","2021","A","N","Guernsey County, Ohio","Local Government","NAICS 71 Arts, entertainment, and recreation","County, NAICS Sector -- by ownership sector","All establishment sizes",1,0,0,0,0,0,0,"N",2.90,0,0,0,0,0,0,"N",0,0.0,0,0,0,0,0,0,0,0,0,0,0,0
"39059","3","713","75","0","2021","A","N","Guernsey County, Ohio","Local Government","NAICS 713 Amusements, gambling, and recreation","County, NAICS 3-digit -- by ownership sector","All establishment sizes",1,0,0,0,0,0,0,"N",3.77,0,0,0,0,0,0,"N",0,0.0,0,0,0,0,0,0,0,0,0,0,0,0
"39059","3","7139","76","0","2021","A","N","Guernsey County, Ohio","Local Government","NAICS 7139 Other amusement and recreation industries","County, NAICS 4-digit -- by ownership sector","All establishment sizes",1,0,0,0,0,0,0,"N",4.29,0,0,0,0,0,0,"N",0,0.0,0,0,0,0,0,0,0,0,0,0,0,0
"39059","3","71399","77","0","2021","A","N","Guernsey County, Ohio","Local Government","NAICS 71399 All other amusement and recreation industries","County, NAICS 5-digit -- by ownership sector","All establishment sizes",1,0,0,0,0,0,0,"N",9.54,0,0,0,0,0,0,"N",0,0.0,0,0,0,0,0,0,0,0,0,0,0,0
"39059","3","713990","78","0","2021","A","N","Guernsey County, Ohio","Local Government","NAICS 713990 All other amusement and recreation industries","County, NAICS 6-digit -- by ownership sector","All establishment sizes",1,0,0,0,0,0,0,"N",9.54,0,0,0,0,0,0,"N",0,0.0,0,0,0,0,0,0,0,0,0,0,0,0
"39059","3","81","74","0","2021","A","N","Guernsey County, Ohio","Local Government","NAICS 81 Other services, except public administration","County, NAICS Sector -- by ownership sector","All establishment sizes",1,0,0,0,0,0,0,"N",5.42,0,0,0,0,0,0,"N",0,0.0,0,0,0,0,0,0,0,0,0,0,0,0
"39059","3","812","75","0","2021","A","N","Guernsey County, Ohio","Local Government","NAICS 812 Personal and laundry services","County, NAICS 3-digit -- by ownership sector","All establishment sizes",1,0,0,0,0,0,0,"N",10.80,0,0,0,0,0,0,"N",0,0.0,0,0,0,0,0,0,0,0,0,0,0,0
"39059","3","8122","76","0","2021","A","N","Guernsey County, Ohio","Local Government","NAICS 8122 Death care services","County, NAICS 4-digit -- by ownership sector","All establishment sizes",1,0,0,0,0,0,0,"N",15.43,0,0,0,0,0,0,"N",0,0.0,0,0,0,0,0,0,0,0,0,0,0,0
"39059","3","81222","77","0","2021","A","N","Guernsey County, Ohio","Local Government","NAICS 81222 Cemeteries and crematories","County, NAICS 5-digit -- by ownership sector","All establishment sizes",1,0,0,0,0,0,0,"N",15.47,0,0,0,0,0,0,"N",0,0.0,0,0,0,0,0,0,0,0,0,0,0,0
"39059","3","812220","78","0","2021","A","N","Guernsey County, Ohio","Local Government","NAICS 812220 Cemeteries and crematories","County, NAICS 6-digit -- by ownership sector","All establishment sizes",1,0,0,0,0,0,0,"N",15.47,0,0,0,0,0,0,"N",0,0.0,0,0,0,0,0,0,0,0,0,0,0,0
"39059","3","92","74","0","2021","A","","Guernsey County, Ohio","Local Government","NAICS 92 Public administration","County, NAICS Sector -- by ownership sector","All establishment sizes",50,380,16112593,341974,2736,815,42402,"",9.02,0.97,0.92,0.49,0.38,0.95,0.95,"",0,0.0,2,0.5,636390,4.1,41971,14.0,1835,203.7,27,3.4,1433,3.5
"39059","3","921","75","0","2021","A","","Guernsey County, Ohio","Local Government","NAICS 921 Executive, legislative and general government","County, NAICS 3-digit -- by ownership sector","All establishment sizes",35,132,4129667,130225,1042,602,31325,"",10.85,0.51,0.41,0.25,0.21,0.79,0.79,"",0,0.0,1,0.8,186107,4.7,23362,21.9,721,224.6,25,4.3,1298,4.3
"39059","3","9211","76","0","2021","A","","Guernsey County, Ohio","Local Government","NAICS 9211 Executive, legislative and general government","County, NAICS 4-digit -- by ownership sector","All establishment sizes",35,132,4129667,130225,1042,602,31325,"",10.85,0.51,0.41,0.25,0.21,0.79,0.79,"",0,0.0,1,0.8,186107,4.7,23362,21.9,721,224.6,25,4.3,1298,4.3
"39059","3","92111","77","0","2021","A","N","Guernsey County, Ohio","Local Government","NAICS 92111 Executive offices","County, NAICS 5-digit -- by ownership sector","All establishment sizes",2,0,0,0,0,0,0,"N",5.07,0,0,0,0,0,0,"N",0,0.0,0,0,0,0,0,0,0,0,0,0,0,0
"39059","3","921110","78","0","2021","A","N","Guernsey County, Ohio","Local Government","NAICS 921110 Executive offices","County, NAICS 6-digit -- by ownership sector","All establishment sizes",2,0,0,0,0,0,0,"N",5.07,0,0,0,0,0,0,"N",0,0.0,0,0,0,0,0,0,0,0,0,0,0,0
"39059","3","92112","77","0","2021","A","N","Guernsey County, Ohio","Local Government","NAICS 92112 Legislative bodies","County, NAICS 5-digit -- by ownership sector","All establishment sizes",2,0,0,0,0,0,0,"N",7.88,0,0,0,0,0,0,"N",0,0.0,0,0,0,0,0,0,0,0,0,0,0,0
"39059","3","921120","78","0","2021","A","N","Guernsey County, Ohio","Local Government","NAICS 921120 Legislative bodies","County, NAICS 6-digit -- by ownership sector","All establishment sizes",2,0,0,0,0,0,0,"N",7.88,0,0,0,0,0,0,"N",0,0.0,0,0,0,0,0,0,0,0,0,0,0,0
"39059","3","92113","77","0","2021","A","N","Guernsey County, Ohio","Local Government","NAICS 92113 Public finance activities","County, NAICS 5-digit -- by ownership sector","All establishment sizes",2,0,0,0,0,0,0,"N",8.92,0,0,0,0,0,0,"N",0,0.0,0,0,0,0,0,0,0,0,0,0,0,0
"39059","3","921130","78","0","2021","A","N","Guernsey County, Ohio","Local Government","NAICS 921130 Public finance activities","County, NAICS 6-digit -- by ownership sector","All establishment sizes",2,0,0,0,0,0,0,"N",8.92,0,0,0,0,0,0,"N",0,0.0,0,0,0,0,0,0,0,0,0,0,0,0
"39059","3","92114","77","0","2021","A","","Guernsey County, Ohio","Local Government","NAICS 92114 Executive and legislative offices, combined","County, NAICS 5-digit -- by ownership sector","All establishment sizes",27,77,1956073,0,0,487,25321,"",14.52,0.46,0.30,0.00,0.00,0.64,0.64,"",0,0.0,-3,-3.8,38968,2.0,0,0.0,0,0.0,24,5.2,1257,5.2
"39059","3","921140","78","0","2021","A","","Guernsey County, Ohio","Local Government","NAICS 921140 Executive and legislative offices, combined","County, NAICS 6-digit -- by ownership sector","All establishment sizes",27,77,1956073,0,0,487,25321,"",14.52,0.46,0.30,0.00,0.00,0.64,0.64,"",0,0.0,-3,-3.8,38968,2.0,0,0.0,0,0.0,24,5.2,1257,5.2
"39059","3","92119","77","0","2021","A","N","Guernsey County, Ohio","Local Government","NAICS 92119 Other general government support","County, NAICS 5-digit -- by ownership sector","All establishment sizes",2,0,0,0,0,0,0,"N",4.98,0,0,0,0,0,0,"N",0,0.0,0,0,0,0,0,0,0,0,0,0,0,0
"39059","3","921190","78","0","2021","A","N","Guernsey County, Ohio","Local Government","NAICS 921190 Other general government support","County, NAICS 6-digit -- by ownership sector","All establishment sizes",2,0,0,0,0,0,0,"N",4.98,0,0,0,0,0,0,"N",0,0.0,0,0,0,0,0,0,0,0,0,0,0,0
"39059","3","922","75","0","2021","A","","Guernsey County, Ohio","Local Government","NAICS 922 Justice, public order, and safety activities","County, NAICS 3-digit -- by ownership sector","All establishment sizes",7,197,9967560,0,0,972,50554,"",5.94,2.15,1.91,0.00,0.00,0.89,0.89,"",0,0.0,2,1.0,357790,3.7,0,0.0,0,0.0,25,2.6,1315,2.7
"39059","3","9221","76","0","2021","A","","Guernsey County, Ohio","Local Government","NAICS 9221 Justice, public order, and safety activities","County, NAICS 4-digit -- by ownership sector","All establishment sizes",7,197,9967560,0,0,972,50554,"",5.94,2.15,1.91,0.00,0.00,0.89,0.89,"",0,0.0,2,1.0,357790,3.7,0,0.0,0,0.0,25,2.6,1315,2.7
"39059","3","92211","77","0","2021","A","N","Guernsey County, Ohio","Local Government","NAICS 92211 Courts","County, NAICS 5-digit -- by ownership sector","All establishment sizes",2,0,0,0,0,0,0,"N",12.25,0,0,0,0,0,0,"N",0,0.0,0,0,0,0,0,0,0,0,0,0,0,0
"39059","3","922110","78","0","2021","A","N","Guernsey County, Ohio","Local Government","NAICS 922110 Courts","County, NAICS 6-digit -- by ownership sector","All establishment sizes",2,0,0,0,0,0,0,"N",12.25,0,0,0,0,0,0,"N",0,0.0,0,0,0,0,0,0,0,0,0,0,0,0
"39059","3","92212","77","0","2021","A","N","Guernsey County, Ohio","Local Government","NAICS 92212 Police protection","County, NAICS 5-digit -- by ownership sector","All establishment sizes",2,0,0,0,0,0,0,"N",6.54,0,0,0,0,0,0,"N",0,0.0,0,0,0,0,0,0,0,0,0,0,0,0
"39059","3","922120","78","0","2021","A","N","Guernsey County, Ohio","Local Government","NAICS 922120 Police protection","County, NAICS 6-digit -- by ownership sector","All establishment sizes",2,0,0,0,0,0,0,"N",6.54,0,0,0,0,0,0,"N",0,0.0,0,0,0,0,0,0,0,0,0,0,0,0
"39059","3","92213","77","0","2021","A","N","Guernsey County, Ohio","Local Government","NAICS 92213 Legal counsel and prosecution","County, NAICS 5-digit -- by ownership sector","All establishment sizes",2,0,0,0,0,0,0,"N",21.35,0,0,0,0,0,0,"N",0,0.0,0,0,0,0,0,0,0,0,0,0,0,0
"39059","3","922130","78","0","2021","A","N","Guernsey County, Ohio","Local Government","NAICS 922130 Legal counsel and prosecution","County, NAICS 6-digit -- by ownership sector","All establishment sizes",2,0,0,0,0,0,0,"N",21.35,0,0,0,0,0,0,"N",0,0.0,0,0,0,0,0,0,0,0,0,0,0,0
"39059","3","92216","77","0","2021","A","N","Guernsey County, Ohio","Local Government","NAICS 92216 Fire protection","County, NAICS 5-digit -- by ownership sector","All establishment sizes",1,0,0,0,0,0,0,"N",2.11,0,0,0,0,0,0,"N",0,0.0,0,0,0,0,0,0,0,0,0,0,0,0
"39059","3","922160","78","0","2021","A","N","Guernsey County, Ohio","Local Government","NAICS 922160 Fire protection","County, NAICS 6-digit -- by ownership sector","All establishment sizes",1,0,0,0,0,0,0,"N",2.11,0,0,0,0,0,0,"N",0,0.0,0,0,0,0,0,0,0,0,0,0,0,0
"39059","3","923","75","0","2021","A","","Guernsey County, Ohio","Local Government","NAICS 923 Administration of human resource programs","County, NAICS 3-digit -- by ownership sector","All establishment sizes",4,11,341071,0,0,587,30544,"",20.70,0.53,0.35,0.00,0.00,0.66,0.66,"",0,0.0,1,10.0,23053,7.2,0,0.0,0,0.0,-5,-0.8,-232,-0.8
"39059","3","9231","76","0","2021","A","","Guernsey County, Ohio","Local Government","NAICS 9231 Administration of human resource programs","County, NAICS 4-digit -- by ownership sector","All establishment sizes",4,11,341071,0,0,587,30544,"",20.70,0.53,0.35,0.00,0.00,0.66,0.66,"",0,0.0,1,10.0,23053,7.2,0,0.0,0,0.0,-5,-0.8,-232,-0.8
"39059","3","92312","77","0","2021","A","N","Guernsey County, Ohio","Local Government","NAICS 92312 Administration of public health programs","County, NAICS 5-digit -- by ownership sector","All establishment sizes",2,0,0,0,0,0,0,"N",19.39,0,0,0,0,0,0,"N",0,0.0,0,0,0,0,0,0,0,0,0,0,0,0
"39059","3","923120","78","0","2021","A","N","Guernsey County, Ohio","Local Government","NAICS 923120 Administration of public health programs","County, NAICS 6-digit -- by ownership sector","All establishment sizes",2,0,0,0,0,0,0,"N",19.39,0,0,0,0,0,0,"N",0,0.0,0,0,0,0,0,0,0,0,0,0,0,0
"39059","3","92313","77","0","2021","A","N","Guernsey County, Ohio","Local Government","NAICS 92313 Other human resource programs administration","County, NAICS 5-digit -- by ownership sector","All establishment sizes",1,0,0,0,0,0,0,"N",21.55,0,0,0,0,0,0,"N",0,0.0,0,0,0,0,0,0,0,0,0,0,0,0
"39059","3","923130","78","0","2021","A","N","Guernsey County, Ohio","Local Government","NAICS 923130 Other human resource programs administration","County, NAICS 6-digit -- by ownership sector","All establishment sizes",1,0,0,0,0,0,0,"N",21.55,0,0,0,0,0,0,"N",0,0.0,0,0,0,0,0,0,0,0,0,0,0,0
"39059","3","92314","77","0","2021","A","N","Guernsey County, Ohio","Local Government","NAICS 92314 Administration of veterans' affairs","County, NAICS 5-digit -- by ownership sector","All establishment sizes",1,0,0,0,0,0,0,"N",48.30,0,0,0,0,0,0,"N",0,0.0,0,0,0,0,0,0,0,0,0,0,0,0
"39059","3","923140","78","0","2021","A","N","Guernsey County, Ohio","Local Government","NAICS 923140 Administration of veterans' affairs","County, NAICS 6-digit -- by ownership sector","All establishment sizes",1,0,0,0,0,0,0,"N",48.30,0,0,0,0,0,0,"N",0,0.0,0,0,0,0,0,0,0,0,0,0,0,0
"39059","3","924","75","0","2021","A","N","Guernsey County, Ohio","Local Government","NAICS 924 Administration of environmental programs","County, NAICS 3-digit -- by ownership sector","All establishment sizes",2,0,0,0,0,0,0,"N",5.44,0,0,0,0,0,0,"N",0,0.0,0,0,0,0,0,0,0,0,0,0,0,0
"39059","3","9241","76","0","2021","A","N","Guernsey County, Ohio","Local Government","NAICS 9241 Administration of environmental programs","County, NAICS 4-digit -- by ownership sector","All establishment sizes",2,0,0,0,0,0,0,"N",5.44,0,0,0,0,0,0,"N",0,0.0,0,0,0,0,0,0,0,0,0,0,0,0
"39059","3","92411","77","0","2021","A","N","Guernsey County, Ohio","Local Government","NAICS 92411 Air, water, and waste program administration","County, NAICS 5-digit -- by ownership sector","All establishment sizes",1,0,0,0,0,0,0,"N",6.81,0,0,0,0,0,0,"N",0,0.0,0,0,0,0,0,0,0,0,0,0,0,0
"39059","3","924110","78","0","2021","A","N","Guernsey County, Ohio","Local Government","NAICS 924110 Air, water, and waste program administration","County, NAICS 6-digit -- by ownership sector","All establishment sizes",1,0,0,0,0,0,0,"N",6.81,0,0,0,0,0,0,"N",0,0.0,0,0,0,0,0,0,0,0,0,0,0,0
"39059","3","92412","77","0","2021","A","N","Guernsey County, Ohio","Local Government","NAICS 92412 Administration of conservation programs","County, NAICS 5-digit -- by ownership sector","All establishment sizes",1,0,0,0,0,0,0,"N",4.54,0,0,0,0,0,0,"N",0,0.0,0,0,0,0,0,0,0,0,0,0,0,0
"39059","3","924120","78","0","2021","A","N","Guernsey County, Ohio","Local Government","NAICS 924120 Administration of conservation programs","County, NAICS 6-digit -- by ownership sector","All establishment sizes",1,0,0,0,0,0,0,"N",4.54,0,0,0,0,0,0,"N",0,0.0,0,0,0,0,0,0,0,0,0,0,0,0
"39059","3","925","75","0","2021","A","N","Guernsey County, Ohio","Local Government","NAICS 925 Community and housing program administration","County, NAICS 3-digit -- by ownership sector","All establishment sizes",1,0,0,0,0,0,0,"N",3.03,0,0,0,0,0,0,"N",0,0.0,0,0,0,0,0,0,0,0,0,0,0,0
"39059","3","9251","76","0","2021","A","N","Guernsey County, Ohio","Local Government","NAICS 9251 Community and housing program administration","County, NAICS 4-digit -- by ownership sector","All establishment sizes",1,0,0,0,0,0,0,"N",3.03,0,0,0,0,0,0,"N",0,0.0,0,0,0,0,0,0,0,0,0,0,0,0
"39059","3","92511","77","0","2021","A","N","Guernsey County, Ohio","Local Government","NAICS 92511 Administration of housing programs","County, NAICS 5-digit -- by ownership sector","All establishment sizes",1,0,0,0,0,0,0,"N",4.69,0,0,0,0,0,0,"N",0,0.0,0,0,0,0,0,0,0,0,0,0,0,0
"39059","3","925110","78","0","2021","A","N","Guernsey County, Ohio","Local Government","NAICS 925110 Administration of housing programs","County, NAICS 6-digit -- by ownership sector","All establishment sizes",1,0,0,0,0,0,0,"N",4.69,0,0,0,0,0,0,"N",0,0.0,0,0,0,0,0,0,0,0,0,0,0,0
"39059","3","926","75","0","2021","A","N","Guernsey County, Ohio","Local Government","NAICS 926 Administration of economic programs","County, NAICS 3-digit -- by ownership sector","All establishment sizes",1,0,0,0,0,0,0,"N",4.06,0,0,0,0,0,0,"N",0,0.0,0,0,0,0,0,0,0,0,0,0,0,0
"39059","3","9261","76","0","2021","A","N","Guernsey County, Ohio","Local Government","NAICS 9261 Administration of economic programs","County, NAICS 4-digit -- by ownership sector","All establishment sizes",1,0,0,0,0,0,0,"N",4.06,0,0,0,0,0,0,"N",0,0.0,0,0,0,0,0,0,0,0,0,0,0,0
"39059","3","92615","77","0","2021","A","N","Guernsey County, Ohio","Local Government","NAICS 92615 Licensing and regulating commercial sectors","County, NAICS 5-digit -- by ownership sector","All establishment sizes",1,0,0,0,0,0,0,"N",13.33,0,0,0,0,0,0,"N",0,0.0,0,0,0,0,0,0,0,0,0,0,0,0
"39059","3","926150","78","0","2021","A","N","Guernsey County, Ohio","Local Government","NAICS 926150 Licensing and regulating commercial sectors","County, NAICS 6-digit -- by ownership sector","All establishment sizes",1,0,0,0,0,0,0,"N",13.33,0,0,0,0,0,0,"N",0,0.0,0,0,0,0,0,0,0,0,0,0,0,0
"39059","5","10","71","0","2021","A","","Guernsey County, Ohio","Private","10 Total, all industries","County, Total -- by ownership sector","All establishment sizes",841,11866,548966411,117151572,2711137,890,46263,"",0.90,0.99,0.98,1.02,1.01,0.99,0.99,"",-7,-0.8,64,0.5,28122419,5.4,2715896,2.4,522082,23.8,41,4.8,2130,4.8
"39059","5","101","72","0","2021","A","","Guernsey County, Ohio","Private","101 Goods-producing","County, by Domain -- by ownership sector","All establishment sizes",156,3503,223805706,38441571,1026768,1229,63899,"",1.29,1.67,2.13,1.62,1.49,1.27,1.27,"",-5,-3.1,-99,-2.7,14159227,6.8,-828365,-2.1,99597,10.7,110,9.8,5692,9.8
"39059","5","1011","73","0","2021","A","","Guernsey County, Ohio","Private","1011 Natural resources and mining","County, by Supersector -- by ownership sector","All establishment sizes",40,455,34585314,5329172,214140,1461,75970,"",3.22,2.65,4.77,2.57,3.31,1.80,1.80,"",0,0.0,81,21.7,12899556,59.5,551357,11.5,23954,12.6,346,31.0,18013,31.1
"39059","5","1012","73","0","2021","A","","Guernsey County, Ohio","Private","1012 Construction","County, by Supersector -- by ownership sector","All establishment sizes",70,459,30898327,5324264,341813,1295,67353,"",0.92,0.64,0.89,0.60,1.03,1.40,1.40,"",-2,-2.8,-118,-20.5,-4995596,-13.9,-1797787,-25.2,-36698,-9.7,99,8.3,5136,8.3
"39059","5","1013","73","0","2021","A","","Guernsey County, Ohio","Private","1013 Manufacturing","County, by Supersector -- by ownership sector","All establishment sizes",46,2589,158322065,27788135,470815,1176,61164,"",1.43,2.16,2.51,2.15,1.61,1.16,1.16,"",-3,-6.1,-62,-2.3,6255267,4.1,418065,1.5,112341,31.3,73,6.6,3795,6.6
"39059","5","102","72","0","2021","A","","Guernsey County, Ohio","Private","102 Service-providing","County, by Domain -- by ownership sector","All establishment sizes",685,8364,325160705,78710001,1684369,748,38877,"",0.85,0.85,0.72,0.86,0.84,0.84,0.84,"",-2,-0.3,164,2.0,13963192,4.5,3544261,4.7,422485,33.5,18,2.5,926,2.4
"39059","5","1021","73","0","2021","A","","Guernsey County, Ohio","Private","1021 Trade, transportation, and utilities","County, by Supersector -- by ownership sector","All establishment sizes",223,2704,123851947,28267328,638529,881,45798,"",1.28,1.01,1.20,1.06,1.24,1.20,1.19,"",-1,-0.4,113,4.4,12410112,11.1,2021953,7.7,142660,28.8,54,6.5,2781,6.5
"39059","5","1022","73","0","2021","A","","Guernsey County, Ohio","Private","1022 Information","County, by Supersector -- by ownership sector","All establishment sizes",9,51,1866529,455797,7727,698,36302,"",0.45,0.18,0.06,0.14,0.09,0.35,0.35,"",0,0.0,-8,-13.6,-253661,-12.0,-90567,-16.6,839,12.2,2,0.3,111,0.3
"39059","5","1023","73","0","2021","A","","Guernsey County, Ohio","Private","1023 Financial activities","County, by Supersector -- by ownership sector","All establishment sizes",70,294,13741652,2426879,46607,898,46714,"",0.81,0.36,0.21,0.28,0.24,0.59,0.59,"",-2,-2.8,-139,-32.1,-15123251,-52.4,-1362479,-36.0,-21019,-31.1,-384,-30.0,-19949,-29.9
"39059","5","1024","73","0","2021","A","","Guernsey County, Ohio","Private","1024 Professional and business services","County, by Supersector -- by ownership sector","All establishment sizes",89,763,35978326,8728702,210751,907,47185,"",0.48,0.37,0.28,0.37,0.35,0.76,0.76,"",2,2.3,78,11.4,4064043,12.7,1453169,20.0,99591,89.6,11,1.2,572,1.2
"39059","5","1025","73","0","2021","A","","Guernsey County, Ohio","Private","1025 Education and health services","County, by Supersector -- by ownership sector","All establishment sizes",131,2502,109276420,18799991,387643,840,43670,"",0.77,1.13,1.24,1.40,1.43,1.09,1.09,"",-6,-4.4,-70,-2.7,6702720,6.5,-950001,-4.8,82097,26.9,73,9.5,3788,9.5
"39059","5","1026","73","0","2021","A","","Guernsey County, Ohio","Private","1026 Leisure and hospitality","County, by Supersector -- by ownership sector","All establishment sizes",98,1755,31599819,17363909,339212,346,18007,"",1.24,1.27,1.17,1.47,1.39,0.92,0.92,"",3,3.2,166,10.4,4959944,18.6,2235232,14.8,111705,49.1,23,7.1,1237,7.4
"39059","5","1027","73","0","2021","A","","Guernsey County, Ohio","Private","1027 Other services","County, by Supersector -- by ownership sector","All establishment sizes",66,294,8846012,2667395,53900,578,30071,"",0.90,0.73,0.69,0.75,0.70,0.95,0.95,"",3,4.8,21,7.7,1203285,15.7,236954,9.7,6612,14.0,39,7.2,2033,7.3
"39059","5","11","74","0","2021","A","","Guernsey County, Ohio","Private","NAICS 11 Agriculture, forestry, fishing and hunting","County, NAICS Sector -- by ownership sector","All establishment sizes",4,36,1254641,327100,8517,678,35259,"",0.41,0.30,0.36,0.23,0.18,1.23,1.23,"",0,0.0,2,5.9,88987,7.6,16808,5.4,2693,46.2,14,2.1,721,2.1
"39059","5","112","75","0","2021","A","N","Guernsey County, Ohio","Private","NAICS 112 Animal production and aquaculture","County, NAICS 3-digit -- by ownership sector","All establishment sizes",3,0,0,0,0,0,0,"N",1.24,0,0,0,0,0,0,"N",0,0.0,0,0,0,0,0,0,0,0,0,0,0,0
"39059","5","1121","76","0","2021","A","N","Guernsey County, Ohio","Private","NAICS 1121 Cattle ranching and farming","County, NAICS 4-digit -- by ownership sector","All establishment sizes",1,0,0,0,0,0,0,"N",0.65,0,0,0,0,0,0,"N",0,0.0,0,0,0,0,0,0,0,0,0,0,0,0
"39059","5","11211","77","0","2021","A","N","Guernsey County, Ohio","Private","NAICS 11211 Beef cattle ranching, farming, and feedlots","County, NAICS 5-digit -- by ownership sector","All establishment sizes",1,0,0,0,0,0,0,"N",1.07,0,0,0,0,0,0,"N",0,0.0,0,0,0,0,0,0,0,0,0,0,0,0
"39059","5","112111","78","0","2021","A","N","Guernsey County, Ohio","Private","NAICS 112111 Beef cattle ranching and farming","County, NAICS 6-digit -- by ownership sector","All establishment sizes",1,0,0,0,0,0,0,"N",1.20,0,0,0,0,0,0,"N",0,0.0,0,0,0,0,0,0,0,0,0,0,0,0
"39059","5","1123","76","0","2021","A","N","Guernsey County, Ohio","Private","NAICS 1123 Poultry and egg production","County, NAICS 4-digit -- by ownership sector","All establishment sizes",1,0,0,0,0,0,0,"N",4.93,0,0,0,0,0,0,"N",0,0.0,0,0,0,0,0,0,0,0,0,0,0,0
"39059","5","11232","77","0","2021","A","N","Guernsey County, Ohio","Private","NAICS 11232 Broilers and meat type chicken production","County, NAICS 5-digit -- by ownership sector","All establishment sizes",1,0,0,0,0,0,0,"N",18.97,0,0,0,0,0,0,"N",0,0.0,0,0,0,0,0,0,0,0,0,0,0,0
"39059","5","112320","78","0","2021","A","N","Guernsey County, Ohio","Private","NAICS 112320 Broilers and meat type chicken production","County, NAICS 6-digit -- by ownership sector","All establishment sizes",1,0,0,0,0,0,0,"N",18.97,0,0,0,0,0,0,"N",0,0.0,0,0,0,0,0,0,0,0,0,0,0,0
"39059","5","1129","76","0","2021","A","N","Guernsey County, Ohio","Private","NAICS 1129 Other animal production","County, NAICS 4-digit -- by ownership sector","All establishment sizes",1,0,0,0,0,0,0,"N",3.01,0,0,0,0,0,0,"N",0,0.0,0,0,0,0,0,0,0,0,0,0,0,0
"39059","5","11299","77","0","2021","A","N","Guernsey County, Ohio","Private","NAICS 11299 All other animal production","County, NAICS 5-digit -- by ownership sector","All establishment sizes",1,0,0,0,0,0,0,"N",7.45,0,0,0,0,0,0,"N",0,0.0,0,0,0,0,0,0,0,0,0,0,0,0
"39059","5","112990","78","0","2021","A","N","Guernsey County, Ohio","Private","NAICS 112990 All other animal production","County, NAICS 6-digit -- by ownership sector","All establishment sizes",1,0,0,0,0,0,0,"N",7.45,0,0,0,0,0,0,"N",0,0.0,0,0,0,0,0,0,0,0,0,0,0,0
"39059","5","113","75","0","2021","A","N","Guernsey County, Ohio","Private","NAICS 113 Forestry and logging","County, NAICS 3-digit -- by ownership sector","All establishment sizes",1,0,0,0,0,0,0,"N",1.27,0,0,0,0,0,0,"N",0,0.0,0,0,0,0,0,0,0,0,0,0,0,0
"39059","5","1133","76","0","2021","A","N","Guernsey County, Ohio","Private","NAICS 1133 Logging","County, NAICS 4-digit -- by ownership sector","All establishment sizes",1,0,0,0,0,0,0,"N",1.43,0,0,0,0,0,0,"N",0,0.0,0,0,0,0,0,0,0,0,0,0,0,0
"39059","5","11331","77","0","2021","A","N","Guernsey County, Ohio","Private","NAICS 11331 Logging","County, NAICS 5-digit -- by ownership sector","All establishment sizes",1,0,0,0,0,0,0,"N",1.43,0,0,0,0,0,0,"N",0,0.0,0,0,0,0,0,0,0,0,0,0,0,0
"39059","5","113310","78","0","2021","A","N","Guernsey County, Ohio","Private","NAICS 113310 Logging","County, NAICS 6-digit -- by ownership sector","All establishment sizes",1,0,0,0,0,0,0,"N",1.43,0,0,0,0,0,0,"N",0,0.0,0,0,0,0,0,0,0,0,0,0,0,0
"39059","5","21","74","0","2021","A","","Guernsey County, Ohio","Private","NAICS 21 Mining, quarrying, and oil and gas extraction","County, NAICS Sector -- by ownership sector","All establishment sizes",36,420,33330673,5002072,205623,1527,79422,"",13.20,8.41,8.86,7.75,11.09,1.05,1.05,"",0,0.0,80,23.5,12810569,62.4,534549,12.0,21261,11.5,368,31.8,19143,31.8
"39059","5","211","75","0","2021","A","N","Guernsey County, Ohio","Private","NAICS 211 Oil and gas extraction","County, NAICS 3-digit -- by ownership sector","All establishment sizes",5,0,0,0,0,0,0,"N",8.76,0,0,0,0,0,0,"N",1,25.0,0,0,0,0,0,0,0,0,0,0,0,0
"39059","5","2111","76","0","2021","A","N","Guernsey County, Ohio","Private","NAICS 2111 Oil and gas extraction","County, NAICS 4-digit -- by ownership sector","All establishment sizes",5,0,0,0,0,0,0,"N",8.76,0,0,0,0,0,0,"N",1,25.0,0,0,0,0,0,0,0,0,0,0,0,0
"39059","5","21112","77","0","2021","A","","Guernsey County, Ohio","Private","NAICS 21112 Crude petroleum extraction","County, NAICS 5-digit -- by ownership sector","All establishment sizes",3,15,653040,144790,5782,833,43295,"",7.62,1.87,0.61,1.65,3.25,0.33,0.33,"",0,0.0,0,0.0,-24651,-3.6,7736,5.6,1259,27.8,-61,-6.8,-3175,-6.8
"39059","5","211120","78","0","2021","A","","Guernsey County, Ohio","Private","NAICS 211120 Crude petroleum extraction","County, NAICS 6-digit -- by ownership sector","All establishment sizes",3,15,653040,144790,5782,833,43295,"",7.62,1.87,0.61,1.65,3.25,0.33,0.33,"",0,0.0,0,0.0,-24651,-3.6,7736,5.6,1259,27.8,-61,-6.8,-3175,-6.8
"39059","5","21113","77","0","2021","A","N","Guernsey County, Ohio","Private","NAICS 21113 Natural gas extraction","County, NAICS 5-digit -- by ownership sector","All establishment sizes",2,0,0,0,0,0,0,"N",11.26,0,0,0,0,0,0,"N",1,100.0,0,0,0,0,0,0,0,0,0,0,0,0
"39059","5","211130","78","0","2021","A","N","Guernsey County, Ohio","Private","NAICS 211130 Natural gas extraction","County, NAICS 6-digit -- by ownership sector","All establishment sizes",2,0,0,0,0,0,0,"N",11.26,0,0,0,0,0,0,"N",1,100.0,0,0,0,0,0,0,0,0,0,0,0,0
"39059","5","212","75","0","2021","A","N","Guernsey County, Ohio","Private","NAICS 212 Mining, except oil and gas","County, NAICS 3-digit -- by ownership sector","All establishment sizes",3,0,0,0,0,0,0,"N",4.78,0,0,0,0,0,0,"N",0,0.0,0,0,0,0,0,0,0,0,0,0,0,0
"39059","5","2123","76","0","2021","A","N","Guernsey County, Ohio","Private","NAICS 2123 Nonmetallic mineral mining and quarrying","County, NAICS 4-digit -- by ownership sector","All establishment sizes",3,0,0,0,0,0,0,"N",5.86,0,0,0,0,0,0,"N",0,0.0,0,0,0,0,0,0,0,0,0,0,0,0
"39059","5","21231","77","0","2021","A","N","Guernsey County, Ohio","Private","NAICS 21231 Stone mining and quarrying","County, NAICS 5-digit -- by ownership sector","All establishment sizes",3,0,0,0,0,0,0,"N",13.81,0,0,0,0,0,0,"N",0,0.0,0,0,0,0,0,0,0,0,0,0,0,0
"39059","5","212311","78","0","2021","A","N","Guernsey County, Ohio","Private","NAICS 212311 Dimension stone mining and quarrying","County, NAICS 6-digit -- by ownership sector","All establishment sizes",1,0,0,0,0,0,0,"N",19.89,0,0,0,0,0,0,"N",0,0.0,0,0,0,0,0,0,0,0,0,0,0,0
"39059","5","212312","78","0","2021","A","N","Guernsey County, Ohio","Private","NAICS 212312 Crushed and broken limestone mining","County, NAICS 6-digit -- by ownership sector","All establishment sizes",2,0,0,0,0,0,0,"N",20.18,0,0,0,0,0,0,"N",0,0.0,0,0,0,0,0,0,0,0,0,0,0,0
"39059","5","213","75","0","2021","A","","Guernsey County, Ohio","Private","NAICS 213 Support activities for mining","County, NAICS 3-digit -- by ownership sector","All establishment sizes",28,206,14572787,2830777,147524,1360,70713,"",18.31,9.41,10.38,9.71,17.23,1.10,1.10,"",-1,-3.4,-74,-26.4,-3381145,-18.8,-938968,-24.9,-22868,-13.4,127,10.3,6592,10.3
"39059","5","2131","76","0","2021","A","","Guernsey County, Ohio","Private","NAICS 2131 Support activities for mining","County, NAICS 4-digit -- by ownership sector","All establishment sizes",28,206,14572787,2830777,147524,1360,70713,"",18.31,9.41,10.38,9.71,17.23,1.10,1.10,"",-1,-3.4,-74,-26.4,-3381145,-18.8,-938968,-24.9,-22868,-13.4,127,10.3,6592,10.3
"39059","5","21311","77","0","2021","A","","Guernsey County, Ohio","Private","NAICS 21311 Support activities for mining","County, NAICS 5-digit -- by ownership sector","All establishment sizes",28,206,14572787,2830777,147524,1360,70713,"",18.31,9.41,10.38,9.71,17.23,1.10,1.10,"",-1,-3.4,-74,-26.4,-3381145,-18.8,-938968,-24.9,-22868,-13.4,127,10.3,6592,10.3
"39059","5","213111","78","0","2021","A","N","Guernsey County, Ohio","Private","NAICS 213111 Drilling oil and gas wells","County, NAICS 6-digit -- by ownership sector","All establishment sizes",3,0,0,0,0,0,0,"N",15.75,0,0,0,0,0,0,"N",-1,-25.0,0,0,0,0,0,0,0,0,0,0,0,0
"39059","5","213112","78","0","2021","A","","Guernsey County, Ohio","Private","NAICS 213112 Support activities for oil and gas operations","County, NAICS 6-digit -- by ownership sector","All establishment sizes",24,181,12551477,2467936,125698,1331,69218,"",19.18,10.53,11.62,11.16,19.86,1.10,1.10,"",0,0.0,-44,-19.6,-1180921,-8.6,-576857,-18.9,669,0.5,156,13.3,8095,13.2
"39059","5","213115","78","0","2021","A","N","Guernsey County, Ohio","Private","NAICS 213115 Support activities for nonmetallic minerals","County, NAICS 6-digit -- by ownership sector","All establishment sizes",1,0,0,0,0,0,0,"N",37.87,0,0,0,0,0,0,"N",0,0.0,0,0,0,0,0,0,0,0,0,0,0,0
"39059","5","22","74","0","2021","A","","Guernsey County, Ohio","Private","NAICS 22 Utilities","County, NAICS Sector -- by ownership sector","All establishment sizes",6,64,6416904,502562,7116,1938,100789,"",3.33,1.21,1.47,0.93,0.82,1.22,1.22,"",1,20.0,2,3.2,-49803,-0.8,45501,10.0,3232,83.2,-81,-4.0,-4218,-4.0
"39059","5","221","75","0","2021","A","","Guernsey County, Ohio","Private","NAICS 221 Utilities","County, NAICS 3-digit -- by ownership sector","All establishment sizes",6,64,6416904,502562,7116,1938,100789,"",3.33,1.21,1.47,0.93,0.82,1.22,1.22,"",1,20.0,2,3.2,-49803,-0.8,45501,10.0,3232,83.2,-81,-4.0,-4218,-4.0
"39059","5","2211","76","0","2021","A","N","Guernsey County, Ohio","Private","NAICS 2211 Power generation and supply","County, NAICS 4-digit -- by ownership sector","All establishment sizes",3,0,0,0,0,0,0,"N",3.04,0,0,0,0,0,0,"N",0,0.0,0,0,0,0,0,0,0,0,0,0,0,0
"39059","5","22112","77","0","2021","A","N","Guernsey County, Ohio","Private","NAICS 22112 Electric power transmission and distribution","County, NAICS 5-digit -- by ownership sector","All establishment sizes",3,0,0,0,0,0,0,"N",5.15,0,0,0,0,0,0,"N",0,0.0,0,0,0,0,0,0,0,0,0,0,0,0
"39059","5","221122","78","0","2021","A","N","Guernsey County, Ohio","Private","NAICS 221122 Electric power distribution","County, NAICS 6-digit -- by ownership sector","All establishment sizes",3,0,0,0,0,0,0,"N",5.77,0,0,0,0,0,0,"N",0,0.0,0,0,0,0,0,0,0,0,0,0,0,0
"39059","5","2212","76","0","2021","A","N","Guernsey County, Ohio","Private","NAICS 2212 Natural gas distribution","County, NAICS 4-digit -- by ownership sector","All establishment sizes",3,0,0,0,0,0,0,"N",11.01,0,0,0,0,0,0,"N",1,50.0,0,0,0,0,0,0,0,0,0,0,0,0
"39059","5","22121","77","0","2021","A","N","Guernsey County, Ohio","Private","NAICS 22121 Natural gas distribution","County, NAICS 5-digit -- by ownership sector","All establishment sizes",3,0,0,0,0,0,0,"N",11.01,0,0,0,0,0,0,"N",1,50.0,0,0,0,0,0,0,0,0,0,0,0,0
"39059","5","221210","78","0","2021","A","N","Guernsey County, Ohio","Private","NAICS 221210 Natural gas distribution","County, NAICS 6-digit -- by ownership sector","All establishment sizes",3,0,0,0,0,0,0,"N",11.01,0,0,0,0,0,0,"N",1,50.0,0,0,0,0,0,0,0,0,0,0,0,0
"39059","5","23","74","0","2021","A","","Guernsey County, Ohio","Private","NAICS 23 Construction","County, NAICS Sector -- by ownership sector","All establishment sizes",70,459,30898327,5324264,341813,1295,67353,"",0.92,0.64,0.89,0.60,1.03,1.40,1.40,"",-2,-2.8,-118,-20.5,-4995596,-13.9,-1797787,-25.2,-36698,-9.7,99,8.3,5136,8.3
"39059","5","236","75","0","2021","A","","Guernsey County, Ohio","Private","NAICS 236 Construction of buildings","County, NAICS 3-digit -- by ownership sector","All establishment sizes",18,58,2975952,703795,18901,982,51089,"",0.76,0.36,0.35,0.36,0.28,0.97,0.97,"",1,5.9,1,1.8,433868,17.1,-28484,-3.9,279,1.5,118,13.7,6163,13.7
"39059","5","2361","76","0","2021","A","N","Guernsey County, Ohio","Private","NAICS 2361 Residential building construction","County, NAICS 4-digit -- by ownership sector","All establishment sizes",13,0,0,0,0,0,0,"N",0.70,0,0,0,0,0,0,"N",1,8.3,0,0,0,0,0,0,0,0,0,0,0,0
"39059","5","23611","77","0","2021","A","N","Guernsey County, Ohio","Private","NAICS 23611 Residential building construction","County, NAICS 5-digit -- by ownership sector","All establishment sizes",13,0,0,0,0,0,0,"N",0.70,0,0,0,0,0,0,"N",1,8.3,0,0,0,0,0,0,0,0,0,0,0,0
"39059","5","236115","78","0","2021","A","","Guernsey County, Ohio","Private","NAICS 236115 New single-family general contractors","County, NAICS 6-digit -- by ownership sector","All establishment sizes",8,16,667409,242017,5320,790,41071,"",1.03,0.44,0.38,0.54,0.47,0.85,0.85,"",1,14.3,-5,-23.8,48027,7.8,-51786,-17.6,-4199,-44.1,216,37.6,11221,37.6
"39059","5","236116","78","0","2021","A","N","Guernsey County, Ohio","Private","NAICS 236116 New multifamily general contractors","County, NAICS 6-digit -- by ownership sector","All establishment sizes",1,0,0,0,0,0,0,"N",2.66,0,0,0,0,0,0,"N",0,0.0,0,0,0,0,0,0,0,0,0,0,0,0
"39059","5","236118","78","0","2021","A","","Guernsey County, Ohio","Private","NAICS 236118 Residential remodelers","County, NAICS 6-digit -- by ownership sector","All establishment sizes",5,11,336221,118700,3090,616,32021,"",0.50,0.28,0.23,0.26,0.23,0.86,0.86,"",1,25.0,2,22.2,45473,15.6,36196,43.9,2239,263.1,6,1.0,303,1.0
"39059","5","2362","76","0","2021","A","N","Guernsey County, Ohio","Private","NAICS 2362 Nonresidential building construction","County, NAICS 4-digit -- by ownership sector","All establishment sizes",5,0,0,0,0,0,0,"N",0.96,0,0,0,0,0,0,"N",0,0.0,0,0,0,0,0,0,0,0,0,0,0,0
"39059","5","23621","77","0","2021","A","N","Guernsey County, Ohio","Private","NAICS 23621 Industrial building construction","County, NAICS 5-digit -- by ownership sector","All establishment sizes",2,0,0,0,0,0,0,"N",3.65,0,0,0,0,0,0,"N",0,0.0,0,0,0,0,0,0,0,0,0,0,0,0
"39059","5","236210","78","0","2021","A","N","Guernsey County, Ohio","Private","NAICS 236210 Industrial building construction","County, NAICS 6-digit -- by ownership sector","All establishment sizes",2,0,0,0,0,0,0,"N",3.65,0,0,0,0,0,0,"N",0,0.0,0,0,0,0,0,0,0,0,0,0,0,0
"39059","5","23622","77","0","2021","A","N","Guernsey County, Ohio","Private","NAICS 23622 Commercial building construction","County, NAICS 5-digit -- by ownership sector","All establishment sizes",3,0,0,0,0,0,0,"N",0.64,0,0,0,0,0,0,"N",0,0.0,0,0,0,0,0,0,0,0,0,0,0,0
"39059","5","236220","78","0","2021","A","N","Guernsey County, Ohio","Private","NAICS 236220 Commercial building construction","County, NAICS 6-digit -- by ownership sector","All establishment sizes",3,0,0,0,0,0,0,"N",0.64,0,0,0,0,0,0,"N",0,0.0,0,0,0,0,0,0,0,0,0,0,0,0
"39059","5","237","75","0","2021","A","","Guernsey County, Ohio","Private","NAICS 237 Heavy and civil engineering construction","County, NAICS 3-digit -- by ownership sector","All establishment sizes",9,277,22865536,3064464,238204,1587,82547,"",1.90,2.74,3.94,2.33,3.73,1.44,1.44,"",-1,-10.0,-26,-8.6,-1467047,-6.0,-628493,-17.0,-21230,-8.2,43,2.8,2241,2.8
"39059","5","2371","76","0","2021","A","N","Guernsey County, Ohio","Private","NAICS 2371 Utility system construction","County, NAICS 4-digit -- by ownership sector","All establishment sizes",4,0,0,0,0,0,0,"N",1.65,0,0,0,0,0,0,"N",-1,-20.0,0,0,0,0,0,0,0,0,0,0,0,0
"39059","5","23712","77","0","2021","A","N","Guernsey County, Ohio","Private","NAICS 23712 Oil and gas pipeline construction","County, NAICS 5-digit -- by ownership sector","All establishment sizes",4,0,0,0,0,0,0,"N",10.88,0,0,0,0,0,0,"N",-1,-20.0,0,0,0,0,0,0,0,0,0,0,0,0
"39059","5","237120","78","0","2021","A","N","Guernsey County, Ohio","Private","NAICS 237120 Oil and gas pipeline construction","County, NAICS 6-digit -- by ownership sector","All establishment sizes",4,0,0,0,0,0,0,"N",10.88,0,0,0,0,0,0,"N",-1,-20.0,0,0,0,0,0,0,0,0,0,0,0,0
"39059","5","2372","76","0","2021","A","N","Guernsey County, Ohio","Private","NAICS 2372 Land subdivision","County, NAICS 4-digit -- by ownership sector","All establishment sizes",1,0,0,0,0,0,0,"N",1.93,0,0,0,0,0,0,"N",0,0.0,0,0,0,0,0,0,0,0,0,0,0,0
"39059","5","23721","77","0","2021","A","N","Guernsey County, Ohio","Private","NAICS 23721 Land subdivision","County, NAICS 5-digit -- by ownership sector","All establishment sizes",1,0,0,0,0,0,0,"N",1.93,0,0,0,0,0,0,"N",0,0.0,0,0,0,0,0,0,0,0,0,0,0,0
"39059","5","237210","78","0","2021","A","N","Guernsey County, Ohio","Private","NAICS 237210 Land subdivision","County, NAICS 6-digit -- by ownership sector","All establishment sizes",1,0,0,0,0,0,0,"N",1.93,0,0,0,0,0,0,"N",0,0.0,0,0,0,0,0,0,0,0,0,0,0,0
"39059","5","2373","76","0","2021","A","","Guernsey County, Ohio","Private","NAICS 2373 Highway, street, and bridge construction","County, NAICS 4-digit -- by ownership sector","All establishment sizes",4,26,2375312,395140,35909,1786,92846,"",3.91,0.78,1.30,0.91,1.38,1.69,1.69,"",0,0.0,-12,-31.6,-557856,-19.0,-239438,-37.7,-21952,-37.9,298,20.0,15488,20.0
"39059","5","23731","77","0","2021","A","","Guernsey County, Ohio","Private","NAICS 23731 Highway, street, and bridge construction","County, NAICS 5-digit -- by ownership sector","All establishment sizes",4,26,2375312,395140,35909,1786,92846,"",3.91,0.78,1.30,0.91,1.38,1.69,1.69,"",0,0.0,-12,-31.6,-557856,-19.0,-239438,-37.7,-21952,-37.9,298,20.0,15488,20.0
"39059","5","237310","78","0","2021","A","","Guernsey County, Ohio","Private","NAICS 237310 Highway, street, and bridge construction","County, NAICS 6-digit -- by ownership sector","All establishment sizes",4,26,2375312,395140,35909,1786,92846,"",3.91,0.78,1.30,0.91,1.38,1.69,1.69,"",0,0.0,-12,-31.6,-557856,-19.0,-239438,-37.7,-21952,-37.9,298,20.0,15488,20.0
"39059","5","238","75","0","2021","A","","Guernsey County, Ohio","Private","NAICS 238 Specialty trade contractors","County, NAICS 3-digit -- by ownership sector","All establishment sizes",43,124,5056839,1556005,84708,787,40946,"",0.90,0.27,0.25,0.28,0.42,0.92,0.92,"",-3,-6.5,-93,-42.9,-3962417,-43.9,-1140810,-42.3,-15747,-15.7,-11,-1.4,-554,-1.3
"39059","5","2381","76","0","2021","A","","Guernsey County, Ohio","Private","NAICS 2381 Building foundation and exterior contractors","County, NAICS 4-digit -- by ownership sector","All establishment sizes",10,27,923956,336649,19620,648,33701,"",1.04,0.30,0.25,0.31,0.48,0.82,0.81,"",-1,-9.1,1,3.8,-8990,-1.0,28622,9.3,1627,9.0,-56,-8.0,-2885,-7.9
"39059","5","23811","77","0","2021","A","N","Guernsey County, Ohio","Private","NAICS 23811 Poured concrete structure contractors","County, NAICS 5-digit -- by ownership sector","All establishment sizes",2,0,0,0,0,0,0,"N",1.01,0,0,0,0,0,0,"N",-1,-33.3,0,0,0,0,0,0,0,0,0,0,0,0
"39059","5","238111","78","0","2021","A","N","Guernsey County, Ohio","Private","NAICS 238111 Residential poured foundation contractors","County, NAICS 6-digit -- by ownership sector","All establishment sizes",2,0,0,0,0,0,0,"N",1.41,0,0,0,0,0,0,"N",-1,-33.3,0,0,0,0,0,0,0,0,0,0,0,0
"39059","5","23813","77","0","2021","A","N","Guernsey County, Ohio","Private","NAICS 23813 Framing contractors","County, NAICS 5-digit -- by ownership sector","All establishment sizes",1,0,0,0,0,0,0,"N",0.99,0,0,0,0,0,0,"N",0,0.0,0,0,0,0,0,0,0,0,0,0,0,0
"39059","5","238132","78","0","2021","A","N","Guernsey County, Ohio","Private","NAICS 238132 Nonresidential framing contractors","County, NAICS 6-digit -- by ownership sector","All establishment sizes",1,0,0,0,0,0,0,"N",7.24,0,0,0,0,0,0,"N",0,0.0,0,0,0,0,0,0,0,0,0,0,0,0
"39059","5","23814","77","0","2021","A","N","Guernsey County, Ohio","Private","NAICS 23814 Masonry contractors","County, NAICS 5-digit -- by ownership sector","All establishment sizes",2,0,0,0,0,0,0,"N",1.15,0,0,0,0,0,0,"N",0,0.0,0,0,0,0,0,0,0,0,0,0,0,0
"39059","5","238141","78","0","2021","A","N","Guernsey County, Ohio","Private","NAICS 238141 Residential masonry contractors","County, NAICS 6-digit -- by ownership sector","All establishment sizes",2,0,0,0,0,0,0,"N",1.53,0,0,0,0,0,0,"N",0,0.0,0,0,0,0,0,0,0,0,0,0,0,0
"39059","5","23815","77","0","2021","A","N","Guernsey County, Ohio","Private","NAICS 23815 Glass and glazing contractors","County, NAICS 5-digit -- by ownership sector","All establishment sizes",1,0,0,0,0,0,0,"N",1.57,0,0,0,0,0,0,"N",0,0.0,0,0,0,0,0,0,0,0,0,0,0,0
"39059","5","238152","78","0","2021","A","N","Guernsey County, Ohio","Private","NAICS 238152 Nonresidential glass and glazing contractors","County, NAICS 6-digit -- by ownership sector","All establishment sizes",1,0,0,0,0,0,0,"N",3.61,0,0,0,0,0,0,"N",0,0.0,0,0,0,0,0,0,0,0,0,0,0,0
"39059","5","23816","77","0","2021","A","","Guernsey County, Ohio","Private","NAICS 23816 Roofing contractors","County, NAICS 5-digit -- by ownership sector","All establishment sizes",3,12,472973,150533,6391,785,40832,"",1.26,0.56,0.54,0.62,0.77,1.00,1.00,"",0,0.0,0,0.0,-55025,-10.4,16362,12.2,1307,25.7,-61,-7.2,-3168,-7.2
"39059","5","238161","78","0","2021","A","N","Guernsey County, Ohio","Private","NAICS 238161 Residential roofing contractors","County, NAICS 6-digit -- by ownership sector","All establishment sizes",2,0,0,0,0,0,0,"N",1.07,0,0,0,0,0,0,"N",0,0.0,0,0,0,0,0,0,0,0,0,0,0,0
"39059","5","238162","78","0","2021","A","N","Guernsey County, Ohio","Private","NAICS 238162 Nonresidential roofing contractors","County, NAICS 6-digit -- by ownership sector","All establishment sizes",1,0,0,0,0,0,0,"N",1.92,0,0,0,0,0,0,"N",0,0.0,0,0,0,0,0,0,0,0,0,0,0,0
"39059","5","23819","77","0","2021","A","N","Guernsey County, Ohio","Private","NAICS 23819 Other building exterior contractors","County, NAICS 5-digit -- by ownership sector","All establishment sizes",1,0,0,0,0,0,0,"N",1.54,0,0,0,0,0,0,"N",0,0.0,0,0,0,0,0,0,0,0,0,0,0,0
"39059","5","238191","78","0","2021","A","N","Guernsey County, Ohio","Private","NAICS 238191 Other residential exterior contractors","County, NAICS 6-digit -- by ownership sector","All establishment sizes",1,0,0,0,0,0,0,"N",2.74,0,0,0,0,0,0,"N",0,0.0,0,0,0,0,0,0,0,0,0,0,0,0
"39059","5","2382","76","0","2021","A","","Guernsey County, Ohio","Private","NAICS 2382 Building equipment contractors","County, NAICS 4-digit -- by ownership sector","All establishment sizes",8,24,831687,265466,7168,657,34179,"",0.42,0.11,0.08,0.10,0.08,0.71,0.71,"",-3,-27.3,-88,-78.6,-3691598,-81.6,-1019456,-79.3,-14017,-66.2,-121,-15.6,-6268,-15.5
"39059","5","23821","77","0","2021","A","N","Guernsey County, Ohio","Private","NAICS 23821 Electrical and wiring contractors","County, NAICS 5-digit -- by ownership sector","All establishment sizes",1,0,0,0,0,0,0,"N",0.12,0,0,0,0,0,0,"N",-2,-66.7,0,0,0,0,0,0,0,0,0,0,0,0
"39059","5","238212","78","0","2021","A","N","Guernsey County, Ohio","Private","NAICS 238212 Nonresidential electrical contractors","County, NAICS 6-digit -- by ownership sector","All establishment sizes",1,0,0,0,0,0,0,"N",0.31,0,0,0,0,0,0,"N",-1,-50.0,0,0,0,0,0,0,0,0,0,0,0,0
"39059","5","23822","77","0","2021","A","N","Guernsey County, Ohio","Private","NAICS 23822 Plumbing and hvac contractors","County, NAICS 5-digit -- by ownership sector","All establishment sizes",7,0,0,0,0,0,0,"N",0.70,0,0,0,0,0,0,"N",-1,-12.5,0,0,0,0,0,0,0,0,0,0,0,0
"39059","5","238221","78","0","2021","A","","Guernsey County, Ohio","Private","NAICS 238221 Residential plumbing and hvac contractors","County, NAICS 6-digit -- by ownership sector","All establishment sizes",5,9,327005,100862,2709,699,36334,"",0.67,0.15,0.14,0.15,0.17,0.92,0.92,"",-1,-16.7,-14,-60.9,-493641,-60.2,-205586,-67.1,377,16.2,8,1.2,393,1.1
"39059","5","238222","78","0","2021","A","N","Guernsey County, Ohio","Private","NAICS 238222 Nonresidential plumbing and hvac contractors","County, NAICS 6-digit -- by ownership sector","All establishment sizes",2,0,0,0,0,0,0,"N",0.79,0,0,0,0,0,0,"N",0,0.0,0,0,0,0,0,0,0,0,0,0,0,0
"39059","5","2383","76","0","2021","A","","Guernsey County, Ohio","Private","NAICS 2383 Building finishing contractors","County, NAICS 4-digit -- by ownership sector","All establishment sizes",7,16,418591,209454,12973,508,26437,"",0.60,0.20,0.14,0.22,0.39,0.68,0.68,"",0,0.0,0,0.0,104842,33.4,13348,6.8,1829,16.4,119,30.6,6195,30.6
"39059","5","23831","77","0","2021","A","N","Guernsey County, Ohio","Private","NAICS 23831 Drywall and insulation contractors","County, NAICS 5-digit -- by ownership sector","All establishment sizes",1,0,0,0,0,0,0,"N",0.53,0,0,0,0,0,0,"N",0,0.0,0,0,0,0,0,0,0,0,0,0,0,0
"39059","5","238311","78","0","2021","A","N","Guernsey County, Ohio","Private","NAICS 238311 Residential drywall contractors","County, NAICS 6-digit -- by ownership sector","All establishment sizes",1,0,0,0,0,0,0,"N",0.74,0,0,0,0,0,0,"N",0,0.0,0,0,0,0,0,0,0,0,0,0,0,0
"39059","5","23832","77","0","2021","A","","Guernsey County, Ohio","Private","NAICS 23832 Painting and wall covering contractors","County, NAICS 5-digit -- by ownership sector","All establishment sizes",5,9,252734,137854,11439,530,27571,"",1.40,0.46,0.37,0.59,1.36,0.79,0.79,"",0,0.0,2,28.6,126056,99.5,46079,50.2,2984,35.3,173,48.5,9033,48.7
"39059","5","238321","78","0","2021","A","N","Guernsey County, Ohio","Private","NAICS 238321 Residential painting contractors","County, NAICS 6-digit -- by ownership sector","All establishment sizes",2,0,0,0,0,0,0,"N",0.67,0,0,0,0,0,0,"N",0,0.0,0,0,0,0,0,0,0,0,0,0,0,0
"39059","5","238322","78","0","2021","A","N","Guernsey County, Ohio","Private","NAICS 238322 Nonresidential painting contractors","County, NAICS 6-digit -- by ownership sector","All establishment sizes",3,0,0,0,0,0,0,"N",5.03,0,0,0,0,0,0,"N",0,0.0,0,0,0,0,0,0,0,0,0,0,0,0
"39059","5","23835","77","0","2021","A","N","Guernsey County, Ohio","Private","NAICS 23835 Finish carpentry contractors","County, NAICS 5-digit -- by ownership sector","All establishment sizes",2,0,0,0,0,0,0,"N",0.72,0,0,0,0,0,0,"N",1,100.0,0,0,0,0,0,0,0,0,0,0,0,0
"39059","5","238351","78","0","2021","A","N","Guernsey County, Ohio","Private","NAICS 238351 Residential finish carpentry contractors","County, NAICS 6-digit -- by ownership sector","All establishment sizes",2,0,0,0,0,0,0,"N",0.82,0,0,0,0,0,0,"N",1,100.0,0,0,0,0,0,0,0,0,0,0,0,0
"39059","5","2389","76","0","2021","A","","Guernsey County, Ohio","Private","NAICS 2389 Other specialty trade contractors","County, NAICS 4-digit -- by ownership sector","All establishment sizes",18,56,2882605,744436,44947,991,51552,"",2.36,0.81,0.96,0.88,1.19,1.19,1.19,"",1,5.9,-9,-13.8,-366671,-11.3,-163324,-18.0,-5186,-10.3,22,2.3,1176,2.3
"39059","5","23891","77","0","2021","A","N","Guernsey County, Ohio","Private","NAICS 23891 Site preparation contractors","County, NAICS 5-digit -- by ownership sector","All establishment sizes",11,0,0,0,0,0,0,"N",3.22,0,0,0,0,0,0,"N",-1,-8.3,0,0,0,0,0,0,0,0,0,0,0,0
"39059","5","238911","78","0","2021","A","","Guernsey County, Ohio","Private","NAICS 238911 Residential site preparation contractors","County, NAICS 6-digit -- by ownership sector","All establishment sizes",6,21,1180696,283131,16486,1094,56901,"",3.08,1.62,2.33,1.68,2.67,1.46,1.46,"",-1,-14.3,-7,-25.0,-409219,-25.7,-134194,-32.2,-5896,-26.3,8,0.7,454,0.8
"39059","5","238912","78","0","2021","A","N","Guernsey County, Ohio","Private","NAICS 238912 Nonresidential site preparation contractors","County, NAICS 6-digit -- by ownership sector","All establishment sizes",5,0,0,0,0,0,0,"N",3.40,0,0,0,0,0,0,"N",0,0.0,0,0,0,0,0,0,0,0,0,0,0,0
"39059","5","23899","77","0","2021","A","N","Guernsey County, Ohio","Private","NAICS 23899 All other specialty trade contractors","County, NAICS 5-digit -- by ownership sector","All establishment sizes",7,0,0,0,0,0,0,"N",1.66,0,0,0,0,0,0,"N",2,40.0,0,0,0,0,0,0,0,0,0,0,0,0
"39059","5","238991","78","0","2021","A","N","Guernsey County, Ohio","Private","NAICS 238991 All other residential trade contractors","County, NAICS 6-digit -- by ownership sector","All establishment sizes",5,0,0,0,0,0,0,"N",1.79,0,0,0,0,0,0,"N",2,66.7,0,0,0,0,0,0,0,0,0,0,0,0
"39059","5","238992","78","0","2021","A","N","Guernsey County, Ohio","Private","NAICS 238992 All other nonresidential trade contractors","County, NAICS 6-digit -- by ownership sector","All establishment sizes",2,0,0,0,0,0,0,"N",1.41,0,0,0,0,0,0,"N",0,0.0,0,0,0,0,0,0,0,0,0,0,0,0
"39059","5","31-33","74","0","2021","A","","Guernsey County, Ohio","Private","NAICS 31-33 Manufacturing","County, NAICS Sector -- by ownership sector","All establishment sizes",46,2589,158322065,27788135,470815,1176,61164,"",1.43,2.16,2.51,2.15,1.61,1.16,1.16,"",-3,-6.1,-62,-2.3,6255267,4.1,418065,1.5,112341,31.3,73,6.6,3795,6.6
"39059","5","311","75","0","2021","A","N","Guernsey County, Ohio","Private","NAICS 311 Food manufacturing","County, NAICS 3-digit -- by ownership sector","All establishment sizes",3,0,0,0,0,0,0,"N",0.93,0,0,0,0,0,0,"N",-1,-25.0,0,0,0,0,0,0,0,0,0,0,0,0
"39059","5","3111","76","0","2021","A","N","Guernsey County, Ohio","Private","NAICS 3111 Animal food manufacturing","County, NAICS 4-digit -- by ownership sector","All establishment sizes",1,0,0,0,0,0,0,"N",4.53,0,0,0,0,0,0,"N",0,0.0,0,0,0,0,0,0,0,0,0,0,0,0
"39059","5","31111","77","0","2021","A","N","Guernsey County, Ohio","Private","NAICS 31111 Animal food manufacturing","County, NAICS 5-digit -- by ownership sector","All establishment sizes",1,0,0,0,0,0,0,"N",4.53,0,0,0,0,0,0,"N",0,0.0,0,0,0,0,0,0,0,0,0,0,0,0
"39059","5","311119","78","0","2021","A","N","Guernsey County, Ohio","Private","NAICS 311119 Other animal food manufacturing","County, NAICS 6-digit -- by ownership sector","All establishment sizes",1,0,0,0,0,0,0,"N",6.35,0,0,0,0,0,0,"N",0,0.0,0,0,0,0,0,0,0,0,0,0,0,0
"39059","5","3113","76","0","2021","A","N","Guernsey County, Ohio","Private","NAICS 3113 Sugar and confectionery product manufacturing","County, NAICS 4-digit -- by ownership sector","All establishment sizes",1,0,0,0,0,0,0,"N",5.19,0,0,0,0,0,0,"N",0,0.0,0,0,0,0,0,0,0,0,0,0,0,0
"39059","5","31134","77","0","2021","A","N","Guernsey County, Ohio","Private","NAICS 31134 Nonchocolate confectionery manufacturing","County, NAICS 5-digit -- by ownership sector","All establishment sizes",1,0,0,0,0,0,0,"N",18.18,0,0,0,0,0,0,"N",0,0.0,0,0,0,0,0,0,0,0,0,0,0,0
"39059","5","311340","78","0","2021","A","N","Guernsey County, Ohio","Private","NAICS 311340 Nonchocolate confectionery manufacturing","County, NAICS 6-digit -- by ownership sector","All establishment sizes",1,0,0,0,0,0,0,"N",18.18,0,0,0,0,0,0,"N",0,0.0,0,0,0,0,0,0,0,0,0,0,0,0
"39059","5","3114","76","0","2021","A","N","Guernsey County, Ohio","Private","NAICS 3114 Fruit and vegetable preserving and specialty","County, NAICS 4-digit -- by ownership sector","All establishment sizes",1,0,0,0,0,0,0,"N",4.51,0,0,0,0,0,0,"N",0,0.0,0,0,0,0,0,0,0,0,0,0,0,0
"39059","5","31142","77","0","2021","A","N","Guernsey County, Ohio","Private","NAICS 31142 Fruit and vegetable canning and drying","County, NAICS 5-digit -- by ownership sector","All establishment sizes",1,0,0,0,0,0,0,"N",7.43,0,0,0,0,0,0,"N",0,0.0,0,0,0,0,0,0,0,0,0,0,0,0
"39059","5","311421","78","0","2021","A","N","Guernsey County, Ohio","Private","NAICS 311421 Fruit and vegetable canning","County, NAICS 6-digit -- by ownership sector","All establishment sizes",1,0,0,0,0,0,0,"N",10.25,0,0,0,0,0,0,"N",0,0.0,0,0,0,0,0,0,0,0,0,0,0,0
"39059","5","312","75","0","2021","A","N","Guernsey County, Ohio","Private","NAICS 312 Beverage and tobacco product manufacturing","County, NAICS 3-digit -- by ownership sector","All establishment sizes",1,0,0,0,0,0,0,"N",0.77,0,0,0,0,0,0,"N",0,0.0,0,0,0,0,0,0,0,0,0,0,0,0
"39059","5","3121","76","0","2021","A","N","Guernsey County, Ohio","Private","NAICS 3121 Beverage manufacturing","County, NAICS 4-digit -- by ownership sector","All establishment sizes",1,0,0,0,0,0,0,"N",0.79,0,0,0,0,0,0,"N",0,0.0,0,0,0,0,0,0,0,0,0,0,0,0
"39059","5","31213","77","0","2021","A","N","Guernsey County, Ohio","Private","NAICS 31213 Wineries","County, NAICS 5-digit -- by ownership sector","All establishment sizes",1,0,0,0,0,0,0,"N",2.17,0,0,0,0,0,0,"N",0,0.0,0,0,0,0,0,0,0,0,0,0,0,0
"39059","5","312130","78","0","2021","A","N","Guernsey County, Ohio","Private","NAICS 312130 Wineries","County, NAICS 6-digit -- by ownership sector","All establishment sizes",1,0,0,0,0,0,0,"N",2.17,0,0,0,0,0,0,"N",0,0.0,0,0,0,0,0,0,0,0,0,0,0,0
"39059","5","321","75","0","2021","A","N","Guernsey County, Ohio","Private","NAICS 321 Wood product manufacturing","County, NAICS 3-digit -- by ownership sector","All establishment sizes",4,0,0,0,0,0,0,"N",3.01,0,0,0,0,0,0,"N",1,33.3,0,0,0,0,0,0,0,0,0,0,0,0
"39059","5","3211","76","0","2021","A","N","Guernsey County, Ohio","Private","NAICS 3211 Sawmills and wood preservation","County, NAICS 4-digit -- by ownership sector","All establishment sizes",2,0,0,0,0,0,0,"N",6.50,0,0,0,0,0,0,"N",0,0.0,0,0,0,0,0,0,0,0,0,0,0,0
"39059","5","32111","77","0","2021","A","N","Guernsey County, Ohio","Private","NAICS 32111 Sawmills and wood preservation","County, NAICS 5-digit -- by ownership sector","All establishment sizes",2,0,0,0,0,0,0,"N",6.50,0,0,0,0,0,0,"N",0,0.0,0,0,0,0,0,0,0,0,0,0,0,0
"39059","5","321113","78","0","2021","A","N","Guernsey County, Ohio","Private","NAICS 321113 Sawmills","County, NAICS 6-digit -- by ownership sector","All establishment sizes",2,0,0,0,0,0,0,"N",7.40,0,0,0,0,0,0,"N",0,0.0,0,0,0,0,0,0,0,0,0,0,0,0
"39059","5","3219","76","0","2021","A","N","Guernsey County, Ohio","Private","NAICS 3219 Other wood product manufacturing","County, NAICS 4-digit -- by ownership sector","All establishment sizes",2,0,0,0,0,0,0,"N",2.28,0,0,0,0,0,0,"N",1,100.0,0,0,0,0,0,0,0,0,0,0,0,0
"39059","5","32199","77","0","2021","A","N","Guernsey County, Ohio","Private","NAICS 32199 All other wood product manufacturing","County, NAICS 5-digit -- by ownership sector","All establishment sizes",2,0,0,0,0,0,0,"N",6.47,0,0,0,0,0,0,"N",1,100.0,0,0,0,0,0,0,0,0,0,0,0,0
"39059","5","321992","78","0","2021","A","N","Guernsey County, Ohio","Private","NAICS 321992 Prefabricated wood building manufacturing","County, NAICS 6-digit -- by ownership sector","All establishment sizes",1,0,0,0,0,0,0,"N",13.78,0,0,0,0,0,0,"N",0,0.0,0,0,0,0,0,0,0,0,0,0,0,0
"39059","5","321999","78","0","2021","A","N","Guernsey County, Ohio","Private","NAICS 321999 Miscellaneous wood product manufacturing","County, NAICS 6-digit -- by ownership sector","All establishment sizes",1,0,0,0,0,0,0,"N",4.83,0,0,0,0,0,0,"N",1,100.0,0,0,0,0,0,0,0,0,0,0,0,0
"39059","5","322","75","0","2021","A","N","Guernsey County, Ohio","Private","NAICS 322 Paper manufacturing","County, NAICS 3-digit -- by ownership sector","All establishment sizes",2,0,0,0,0,0,0,"N",4.28,0,0,0,0,0,0,"N",0,0.0,0,0,0,0,0,0,0,0,0,0,0,0
"39059","5","3222","76","0","2021","A","N","Guernsey County, Ohio","Private","NAICS 3222 Converted paper product manufacturing","County, NAICS 4-digit -- by ownership sector","All establishment sizes",2,0,0,0,0,0,0,"N",5.04,0,0,0,0,0,0,"N",0,0.0,0,0,0,0,0,0,0,0,0,0,0,0
"39059","5","32221","77","0","2021","A","N","Guernsey County, Ohio","Private","NAICS 32221 Paperboard container manufacturing","County, NAICS 5-digit -- by ownership sector","All establishment sizes",2,0,0,0,0,0,0,"N",9.80,0,0,0,0,0,0,"N",0,0.0,0,0,0,0,0,0,0,0,0,0,0,0
"39059","5","322211","78","0","2021","A","N","Guernsey County, Ohio","Private","NAICS 322211 Corrugated and solid fiber box manufacturing","County, NAICS 6-digit -- by ownership sector","All establishment sizes",2,0,0,0,0,0,0,"N",14.59,0,0,0,0,0,0,"N",0,0.0,0,0,0,0,0,0,0,0,0,0,0,0
"39059","5","323","75","0","2021","A","N","Guernsey County, Ohio","Private","NAICS 323 Printing and related support activities","County, NAICS 3-digit -- by ownership sector","All establishment sizes",3,0,0,0,0,0,0,"N",1.23,0,0,0,0,0,0,"N",0,0.0,0,0,0,0,0,0,0,0,0,0,0,0
"39059","5","3231","76","0","2021","A","N","Guernsey County, Ohio","Private","NAICS 3231 Printing and related support activities","County, NAICS 4-digit -- by ownership sector","All establishment sizes",3,0,0,0,0,0,0,"N",1.23,0,0,0,0,0,0,"N",0,0.0,0,0,0,0,0,0,0,0,0,0,0,0
"39059","5","32311","77","0","2021","A","N","Guernsey County, Ohio","Private","NAICS 32311 Printing","County, NAICS 5-digit -- by ownership sector","All establishment sizes",3,0,0,0,0,0,0,"N",1.29,0,0,0,0,0,0,"N",0,0.0,0,0,0,0,0,0,0,0,0,0,0,0
"39059","5","323111","78","0","2021","A","N","Guernsey County, Ohio","Private","NAICS 323111 Commercial printing, except screen and books","County, NAICS 6-digit -- by ownership sector","All establishment sizes",2,0,0,0,0,0,0,"N",1.22,0,0,0,0,0,0,"N",0,0.0,0,0,0,0,0,0,0,0,0,0,0,0
"39059","5","323113","78","0","2021","A","N","Guernsey County, Ohio","Private","NAICS 323113 Commercial screen printing","County, NAICS 6-digit -- by ownership sector","All establishment sizes",1,0,0,0,0,0,0,"N",1.56,0,0,0,0,0,0,"N",0,0.0,0,0,0,0,0,0,0,0,0,0,0,0
"39059","5","325","75","0","2021","A","","Guernsey County, Ohio","Private","NAICS 325 Chemical manufacturing","County, NAICS 3-digit -- by ownership sector","All establishment sizes",6,502,38241706,5236043,54482,1465,76204,"",3.18,5.94,6.23,5.88,2.97,1.05,1.05,"",0,0.0,15,3.1,511404,1.4,146996,2.9,22827,72.1,-24,-1.6,-1231,-1.6
"39059","5","3251","76","0","2021","A","N","Guernsey County, Ohio","Private","NAICS 3251 Basic chemical manufacturing","County, NAICS 4-digit -- by ownership sector","All establishment sizes",1,0,0,0,0,0,0,"N",3.27,0,0,0,0,0,0,"N",0,0.0,0,0,0,0,0,0,0,0,0,0,0,0
"39059","5","32519","77","0","2021","A","N","Guernsey County, Ohio","Private","NAICS 32519 Other basic organic chemical manufacturing","County, NAICS 5-digit -- by ownership sector","All establishment sizes",1,0,0,0,0,0,0,"N",8.66,0,0,0,0,0,0,"N",0,0.0,0,0,0,0,0,0,0,0,0,0,0,0
"39059","5","325199","78","0","2021","A","N","Guernsey County, Ohio","Private","NAICS 325199 All other basic organic chemical mfg.","County, NAICS 6-digit -- by ownership sector","All establishment sizes",1,0,0,0,0,0,0,"N",11.43,0,0,0,0,0,0,"N",0,0.0,0,0,0,0,0,0,0,0,0,0,0,0
"39059","5","3252","76","0","2021","A","N","Guernsey County, Ohio","Private","NAICS 3252 Resin, rubber, and artificial fibers mfg.","County, NAICS 4-digit -- by ownership sector","All establishment sizes",2,0,0,0,0,0,0,"N",12.85,0,0,0,0,0,0,"N",0,0.0,0,0,0,0,0,0,0,0,0,0,0,0
"39059","5","32521","77","0","2021","A","N","Guernsey County, Ohio","Private","NAICS 32521 Resin and synthetic rubber manufacturing","County, NAICS 5-digit -- by ownership sector","All establishment sizes",2,0,0,0,0,0,0,"N",14.68,0,0,0,0,0,0,"N",0,0.0,0,0,0,0,0,0,0,0,0,0,0,0
"39059","5","325211","78","0","2021","A","N","Guernsey County, Ohio","Private","NAICS 325211 Plastics material and resin manufacturing","County, NAICS 6-digit -- by ownership sector","All establishment sizes",2,0,0,0,0,0,0,"N",16.94,0,0,0,0,0,0,"N",0,0.0,0,0,0,0,0,0,0,0,0,0,0,0
"39059","5","3253","76","0","2021","A","N","Guernsey County, Ohio","Private","NAICS 3253 Agricultural chemical manufacturing","County, NAICS 4-digit -- by ownership sector","All establishment sizes",1,0,0,0,0,0,0,"N",7.98,0,0,0,0,0,0,"N",0,0.0,0,0,0,0,0,0,0,0,0,0,0,0
"39059","5","32531","77","0","2021","A","N","Guernsey County, Ohio","Private","NAICS 32531 Fertilizer manufacturing","County, NAICS 5-digit -- by ownership sector","All establishment sizes",1,0,0,0,0,0,0,"N",11.31,0,0,0,0,0,0,"N",0,0.0,0,0,0,0,0,0,0,0,0,0,0,0
"39059","5","325311","78","0","2021","A","N","Guernsey County, Ohio","Private","NAICS 325311 Nitrogenous fertilizer manufacturing","County, NAICS 6-digit -- by ownership sector","All establishment sizes",1,0,0,0,0,0,0,"N",34.86,0,0,0,0,0,0,"N",0,0.0,0,0,0,0,0,0,0,0,0,0,0,0
"39059","5","3256","76","0","2021","A","N","Guernsey County, Ohio","Private","NAICS 3256 Soap, cleaning compound, and toiletry mfg.","County, NAICS 4-digit -- by ownership sector","All establishment sizes",1,0,0,0,0,0,0,"N",3.24,0,0,0,0,0,0,"N",0,0.0,0,0,0,0,0,0,0,0,0,0,0,0
"39059","5","32561","77","0","2021","A","N","Guernsey County, Ohio","Private","NAICS 32561 Soap and cleaning compound manufacturing","County, NAICS 5-digit -- by ownership sector","All establishment sizes",1,0,0,0,0,0,0,"N",5.92,0,0,0,0,0,0,"N",0,0.0,0,0,0,0,0,0,0,0,0,0,0,0
"39059","5","325611","78","0","2021","A","N","Guernsey County, Ohio","Private","NAICS 325611 Soap and other detergent manufacturing","County, NAICS 6-digit -- by ownership sector","All establishment sizes",1,0,0,0,0,0,0,"N",11.60,0,0,0,0,0,0,"N",0,0.0,0,0,0,0,0,0,0,0,0,0,0,0
"39059","5","3259","76","0","2021","A","N","Guernsey County, Ohio","Private","NAICS 3259 Other chemical product and preparation mfg.","County, NAICS 4-digit -- by ownership sector","All establishment sizes",1,0,0,0,0,0,0,"N",3.71,0,0,0,0,0,0,"N",0,0.0,0,0,0,0,0,0,0,0,0,0,0,0
"39059","5","32599","77","0","2021","A","N","Guernsey County, Ohio","Private","NAICS 32599 All other chemical preparation manufacturing","County, NAICS 5-digit -- by ownership sector","All establishment sizes",1,0,0,0,0,0,0,"N",4.51,0,0,0,0,0,0,"N",0,0.0,0,0,0,0,0,0,0,0,0,0,0,0
"39059","5","325998","78","0","2021","A","N","Guernsey County, Ohio","Private","NAICS 325998 Other miscellaneous chemical product mfg.","County, NAICS 6-digit -- by ownership sector","All establishment sizes",1,0,0,0,0,0,0,"N",6.13,0,0,0,0,0,0,"N",0,0.0,0,0,0,0,0,0,0,0,0,0,0,0
"39059","5","326","75","0","2021","A","","Guernsey County, Ohio","Private","NAICS 326 Plastics and rubber products manufacturing","County, NAICS 3-digit -- by ownership sector","All establishment sizes",4,454,23097116,4949754,100398,978,50856,"",3.37,6.46,7.80,6.64,6.46,1.21,1.21,"",-2,-33.3,-34,-7.0,-2134068,-8.5,-390123,-7.3,11567,13.0,-17,-1.7,-865,-1.7
"39059","5","3261","76","0","2021","A","N","Guernsey County, Ohio","Private","NAICS 3261 Plastics product manufacturing","County, NAICS 4-digit -- by ownership sector","All establishment sizes",3,0,0,0,0,0,0,"N",2.99,0,0,0,0,0,0,"N",-1,-25.0,0,0,0,0,0,0,0,0,0,0,0,0
"39059","5","32611","77","0","2021","A","N","Guernsey County, Ohio","Private","NAICS 32611 Plastics packaging materials, film and sheet","County, NAICS 5-digit -- by ownership sector","All establishment sizes",1,0,0,0,0,0,0,"N",7.44,0,0,0,0,0,0,"N",0,0.0,0,0,0,0,0,0,0,0,0,0,0,0
"39059","5","326112","78","0","2021","A","N","Guernsey County, Ohio","Private","NAICS 326112 Plastics packaging film and sheet mfg.","County, NAICS 6-digit -- by ownership sector","All establishment sizes",1,0,0,0,0,0,0,"N",23.60,0,0,0,0,0,0,"N",0,0.0,0,0,0,0,0,0,0,0,0,0,0,0
"39059","5","32619","77","0","2021","A","N","Guernsey County, Ohio","Private","NAICS 32619 Other plastics product manufacturing","County, NAICS 5-digit -- by ownership sector","All establishment sizes",2,0,0,0,0,0,0,"N",3.56,0,0,0,0,0,0,"N",0,0.0,0,0,0,0,0,0,0,0,0,0,0,0
"39059","5","326199","78","0","2021","A","N","Guernsey County, Ohio","Private","NAICS 326199 All other plastics product manufacturing","County, NAICS 6-digit -- by ownership sector","All establishment sizes",2,0,0,0,0,0,0,"N",3.76,0,0,0,0,0,0,"N",0,0.0,0,0,0,0,0,0,0,0,0,0,0,0
"39059","5","3262","76","0","2021","A","N","Guernsey County, Ohio","Private","NAICS 3262 Rubber product manufacturing","County, NAICS 4-digit -- by ownership sector","All establishment sizes",1,0,0,0,0,0,0,"N",5.48,0,0,0,0,0,0,"N",-1,-50.0,0,0,0,0,0,0,0,0,0,0,0,0
"39059","5","32629","77","0","2021","A","N","Guernsey County, Ohio","Private","NAICS 32629 Other rubber product manufacturing","County, NAICS 5-digit -- by ownership sector","All establishment sizes",1,0,0,0,0,0,0,"N",9.82,0,0,0,0,0,0,"N",0,0.0,0,0,0,0,0,0,0,0,0,0,0,0
"39059","5","326299","78","0","2021","A","N","Guernsey County, Ohio","Private","NAICS 326299 All other rubber product manufacturing","County, NAICS 6-digit -- by ownership sector","All establishment sizes",1,0,0,0,0,0,0,"N",16.91,0,0,0,0,0,0,"N",0,0.0,0,0,0,0,0,0,0,0,0,0,0,0
"39059","5","327","75","0","2021","A","","Guernsey County, Ohio","Private","NAICS 327 Nonmetallic mineral product manufacturing","County, NAICS 3-digit -- by ownership sector","All establishment sizes",3,61,3704737,652357,17120,1160,60321,"",2.03,1.56,2.07,1.50,1.32,1.32,1.32,"",0,0.0,8,15.1,1485085,66.9,96482,17.4,8216,92.3,355,44.1,18441,44.0
"39059","5","3271","76","0","2021","A","N","Guernsey County, Ohio","Private","NAICS 3271 Clay product and refractory manufacturing","County, NAICS 4-digit -- by ownership sector","All establishment sizes",1,0,0,0,0,0,0,"N",8.09,0,0,0,0,0,0,"N",0,0.0,0,0,0,0,0,0,0,0,0,0,0,0
"39059","5","32712","77","0","2021","A","N","Guernsey County, Ohio","Private","NAICS 32712 Clay building material and refractories mfg.","County, NAICS 5-digit -- by ownership sector","All establishment sizes",1,0,0,0,0,0,0,"N",17.62,0,0,0,0,0,0,"N",0,0.0,0,0,0,0,0,0,0,0,0,0,0,0
"39059","5","327120","78","0","2021","A","N","Guernsey County, Ohio","Private","NAICS 327120 Clay building material and refractories mfg","County, NAICS 6-digit -- by ownership sector","All establishment sizes",1,0,0,0,0,0,0,"N",17.62,0,0,0,0,0,0,"N",0,0.0,0,0,0,0,0,0,0,0,0,0,0,0
"39059","5","3272","76","0","2021","A","N","Guernsey County, Ohio","Private","NAICS 3272 Glass and glass product manufacturing","County, NAICS 4-digit -- by ownership sector","All establishment sizes",2,0,0,0,0,0,0,"N",11.99,0,0,0,0,0,0,"N",0,0.0,0,0,0,0,0,0,0,0,0,0,0,0
"39059","5","32721","77","0","2021","A","N","Guernsey County, Ohio","Private","NAICS 32721 Glass and glass product manufacturing","County, NAICS 5-digit -- by ownership sector","All establishment sizes",2,0,0,0,0,0,0,"N",11.99,0,0,0,0,0,0,"N",0,0.0,0,0,0,0,0,0,0,0,0,0,0,0
"39059","5","327212","78","0","2021","A","N","Guernsey County, Ohio","Private","NAICS 327212 Other pressed and blown glass and glassware","County, NAICS 6-digit -- by ownership sector","All establishment sizes",2,0,0,0,0,0,0,"N",54.41,0,0,0,0,0,0,"N",0,0.0,0,0,0,0,0,0,0,0,0,0,0,0
"39059","5","331","75","0","2021","A","N","Guernsey County, Ohio","Private","NAICS 331 Primary metal manufacturing","County, NAICS 3-digit -- by ownership sector","All establishment sizes",2,0,0,0,0,0,0,"N",4.04,0,0,0,0,0,0,"N",0,0.0,0,0,0,0,0,0,0,0,0,0,0,0
"39059","5","3311","76","0","2021","A","N","Guernsey County, Ohio","Private","NAICS 3311 Iron and steel mills and ferroalloy mfg.","County, NAICS 4-digit -- by ownership sector","All establishment sizes",1,0,0,0,0,0,0,"N",12.28,0,0,0,0,0,0,"N",0,0.0,0,0,0,0,0,0,0,0,0,0,0,0
"39059","5","33111","77","0","2021","A","N","Guernsey County, Ohio","Private","NAICS 33111 Iron and steel mills and ferroalloy mfg.","County, NAICS 5-digit -- by ownership sector","All establishment sizes",1,0,0,0,0,0,0,"N",12.28,0,0,0,0,0,0,"N",0,0.0,0,0,0,0,0,0,0,0,0,0,0,0
"39059","5","331110","78","0","2021","A","N","Guernsey County, Ohio","Private","NAICS 331110 Iron and steel mills and ferroalloy mfg.","County, NAICS 6-digit -- by ownership sector","All establishment sizes",1,0,0,0,0,0,0,"N",12.28,0,0,0,0,0,0,"N",0,0.0,0,0,0,0,0,0,0,0,0,0,0,0
"39059","5","3312","76","0","2021","A","N","Guernsey County, Ohio","Private","NAICS 3312 Steel product mfg. from purchased steel","County, NAICS 4-digit -- by ownership sector","All establishment sizes",1,0,0,0,0,0,0,"N",9.28,0,0,0,0,0,0,"N",0,0.0,0,0,0,0,0,0,0,0,0,0,0,0
"39059","5","33122","77","0","2021","A","N","Guernsey County, Ohio","Private","NAICS 33122 Rolling and drawing of purchased steel","County, NAICS 5-digit -- by ownership sector","All establishment sizes",1,0,0,0,0,0,0,"N",16.08,0,0,0,0,0,0,"N",0,0.0,0,0,0,0,0,0,0,0,0,0,0,0
"39059","5","331221","78","0","2021","A","N","Guernsey County, Ohio","Private","NAICS 331221 Rolled steel shape manufacturing","County, NAICS 6-digit -- by ownership sector","All establishment sizes",1,0,0,0,0,0,0,"N",25.22,0,0,0,0,0,0,"N",0,0.0,0,0,0,0,0,0,0,0,0,0,0,0
"39059","5","332","75","0","2021","A","","Guernsey County, Ohio","Private","NAICS 332 Fabricated metal product manufacturing","County, NAICS 3-digit -- by ownership sector","All establishment sizes",10,336,23033374,3865586,113964,1320,68620,"",1.93,2.50,3.91,2.74,3.42,1.57,1.57,"",-2,-16.7,1,0.3,1381545,6.4,225876,6.2,35750,45.7,78,6.3,4020,6.2
"39059","5","3322","76","0","2021","A","N","Guernsey County, Ohio","Private","NAICS 3322 Cutlery and handtool manufacturing","County, NAICS 4-digit -- by ownership sector","All establishment sizes",1,0,0,0,0,0,0,"N",8.50,0,0,0,0,0,0,"N",0,0.0,0,0,0,0,0,0,0,0,0,0,0,0
"39059","5","33221","77","0","2021","A","N","Guernsey County, Ohio","Private","NAICS 33221 Cutlery and handtool manufacturing","County, NAICS 5-digit -- by ownership sector","All establishment sizes",1,0,0,0,0,0,0,"N",8.50,0,0,0,0,0,0,"N",0,0.0,0,0,0,0,0,0,0,0,0,0,0,0
"39059","5","332215","78","0","2021","A","N","Guernsey County, Ohio","Private","NAICS 332215 Metal cookware, cutlery and flatware mfg","County, NAICS 6-digit -- by ownership sector","All establishment sizes",1,0,0,0,0,0,0,"N",39.04,0,0,0,0,0,0,"N",0,0.0,0,0,0,0,0,0,0,0,0,0,0,0
"39059","5","3323","76","0","2021","A","","Guernsey County, Ohio","Private","NAICS 3323 Architectural and structural metals mfg.","County, NAICS 4-digit -- by ownership sector","All establishment sizes",4,188,10390548,2248767,78400,1066,55416,"",2.90,5.01,6.56,5.56,8.08,1.31,1.31,"",-2,-33.3,7,3.9,859998,9.0,360229,19.1,28865,58.3,52,5.1,2688,5.1
"39059","5","33231","77","0","2021","A","N","Guernsey County, Ohio","Private","NAICS 33231 Plate work and fabricated structural products","County, NAICS 5-digit -- by ownership sector","All establishment sizes",3,0,0,0,0,0,0,"N",5.08,0,0,0,0,0,0,"N",-2,-40.0,0,0,0,0,0,0,0,0,0,0,0,0
"39059","5","332312","78","0","2021","A","N","Guernsey County, Ohio","Private","NAICS 332312 Fabricated structural metal manufacturing","County, NAICS 6-digit -- by ownership sector","All establishment sizes",2,0,0,0,0,0,0,"N",6.35,0,0,0,0,0,0,"N",-2,-50.0,0,0,0,0,0,0,0,0,0,0,0,0
"39059","5","332313","78","0","2021","A","N","Guernsey County, Ohio","Private","NAICS 332313 Plate work manufacturing","County, NAICS 6-digit -- by ownership sector","All establishment sizes",1,0,0,0,0,0,0,"N",5.90,0,0,0,0,0,0,"N",0,0.0,0,0,0,0,0,0,0,0,0,0,0,0
"39059","5","33232","77","0","2021","A","N","Guernsey County, Ohio","Private","NAICS 33232 Ornamental and architectural metal products","County, NAICS 5-digit -- by ownership sector","All establishment sizes",1,0,0,0,0,0,0,"N",1.27,0,0,0,0,0,0,"N",0,0.0,0,0,0,0,0,0,0,0,0,0,0,0
"39059","5","332322","78","0","2021","A","N","Guernsey County, Ohio","Private","NAICS 332322 Sheet metal work manufacturing","County, NAICS 6-digit -- by ownership sector","All establishment sizes",1,0,0,0,0,0,0,"N",2.55,0,0,0,0,0,0,"N",0,0.0,0,0,0,0,0,0,0,0,0,0,0,0
"39059","5","3324","76","0","2021","A","N","Guernsey County, Ohio","Private","NAICS 3324 Boiler, tank, and shipping container mfg.","County, NAICS 4-digit -- by ownership sector","All establishment sizes",1,0,0,0,0,0,0,"N",5.63,0,0,0,0,0,0,"N",0,0.0,0,0,0,0,0,0,0,0,0,0,0,0
"39059","5","33243","77","0","2021","A","N","Guernsey County, Ohio","Private","NAICS 33243 Metal can, box, and other container mfg.","County, NAICS 5-digit -- by ownership sector","All establishment sizes",1,0,0,0,0,0,0,"N",17.14,0,0,0,0,0,0,"N",0,0.0,0,0,0,0,0,0,0,0,0,0,0,0
"39059","5","332439","78","0","2021","A","N","Guernsey County, Ohio","Private","NAICS 332439 Other metal container manufacturing","County, NAICS 6-digit -- by ownership sector","All establishment sizes",1,0,0,0,0,0,0,"N",25.97,0,0,0,0,0,0,"N",0,0.0,0,0,0,0,0,0,0,0,0,0,0,0
"39059","5","3327","76","0","2021","A","","Guernsey County, Ohio","Private","NAICS 3327 Machine shops and threaded product mfg.","County, NAICS 4-digit -- by ownership sector","All establishment sizes",3,7,270931,74232,2267,782,40640,"",1.60,0.22,0.20,0.23,0.29,0.97,0.97,"",0,0.0,-1,-12.5,-53732,-16.6,-6936,-8.5,-921,-28.9,-7,-0.9,-370,-0.9
"39059","5","33271","77","0","2021","A","","Guernsey County, Ohio","Private","NAICS 33271 Machine shops","County, NAICS 5-digit -- by ownership sector","All establishment sizes",3,7,270931,74232,2267,782,40640,"",1.77,0.28,0.26,0.28,0.37,0.99,0.99,"",0,0.0,-1,-12.5,-53732,-16.6,-6936,-8.5,-921,-28.9,-7,-0.9,-370,-0.9
"39059","5","332710","78","0","2021","A","","Guernsey County, Ohio","Private","NAICS 332710 Machine shops","County, NAICS 6-digit -- by ownership sector","All establishment sizes",3,7,270931,74232,2267,782,40640,"",1.77,0.28,0.26,0.28,0.37,0.99,0.99,"",0,0.0,-1,-12.5,-53732,-16.6,-6936,-8.5,-921,-28.9,-7,-0.9,-370,-0.9
"39059","5","3329","76","0","2021","A","N","Guernsey County, Ohio","Private","NAICS 3329 Other fabricated metal product manufacturing","County, NAICS 4-digit -- by ownership sector","All establishment sizes",1,0,0,0,0,0,0,"N",1.44,0,0,0,0,0,0,"N",0,0.0,0,0,0,0,0,0,0,0,0,0,0,0
"39059","5","33299","77","0","2021","A","N","Guernsey County, Ohio","Private","NAICS 33299 All other fabricated metal product mfg.","County, NAICS 5-digit -- by ownership sector","All establishment sizes",1,0,0,0,0,0,0,"N",1.86,0,0,0,0,0,0,"N",0,0.0,0,0,0,0,0,0,0,0,0,0,0,0
"39059","5","332996","78","0","2021","A","N","Guernsey County, Ohio","Private","NAICS 332996 Fabricated pipe and pipe fitting mfg.","County, NAICS 6-digit -- by ownership sector","All establishment sizes",1,0,0,0,0,0,0,"N",11.89,0,0,0,0,0,0,"N",0,0.0,0,0,0,0,0,0,0,0,0,0,0,0
"39059","5","333","75","0","2021","A","N","Guernsey County, Ohio","Private","NAICS 333 Machinery manufacturing","County, NAICS 3-digit -- by ownership sector","All establishment sizes",3,0,0,0,0,0,0,"N",1.08,0,0,0,0,0,0,"N",0,0.0,0,0,0,0,0,0,0,0,0,0,0,0
"39059","5","3331","76","0","2021","A","N","Guernsey County, Ohio","Private","NAICS 3331 Ag., construction, and mining machinery mfg.","County, NAICS 4-digit -- by ownership sector","All establishment sizes",1,0,0,0,0,0,0,"N",2.58,0,0,0,0,0,0,"N",0,0.0,0,0,0,0,0,0,0,0,0,0,0,0
"39059","5","33311","77","0","2021","A","N","Guernsey County, Ohio","Private","NAICS 33311 Agricultural implement manufacturing","County, NAICS 5-digit -- by ownership sector","All establishment sizes",1,0,0,0,0,0,0,"N",6.45,0,0,0,0,0,0,"N",0,0.0,0,0,0,0,0,0,0,0,0,0,0,0
"39059","5","333111","78","0","2021","A","N","Guernsey County, Ohio","Private","NAICS 333111 Farm machinery and equipment manufacturing","County, NAICS 6-digit -- by ownership sector","All establishment sizes",1,0,0,0,0,0,0,"N",7.56,0,0,0,0,0,0,"N",0,0.0,0,0,0,0,0,0,0,0,0,0,0,0
"39059","5","3336","76","0","2021","A","N","Guernsey County, Ohio","Private","NAICS 3336 Turbine and power transmission equipment mfg.","County, NAICS 4-digit -- by ownership sector","All establishment sizes",2,0,0,0,0,0,0,"N",17.30,0,0,0,0,0,0,"N",0,0.0,0,0,0,0,0,0,0,0,0,0,0,0
"39059","5","33361","77","0","2021","A","N","Guernsey County, Ohio","Private","NAICS 33361 Turbine and power transmission equipment mfg.","County, NAICS 5-digit -- by ownership sector","All establishment sizes",2,0,0,0,0,0,0,"N",17.30,0,0,0,0,0,0,"N",0,0.0,0,0,0,0,0,0,0,0,0,0,0,0
"39059","5","333618","78","0","2021","A","N","Guernsey County, Ohio","Private","NAICS 333618 Other engine equipment manufacturing","County, NAICS 6-digit -- by ownership sector","All establishment sizes",2,0,0,0,0,0,0,"N",64.95,0,0,0,0,0,0,"N",0,0.0,0,0,0,0,0,0,0,0,0,0,0,0
"39059","5","334","75","0","2021","A","N","Guernsey County, Ohio","Private","NAICS 334 Computer and electronic product manufacturing","County, NAICS 3-digit -- by ownership sector","All establishment sizes",1,0,0,0,0,0,0,"N",0.51,0,0,0,0,0,0,"N",0,0.0,0,0,0,0,0,0,0,0,0,0,0,0
"39059","5","3341","76","0","2021","A","N","Guernsey County, Ohio","Private","NAICS 3341 Computer and peripheral equipment mfg.","County, NAICS 4-digit -- by ownership sector","All establishment sizes",1,0,0,0,0,0,0,"N",5.85,0,0,0,0,0,0,"N",0,0.0,0,0,0,0,0,0,0,0,0,0,0,0
"39059","5","33411","77","0","2021","A","N","Guernsey County, Ohio","Private","NAICS 33411 Computer and peripheral equipment mfg.","County, NAICS 5-digit -- by ownership sector","All establishment sizes",1,0,0,0,0,0,0,"N",5.85,0,0,0,0,0,0,"N",0,0.0,0,0,0,0,0,0,0,0,0,0,0,0
"39059","5","334118","78","0","2021","A","N","Guernsey County, Ohio","Private","NAICS 334118 Other computer peripheral equipment mfg","County, NAICS 6-digit -- by ownership sector","All establishment sizes",1,0,0,0,0,0,0,"N",13.12,0,0,0,0,0,0,"N",0,0.0,0,0,0,0,0,0,0,0,0,0,0,0
"39059","5","335","75","0","2021","A","N","Guernsey County, Ohio","Private","NAICS 335 Electrical equipment and appliance mfg.","County, NAICS 3-digit -- by ownership sector","All establishment sizes",1,0,0,0,0,0,0,"N",1.30,0,0,0,0,0,0,"N",0,0.0,0,0,0,0,0,0,0,0,0,0,0,0
"39059","5","3359","76","0","2021","A","N","Guernsey County, Ohio","Private","NAICS 3359 Other electrical equipment and component mfg.","County, NAICS 4-digit -- by ownership sector","All establishment sizes",1,0,0,0,0,0,0,"N",3.27,0,0,0,0,0,0,"N",0,0.0,0,0,0,0,0,0,0,0,0,0,0,0
"39059","5","33592","77","0","2021","A","N","Guernsey County, Ohio","Private","NAICS 33592 Communication and energy wire and cable mfg.","County, NAICS 5-digit -- by ownership sector","All establishment sizes",1,0,0,0,0,0,0,"N",24.51,0,0,0,0,0,0,"N",0,0.0,0,0,0,0,0,0,0,0,0,0,0,0
"39059","5","335929","78","0","2021","A","N","Guernsey County, Ohio","Private","NAICS 335929 Other communication and energy wire mfg.","County, NAICS 6-digit -- by ownership sector","All establishment sizes",1,0,0,0,0,0,0,"N",43.34,0,0,0,0,0,0,"N",0,0.0,0,0,0,0,0,0,0,0,0,0,0,0
"39059","5","336","75","0","2021","A","N","Guernsey County, Ohio","Private","NAICS 336 Transportation equipment manufacturing","County, NAICS 3-digit -- by ownership sector","All establishment sizes",1,0,0,0,0,0,0,"N",0.71,0,0,0,0,0,0,"N",0,0.0,0,0,0,0,0,0,0,0,0,0,0,0
"39059","5","3363","76","0","2021","A","N","Guernsey County, Ohio","Private","NAICS 3363 Motor vehicle parts manufacturing","County, NAICS 4-digit -- by ownership sector","All establishment sizes",1,0,0,0,0,0,0,"N",1.94,0,0,0,0,0,0,"N",0,0.0,0,0,0,0,0,0,0,0,0,0,0,0
"39059","5","33632","77","0","2021","A","N","Guernsey County, Ohio","Private","NAICS 33632 Motor vehicle electric equipment mfg.","County, NAICS 5-digit -- by ownership sector","All establishment sizes",1,0,0,0,0,0,0,"N",13.95,0,0,0,0,0,0,"N",0,0.0,0,0,0,0,0,0,0,0,0,0,0,0
"39059","5","336320","78","0","2021","A","N","Guernsey County, Ohio","Private","NAICS 336320 Motor vehicle electric equipment mfg.","County, NAICS 6-digit -- by ownership sector","All establishment sizes",1,0,0,0,0,0,0,"N",13.95,0,0,0,0,0,0,"N",0,0.0,0,0,0,0,0,0,0,0,0,0,0,0
"39059","5","337","75","0","2021","A","N","Guernsey County, Ohio","Private","NAICS 337 Furniture and related product manufacturing","County, NAICS 3-digit -- by ownership sector","All establishment sizes",2,0,0,0,0,0,0,"N",1.28,0,0,0,0,0,0,"N",0,0.0,0,0,0,0,0,0,0,0,0,0,0,0
"39059","5","3371","76","0","2021","A","N","Guernsey County, Ohio","Private","NAICS 3371 Household and institutional furniture mfg.","County, NAICS 4-digit -- by ownership sector","All establishment sizes",2,0,0,0,0,0,0,"N",1.80,0,0,0,0,0,0,"N",0,0.0,0,0,0,0,0,0,0,0,0,0,0,0
"39059","5","33711","77","0","2021","A","N","Guernsey County, Ohio","Private","NAICS 33711 Wood kitchen cabinet and countertop mfg.","County, NAICS 5-digit -- by ownership sector","All establishment sizes",1,0,0,0,0,0,0,"N",1.41,0,0,0,0,0,0,"N",0,0.0,0,0,0,0,0,0,0,0,0,0,0,0
"39059","5","337110","78","0","2021","A","N","Guernsey County, Ohio","Private","NAICS 337110 Wood kitchen cabinet and countertop mfg.","County, NAICS 6-digit -- by ownership sector","All establishment sizes",1,0,0,0,0,0,0,"N",1.41,0,0,0,0,0,0,"N",0,0.0,0,0,0,0,0,0,0,0,0,0,0,0
"39059","5","33712","77","0","2021","A","N","Guernsey County, Ohio","Private","NAICS 33712 Other household and institutional furniture","County, NAICS 5-digit -- by ownership sector","All establishment sizes",1,0,0,0,0,0,0,"N",2.46,0,0,0,0,0,0,"N",0,0.0,0,0,0,0,0,0,0,0,0,0,0,0
"39059","5","337122","78","0","2021","A","N","Guernsey County, Ohio","Private","NAICS 337122 Nonupholstered wood household furniture mfg.","County, NAICS 6-digit -- by ownership sector","All establishment sizes",1,0,0,0,0,0,0,"N",4.50,0,0,0,0,0,0,"N",0,0.0,0,0,0,0,0,0,0,0,0,0,0,0
"39059","5","42","74","0","2021","A","","Guernsey County, Ohio","Private","NAICS 42 Wholesale trade","County, NAICS Sector -- by ownership sector","All establishment sizes",35,374,24433245,3545795,97062,1257,65359,"",0.65,0.67,0.71,0.58,0.73,1.05,1.05,"",-2,-5.4,5,1.4,696324,2.9,286853,8.8,10215,11.8,21,1.7,1075,1.7
"39059","5","423","75","0","2021","A","","Guernsey County, Ohio","Private","NAICS 423 Merchant wholesalers, durable goods","County, NAICS 3-digit -- by ownership sector","All establishment sizes",21,296,19736779,2836511,73876,1281,66603,"",0.76,0.97,1.03,0.85,1.03,1.06,1.06,"",0,0.0,-2,-0.7,166288,0.8,242094,9.3,10155,15.9,17,1.3,893,1.4
"39059","5","4234","76","0","2021","A","N","Guernsey County, Ohio","Private","NAICS 4234 Commercial equip. merchant wholesalers","County, NAICS 4-digit -- by ownership sector","All establishment sizes",1,0,0,0,0,0,0,"N",0.17,0,0,0,0,0,0,"N",0,0.0,0,0,0,0,0,0,0,0,0,0,0,0
"39059","5","42345","77","0","2021","A","N","Guernsey County, Ohio","Private","NAICS 42345 Medical equipment merchant wholesalers","County, NAICS 5-digit -- by ownership sector","All establishment sizes",1,0,0,0,0,0,0,"N",0.37,0,0,0,0,0,0,"N",0,0.0,0,0,0,0,0,0,0,0,0,0,0,0
"39059","5","423450","78","0","2021","A","N","Guernsey County, Ohio","Private","NAICS 423450 Medical equipment merchant wholesalers","County, NAICS 6-digit -- by ownership sector","All establishment sizes",1,0,0,0,0,0,0,"N",0.37,0,0,0,0,0,0,"N",0,0.0,0,0,0,0,0,0,0,0,0,0,0,0
"39059","5","4235","76","0","2021","A","N","Guernsey County, Ohio","Private","NAICS 4235 Metal and mineral merchant wholesalers","County, NAICS 4-digit -- by ownership sector","All establishment sizes",5,0,0,0,0,0,0,"N",5.13,0,0,0,0,0,0,"N",0,0.0,0,0,0,0,0,0,0,0,0,0,0,0
"39059","5","42351","77","0","2021","A","N","Guernsey County, Ohio","Private","NAICS 42351 Metal merchant wholesalers","County, NAICS 5-digit -- by ownership sector","All establishment sizes",4,0,0,0,0,0,0,"N",4.30,0,0,0,0,0,0,"N",0,0.0,0,0,0,0,0,0,0,0,0,0,0,0
"39059","5","423510","78","0","2021","A","N","Guernsey County, Ohio","Private","NAICS 423510 Metal merchant wholesalers","County, NAICS 6-digit -- by ownership sector","All establishment sizes",4,0,0,0,0,0,0,"N",4.30,0,0,0,0,0,0,"N",0,0.0,0,0,0,0,0,0,0,0,0,0,0,0
"39059","5","42352","77","0","2021","A","N","Guernsey County, Ohio","Private","NAICS 42352 Coal and other mineral merchant wholesalers","County, NAICS 5-digit -- by ownership sector","All establishment sizes",1,0,0,0,0,0,0,"N",22.18,0,0,0,0,0,0,"N",0,0.0,0,0,0,0,0,0,0,0,0,0,0,0
"39059","5","423520","78","0","2021","A","N","Guernsey County, Ohio","Private","NAICS 423520 Coal and other mineral merchant wholesalers","County, NAICS 6-digit -- by ownership sector","All establishment sizes",1,0,0,0,0,0,0,"N",22.18,0,0,0,0,0,0,"N",0,0.0,0,0,0,0,0,0,0,0,0,0,0,0
"39059","5","4236","76","0","2021","A","N","Guernsey County, Ohio","Private","NAICS 4236 Appliance and electric goods merchant whls.","County, NAICS 4-digit -- by ownership sector","All establishment sizes",1,0,0,0,0,0,0,"N",0.31,0,0,0,0,0,0,"N",0,0.0,0,0,0,0,0,0,0,0,0,0,0,0
"39059","5","42361","77","0","2021","A","N","Guernsey County, Ohio","Private","NAICS 42361 Elec. equip. and wiring merchant wholesalers","County, NAICS 5-digit -- by ownership sector","All establishment sizes",1,0,0,0,0,0,0,"N",0.65,0,0,0,0,0,0,"N",0,0.0,0,0,0,0,0,0,0,0,0,0,0,0
"39059","5","423610","78","0","2021","A","N","Guernsey County, Ohio","Private","NAICS 423610 Elec. equip. and wiring merchant wholesalers","County, NAICS 6-digit -- by ownership sector","All establishment sizes",1,0,0,0,0,0,0,"N",0.65,0,0,0,0,0,0,"N",0,0.0,0,0,0,0,0,0,0,0,0,0,0,0
"39059","5","4237","76","0","2021","A","N","Guernsey County, Ohio","Private","NAICS 4237 Hardware and plumbing merchant wholesalers","County, NAICS 4-digit -- by ownership sector","All establishment sizes",1,0,0,0,0,0,0,"N",0.44,0,0,0,0,0,0,"N",0,0.0,0,0,0,0,0,0,0,0,0,0,0,0
"39059","5","42373","77","0","2021","A","N","Guernsey County, Ohio","Private","NAICS 42373 Hvac equip. merchant wholesalers","County, NAICS 5-digit -- by ownership sector","All establishment sizes",1,0,0,0,0,0,0,"N",1.77,0,0,0,0,0,0,"N",0,0.0,0,0,0,0,0,0,0,0,0,0,0,0
"39059","5","423730","78","0","2021","A","N","Guernsey County, Ohio","Private","NAICS 423730 Hvac equip. merchant wholesalers","County, NAICS 6-digit -- by ownership sector","All establishment sizes",1,0,0,0,0,0,0,"N",1.77,0,0,0,0,0,0,"N",0,0.0,0,0,0,0,0,0,0,0,0,0,0,0
"39059","5","4238","76","0","2021","A","","Guernsey County, Ohio","Private","NAICS 4238 Machinery and supply merchant wholesalers","County, NAICS 4-digit -- by ownership sector","All establishment sizes",9,121,8010056,1213255,32476,1277,66382,"",1.42,1.81,2.12,1.63,2.32,1.18,1.18,"",-1,-10.0,-10,-7.6,-468028,-5.5,-56350,-4.4,633,2.0,36,2.9,1828,2.8
"39059","5","42381","77","0","2021","A","N","Guernsey County, Ohio","Private","NAICS 42381 Construction equipment merchant wholesalers","County, NAICS 5-digit -- by ownership sector","All establishment sizes",2,0,0,0,0,0,0,"N",4.08,0,0,0,0,0,0,"N",0,0.0,0,0,0,0,0,0,0,0,0,0,0,0
"39059","5","423810","78","0","2021","A","N","Guernsey County, Ohio","Private","NAICS 423810 Construction equipment merchant wholesalers","County, NAICS 6-digit -- by ownership sector","All establishment sizes",2,0,0,0,0,0,0,"N",4.08,0,0,0,0,0,0,"N",0,0.0,0,0,0,0,0,0,0,0,0,0,0,0
"39059","5","42383","77","0","2021","A","","Guernsey County, Ohio","Private","NAICS 42383 Industrial machinery merchant wholesalers","County, NAICS 5-digit -- by ownership sector","All establishment sizes",5,28,1869263,299919,11482,1307,67973,"",1.63,0.93,1.04,0.92,1.74,1.13,1.13,"",-1,-16.7,-4,-12.5,-310062,-14.2,-24232,-7.5,2101,22.4,4,0.3,222,0.3
"39059","5","423830","78","0","2021","A","","Guernsey County, Ohio","Private","NAICS 423830 Industrial machinery merchant wholesalers","County, NAICS 6-digit -- by ownership sector","All establishment sizes",5,28,1869263,299919,11482,1307,67973,"",1.63,0.93,1.04,0.92,1.74,1.13,1.13,"",-1,-16.7,-4,-12.5,-310062,-14.2,-24232,-7.5,2101,22.4,4,0.3,222,0.3
"39059","5","42384","77","0","2021","A","N","Guernsey County, Ohio","Private","NAICS 42384 Industrial supplies merchant wholesalers","County, NAICS 5-digit -- by ownership sector","All establishment sizes",2,0,0,0,0,0,0,"N",1.84,0,0,0,0,0,0,"N",0,0.0,0,0,0,0,0,0,0,0,0,0,0,0
"39059","5","423840","78","0","2021","A","N","Guernsey County, Ohio","Private","NAICS 423840 Industrial supplies merchant wholesalers","County, NAICS 6-digit -- by ownership sector","All establishment sizes",2,0,0,0,0,0,0,"N",1.84,0,0,0,0,0,0,"N",0,0.0,0,0,0,0,0,0,0,0,0,0,0,0
"39059","5","4239","76","0","2021","A","","Guernsey County, Ohio","Private","NAICS 4239 Misc. durable goods merchant wholesalers","County, NAICS 4-digit -- by ownership sector","All establishment sizes",4,19,700124,223110,4439,709,36849,"",1.17,0.66,0.48,0.73,0.63,0.73,0.73,"",1,33.3,7,58.3,382261,120.3,136152,156.6,3840,641.1,213,42.9,11076,43.0
"39059","5","42393","77","0","2021","A","","Guernsey County, Ohio","Private","NAICS 42393 Recyclable material merchant wholesalers","County, NAICS 5-digit -- by ownership sector","All establishment sizes",4,19,700124,223110,4439,709,36849,"",5.89,2.03,1.73,2.24,2.06,0.85,0.85,"",1,33.3,7,58.3,382261,120.3,136152,156.6,3840,641.1,213,42.9,11076,43.0
"39059","5","423930","78","0","2021","A","","Guernsey County, Ohio","Private","NAICS 423930 Recyclable material merchant wholesalers","County, NAICS 6-digit -- by ownership sector","All establishment sizes",4,19,700124,223110,4439,709,36849,"",5.89,2.03,1.73,2.24,2.06,0.85,0.85,"",1,33.3,7,58.3,382261,120.3,136152,156.6,3840,641.1,213,42.9,11076,43.0
"39059","5","424","75","0","2021","A","","Guernsey County, Ohio","Private","NAICS 424 Merchant wholesalers, nondurable goods","County, NAICS 3-digit -- by ownership sector","All establishment sizes",11,66,3457933,603730,15561,1010,52526,"",0.73,0.33,0.30,0.27,0.32,0.92,0.92,"N",0,0.0,0,0,0,0,0,0,0,0,0,0,0,0
"39059","5","4241","76","0","2021","A","N","Guernsey County, Ohio","Private","NAICS 4241 Paper and paper product merchant wholesalers","County, NAICS 4-digit -- by ownership sector","All establishment sizes",1,0,0,0,0,0,0,"N",1.12,0,0,0,0,0,0,"N",0,0.0,0,0,0,0,0,0,0,0,0,0,0,0
"39059","5","42413","77","0","2021","A","N","Guernsey County, Ohio","Private","NAICS 42413 Industrial paper merchant wholesalers","County, NAICS 5-digit -- by ownership sector","All establishment sizes",1,0,0,0,0,0,0,"N",2.23,0,0,0,0,0,0,"N",0,0.0,0,0,0,0,0,0,0,0,0,0,0,0
"39059","5","424130","78","0","2021","A","N","Guernsey County, Ohio","Private","NAICS 424130 Industrial paper merchant wholesalers","County, NAICS 6-digit -- by ownership sector","All establishment sizes",1,0,0,0,0,0,0,"N",2.23,0,0,0,0,0,0,"N",0,0.0,0,0,0,0,0,0,0,0,0,0,0,0
"39059","5","4244","76","0","2021","A","N","Guernsey County, Ohio","Private","NAICS 4244 Grocery and related product wholesalers","County, NAICS 4-digit -- by ownership sector","All establishment sizes",2,0,0,0,0,0,0,"N",0.50,0,0,0,0,0,0,"N",0,0.0,0,0,0,0,0,0,0,0,0,0,0,0
"39059","5","42441","77","0","2021","A","N","Guernsey County, Ohio","Private","NAICS 42441 General line grocery merchant wholesalers","County, NAICS 5-digit -- by ownership sector","All establishment sizes",1,0,0,0,0,0,0,"N",1.57,0,0,0,0,0,0,"N",0,0.0,0,0,0,0,0,0,0,0,0,0,0,0
"39059","5","424410","78","0","2021","A","N","Guernsey County, Ohio","Private","NAICS 424410 General line grocery merchant wholesalers","County, NAICS 6-digit -- by ownership sector","All establishment sizes",1,0,0,0,0,0,0,"N",1.57,0,0,0,0,0,0,"N",0,0.0,0,0,0,0,0,0,0,0,0,0,0,0
"39059","5","42449","77","0","2021","A","N","Guernsey County, Ohio","Private","NAICS 42449 Other grocery product merchant wholesalers","County, NAICS 5-digit -- by ownership sector","All establishment sizes",1,0,0,0,0,0,0,"N",0.63,0,0,0,0,0,0,"N",0,0.0,0,0,0,0,0,0,0,0,0,0,0,0
"39059","5","424490","78","0","2021","A","N","Guernsey County, Ohio","Private","NAICS 424490 Other grocery product merchant wholesalers","County, NAICS 6-digit -- by ownership sector","All establishment sizes",1,0,0,0,0,0,0,"N",0.63,0,0,0,0,0,0,"N",0,0.0,0,0,0,0,0,0,0,0,0,0,0,0
"39059","5","4246","76","0","2021","A","","Guernsey County, Ohio","Private","NAICS 4246 Chemical merchant wholesalers","County, NAICS 4-digit -- by ownership sector","All establishment sizes",4,22,1751376,151558,6086,1514,78714,"",2.51,1.57,1.82,0.99,1.89,1.15,1.15,"",-1,-20.0,1,4.8,293579,20.1,2487,1.7,663,12.2,179,13.4,9295,13.4
"39059","5","42461","77","0","2021","A","N","Guernsey County, Ohio","Private","NAICS 42461 Plastics materials merchant wholesalers","County, NAICS 5-digit -- by ownership sector","All establishment sizes",2,0,0,0,0,0,0,"N",5.04,0,0,0,0,0,0,"N",-1,-33.3,0,0,0,0,0,0,0,0,0,0,0,0
"39059","5","424610","78","0","2021","A","N","Guernsey County, Ohio","Private","NAICS 424610 Plastics materials merchant wholesalers","County, NAICS 6-digit -- by ownership sector","All establishment sizes",2,0,0,0,0,0,0,"N",5.04,0,0,0,0,0,0,"N",-1,-33.3,0,0,0,0,0,0,0,0,0,0,0,0
"39059","5","42469","77","0","2021","A","N","Guernsey County, Ohio","Private","NAICS 42469 Other chemicals merchant wholesalers","County, NAICS 5-digit -- by ownership sector","All establishment sizes",2,0,0,0,0,0,0,"N",1.67,0,0,0,0,0,0,"N",0,0.0,0,0,0,0,0,0,0,0,0,0,0,0
"39059","5","424690","78","0","2021","A","N","Guernsey County, Ohio","Private","NAICS 424690 Other chemicals merchant wholesalers","County, NAICS 6-digit -- by ownership sector","All establishment sizes",2,0,0,0,0,0,0,"N",1.67,0,0,0,0,0,0,"N",0,0.0,0,0,0,0,0,0,0,0,0,0,0,0
"39059","5","4247","76","0","2021","A","N","Guernsey County, Ohio","Private","NAICS 4247 Petroleum merchant wholesalers","County, NAICS 4-digit -- by ownership sector","All establishment sizes",3,0,0,0,0,0,0,"N",4.11,0,0,0,0,0,0,"N",0,0.0,0,0,0,0,0,0,0,0,0,0,0,0
"39059","5","42472","77","0","2021","A","N","Guernsey County, Ohio","Private","NAICS 42472 Other petroleum merchant wholesalers","County, NAICS 5-digit -- by ownership sector","All establishment sizes",3,0,0,0,0,0,0,"N",6.10,0,0,0,0,0,0,"N",0,0.0,0,0,0,0,0,0,0,0,0,0,0,0
"39059","5","424720","78","0","2021","A","N","Guernsey County, Ohio","Private","NAICS 424720 Other petroleum merchant wholesalers","County, NAICS 6-digit -- by ownership sector","All establishment sizes",3,0,0,0,0,0,0,"N",6.10,0,0,0,0,0,0,"N",0,0.0,0,0,0,0,0,0,0,0,0,0,0,0
"39059","5","4249","76","0","2021","A","N","Guernsey County, Ohio","Private","NAICS 4249 Misc. nondurable goods merchant wholesalers","County, NAICS 4-digit -- by ownership sector","All establishment sizes",1,0,0,0,0,0,0,"N",0.31,0,0,0,0,0,0,"N",0,0.0,0,0,0,0,0,0,0,0,0,0,0,0
"39059","5","42499","77","0","2021","A","N","Guernsey County, Ohio","Private","NAICS 42499 Other nondurable goods merchant wholesalers","County, NAICS 5-digit -- by ownership sector","All establishment sizes",1,0,0,0,0,0,0,"N",0.82,0,0,0,0,0,0,"N",1,100.0,0,0,0,0,0,0,0,0,0,0,0,0
"39059","5","424990","78","0","2021","A","N","Guernsey County, Ohio","Private","NAICS 424990 Other nondurable goods merchant wholesalers","County, NAICS 6-digit -- by ownership sector","All establishment sizes",1,0,0,0,0,0,0,"N",0.82,0,0,0,0,0,0,"N",1,100.0,0,0,0,0,0,0,0,0,0,0,0,0
"39059","5","425","75","0","2021","A","","Guernsey County, Ohio","Private","NAICS 425 Electronic markets and agents and brokers","County, NAICS 3-digit -- by ownership sector","All establishment sizes",3,12,1238533,105554,7625,2042,106160,"",0.26,0.25,0.32,0.19,0.62,1.32,1.32,"N",-2,-40.0,0,0,0,0,0,0,0,0,0,0,0,0
"39059","5","4251","76","0","2021","A","","Guernsey County, Ohio","Private","NAICS 4251 Electronic markets and agents and brokers","County, NAICS 4-digit -- by ownership sector","All establishment sizes",3,12,1238533,105554,7625,2042,106160,"",0.26,0.25,0.32,0.19,0.62,1.32,1.32,"N",-2,-40.0,0,0,0,0,0,0,0,0,0,0,0,0
"39059","5","42512","77","0","2021","A","","Guernsey County, Ohio","Private","NAICS 42512 Wholesale trade agents and brokers","County, NAICS 5-digit -- by ownership sector","All establishment sizes",3,12,1238533,105554,7625,2042,106160,"",0.26,0.27,0.34,0.21,0.66,1.32,1.32,"N",-2,-40.0,0,0,0,0,0,0,0,0,0,0,0,0
"39059","5","425120","78","0","2021","A","","Guernsey County, Ohio","Private","NAICS 425120 Wholesale trade agents and brokers","County, NAICS 6-digit -- by ownership sector","All establishment sizes",3,12,1238533,105554,7625,2042,106160,"",0.26,0.27,0.34,0.21,0.66,1.32,1.32,"N",-2,-40.0,0,0,0,0,0,0,0,0,0,0,0,0
"39059","5","44-45","74","0","2021","A","","Guernsey County, Ohio","Private","NAICS 44-45 Retail trade","County, NAICS Sector -- by ownership sector","All establishment sizes",134,1505,46960839,14840756,236780,600,31207,"",1.45,1.01,1.15,1.09,1.01,1.14,1.14,"",-2,-1.5,32,2.2,4912966,11.7,675874,4.8,71118,42.9,51,9.3,2661,9.3
"39059","5","441","75","0","2021","A","","Guernsey County, Ohio","Private","NAICS 441 Motor vehicle and parts dealers","County, NAICS 3-digit -- by ownership sector","All establishment sizes",28,296,14802261,3194306,71011,961,49951,"",2.67,1.56,1.68,1.59,1.80,1.07,1.07,"",0,0.0,21,7.6,3463905,30.6,243726,8.3,18320,34.8,168,21.2,8733,21.2
"39059","5","4411","76","0","2021","A","","Guernsey County, Ohio","Private","NAICS 4411 Automobile dealers","County, NAICS 4-digit -- by ownership sector","All establishment sizes",12,166,10323532,1874041,53101,1197,62252,"",2.92,1.38,1.57,1.44,1.96,1.13,1.13,"",0,0.0,13,8.5,3087661,42.7,127647,7.3,10580,24.9,290,32.0,15087,32.0
"39059","5","44111","77","0","2021","A","N","Guernsey County, Ohio","Private","NAICS 44111 New car dealers","County, NAICS 5-digit -- by ownership sector","All establishment sizes",2,0,0,0,0,0,0,"N",1.11,0,0,0,0,0,0,"N",0,0.0,0,0,0,0,0,0,0,0,0,0,0,0
"39059","5","441110","78","0","2021","A","N","Guernsey County, Ohio","Private","NAICS 441110 New car dealers","County, NAICS 6-digit -- by ownership sector","All establishment sizes",2,0,0,0,0,0,0,"N",1.11,0,0,0,0,0,0,"N",0,0.0,0,0,0,0,0,0,0,0,0,0,0,0
"39059","5","44112","77","0","2021","A","N","Guernsey County, Ohio","Private","NAICS 44112 Used car dealers","County, NAICS 5-digit -- by ownership sector","All establishment sizes",10,0,0,0,0,0,0,"N",4.33,0,0,0,0,0,0,"N",0,0.0,0,0,0,0,0,0,0,0,0,0,0,0
"39059","5","441120","78","0","2021","A","N","Guernsey County, Ohio","Private","NAICS 441120 Used car dealers","County, NAICS 6-digit -- by ownership sector","All establishment sizes",10,0,0,0,0,0,0,"N",4.33,0,0,0,0,0,0,"N",0,0.0,0,0,0,0,0,0,0,0,0,0,0,0
"39059","5","4412","76","0","2021","A","N","Guernsey County, Ohio","Private","NAICS 4412 Other motor vehicle dealers","County, NAICS 4-digit -- by ownership sector","All establishment sizes",3,0,0,0,0,0,0,"N",2.37,0,0,0,0,0,0,"N",0,0.0,0,0,0,0,0,0,0,0,0,0,0,0
"39059","5","44121","77","0","2021","A","N","Guernsey County, Ohio","Private","NAICS 44121 Recreational vehicle dealers","County, NAICS 5-digit -- by ownership sector","All establishment sizes",1,0,0,0,0,0,0,"N",4.02,0,0,0,0,0,0,"N",0,0.0,0,0,0,0,0,0,0,0,0,0,0,0
"39059","5","441210","78","0","2021","A","N","Guernsey County, Ohio","Private","NAICS 441210 Recreational vehicle dealers","County, NAICS 6-digit -- by ownership sector","All establishment sizes",1,0,0,0,0,0,0,"N",4.02,0,0,0,0,0,0,"N",0,0.0,0,0,0,0,0,0,0,0,0,0,0,0
"39059","5","44122","77","0","2021","A","N","Guernsey County, Ohio","Private","NAICS 44122 Motorcycle, boat, and other vehicle dealers","County, NAICS 5-digit -- by ownership sector","All establishment sizes",2,0,0,0,0,0,0,"N",1.97,0,0,0,0,0,0,"N",0,0.0,0,0,0,0,0,0,0,0,0,0,0,0
"39059","5","441228","78","0","2021","A","N","Guernsey County, Ohio","Private","NAICS 441228 Motorcycle, atv, and other vehicle dealers","County, NAICS 6-digit -- by ownership sector","All establishment sizes",2,0,0,0,0,0,0,"N",3.21,0,0,0,0,0,0,"N",0,0.0,0,0,0,0,0,0,0,0,0,0,0,0
"39059","5","4413","76","0","2021","A","N","Guernsey County, Ohio","Private","NAICS 4413 Auto parts, accessories, and tire stores","County, NAICS 4-digit -- by ownership sector","All establishment sizes",13,0,0,0,0,0,0,"N",2.54,0,0,0,0,0,0,"N",0,0.0,0,0,0,0,0,0,0,0,0,0,0,0
"39059","5","44131","77","0","2021","A","","Guernsey County, Ohio","Private","NAICS 44131 Automotive parts and accessories stores","County, NAICS 5-digit -- by ownership sector","All establishment sizes",6,52,1441640,474810,5975,537,27903,"",1.81,1.44,1.55,1.43,1.22,1.08,1.08,"",0,0.0,2,4.0,59880,4.3,35825,8.2,2268,61.2,3,0.6,129,0.5
"39059","5","441310","78","0","2021","A","","Guernsey County, Ohio","Private","NAICS 441310 Automotive parts and accessories stores","County, NAICS 6-digit -- by ownership sector","All establishment sizes",6,52,1441640,474810,5975,537,27903,"",1.81,1.44,1.55,1.43,1.22,1.08,1.08,"",0,0.0,2,4.0,59880,4.3,35825,8.2,2268,61.2,3,0.6,129,0.5
"39059","5","44132","77","0","2021","A","N","Guernsey County, Ohio","Private","NAICS 44132 Tire dealers","County, NAICS 5-digit -- by ownership sector","All establishment sizes",7,0,0,0,0,0,0,"N",3.91,0,0,0,0,0,0,"N",0,0.0,0,0,0,0,0,0,0,0,0,0,0,0
"39059","5","441320","78","0","2021","A","N","Guernsey County, Ohio","Private","NAICS 441320 Tire dealers","County, NAICS 6-digit -- by ownership sector","All establishment sizes",7,0,0,0,0,0,0,"N",3.91,0,0,0,0,0,0,"N",0,0.0,0,0,0,0,0,0,0,0,0,0,0,0
"39059","5","442","75","0","2021","A","","Guernsey County, Ohio","Private","NAICS 442 Furniture and home furnishings stores","County, NAICS 3-digit -- by ownership sector","All establishment sizes",3,23,790606,214100,2845,676,35138,"",0.75,0.53,0.56,0.52,0.33,1.08,1.08,"",0,0.0,3,15.0,59666,8.2,14180,7.1,1272,80.9,-12,-1.7,-663,-1.9
"39059","5","4421","76","0","2021","A","N","Guernsey County, Ohio","Private","NAICS 4421 Furniture stores","County, NAICS 4-digit -- by ownership sector","All establishment sizes",1,0,0,0,0,0,0,"N",0.51,0,0,0,0,0,0,"N",0,0.0,0,0,0,0,0,0,0,0,0,0,0,0
"39059","5","44211","77","0","2021","A","N","Guernsey County, Ohio","Private","NAICS 44211 Furniture stores","County, NAICS 5-digit -- by ownership sector","All establishment sizes",1,0,0,0,0,0,0,"N",0.51,0,0,0,0,0,0,"N",0,0.0,0,0,0,0,0,0,0,0,0,0,0,0
"39059","5","442110","78","0","2021","A","N","Guernsey County, Ohio","Private","NAICS 442110 Furniture stores","County, NAICS 6-digit -- by ownership sector","All establishment sizes",1,0,0,0,0,0,0,"N",0.51,0,0,0,0,0,0,"N",0,0.0,0,0,0,0,0,0,0,0,0,0,0,0
"39059","5","4422","76","0","2021","A","N","Guernsey County, Ohio","Private","NAICS 4422 Home furnishings stores","County, NAICS 4-digit -- by ownership sector","All establishment sizes",2,0,0,0,0,0,0,"N",0.99,0,0,0,0,0,0,"N",0,0.0,0,0,0,0,0,0,0,0,0,0,0,0
"39059","5","44221","77","0","2021","A","N","Guernsey County, Ohio","Private","NAICS 44221 Floor covering stores","County, NAICS 5-digit -- by ownership sector","All establishment sizes",2,0,0,0,0,0,0,"N",2.46,0,0,0,0,0,0,"N",0,0.0,0,0,0,0,0,0,0,0,0,0,0,0
"39059","5","442210","78","0","2021","A","N","Guernsey County, Ohio","Private","NAICS 442210 Floor covering stores","County, NAICS 6-digit -- by ownership sector","All establishment sizes",2,0,0,0,0,0,0,"N",2.46,0,0,0,0,0,0,"N",0,0.0,0,0,0,0,0,0,0,0,0,0,0,0
"39059","5","443","75","0","2021","A","N","Guernsey County, Ohio","Private","NAICS 443 Electronics and appliance stores","County, NAICS 3-digit -- by ownership sector","All establishment sizes",4,0,0,0,0,0,0,"N",1.07,0,0,0,0,0,0,"N",-1,-20.0,0,0,0,0,0,0,0,0,0,0,0,0
"39059","5","4431","76","0","2021","A","N","Guernsey County, Ohio","Private","NAICS 4431 Electronics and appliance stores","County, NAICS 4-digit -- by ownership sector","All establishment sizes",4,0,0,0,0,0,0,"N",1.07,0,0,0,0,0,0,"N",-1,-20.0,0,0,0,0,0,0,0,0,0,0,0,0
"39059","5","44314","77","0","2021","A","N","Guernsey County, Ohio","Private","NAICS 44314 Electronics and appliance stores","County, NAICS 5-digit -- by ownership sector","All establishment sizes",4,0,0,0,0,0,0,"N",1.07,0,0,0,0,0,0,"N",-1,-20.0,0,0,0,0,0,0,0,0,0,0,0,0
"39059","5","443142","78","0","2021","A","N","Guernsey County, Ohio","Private","NAICS 443142 Electronics stores","County, NAICS 6-digit -- by ownership sector","All establishment sizes",4,0,0,0,0,0,0,"N",1.22,0,0,0,0,0,0,"N",-1,-20.0,0,0,0,0,0,0,0,0,0,0,0,0
"39059","5","444","75","0","2021","A","","Guernsey County, Ohio","Private","NAICS 444 Building material and garden supply stores","County, NAICS 3-digit -- by ownership sector","All establishment sizes",16,127,4837836,1228596,19120,734,38168,"",2.65,0.93,1.31,0.95,0.80,1.41,1.41,"",0,0.0,4,3.3,424450,9.6,84558,7.4,4296,29.0,41,5.9,2140,5.9
"39059","5","4441","76","0","2021","A","","Guernsey County, Ohio","Private","NAICS 4441 Building material and supplies dealers","County, NAICS 4-digit -- by ownership sector","All establishment sizes",11,89,4043496,920322,14960,876,45561,"",2.39,0.74,1.23,0.81,0.75,1.66,1.66,"",0,0.0,5,6.0,382916,10.5,88788,10.7,3187,27.1,40,4.8,2069,4.8
"39059","5","44411","77","0","2021","A","N","Guernsey County, Ohio","Private","NAICS 44411 Home centers","County, NAICS 5-digit -- by ownership sector","All establishment sizes",1,0,0,0,0,0,0,"N",1.23,0,0,0,0,0,0,"N",0,0.0,0,0,0,0,0,0,0,0,0,0,0,0
"39059","5","444110","78","0","2021","A","N","Guernsey County, Ohio","Private","NAICS 444110 Home centers","County, NAICS 6-digit -- by ownership sector","All establishment sizes",1,0,0,0,0,0,0,"N",1.23,0,0,0,0,0,0,"N",0,0.0,0,0,0,0,0,0,0,0,0,0,0,0
"39059","5","44412","77","0","2021","A","N","Guernsey County, Ohio","Private","NAICS 44412 Paint and wallpaper stores","County, NAICS 5-digit -- by ownership sector","All establishment sizes",1,0,0,0,0,0,0,"N",1.83,0,0,0,0,0,0,"N",0,0.0,0,0,0,0,0,0,0,0,0,0,0,0
"39059","5","444120","78","0","2021","A","N","Guernsey County, Ohio","Private","NAICS 444120 Paint and wallpaper stores","County, NAICS 6-digit -- by ownership sector","All establishment sizes",1,0,0,0,0,0,0,"N",1.83,0,0,0,0,0,0,"N",0,0.0,0,0,0,0,0,0,0,0,0,0,0,0
"39059","5","44413","77","0","2021","A","","Guernsey County, Ohio","Private","NAICS 44413 Hardware stores","County, NAICS 5-digit -- by ownership sector","All establishment sizes",5,52,1481144,548885,5591,543,28257,"",3.85,3.26,3.97,3.82,2.52,1.21,1.21,"",0,0.0,2,4.0,11123,0.8,48497,9.7,2735,95.8,-22,-3.9,-1143,-3.9
"39059","5","444130","78","0","2021","A","","Guernsey County, Ohio","Private","NAICS 444130 Hardware stores","County, NAICS 6-digit -- by ownership sector","All establishment sizes",5,52,1481144,548885,5591,543,28257,"",3.85,3.26,3.97,3.82,2.52,1.21,1.21,"",0,0.0,2,4.0,11123,0.8,48497,9.7,2735,95.8,-22,-3.9,-1143,-3.9
"39059","5","44419","77","0","2021","A","","Guernsey County, Ohio","Private","NAICS 44419 Other building material dealers","County, NAICS 5-digit -- by ownership sector","All establishment sizes",4,23,1157600,237028,7192,954,49611,"",2.06,0.99,1.15,0.95,1.40,1.14,1.14,"",0,0.0,2,9.5,150952,15.0,34012,16.8,20,0.3,21,2.3,1098,2.3
"39059","5","444190","78","0","2021","A","","Guernsey County, Ohio","Private","NAICS 444190 Other building material dealers","County, NAICS 6-digit -- by ownership sector","All establishment sizes",4,23,1157600,237028,7192,954,49611,"",2.06,0.99,1.15,0.95,1.40,1.14,1.14,"",0,0.0,2,9.5,150952,15.0,34012,16.8,20,0.3,21,2.3,1098,2.3
"39059","5","4442","76","0","2021","A","","Guernsey County, Ohio","Private","NAICS 4442 Lawn and garden equipment and supplies stores","County, NAICS 4-digit -- by ownership sector","All establishment sizes",5,38,794340,308274,4160,402,20904,"",3.46,2.21,1.85,1.94,1.06,0.84,0.84,"",0,0.0,0,0.0,41534,5.5,-4230,-1.4,1109,36.3,24,6.3,1266,6.4
"39059","5","44421","77","0","2021","A","N","Guernsey County, Ohio","Private","NAICS 44421 Outdoor power equipment stores","County, NAICS 5-digit -- by ownership sector","All establishment sizes",1,0,0,0,0,0,0,"N",2.87,0,0,0,0,0,0,"N",0,0.0,0,0,0,0,0,0,0,0,0,0,0,0
"39059","5","444210","78","0","2021","A","N","Guernsey County, Ohio","Private","NAICS 444210 Outdoor power equipment stores","County, NAICS 6-digit -- by ownership sector","All establishment sizes",1,0,0,0,0,0,0,"N",2.87,0,0,0,0,0,0,"N",0,0.0,0,0,0,0,0,0,0,0,0,0,0,0
"39059","5","44422","77","0","2021","A","N","Guernsey County, Ohio","Private","NAICS 44422 Nursery, garden, and farm supply stores","County, NAICS 5-digit -- by ownership sector","All establishment sizes",4,0,0,0,0,0,0,"N",3.64,0,0,0,0,0,0,"N",0,0.0,0,0,0,0,0,0,0,0,0,0,0,0
"39059","5","444220","78","0","2021","A","N","Guernsey County, Ohio","Private","NAICS 444220 Nursery, garden, and farm supply stores","County, NAICS 6-digit -- by ownership sector","All establishment sizes",4,0,0,0,0,0,0,"N",3.64,0,0,0,0,0,0,"N",0,0.0,0,0,0,0,0,0,0,0,0,0,0,0
"39059","5","445","75","0","2021","A","","Guernsey County, Ohio","Private","NAICS 445 Food and beverage stores","County, NAICS 3-digit -- by ownership sector","All establishment sizes",23,307,5952387,2679207,34070,373,19415,"",1.76,1.01,0.99,1.06,0.93,0.98,0.98,"",-2,-8.0,-8,-2.5,-75794,-1.3,-7149,-0.3,13281,63.9,5,1.4,283,1.5
"39059","5","4451","76","0","2021","A","","Guernsey County, Ohio","Private","NAICS 4451 Grocery stores","County, NAICS 4-digit -- by ownership sector","All establishment sizes",16,259,5243146,2308740,27161,389,20250,"",2.01,0.98,1.00,1.05,0.91,1.02,1.02,"",-1,-5.9,-17,-6.2,-111128,-2.1,-26693,-1.1,11560,74.1,16,4.3,856,4.4
"39059","5","44511","77","0","2021","A","","Guernsey County, Ohio","Private","NAICS 44511 Supermarkets and other grocery stores","County, NAICS 5-digit -- by ownership sector","All establishment sizes",10,228,4652429,2012603,19403,392,20405,"",1.98,0.91,0.93,0.98,0.72,1.02,1.02,"",-1,-9.1,-22,-8.8,-210450,-4.3,-53488,-2.6,6476,50.1,18,4.8,947,4.9
"39059","5","445110","78","0","2021","A","","Guernsey County, Ohio","Private","NAICS 445110 Supermarkets and other grocery stores","County, NAICS 6-digit -- by ownership sector","All establishment sizes",10,228,4652429,2012603,19403,392,20405,"",1.98,0.91,0.93,0.98,0.72,1.02,1.02,"",-1,-9.1,-22,-8.8,-210450,-4.3,-53488,-2.6,6476,50.1,18,4.8,947,4.9
"39059","5","44512","77","0","2021","A","","Guernsey County, Ohio","Private","NAICS 44512 Convenience stores","County, NAICS 5-digit -- by ownership sector","All establishment sizes",6,31,590717,296137,7758,367,19107,"",2.05,1.96,2.18,2.13,2.74,1.11,1.12,"",-1,-14.3,5,19.2,99322,20.2,26795,9.9,5084,190.1,6,1.7,328,1.7
"39059","5","445120","78","0","2021","A","","Guernsey County, Ohio","Private","NAICS 445120 Convenience stores","County, NAICS 6-digit -- by ownership sector","All establishment sizes",6,31,590717,296137,7758,367,19107,"",2.05,1.96,2.18,2.13,2.74,1.11,1.12,"",-1,-14.3,5,19.2,99322,20.2,26795,9.9,5084,190.1,6,1.7,328,1.7
"39059","5","4453","76","0","2021","A","","Guernsey County, Ohio","Private","NAICS 4453 Beer, wine, and liquor stores","County, NAICS 4-digit -- by ownership sector","All establishment sizes",7,48,709241,370467,6909,286,14879,"",2.49,2.92,2.22,2.63,2.59,0.76,0.76,"N",0,0.0,0,0,0,0,0,0,0,0,0,0,0,0
"39059","5","44531","77","0","2021","A","","Guernsey County, Ohio","Private","NAICS 44531 Beer, wine, and liquor stores","County, NAICS 5-digit -- by ownership sector","All establishment sizes",7,48,709241,370467,6909,286,14879,"",2.49,2.92,2.22,2.63,2.59,0.76,0.76,"N",0,0.0,0,0,0,0,0,0,0,0,0,0,0,0
"39059","5","445310","78","0","2021","A","","Guernsey County, Ohio","Private","NAICS 445310 Beer, wine, and liquor stores","County, NAICS 6-digit -- by ownership sector","All establishment sizes",7,48,709241,370467,6909,286,14879,"",2.49,2.92,2.22,2.63,2.59,0.76,0.76,"N",0,0.0,0,0,0,0,0,0,0,0,0,0,0,0
"39059","5","446","75","0","2021","A","","Guernsey County, Ohio","Private","NAICS 446 Health and personal care stores","County, NAICS 3-digit -- by ownership sector","All establishment sizes",5,49,2110765,552073,6304,824,42858,"",0.51,0.49,0.69,0.61,0.40,1.41,1.41,"",0,0.0,1,2.1,98710,4.9,7680,1.4,2686,74.2,21,2.6,1085,2.6
"39059","5","4461","76","0","2021","A","","Guernsey County, Ohio","Private","NAICS 4461 Health and personal care stores","County, NAICS 4-digit -- by ownership sector","All establishment sizes",5,49,2110765,552073,6304,824,42858,"",0.51,0.49,0.69,0.61,0.40,1.41,1.41,"",0,0.0,1,2.1,98710,4.9,7680,1.4,2686,74.2,21,2.6,1085,2.6
"39059","5","44611","77","0","2021","A","N","Guernsey County, Ohio","Private","NAICS 44611 Pharmacies and drug stores","County, NAICS 5-digit -- by ownership sector","All establishment sizes",4,0,0,0,0,0,0,"N",0.71,0,0,0,0,0,0,"N",0,0.0,0,0,0,0,0,0,0,0,0,0,0,0
"39059","5","446110","78","0","2021","A","N","Guernsey County, Ohio","Private","NAICS 446110 Pharmacies and drug stores","County, NAICS 6-digit -- by ownership sector","All establishment sizes",4,0,0,0,0,0,0,"N",0.71,0,0,0,0,0,0,"N",0,0.0,0,0,0,0,0,0,0,0,0,0,0,0
"39059","5","44612","77","0","2021","A","N","Guernsey County, Ohio","Private","NAICS 44612 Cosmetic and beauty supply stores","County, NAICS 5-digit -- by ownership sector","All establishment sizes",1,0,0,0,0,0,0,"N",0.66,0,0,0,0,0,0,"N",0,0.0,0,0,0,0,0,0,0,0,0,0,0,0
"39059","5","446120","78","0","2021","A","N","Guernsey County, Ohio","Private","NAICS 446120 Cosmetic and beauty supply stores","County, NAICS 6-digit -- by ownership sector","All establishment sizes",1,0,0,0,0,0,0,"N",0.66,0,0,0,0,0,0,"N",0,0.0,0,0,0,0,0,0,0,0,0,0,0,0
"39059","5","447","75","0","2021","A","","Guernsey County, Ohio","Private","NAICS 447 Gasoline stations","County, NAICS 3-digit -- by ownership sector","All establishment sizes",21,185,4417191,1767392,26880,458,23823,"",2.21,2.04,2.63,2.20,2.22,1.29,1.29,"",-1,-4.5,-4,-2.1,296141,7.2,136453,8.4,9847,57.8,39,9.3,2047,9.4
"39059","5","4471","76","0","2021","A","","Guernsey County, Ohio","Private","NAICS 4471 Gasoline stations","County, NAICS 4-digit -- by ownership sector","All establishment sizes",21,185,4417191,1767392,26880,458,23823,"",2.21,2.04,2.63,2.20,2.22,1.29,1.29,"",-1,-4.5,-4,-2.1,296141,7.2,136453,8.4,9847,57.8,39,9.3,2047,9.4
"39059","5","44711","77","0","2021","A","","Guernsey County, Ohio","Private","NAICS 44711 Gasoline stations with convenience stores","County, NAICS 5-digit -- by ownership sector","All establishment sizes",16,151,3682061,1444000,19565,470,24452,"",1.85,1.85,2.51,2.01,1.84,1.36,1.36,"",-1,-5.9,-7,-4.4,167898,4.8,65816,4.8,6474,49.5,43,10.1,2222,10.0
"39059","5","447110","78","0","2021","A","","Guernsey County, Ohio","Private","NAICS 447110 Gasoline stations with convenience stores","County, NAICS 6-digit -- by ownership sector","All establishment sizes",16,151,3682061,1444000,19565,470,24452,"",1.85,1.85,2.51,2.01,1.84,1.36,1.36,"",-1,-5.9,-7,-4.4,167898,4.8,65816,4.8,6474,49.5,43,10.1,2222,10.0
"39059","5","44719","77","0","2021","A","","Guernsey County, Ohio","Private","NAICS 44719 Other gasoline stations","County, NAICS 5-digit -- by ownership sector","All establishment sizes",5,35,735130,323392,7315,406,21104,"",5.90,3.78,3.44,3.66,4.94,0.92,0.92,"",0,0.0,4,12.9,128243,21.1,70637,27.9,3373,85.6,32,8.6,1632,8.4
"39059","5","447190","78","0","2021","A","","Guernsey County, Ohio","Private","NAICS 447190 Other gasoline stations","County, NAICS 6-digit -- by ownership sector","All establishment sizes",5,35,735130,323392,7315,406,21104,"",5.90,3.78,3.44,3.66,4.94,0.92,0.92,"",0,0.0,4,12.9,128243,21.1,70637,27.9,3373,85.6,32,8.6,1632,8.4
"39059","5","448","75","0","2021","A","","Guernsey County, Ohio","Private","NAICS 448 Clothing and clothing accessories stores","County, NAICS 3-digit -- by ownership sector","All establishment sizes",7,37,649000,272438,3552,334,17345,"",0.71,0.37,0.33,0.35,0.23,0.88,0.87,"",1,16.7,4,12.1,84582,15.0,27479,11.2,1382,63.7,8,2.5,370,2.2
"39059","5","4481","76","0","2021","A","","Guernsey County, Ohio","Private","NAICS 4481 Clothing stores","County, NAICS 4-digit -- by ownership sector","All establishment sizes",5,21,233693,118874,1499,211,10997,"",0.75,0.29,0.18,0.22,0.13,0.61,0.61,"",1,25.0,5,31.2,43222,22.7,12304,11.5,634,73.3,-12,-5.4,-605,-5.2
"39059","5","44812","77","0","2021","A","N","Guernsey County, Ohio","Private","NAICS 44812 Women's clothing stores","County, NAICS 5-digit -- by ownership sector","All establishment sizes",3,0,0,0,0,0,0,"N",1.39,0,0,0,0,0,0,"N",1,50.0,0,0,0,0,0,0,0,0,0,0,0,0
"39059","5","448120","78","0","2021","A","N","Guernsey County, Ohio","Private","NAICS 448120 Women's clothing stores","County, NAICS 6-digit -- by ownership sector","All establishment sizes",3,0,0,0,0,0,0,"N",1.39,0,0,0,0,0,0,"N",1,50.0,0,0,0,0,0,0,0,0,0,0,0,0
"39059","5","44819","77","0","2021","A","N","Guernsey County, Ohio","Private","NAICS 44819 Other clothing stores","County, NAICS 5-digit -- by ownership sector","All establishment sizes",2,0,0,0,0,0,0,"N",1.96,0,0,0,0,0,0,"N",0,0.0,0,0,0,0,0,0,0,0,0,0,0,0
"39059","5","448190","78","0","2021","A","N","Guernsey County, Ohio","Private","NAICS 448190 Other clothing stores","County, NAICS 6-digit -- by ownership sector","All establishment sizes",2,0,0,0,0,0,0,"N",1.96,0,0,0,0,0,0,"N",0,0.0,0,0,0,0,0,0,0,0,0,0,0,0
"39059","5","4482","76","0","2021","A","N","Guernsey County, Ohio","Private","NAICS 4482 Shoe stores","County, NAICS 4-digit -- by ownership sector","All establishment sizes",1,0,0,0,0,0,0,"N",0.73,0,0,0,0,0,0,"N",0,0.0,0,0,0,0,0,0,0,0,0,0,0,0
"39059","5","44821","77","0","2021","A","N","Guernsey County, Ohio","Private","NAICS 44821 Shoe stores","County, NAICS 5-digit -- by ownership sector","All establishment sizes",1,0,0,0,0,0,0,"N",0.73,0,0,0,0,0,0,"N",0,0.0,0,0,0,0,0,0,0,0,0,0,0,0
"39059","5","448210","78","0","2021","A","N","Guernsey County, Ohio","Private","NAICS 448210 Shoe stores","County, NAICS 6-digit -- by ownership sector","All establishment sizes",1,0,0,0,0,0,0,"N",0.73,0,0,0,0,0,0,"N",0,0.0,0,0,0,0,0,0,0,0,0,0,0,0
"39059","5","4483","76","0","2021","A","N","Guernsey County, Ohio","Private","NAICS 4483 Jewelry, luggage, and leather goods stores","County, NAICS 4-digit -- by ownership sector","All establishment sizes",1,0,0,0,0,0,0,"N",0.56,0,0,0,0,0,0,"N",0,0.0,0,0,0,0,0,0,0,0,0,0,0,0
"39059","5","44831","77","0","2021","A","N","Guernsey County, Ohio","Private","NAICS 44831 Jewelry stores","County, NAICS 5-digit -- by ownership sector","All establishment sizes",1,0,0,0,0,0,0,"N",0.60,0,0,0,0,0,0,"N",0,0.0,0,0,0,0,0,0,0,0,0,0,0,0
"39059","5","448310","78","0","2021","A","N","Guernsey County, Ohio","Private","NAICS 448310 Jewelry stores","County, NAICS 6-digit -- by ownership sector","All establishment sizes",1,0,0,0,0,0,0,"N",0.60,0,0,0,0,0,0,"N",0,0.0,0,0,0,0,0,0,0,0,0,0,0,0
"39059","5","451","75","0","2021","A","N","Guernsey County, Ohio","Private","NAICS 451 Sports, hobby, music instrument, book stores","County, NAICS 3-digit -- by ownership sector","All establishment sizes",2,0,0,0,0,0,0,"N",0.48,0,0,0,0,0,0,"N",0,0.0,0,0,0,0,0,0,0,0,0,0,0,0
"39059","5","4511","76","0","2021","A","N","Guernsey County, Ohio","Private","NAICS 4511 Sporting goods and musical instrument stores","County, NAICS 4-digit -- by ownership sector","All establishment sizes",2,0,0,0,0,0,0,"N",0.56,0,0,0,0,0,0,"N",0,0.0,0,0,0,0,0,0,0,0,0,0,0,0
"39059","5","45111","77","0","2021","A","N","Guernsey County, Ohio","Private","NAICS 45111 Sporting goods stores","County, NAICS 5-digit -- by ownership sector","All establishment sizes",1,0,0,0,0,0,0,"N",0.50,0,0,0,0,0,0,"N",0,0.0,0,0,0,0,0,0,0,0,0,0,0,0
"39059","5","451110","78","0","2021","A","N","Guernsey County, Ohio","Private","NAICS 451110 Sporting goods stores","County, NAICS 6-digit -- by ownership sector","All establishment sizes",1,0,0,0,0,0,0,"N",0.50,0,0,0,0,0,0,"N",0,0.0,0,0,0,0,0,0,0,0,0,0,0,0
"39059","5","45112","77","0","2021","A","N","Guernsey County, Ohio","Private","NAICS 45112 Hobby, toy, and game stores","County, NAICS 5-digit -- by ownership sector","All establishment sizes",1,0,0,0,0,0,0,"N",1.08,0,0,0,0,0,0,"N",0,0.0,0,0,0,0,0,0,0,0,0,0,0,0
"39059","5","451120","78","0","2021","A","N","Guernsey County, Ohio","Private","NAICS 451120 Hobby, toy, and game stores","County, NAICS 6-digit -- by ownership sector","All establishment sizes",1,0,0,0,0,0,0,"N",1.08,0,0,0,0,0,0,"N",0,0.0,0,0,0,0,0,0,0,0,0,0,0,0
"39059","5","452","75","0","2021","A","","Guernsey County, Ohio","Private","NAICS 452 General merchandise stores","County, NAICS 3-digit -- by ownership sector","All establishment sizes",9,398,11037018,4134270,56426,534,27760,"",1.55,1.34,1.85,1.65,1.54,1.39,1.39,"",-1,-10.0,9,2.3,585769,5.6,134944,3.4,17924,46.6,17,3.3,899,3.3
"39059","5","4523","76","0","2021","A","","Guernsey County, Ohio","Private","NAICS 4523 General merchandise stores, including warehouse clubs and supercenters","County, NAICS 4-digit -- by ownership sector","All establishment sizes",9,398,11037018,4134270,56426,534,27760,"",1.87,1.93,2.59,2.35,2.33,1.34,1.34,"",-1,-10.0,9,2.3,585769,5.6,134944,3.4,17924,46.6,17,3.3,899,3.3
"39059","5","45231","77","0","2021","A","","Guernsey County, Ohio","Private","NAICS 45231 General merchandise stores, including warehouse clubs and supercenters","County, NAICS 5-digit -- by ownership sector","All establishment sizes",9,398,11037018,4134270,56426,534,27760,"",1.87,1.93,2.59,2.35,2.33,1.34,1.34,"",-1,-10.0,9,2.3,585769,5.6,134944,3.4,17924,46.6,17,3.3,899,3.3
"39059","5","452311","78","0","2021","A","N","Guernsey County, Ohio","Private","NAICS 452311 Warehouse clubs and supercenters","County, NAICS 6-digit -- by ownership sector","All establishment sizes",1,0,0,0,0,0,0,"N",1.83,0,0,0,0,0,0,"N",0,0.0,0,0,0,0,0,0,0,0,0,0,0,0
"39059","5","452319","78","0","2021","A","N","Guernsey County, Ohio","Private","NAICS 452319 All other general merchandise stores","County, NAICS 6-digit -- by ownership sector","All establishment sizes",8,0,0,0,0,0,0,"N",1.87,0,0,0,0,0,0,"N",-1,-11.1,0,0,0,0,0,0,0,0,0,0,0,0
"39059","5","453","75","0","2021","A","","Guernsey County, Ohio","Private","NAICS 453 Miscellaneous store retailers","County, NAICS 3-digit -- by ownership sector","All establishment sizes",11,39,738231,352134,5299,364,18929,"",1.10,0.49,0.41,0.54,0.38,0.83,0.83,"",0,0.0,7,21.9,153868,26.3,69932,24.8,1932,57.4,8,2.2,427,2.3
"39059","5","4531","76","0","2021","A","N","Guernsey County, Ohio","Private","NAICS 4531 Florists","County, NAICS 4-digit -- by ownership sector","All establishment sizes",3,0,0,0,0,0,0,"N",2.84,0,0,0,0,0,0,"N",0,0.0,0,0,0,0,0,0,0,0,0,0,0,0
"39059","5","45311","77","0","2021","A","N","Guernsey County, Ohio","Private","NAICS 45311 Florists","County, NAICS 5-digit -- by ownership sector","All establishment sizes",3,0,0,0,0,0,0,"N",2.84,0,0,0,0,0,0,"N",0,0.0,0,0,0,0,0,0,0,0,0,0,0,0
"39059","5","453110","78","0","2021","A","N","Guernsey County, Ohio","Private","NAICS 453110 Florists","County, NAICS 6-digit -- by ownership sector","All establishment sizes",3,0,0,0,0,0,0,"N",2.84,0,0,0,0,0,0,"N",0,0.0,0,0,0,0,0,0,0,0,0,0,0,0
"39059","5","4532","76","0","2021","A","N","Guernsey County, Ohio","Private","NAICS 4532 Office supplies, stationery, and gift stores","County, NAICS 4-digit -- by ownership sector","All establishment sizes",1,0,0,0,0,0,0,"N",0.46,0,0,0,0,0,0,"N",-1,-50.0,0,0,0,0,0,0,0,0,0,0,0,0
"39059","5","45322","77","0","2021","A","N","Guernsey County, Ohio","Private","NAICS 45322 Gift, novelty, and souvenir stores","County, NAICS 5-digit -- by ownership sector","All establishment sizes",1,0,0,0,0,0,0,"N",0.63,0,0,0,0,0,0,"N",0,0.0,0,0,0,0,0,0,0,0,0,0,0,0
"39059","5","453220","78","0","2021","A","N","Guernsey County, Ohio","Private","NAICS 453220 Gift, novelty, and souvenir stores","County, NAICS 6-digit -- by ownership sector","All establishment sizes",1,0,0,0,0,0,0,"N",0.63,0,0,0,0,0,0,"N",0,0.0,0,0,0,0,0,0,0,0,0,0,0,0
"39059","5","4533","76","0","2021","A","N","Guernsey County, Ohio","Private","NAICS 4533 Used merchandise stores","County, NAICS 4-digit -- by ownership sector","All establishment sizes",2,0,0,0,0,0,0,"N",1.33,0,0,0,0,0,0,"N",1,100.0,0,0,0,0,0,0,0,0,0,0,0,0
"39059","5","45331","77","0","2021","A","N","Guernsey County, Ohio","Private","NAICS 45331 Used merchandise stores","County, NAICS 5-digit -- by ownership sector","All establishment sizes",2,0,0,0,0,0,0,"N",1.33,0,0,0,0,0,0,"N",1,100.0,0,0,0,0,0,0,0,0,0,0,0,0
"39059","5","453310","78","0","2021","A","N","Guernsey County, Ohio","Private","NAICS 453310 Used merchandise stores","County, NAICS 6-digit -- by ownership sector","All establishment sizes",2,0,0,0,0,0,0,"N",1.33,0,0,0,0,0,0,"N",1,100.0,0,0,0,0,0,0,0,0,0,0,0,0
"39059","5","4539","76","0","2021","A","","Guernsey County, Ohio","Private","NAICS 4539 Other miscellaneous store retailers","County, NAICS 4-digit -- by ownership sector","All establishment sizes",5,17,446351,188746,2612,507,26385,"",0.95,0.45,0.45,0.52,0.32,1.00,1.00,"",0,0.0,2,13.3,87585,24.4,32673,20.9,1037,65.8,42,9.0,2199,9.1
"39059","5","45399","77","0","2021","A","","Guernsey County, Ohio","Private","NAICS 45399 All other miscellaneous store retailers","County, NAICS 5-digit -- by ownership sector","All establishment sizes",5,17,446351,188746,2612,507,26385,"",1.33,0.73,0.73,0.81,0.45,1.01,1.01,"",0,0.0,2,13.3,87585,24.4,32673,20.9,1037,65.8,42,9.0,2199,9.1
"39059","5","453991","78","0","2021","A","N","Guernsey County, Ohio","Private","NAICS 453991 Tobacco stores","County, NAICS 6-digit -- by ownership sector","All establishment sizes",1,0,0,0,0,0,0,"N",0.86,0,0,0,0,0,0,"N",0,0.0,0,0,0,0,0,0,0,0,0,0,0,0
"39059","5","453998","78","0","2021","A","N","Guernsey County, Ohio","Private","NAICS 453998 Store retailers not specified elsewhere","County, NAICS 6-digit -- by ownership sector","All establishment sizes",4,0,0,0,0,0,0,"N",1.55,0,0,0,0,0,0,"N",0,0.0,0,0,0,0,0,0,0,0,0,0,0,0
"39059","5","454","75","0","2021","A","","Guernsey County, Ohio","Private","NAICS 454 Nonstore retailers","County, NAICS 3-digit -- by ownership sector","All establishment sizes",6,27,1141523,277480,6899,801,41636,"",1.04,0.44,0.31,0.30,0.40,0.68,0.68,"",1,20.0,0,0.0,134319,13.3,17181,6.6,1511,28.0,92,13.0,4787,13.0
"39059","5","4541","76","0","2021","A","N","Guernsey County, Ohio","Private","NAICS 4541 Electronic shopping and mail-order houses","County, NAICS 4-digit -- by ownership sector","All establishment sizes",2,0,0,0,0,0,0,"N",0.55,0,0,0,0,0,0,"N",0,0.0,0,0,0,0,0,0,0,0,0,0,0,0
"39059","5","45411","77","0","2021","A","N","Guernsey County, Ohio","Private","NAICS 45411 Electronic shopping and mail-order houses","County, NAICS 5-digit -- by ownership sector","All establishment sizes",2,0,0,0,0,0,0,"N",0.55,0,0,0,0,0,0,"N",0,0.0,0,0,0,0,0,0,0,0,0,0,0,0
"39059","5","454110","78","0","2021","A","N","Guernsey County, Ohio","Private","NAICS 454110 Electronic shopping and mail-order houses","County, NAICS 6-digit -- by ownership sector","All establishment sizes",2,0,0,0,0,0,0,"N",0.55,0,0,0,0,0,0,"N",0,0.0,0,0,0,0,0,0,0,0,0,0,0,0
"39059","5","4542","76","0","2021","A","N","Guernsey County, Ohio","Private","NAICS 4542 Vending machine operators","County, NAICS 4-digit -- by ownership sector","All establishment sizes",1,0,0,0,0,0,0,"N",3.31,0,0,0,0,0,0,"N",0,0.0,0,0,0,0,0,0,0,0,0,0,0,0
"39059","5","45421","77","0","2021","A","N","Guernsey County, Ohio","Private","NAICS 45421 Vending machine operators","County, NAICS 5-digit -- by ownership sector","All establishment sizes",1,0,0,0,0,0,0,"N",3.31,0,0,0,0,0,0,"N",0,0.0,0,0,0,0,0,0,0,0,0,0,0,0
"39059","5","454210","78","0","2021","A","N","Guernsey County, Ohio","Private","NAICS 454210 Vending machine operators","County, NAICS 6-digit -- by ownership sector","All establishment sizes",1,0,0,0,0,0,0,"N",3.31,0,0,0,0,0,0,"N",0,0.0,0,0,0,0,0,0,0,0,0,0,0,0
"39059","5","4543","76","0","2021","A","","Guernsey County, Ohio","Private","NAICS 4543 Direct selling establishments","County, NAICS 4-digit -- by ownership sector","All establishment sizes",3,19,924040,202565,4697,919,47795,"",1.63,1.44,1.64,1.30,1.25,1.12,1.12,"N",1,50.0,0,0,0,0,0,0,0,0,0,0,0,0
"39059","5","45431","77","0","2021","A","N","Guernsey County, Ohio","Private","NAICS 45431 Fuel dealers","County, NAICS 5-digit -- by ownership sector","All establishment sizes",1,0,0,0,0,0,0,"N",1.45,0,0,0,0,0,0,"N",0,0.0,0,0,0,0,0,0,0,0,0,0,0,0
"39059","5","454310","78","0","2021","A","N","Guernsey County, Ohio","Private","NAICS 454310 Fuel dealers","County, NAICS 6-digit -- by ownership sector","All establishment sizes",1,0,0,0,0,0,0,"N",1.45,0,0,0,0,0,0,"N",0,0.0,0,0,0,0,0,0,0,0,0,0,0,0
"39059","5","45439","77","0","2021","A","N","Guernsey County, Ohio","Private","NAICS 45439 Other direct selling establishments","County, NAICS 5-digit -- by ownership sector","All establishment sizes",2,0,0,0,0,0,0,"N",1.74,0,0,0,0,0,0,"N",1,100.0,0,0,0,0,0,0,0,0,0,0,0,0
"39059","5","454390","78","0","2021","A","N","Guernsey County, Ohio","Private","NAICS 454390 Other direct selling establishments","County, NAICS 6-digit -- by ownership sector","All establishment sizes",2,0,0,0,0,0,0,"N",1.74,0,0,0,0,0,0,"N",1,100.0,0,0,0,0,0,0,0,0,0,0,0,0
"39059","5","48-49","74","0","2021","A","","Guernsey County, Ohio","Private","NAICS 48-49 Transportation and warehousing","County, NAICS Sector -- by ownership sector","All establishment sizes",49,762,46040959,9378215,297571,1162,60421,"",1.93,1.31,1.99,1.50,2.12,1.52,1.52,"",2,4.3,75,10.9,6850625,17.5,1013725,12.1,58095,24.3,65,5.9,3362,5.9
"39059","5","484","75","0","2021","A","","Guernsey County, Ohio","Private","NAICS 484 Truck transportation","County, NAICS 3-digit -- by ownership sector","All establishment sizes",29,388,23265147,5253893,189298,1152,59923,"",2.07,2.65,3.86,3.08,5.32,1.46,1.46,"",2,7.4,-36,-8.5,-1376702,-5.6,-283109,-5.1,16848,9.8,35,3.1,1851,3.2
"39059","5","4841","76","0","2021","A","","Guernsey County, Ohio","Private","NAICS 4841 General freight trucking","County, NAICS 4-digit -- by ownership sector","All establishment sizes",18,230,12985244,2828868,68109,1087,56540,"",1.91,2.24,3.05,2.38,2.97,1.36,1.37,"",0,0.0,-5,-2.1,188426,1.5,53115,1.9,23607,53.0,41,3.9,2143,3.9
"39059","5","48411","77","0","2021","A","","Guernsey County, Ohio","Private","NAICS 48411 General freight trucking, local","County, NAICS 5-digit -- by ownership sector","All establishment sizes",6,20,1020252,292507,17846,1006,52321,"",1.62,0.73,0.98,0.92,2.16,1.37,1.37,"",0,0.0,1,5.3,204392,25.1,-3074,-1.0,9562,115.4,194,23.9,10121,24.0
"39059","5","484110","78","0","2021","A","","Guernsey County, Ohio","Private","NAICS 484110 General freight trucking, local","County, NAICS 6-digit -- by ownership sector","All establishment sizes",6,20,1020252,292507,17846,1006,52321,"",1.62,0.73,0.98,0.92,2.16,1.37,1.37,"",0,0.0,1,5.3,204392,25.1,-3074,-1.0,9562,115.4,194,23.9,10121,24.0
"39059","5","48412","77","0","2021","A","","Guernsey County, Ohio","Private","NAICS 48412 General freight trucking, long-distance","County, NAICS 5-digit -- by ownership sector","All establishment sizes",12,210,11964992,2536361,50263,1095,56931,"",2.10,2.78,3.72,2.91,3.42,1.34,1.34,"",0,0.0,-6,-2.8,-15966,-0.1,56189,2.3,14045,38.8,28,2.6,1442,2.6
"39059","5","484121","78","0","2021","A","N","Guernsey County, Ohio","Private","NAICS 484121 General freight trucking, long-distance tl","County, NAICS 6-digit -- by ownership sector","All establishment sizes",10,0,0,0,0,0,0,"N",2.13,0,0,0,0,0,0,"N",1,11.1,0,0,0,0,0,0,0,0,0,0,0,0
"39059","5","484122","78","0","2021","A","N","Guernsey County, Ohio","Private","NAICS 484122 General freight trucking, long-distance ltl","County, NAICS 6-digit -- by ownership sector","All establishment sizes",2,0,0,0,0,0,0,"N",1.97,0,0,0,0,0,0,"N",-1,-33.3,0,0,0,0,0,0,0,0,0,0,0,0
"39059","5","4842","76","0","2021","A","","Guernsey County, Ohio","Private","NAICS 4842 Specialized freight trucking","County, NAICS 4-digit -- by ownership sector","All establishment sizes",11,159,10279903,2425025,121189,1247,64823,"",2.39,3.64,5.81,4.72,9.62,1.60,1.60,"",2,22.2,-30,-15.9,-1565128,-13.2,-336224,-12.2,-6759,-5.3,42,3.5,2178,3.5
"39059","5","48422","77","0","2021","A","N","Guernsey County, Ohio","Private","NAICS 48422 Other specialized trucking, local","County, NAICS 5-digit -- by ownership sector","All establishment sizes",9,0,0,0,0,0,0,"N",3.35,0,0,0,0,0,0,"N",1,12.5,0,0,0,0,0,0,0,0,0,0,0,0
"39059","5","484220","78","0","2021","A","N","Guernsey County, Ohio","Private","NAICS 484220 Other specialized trucking, local","County, NAICS 6-digit -- by ownership sector","All establishment sizes",9,0,0,0,0,0,0,"N",3.35,0,0,0,0,0,0,"N",1,12.5,0,0,0,0,0,0,0,0,0,0,0,0
"39059","5","48423","77","0","2021","A","N","Guernsey County, Ohio","Private","NAICS 48423 Other specialized trucking, long-distance","County, NAICS 5-digit -- by ownership sector","All establishment sizes",2,0,0,0,0,0,0,"N",1.84,0,0,0,0,0,0,"N",1,100.0,0,0,0,0,0,0,0,0,0,0,0,0
"39059","5","484230","78","0","2021","A","N","Guernsey County, Ohio","Private","NAICS 484230 Other specialized trucking, long-distance","County, NAICS 6-digit -- by ownership sector","All establishment sizes",2,0,0,0,0,0,0,"N",1.84,0,0,0,0,0,0,"N",1,100.0,0,0,0,0,0,0,0,0,0,0,0,0
"39059","5","486","75","0","2021","A","","Guernsey County, Ohio","Private","NAICS 486 Pipeline transportation","County, NAICS 3-digit -- by ownership sector","All establishment sizes",9,150,15470490,1535824,50349,1987,103309,"",31.34,31.21,34.45,30.64,58.07,1.11,1.11,"N",1,12.5,0,0,0,0,0,0,0,0,0,0,0,0
"39059","5","4861","76","0","2021","A","N","Guernsey County, Ohio","Private","NAICS 4861 Pipeline transportation of crude oil","County, NAICS 4-digit -- by ownership sector","All establishment sizes",5,0,0,0,0,0,0,"N",96.93,0,0,0,0,0,0,"N",0,0.0,0,0,0,0,0,0,0,0,0,0,0,0
"39059","5","48611","77","0","2021","A","N","Guernsey County, Ohio","Private","NAICS 48611 Pipeline transportation of crude oil","County, NAICS 5-digit -- by ownership sector","All establishment sizes",5,0,0,0,0,0,0,"N",96.93,0,0,0,0,0,0,"N",0,0.0,0,0,0,0,0,0,0,0,0,0,0,0
"39059","5","486110","78","0","2021","A","N","Guernsey County, Ohio","Private","NAICS 486110 Pipeline transportation of crude oil","County, NAICS 6-digit -- by ownership sector","All establishment sizes",5,0,0,0,0,0,0,"N",96.93,0,0,0,0,0,0,"N",0,0.0,0,0,0,0,0,0,0,0,0,0,0,0
"39059","5","4862","76","0","2021","A","N","Guernsey County, Ohio","Private","NAICS 4862 Pipeline transportation of natural gas","County, NAICS 4-digit -- by ownership sector","All establishment sizes",4,0,0,0,0,0,0,"N",22.35,0,0,0,0,0,0,"N",1,33.3,0,0,0,0,0,0,0,0,0,0,0,0
"39059","5","48621","77","0","2021","A","N","Guernsey County, Ohio","Private","NAICS 48621 Pipeline transportation of natural gas","County, NAICS 5-digit -- by ownership sector","All establishment sizes",4,0,0,0,0,0,0,"N",22.35,0,0,0,0,0,0,"N",1,33.3,0,0,0,0,0,0,0,0,0,0,0,0
"39059","5","486210","78","0","2021","A","N","Guernsey County, Ohio","Private","NAICS 486210 Pipeline transportation of natural gas","County, NAICS 6-digit -- by ownership sector","All establishment sizes",4,0,0,0,0,0,0,"N",22.35,0,0,0,0,0,0,"N",1,33.3,0,0,0,0,0,0,0,0,0,0,0,0
"39059","5","488","75","0","2021","A","","Guernsey County, Ohio","Private","NAICS 488 Support activities for transportation","County, NAICS 3-digit -- by ownership sector","All establishment sizes",5,33,1108836,339054,8574,651,33858,"",1.10,0.47,0.35,0.45,0.50,0.73,0.74,"N",0,0.0,0,0,0,0,0,0,0,0,0,0,0,0
"39059","5","4884","76","0","2021","A","N","Guernsey County, Ohio","Private","NAICS 4884 Support activities for road transportation","County, NAICS 4-digit -- by ownership sector","All establishment sizes",4,0,0,0,0,0,0,"N",3.16,0,0,0,0,0,0,"N",0,0.0,0,0,0,0,0,0,0,0,0,0,0,0
"39059","5","48841","77","0","2021","A","N","Guernsey County, Ohio","Private","NAICS 48841 Motor vehicle towing","County, NAICS 5-digit -- by ownership sector","All establishment sizes",4,0,0,0,0,0,0,"N",4.52,0,0,0,0,0,0,"N",0,0.0,0,0,0,0,0,0,0,0,0,0,0,0
"39059","5","488410","78","0","2021","A","N","Guernsey County, Ohio","Private","NAICS 488410 Motor vehicle towing","County, NAICS 6-digit -- by ownership sector","All establishment sizes",4,0,0,0,0,0,0,"N",4.52,0,0,0,0,0,0,"N",0,0.0,0,0,0,0,0,0,0,0,0,0,0,0
"39059","5","4885","76","0","2021","A","N","Guernsey County, Ohio","Private","NAICS 4885 Freight transportation arrangement","County, NAICS 4-digit -- by ownership sector","All establishment sizes",1,0,0,0,0,0,0,"N",0.54,0,0,0,0,0,0,"N",0,0.0,0,0,0,0,0,0,0,0,0,0,0,0
"39059","5","48851","77","0","2021","A","N","Guernsey County, Ohio","Private","NAICS 48851 Freight transportation arrangement","County, NAICS 5-digit -- by ownership sector","All establishment sizes",1,0,0,0,0,0,0,"N",0.54,0,0,0,0,0,0,"N",0,0.0,0,0,0,0,0,0,0,0,0,0,0,0
"39059","5","488510","78","0","2021","A","N","Guernsey County, Ohio","Private","NAICS 488510 Freight transportation arrangement","County, NAICS 6-digit -- by ownership sector","All establishment sizes",1,0,0,0,0,0,0,"N",0.54,0,0,0,0,0,0,"N",0,0.0,0,0,0,0,0,0,0,0,0,0,0,0
"39059","5","492","75","0","2021","A","","Guernsey County, Ohio","Private","NAICS 492 Couriers and messengers","County, NAICS 3-digit -- by ownership sector","All establishment sizes",6,191,6196486,2249444,49350,623,32400,"",3.20,1.82,1.68,2.10,2.53,0.92,0.92,"",1,20.0,45,30.8,2413450,63.8,505264,29.0,17354,54.2,124,24.8,6474,25.0
"39059","5","4921","76","0","2021","A","N","Guernsey County, Ohio","Private","NAICS 4921 Couriers and express delivery services","County, NAICS 4-digit -- by ownership sector","All establishment sizes",5,0,0,0,0,0,0,"N",4.51,0,0,0,0,0,0,"N",1,25.0,0,0,0,0,0,0,0,0,0,0,0,0
"39059","5","49211","77","0","2021","A","N","Guernsey County, Ohio","Private","NAICS 49211 Couriers and express delivery services","County, NAICS 5-digit -- by ownership sector","All establishment sizes",5,0,0,0,0,0,0,"N",4.51,0,0,0,0,0,0,"N",1,25.0,0,0,0,0,0,0,0,0,0,0,0,0
"39059","5","492110","78","0","2021","A","N","Guernsey County, Ohio","Private","NAICS 492110 Couriers and express delivery services","County, NAICS 6-digit -- by ownership sector","All establishment sizes",5,0,0,0,0,0,0,"N",4.51,0,0,0,0,0,0,"N",1,25.0,0,0,0,0,0,0,0,0,0,0,0,0
"39059","5","4922","76","0","2021","A","N","Guernsey County, Ohio","Private","NAICS 4922 Local messengers and local delivery","County, NAICS 4-digit -- by ownership sector","All establishment sizes",1,0,0,0,0,0,0,"N",1.31,0,0,0,0,0,0,"N",-1,-50.0,0,0,0,0,0,0,0,0,0,0,0,0
"39059","5","49221","77","0","2021","A","N","Guernsey County, Ohio","Private","NAICS 49221 Local messengers and local delivery","County, NAICS 5-digit -- by ownership sector","All establishment sizes",1,0,0,0,0,0,0,"N",1.31,0,0,0,0,0,0,"N",-1,-50.0,0,0,0,0,0,0,0,0,0,0,0,0
"39059","5","492210","78","0","2021","A","N","Guernsey County, Ohio","Private","NAICS 492210 Local messengers and local delivery","County, NAICS 6-digit -- by ownership sector","All establishment sizes",1,0,0,0,0,0,0,"N",1.31,0,0,0,0,0,0,"N",-1,-50.0,0,0,0,0,0,0,0,0,0,0,0,0
"39059","5","51","74","0","2021","A","","Guernsey County, Ohio","Private","NAICS 51 Information","County, NAICS Sector -- by ownership sector","All establishment sizes",9,51,1866529,455797,7727,698,36302,"",0.45,0.18,0.06,0.14,0.09,0.35,0.35,"",0,0.0,-8,-13.6,-253661,-12.0,-90567,-16.6,839,12.2,2,0.3,111,0.3
"39059","5","511","75","0","2021","A","N","Guernsey County, Ohio","Private","NAICS 511 Publishing industries, except internet","County, NAICS 3-digit -- by ownership sector","All establishment sizes",1,0,0,0,0,0,0,"N",0.15,0,0,0,0,0,0,"N",0,0.0,0,0,0,0,0,0,0,0,0,0,0,0
"39059","5","5111","76","0","2021","A","N","Guernsey County, Ohio","Private","NAICS 5111 Newspaper, book, and directory publishers","County, NAICS 4-digit -- by ownership sector","All establishment sizes",1,0,0,0,0,0,0,"N",0.58,0,0,0,0,0,0,"N",0,0.0,0,0,0,0,0,0,0,0,0,0,0,0
"39059","5","51111","77","0","2021","A","N","Guernsey County, Ohio","Private","NAICS 51111 Newspaper publishers","County, NAICS 5-digit -- by ownership sector","All establishment sizes",1,0,0,0,0,0,0,"N",1.71,0,0,0,0,0,0,"N",0,0.0,0,0,0,0,0,0,0,0,0,0,0,0
"39059","5","511110","78","0","2021","A","N","Guernsey County, Ohio","Private","NAICS 511110 Newspaper publishers","County, NAICS 6-digit -- by ownership sector","All establishment sizes",1,0,0,0,0,0,0,"N",1.71,0,0,0,0,0,0,"N",0,0.0,0,0,0,0,0,0,0,0,0,0,0,0
"39059","5","512","75","0","2021","A","N","Guernsey County, Ohio","Private","NAICS 512 Motion picture and sound recording industries","County, NAICS 3-digit -- by ownership sector","All establishment sizes",1,0,0,0,0,0,0,"N",0.31,0,0,0,0,0,0,"N",0,0.0,0,0,0,0,0,0,0,0,0,0,0,0
"39059","5","5121","76","0","2021","A","N","Guernsey County, Ohio","Private","NAICS 5121 Motion picture and video industries","County, NAICS 4-digit -- by ownership sector","All establishment sizes",1,0,0,0,0,0,0,"N",0.36,0,0,0,0,0,0,"N",0,0.0,0,0,0,0,0,0,0,0,0,0,0,0
"39059","5","51213","77","0","2021","A","N","Guernsey County, Ohio","Private","NAICS 51213 Motion picture and video exhibition","County, NAICS 5-digit -- by ownership sector","All establishment sizes",1,0,0,0,0,0,0,"N",2.55,0,0,0,0,0,0,"N",0,0.0,0,0,0,0,0,0,0,0,0,0,0,0
"39059","5","512131","78","0","2021","A","N","Guernsey County, Ohio","Private","NAICS 512131 Motion picture theaters, except drive-ins","County, NAICS 6-digit -- by ownership sector","All establishment sizes",1,0,0,0,0,0,0,"N",2.69,0,0,0,0,0,0,"N",0,0.0,0,0,0,0,0,0,0,0,0,0,0,0
"39059","5","515","75","0","2021","A","N","Guernsey County, Ohio","Private","NAICS 515 Broadcasting, except internet","County, NAICS 3-digit -- by ownership sector","All establishment sizes",1,0,0,0,0,0,0,"N",1.19,0,0,0,0,0,0,"N",0,0.0,0,0,0,0,0,0,0,0,0,0,0,0
"39059","5","5151","76","0","2021","A","N","Guernsey County, Ohio","Private","NAICS 5151 Radio and television broadcasting","County, NAICS 4-digit -- by ownership sector","All establishment sizes",1,0,0,0,0,0,0,"N",1.37,0,0,0,0,0,0,"N",0,0.0,0,0,0,0,0,0,0,0,0,0,0,0
"39059","5","51511","77","0","2021","A","N","Guernsey County, Ohio","Private","NAICS 51511 Radio broadcasting","County, NAICS 5-digit -- by ownership sector","All establishment sizes",1,0,0,0,0,0,0,"N",2.19,0,0,0,0,0,0,"N",0,0.0,0,0,0,0,0,0,0,0,0,0,0,0
"39059","5","515111","78","0","2021","A","N","Guernsey County, Ohio","Private","NAICS 515111 Radio networks","County, NAICS 6-digit -- by ownership sector","All establishment sizes",1,0,0,0,0,0,0,"N",9.39,0,0,0,0,0,0,"N",0,0.0,0,0,0,0,0,0,0,0,0,0,0,0
"39059","5","517","75","0","2021","A","","Guernsey County, Ohio","Private","NAICS 517 Telecommunications","County, NAICS 3-digit -- by ownership sector","All establishment sizes",6,18,908224,191216,4755,979,50928,"",1.91,0.28,0.19,0.26,0.26,0.70,0.70,"",0,0.0,1,5.9,43320,5.0,31844,20.0,529,12.5,15,1.6,789,1.6
"39059","5","5173","76","0","2021","A","","Guernsey County, Ohio","Private","NAICS 5173 Wired and wireless telecommunications carriers","County, NAICS 4-digit -- by ownership sector","All establishment sizes",6,18,908224,191216,4755,979,50928,"",2.58,0.32,0.23,0.30,0.31,0.73,0.73,"",0,0.0,1,5.9,43320,5.0,31844,20.0,529,12.5,15,1.6,789,1.6
"39059","5","51731","77","0","2021","A","","Guernsey County, Ohio","Private","NAICS 51731 Wired and wireless telecommunications carriers","County, NAICS 5-digit -- by ownership sector","All establishment sizes",6,18,908224,191216,4755,979,50928,"",2.58,0.32,0.23,0.30,0.31,0.73,0.73,"",0,0.0,1,5.9,43320,5.0,31844,20.0,529,12.5,15,1.6,789,1.6
"39059","5","517311","78","0","2021","A","N","Guernsey County, Ohio","Private","NAICS 517311 Wired telecommunications carriers","County, NAICS 6-digit -- by ownership sector","All establishment sizes",4,0,0,0,0,0,0,"N",2.36,0,0,0,0,0,0,"N",0,0.0,0,0,0,0,0,0,0,0,0,0,0,0
"39059","5","517312","78","0","2021","A","N","Guernsey County, Ohio","Private","NAICS 517312 Wireless telecommunications carriers (except satellite)","County, NAICS 6-digit -- by ownership sector","All establishment sizes",2,0,0,0,0,0,0,"N",3.18,0,0,0,0,0,0,"N",0,0.0,0,0,0,0,0,0,0,0,0,0,0,0
"39059","5","52","74","0","2021","A","","Guernsey County, Ohio","Private","NAICS 52 Finance and insurance","County, NAICS Sector -- by ownership sector","All establishment sizes",40,217,10924074,1742360,30944,967,50303,"",0.85,0.36,0.20,0.27,0.22,0.56,0.56,"",-4,-9.1,-145,-40.1,-15480814,-58.6,-1434166,-45.1,-24911,-44.6,-435,-31.0,-22605,-31.0
"39059","5","522","75","0","2021","A","","Guernsey County, Ohio","Private","NAICS 522 Credit intermediation and related activities","County, NAICS 3-digit -- by ownership sector","All establishment sizes",22,165,8313224,1305583,23683,966,50256,"",1.33,0.63,0.42,0.46,0.41,0.67,0.67,"",0,0.0,8,5.1,293529,3.7,123729,10.5,5910,33.3,-19,-1.9,-961,-1.9
"39059","5","5221","76","0","2021","A","","Guernsey County, Ohio","Private","NAICS 5221 Depository credit intermediation","County, NAICS 4-digit -- by ownership sector","All establishment sizes",15,133,6378062,976881,17181,922,47925,"",1.61,0.78,0.57,0.54,0.53,0.73,0.73,"",0,0.0,8,6.4,186307,3.0,126055,14.8,2917,20.5,-34,-3.6,-1775,-3.6
"39059","5","52211","77","0","2021","A","N","Guernsey County, Ohio","Private","NAICS 52211 Commercial banking","County, NAICS 5-digit -- by ownership sector","All establishment sizes",13,0,0,0,0,0,0,"N",1.83,0,0,0,0,0,0,"N",-1,-7.1,0,0,0,0,0,0,0,0,0,0,0,0
"39059","5","522110","78","0","2021","A","N","Guernsey County, Ohio","Private","NAICS 522110 Commercial banking","County, NAICS 6-digit -- by ownership sector","All establishment sizes",13,0,0,0,0,0,0,"N",1.83,0,0,0,0,0,0,"N",-1,-7.1,0,0,0,0,0,0,0,0,0,0,0,0
"39059","5","52213","77","0","2021","A","N","Guernsey County, Ohio","Private","NAICS 52213 Credit unions","County, NAICS 5-digit -- by ownership sector","All establishment sizes",2,0,0,0,0,0,0,"N",1.27,0,0,0,0,0,0,"N",1,100.0,0,0,0,0,0,0,0,0,0,0,0,0
"39059","5","522130","78","0","2021","A","N","Guernsey County, Ohio","Private","NAICS 522130 Credit unions","County, NAICS 6-digit -- by ownership sector","All establishment sizes",2,0,0,0,0,0,0,"N",1.27,0,0,0,0,0,0,"N",1,100.0,0,0,0,0,0,0,0,0,0,0,0,0
"39059","5","5222","76","0","2021","A","","Guernsey County, Ohio","Private","NAICS 5222 Nondepository credit intermediation","County, NAICS 4-digit -- by ownership sector","All establishment sizes",6,32,1935162,328702,6502,1151,59850,"",1.33,0.53,0.37,0.50,0.39,0.69,0.69,"",-1,-14.3,0,0.0,107222,5.9,-2326,-0.7,2993,85.3,52,4.7,2727,4.8
"39059","5","52229","77","0","2021","A","","Guernsey County, Ohio","Private","NAICS 52229 Other nondepository credit intermediation","County, NAICS 5-digit -- by ownership sector","All establishment sizes",6,32,1935162,328702,6502,1151,59850,"",1.54,0.71,0.48,0.64,0.51,0.67,0.67,"",-1,-14.3,0,0.0,107222,5.9,-2326,-0.7,2993,85.3,52,4.7,2727,4.8
"39059","5","522291","78","0","2021","A","N","Guernsey County, Ohio","Private","NAICS 522291 Consumer lending","County, NAICS 6-digit -- by ownership sector","All establishment sizes",2,0,0,0,0,0,0,"N",1.45,0,0,0,0,0,0,"N",-2,-50.0,0,0,0,0,0,0,0,0,0,0,0,0
"39059","5","522292","78","0","2021","A","N","Guernsey County, Ohio","Private","NAICS 522292 Real estate credit","County, NAICS 6-digit -- by ownership sector","All establishment sizes",2,0,0,0,0,0,0,"N",1.25,0,0,0,0,0,0,"N",0,0.0,0,0,0,0,0,0,0,0,0,0,0,0
"39059","5","522298","78","0","2021","A","N","Guernsey County, Ohio","Private","NAICS 522298 All other nondepository credit intermediation","County, NAICS 6-digit -- by ownership sector","All establishment sizes",2,0,0,0,0,0,0,"N",2.47,0,0,0,0,0,0,"N",1,100.0,0,0,0,0,0,0,0,0,0,0,0,0
"39059","5","523","75","0","2021","A","","Guernsey County, Ohio","Private","NAICS 523 Securities, commodity contracts, investments","County, NAICS 3-digit -- by ownership sector","All establishment sizes",7,13,989466,93939,2713,1427,74210,"",0.61,0.14,0.05,0.08,0.10,0.38,0.38,"N",-1,-12.5,0,0,0,0,0,0,0,0,0,0,0,0
"39059","5","5231","76","0","2021","A","N","Guernsey County, Ohio","Private","NAICS 5231 Securities and commodity contracts brokerage","County, NAICS 4-digit -- by ownership sector","All establishment sizes",5,0,0,0,0,0,0,"N",1.36,0,0,0,0,0,0,"N",0,0.0,0,0,0,0,0,0,0,0,0,0,0,0
"39059","5","52311","77","0","2021","A","N","Guernsey County, Ohio","Private","NAICS 52311 Investment banking and securities dealing","County, NAICS 5-digit -- by ownership sector","All establishment sizes",1,0,0,0,0,0,0,"N",1.40,0,0,0,0,0,0,"N",1,100.0,0,0,0,0,0,0,0,0,0,0,0,0
"39059","5","523110","78","0","2021","A","N","Guernsey County, Ohio","Private","NAICS 523110 Investment banking and securities dealing","County, NAICS 6-digit -- by ownership sector","All establishment sizes",1,0,0,0,0,0,0,"N",1.40,0,0,0,0,0,0,"N",1,100.0,0,0,0,0,0,0,0,0,0,0,0,0
"39059","5","52312","77","0","2021","A","N","Guernsey County, Ohio","Private","NAICS 52312 Securities brokerage","County, NAICS 5-digit -- by ownership sector","All establishment sizes",4,0,0,0,0,0,0,"N",1.50,0,0,0,0,0,0,"N",-1,-20.0,0,0,0,0,0,0,0,0,0,0,0,0
"39059","5","523120","78","0","2021","A","N","Guernsey County, Ohio","Private","NAICS 523120 Securities brokerage","County, NAICS 6-digit -- by ownership sector","All establishment sizes",4,0,0,0,0,0,0,"N",1.50,0,0,0,0,0,0,"N",-1,-20.0,0,0,0,0,0,0,0,0,0,0,0,0
"39059","5","5239","76","0","2021","A","N","Guernsey County, Ohio","Private","NAICS 5239 Other financial investment activities","County, NAICS 4-digit -- by ownership sector","All establishment sizes",2,0,0,0,0,0,0,"N",0.26,0,0,0,0,0,0,"N",-1,-33.3,0,0,0,0,0,0,0,0,0,0,0,0
"39059","5","52393","77","0","2021","A","N","Guernsey County, Ohio","Private","NAICS 52393 Investment advice","County, NAICS 5-digit -- by ownership sector","All establishment sizes",2,0,0,0,0,0,0,"N",0.48,0,0,0,0,0,0,"N",0,0.0,0,0,0,0,0,0,0,0,0,0,0,0
"39059","5","523930","78","0","2021","A","N","Guernsey County, Ohio","Private","NAICS 523930 Investment advice","County, NAICS 6-digit -- by ownership sector","All establishment sizes",2,0,0,0,0,0,0,"N",0.48,0,0,0,0,0,0,"N",0,0.0,0,0,0,0,0,0,0,0,0,0,0,0
"39059","5","524","75","0","2021","A","","Guernsey County, Ohio","Private","NAICS 524 Insurance carriers and related activities","County, NAICS 3-digit -- by ownership sector","All establishment sizes",12,38,1621384,342838,4548,812,42205,"",0.65,0.16,0.10,0.14,0.09,0.63,0.63,"N",-2,-14.3,0,0,0,0,0,0,0,0,0,0,0,0
"39059","5","5241","76","0","2021","A","","Guernsey County, Ohio","Private","NAICS 5241 Insurance carriers","County, NAICS 4-digit -- by ownership sector","All establishment sizes",3,13,592399,82899,703,860,44709,"",1.08,0.11,0.07,0.07,0.03,0.62,0.62,"N",0,0.0,0,0,0,0,0,0,0,0,0,0,0,0
"39059","5","52411","77","0","2021","A","N","Guernsey County, Ohio","Private","NAICS 52411 Direct life and health insurance carriers","County, NAICS 5-digit -- by ownership sector","All establishment sizes",1,0,0,0,0,0,0,"N",1.05,0,0,0,0,0,0,"N",0,0.0,0,0,0,0,0,0,0,0,0,0,0,0
"39059","5","524113","78","0","2021","A","N","Guernsey County, Ohio","Private","NAICS 524113 Direct life insurance carriers","County, NAICS 6-digit -- by ownership sector","All establishment sizes",1,0,0,0,0,0,0,"N",2.24,0,0,0,0,0,0,"N",0,0.0,0,0,0,0,0,0,0,0,0,0,0,0
"39059","5","52412","77","0","2021","A","N","Guernsey County, Ohio","Private","NAICS 52412 Direct insurers, except life and health","County, NAICS 5-digit -- by ownership sector","All establishment sizes",2,0,0,0,0,0,0,"N",1.14,0,0,0,0,0,0,"N",0,0.0,0,0,0,0,0,0,0,0,0,0,0,0
"39059","5","524126","78","0","2021","A","N","Guernsey County, Ohio","Private","NAICS 524126 Direct property and casualty insurers","County, NAICS 6-digit -- by ownership sector","All establishment sizes",2,0,0,0,0,0,0,"N",1.80,0,0,0,0,0,0,"N",0,0.0,0,0,0,0,0,0,0,0,0,0,0,0
"39059","5","5242","76","0","2021","A","","Guernsey County, Ohio","Private","NAICS 5242 Insurance agencies and brokerages","County, NAICS 4-digit -- by ownership sector","All establishment sizes",9,25,1028985,259939,3845,786,40887,"",0.58,0.21,0.14,0.20,0.14,0.67,0.67,"",-2,-18.2,-3,-10.7,-388878,-27.4,-76625,-22.8,933,32.0,-182,-18.8,-9451,-18.8
"39059","5","52421","77","0","2021","A","","Guernsey County, Ohio","Private","NAICS 52421 Insurance agencies and brokerages","County, NAICS 5-digit -- by ownership sector","All establishment sizes",9,25,1028985,259939,3845,786,40887,"",0.67,0.29,0.19,0.29,0.22,0.66,0.66,"",-2,-18.2,-3,-10.7,-388878,-27.4,-76625,-22.8,933,32.0,-182,-18.8,-9451,-18.8
"39059","5","524210","78","0","2021","A","","Guernsey County, Ohio","Private","NAICS 524210 Insurance agencies and brokerages","County, NAICS 6-digit -- by ownership sector","All establishment sizes",9,25,1028985,259939,3845,786,40887,"",0.67,0.29,0.19,0.29,0.22,0.66,0.66,"",-2,-18.2,-3,-10.7,-388878,-27.4,-76625,-22.8,933,32.0,-182,-18.8,-9451,-18.8
"39059","5","53","74","0","2021","A","","Guernsey County, Ohio","Private","NAICS 53 Real estate and rental and leasing","County, NAICS Sector -- by ownership sector","All establishment sizes",29,77,2817578,684519,15663,704,36592,"",0.74,0.36,0.27,0.31,0.29,0.76,0.76,"",1,3.6,6,8.5,357563,14.5,71687,11.7,3892,33.1,36,5.4,1862,5.4
"39059","5","531","75","0","2021","A","","Guernsey County, Ohio","Private","NAICS 531 Real estate","County, NAICS 3-digit -- by ownership sector","All establishment sizes",23,40,1131093,302226,8644,543,28219,"",0.67,0.24,0.14,0.18,0.21,0.58,0.58,"",2,9.5,5,14.3,99943,9.7,22350,8.0,1383,19.0,-26,-4.6,-1383,-4.7
"39059","5","5311","76","0","2021","A","","Guernsey County, Ohio","Private","NAICS 5311 Lessors of real estate","County, NAICS 4-digit -- by ownership sector","All establishment sizes",13,22,612383,142254,2903,544,28264,"",1.27,0.38,0.24,0.25,0.21,0.64,0.63,"",0,0.0,1,4.8,2801,0.5,-5622,-3.8,-575,-16.5,-16,-2.9,-879,-3.0
"39059","5","53111","77","0","2021","A","","Guernsey County, Ohio","Private","NAICS 53111 Lessors of residential buildings","County, NAICS 5-digit -- by ownership sector","All establishment sizes",9,19,499581,116118,2293,515,26763,"",1.60,0.55,0.38,0.34,0.27,0.71,0.70,"",0,0.0,1,5.6,34339,7.4,14688,14.5,53,2.4,11,2.2,552,2.1
"39059","5","531110","78","0","2021","A","","Guernsey County, Ohio","Private","NAICS 531110 Lessors of residential buildings","County, NAICS 6-digit -- by ownership sector","All establishment sizes",9,19,499581,116118,2293,515,26763,"",1.60,0.55,0.38,0.34,0.27,0.71,0.70,"",0,0.0,1,5.6,34339,7.4,14688,14.5,53,2.4,11,2.2,552,2.1
"39059","5","53112","77","0","2021","A","N","Guernsey County, Ohio","Private","NAICS 53112 Lessors of nonresidential buildings","County, NAICS 5-digit -- by ownership sector","All establishment sizes",2,0,0,0,0,0,0,"N",0.88,0,0,0,0,0,0,"N",0,0.0,0,0,0,0,0,0,0,0,0,0,0,0
"39059","5","531120","78","0","2021","A","N","Guernsey County, Ohio","Private","NAICS 531120 Lessors of nonresidential buildings","County, NAICS 6-digit -- by ownership sector","All establishment sizes",2,0,0,0,0,0,0,"N",0.88,0,0,0,0,0,0,"N",0,0.0,0,0,0,0,0,0,0,0,0,0,0,0
"39059","5","53119","77","0","2021","A","N","Guernsey County, Ohio","Private","NAICS 53119 Lessors of other real estate property","County, NAICS 5-digit -- by ownership sector","All establishment sizes",2,0,0,0,0,0,0,"N",2.26,0,0,0,0,0,0,"N",0,0.0,0,0,0,0,0,0,0,0,0,0,0,0
"39059","5","531190","78","0","2021","A","N","Guernsey County, Ohio","Private","NAICS 531190 Lessors of other real estate property","County, NAICS 6-digit -- by ownership sector","All establishment sizes",2,0,0,0,0,0,0,"N",2.26,0,0,0,0,0,0,"N",0,0.0,0,0,0,0,0,0,0,0,0,0,0,0
"39059","5","5312","76","0","2021","A","","Guernsey County, Ohio","Private","NAICS 5312 Offices of real estate agents and brokers","County, NAICS 4-digit -- by ownership sector","All establishment sizes",5,8,226849,73096,927,563,29271,"",0.39,0.23,0.11,0.19,0.11,0.49,0.49,"",2,66.7,2,33.3,34524,18.0,372,0.5,594,178.4,-21,-3.6,-1096,-3.6
"39059","5","53121","77","0","2021","A","","Guernsey County, Ohio","Private","NAICS 53121 Offices of real estate agents and brokers","County, NAICS 5-digit -- by ownership sector","All establishment sizes",5,8,226849,73096,927,563,29271,"",0.39,0.23,0.11,0.19,0.11,0.49,0.49,"",2,66.7,2,33.3,34524,18.0,372,0.5,594,178.4,-21,-3.6,-1096,-3.6
"39059","5","531210","78","0","2021","A","","Guernsey County, Ohio","Private","NAICS 531210 Offices of real estate agents and brokers","County, NAICS 6-digit -- by ownership sector","All establishment sizes",5,8,226849,73096,927,563,29271,"",0.39,0.23,0.11,0.19,0.11,0.49,0.49,"",2,66.7,2,33.3,34524,18.0,372,0.5,594,178.4,-21,-3.6,-1096,-3.6
"39059","5","5313","76","0","2021","A","","Guernsey County, Ohio","Private","NAICS 5313 Activities related to real estate","County, NAICS 4-digit -- by ownership sector","All establishment sizes",5,11,291861,86876,4814,526,27362,"",0.45,0.15,0.08,0.11,0.25,0.58,0.58,"",0,0.0,3,37.5,62618,27.3,27600,46.6,1364,39.5,-55,-9.5,-2868,-9.5
"39059","5","53131","77","0","2021","A","N","Guernsey County, Ohio","Private","NAICS 53131 Real estate property managers","County, NAICS 5-digit -- by ownership sector","All establishment sizes",4,0,0,0,0,0,0,"N",0.50,0,0,0,0,0,0,"N",0,0.0,0,0,0,0,0,0,0,0,0,0,0,0
"39059","5","531311","78","0","2021","A","","Guernsey County, Ohio","Private","NAICS 531311 Residential property managers","County, NAICS 6-digit -- by ownership sector","All establishment sizes",3,8,213975,66861,4274,543,28216,"",0.50,0.17,0.12,0.14,0.35,0.75,0.75,"",0,0.0,2,33.3,37148,21.0,12861,23.8,944,28.3,-24,-4.2,-1255,-4.3
"39059","5","531312","78","0","2021","A","N","Guernsey County, Ohio","Private","NAICS 531312 Nonresidential property managers","County, NAICS 6-digit -- by ownership sector","All establishment sizes",1,0,0,0,0,0,0,"N",0.51,0,0,0,0,0,0,"N",0,0.0,0,0,0,0,0,0,0,0,0,0,0,0
"39059","5","53132","77","0","2021","A","N","Guernsey County, Ohio","Private","NAICS 53132 Offices of real estate appraisers","County, NAICS 5-digit -- by ownership sector","All establishment sizes",1,0,0,0,0,0,0,"N",0.83,0,0,0,0,0,0,"N",0,0.0,0,0,0,0,0,0,0,0,0,0,0,0
"39059","5","531320","78","0","2021","A","N","Guernsey County, Ohio","Private","NAICS 531320 Offices of real estate appraisers","County, NAICS 6-digit -- by ownership sector","All establishment sizes",1,0,0,0,0,0,0,"N",0.83,0,0,0,0,0,0,"N",0,0.0,0,0,0,0,0,0,0,0,0,0,0,0
"39059","5","532","75","0","2021","A","","Guernsey County, Ohio","Private","NAICS 532 Rental and leasing services","County, NAICS 3-digit -- by ownership sector","All establishment sizes",6,37,1686485,382293,7019,879,45684,"",1.25,0.78,0.82,0.78,0.58,1.06,1.06,"",-2,-25.0,1,2.8,257620,18.0,49337,14.8,2509,55.6,116,15.2,5993,15.1
"39059","5","5322","76","0","2021","A","N","Guernsey County, Ohio","Private","NAICS 5322 Consumer goods rental","County, NAICS 4-digit -- by ownership sector","All establishment sizes",4,0,0,0,0,0,0,"N",2.60,0,0,0,0,0,0,"N",-1,-20.0,0,0,0,0,0,0,0,0,0,0,0,0
"39059","5","53228","77","0","2021","A","N","Guernsey County, Ohio","Private","NAICS 53228 Other consumer goods rental","County, NAICS 5-digit -- by ownership sector","All establishment sizes",4,0,0,0,0,0,0,"N",2.84,0,0,0,0,0,0,"N",-1,-20.0,0,0,0,0,0,0,0,0,0,0,0,0
"39059","5","532281","78","0","2021","A","N","Guernsey County, Ohio","Private","NAICS 532281 Formal wear and costume rental","County, NAICS 6-digit -- by ownership sector","All establishment sizes",1,0,0,0,0,0,0,"N",14.28,0,0,0,0,0,0,"N",0,0.0,0,0,0,0,0,0,0,0,0,0,0,0
"39059","5","532282","78","0","2021","A","N","Guernsey County, Ohio","Private","NAICS 532282 Video tape and disc rental","County, NAICS 6-digit -- by ownership sector","All establishment sizes",0,0,0,0,0,0,0,"N",0.00,0,0,0,0,0,0,"N",-1,-100.0,0,0,0,0,0,0,0,0,0,0,0,0
"39059","5","532283","78","0","2021","A","N","Guernsey County, Ohio","Private","NAICS 532283 Home health equipment rental","County, NAICS 6-digit -- by ownership sector","All establishment sizes",1,0,0,0,0,0,0,"N",4.13,0,0,0,0,0,0,"N",0,0.0,0,0,0,0,0,0,0,0,0,0,0,0
"39059","5","532289","78","0","2021","A","N","Guernsey County, Ohio","Private","NAICS 532289 All other consumer goods rental","County, NAICS 6-digit -- by ownership sector","All establishment sizes",2,0,0,0,0,0,0,"N",2.59,0,0,0,0,0,0,"N",0,0.0,0,0,0,0,0,0,0,0,0,0,0,0
"39059","5","5324","76","0","2021","A","N","Guernsey County, Ohio","Private","NAICS 5324 Machinery and equipment rental and leasing","County, NAICS 4-digit -- by ownership sector","All establishment sizes",2,0,0,0,0,0,0,"N",1.35,0,0,0,0,0,0,"N",-1,-33.3,0,0,0,0,0,0,0,0,0,0,0,0
"39059","5","53241","77","0","2021","A","N","Guernsey County, Ohio","Private","NAICS 53241 Heavy machinery rental and leasing","County, NAICS 5-digit -- by ownership sector","All establishment sizes",2,0,0,0,0,0,0,"N",3.09,0,0,0,0,0,0,"N",-1,-33.3,0,0,0,0,0,0,0,0,0,0,0,0
"39059","5","532412","78","0","2021","A","N","Guernsey County, Ohio","Private","NAICS 532412 Other heavy machinery rental and leasing","County, NAICS 6-digit -- by ownership sector","All establishment sizes",2,0,0,0,0,0,0,"N",3.48,0,0,0,0,0,0,"N",-1,-33.3,0,0,0,0,0,0,0,0,0,0,0,0
"39059","5","54","74","0","2021","A","","Guernsey County, Ohio","Private","NAICS 54 Professional and technical services","County, NAICS Sector -- by ownership sector","All establishment sizes",46,439,26148081,4607613,126061,1146,59574,"",0.37,0.46,0.34,0.44,0.49,0.76,0.76,"",0,0.0,38,9.5,2161389,9.0,689932,17.6,73951,141.9,-3,-0.3,-181,-0.3
"39059","5","541","75","0","2021","A","","Guernsey County, Ohio","Private","NAICS 541 Professional and technical services","County, NAICS 3-digit -- by ownership sector","All establishment sizes",46,439,26148081,4607613,126061,1146,59574,"",0.37,0.46,0.34,0.44,0.49,0.76,0.76,"",0,0.0,38,9.5,2161389,9.0,689932,17.6,73951,141.9,-3,-0.3,-181,-0.3
"39059","5","5411","76","0","2021","A","","Guernsey County, Ohio","Private","NAICS 5411 Legal services","County, NAICS 4-digit -- by ownership sector","All establishment sizes",8,19,807494,193452,2972,817,42500,"",0.46,0.17,0.09,0.17,0.13,0.54,0.54,"",0,0.0,-2,-9.5,12723,1.6,779,0.4,1355,83.8,80,10.9,4198,11.0
"39059","5","54111","77","0","2021","A","N","Guernsey County, Ohio","Private","NAICS 54111 Offices of lawyers","County, NAICS 5-digit -- by ownership sector","All establishment sizes",7,0,0,0,0,0,0,"N",0.44,0,0,0,0,0,0,"N",0,0.0,0,0,0,0,0,0,0,0,0,0,0,0
"39059","5","541110","78","0","2021","A","N","Guernsey County, Ohio","Private","NAICS 541110 Offices of lawyers","County, NAICS 6-digit -- by ownership sector","All establishment sizes",7,0,0,0,0,0,0,"N",0.44,0,0,0,0,0,0,"N",0,0.0,0,0,0,0,0,0,0,0,0,0,0,0
"39059","5","54119","77","0","2021","A","N","Guernsey County, Ohio","Private","NAICS 54119 Other legal services","County, NAICS 5-digit -- by ownership sector","All establishment sizes",2,0,0,0,0,0,0,"N",1.33,0,0,0,0,0,0,"N",1,100.0,0,0,0,0,0,0,0,0,0,0,0,0
"39059","5","541191","78","0","2021","A","N","Guernsey County, Ohio","Private","NAICS 541191 Title abstract and settlement offices","County, NAICS 6-digit -- by ownership sector","All establishment sizes",2,0,0,0,0,0,0,"N",2.40,0,0,0,0,0,0,"N",1,100.0,0,0,0,0,0,0,0,0,0,0,0,0
"39059","5","5412","76","0","2021","A","","Guernsey County, Ohio","Private","NAICS 5412 Accounting and bookkeeping services","County, NAICS 4-digit -- by ownership sector","All establishment sizes",10,35,1259578,315153,10957,684,35565,"",0.70,0.34,0.21,0.28,0.40,0.60,0.60,"",-1,-9.1,-3,-7.9,-296150,-19.0,-46424,-12.8,-382,-3.4,-95,-12.2,-4931,-12.2
"39059","5","54121","77","0","2021","A","","Guernsey County, Ohio","Private","NAICS 54121 Accounting and bookkeeping services","County, NAICS 5-digit -- by ownership sector","All establishment sizes",10,35,1259578,315153,10957,684,35565,"",0.70,0.34,0.21,0.28,0.40,0.60,0.60,"",-1,-9.1,-3,-7.9,-296150,-19.0,-46424,-12.8,-382,-3.4,-95,-12.2,-4931,-12.2
"39059","5","541211","78","0","2021","A","","Guernsey County, Ohio","Private","NAICS 541211 Offices of certified public accountants","County, NAICS 6-digit -- by ownership sector","All establishment sizes",5,23,999811,199354,3389,830,43157,"",0.98,0.47,0.29,0.37,0.33,0.62,0.62,"",-1,-16.7,-5,-17.9,-306613,-23.5,-40644,-16.9,161,5.0,-84,-9.2,-4349,-9.2
"39059","5","541213","78","0","2021","A","N","Guernsey County, Ohio","Private","NAICS 541213 Tax preparation services","County, NAICS 6-digit -- by ownership sector","All establishment sizes",3,0,0,0,0,0,0,"N",0.95,0,0,0,0,0,0,"N",1,50.0,0,0,0,0,0,0,0,0,0,0,0,0
"39059","5","541219","78","0","2021","A","N","Guernsey County, Ohio","Private","NAICS 541219 Other accounting services","County, NAICS 6-digit -- by ownership sector","All establishment sizes",3,0,0,0,0,0,0,"N",0.59,0,0,0,0,0,0,"N",0,0.0,0,0,0,0,0,0,0,0,0,0,0,0
"39059","5","5413","76","0","2021","A","","Guernsey County, Ohio","Private","NAICS 5413 Architectural and engineering services","County, NAICS 4-digit -- by ownership sector","All establishment sizes",12,313,21101898,3393129,97929,1295,67329,"",0.91,2.10,2.05,2.09,2.45,0.98,0.98,"",0,0.0,42,15.5,2277518,12.1,753508,28.5,71966,277.2,-42,-3.1,-2219,-3.2
"39059","5","54131","77","0","2021","A","N","Guernsey County, Ohio","Private","NAICS 54131 Architectural services","County, NAICS 5-digit -- by ownership sector","All establishment sizes",1,0,0,0,0,0,0,"N",0.44,0,0,0,0,0,0,"N",0,0.0,0,0,0,0,0,0,0,0,0,0,0,0
"39059","5","541310","78","0","2021","A","N","Guernsey County, Ohio","Private","NAICS 541310 Architectural services","County, NAICS 6-digit -- by ownership sector","All establishment sizes",1,0,0,0,0,0,0,"N",0.44,0,0,0,0,0,0,"N",0,0.0,0,0,0,0,0,0,0,0,0,0,0,0
"39059","5","54133","77","0","2021","A","","Guernsey County, Ohio","Private","NAICS 54133 Engineering services","County, NAICS 5-digit -- by ownership sector","All establishment sizes",9,305,20594247,3312129,96696,1300,67578,"",1.22,3.04,2.76,3.01,3.55,0.91,0.91,"",0,0.0,44,16.9,2285242,12.5,759650,29.8,71843,289.1,-49,-3.6,-2549,-3.6
"39059","5","541330","78","0","2021","A","","Guernsey County, Ohio","Private","NAICS 541330 Engineering services","County, NAICS 6-digit -- by ownership sector","All establishment sizes",9,305,20594247,3312129,96696,1300,67578,"",1.22,3.04,2.76,3.01,3.55,0.91,0.91,"",0,0.0,44,16.9,2285242,12.5,759650,29.8,71843,289.1,-49,-3.6,-2549,-3.6
"39059","5","54137","77","0","2021","A","N","Guernsey County, Ohio","Private","NAICS 54137 Other surveying and mapping services","County, NAICS 5-digit -- by ownership sector","All establishment sizes",1,0,0,0,0,0,0,"N",1.40,0,0,0,0,0,0,"N",0,0.0,0,0,0,0,0,0,0,0,0,0,0,0
"39059","5","541370","78","0","2021","A","N","Guernsey County, Ohio","Private","NAICS 541370 Other surveying and mapping services","County, NAICS 6-digit -- by ownership sector","All establishment sizes",1,0,0,0,0,0,0,"N",1.40,0,0,0,0,0,0,"N",0,0.0,0,0,0,0,0,0,0,0,0,0,0,0
"39059","5","54138","77","0","2021","A","N","Guernsey County, Ohio","Private","NAICS 54138 Testing laboratories","County, NAICS 5-digit -- by ownership sector","All establishment sizes",1,0,0,0,0,0,0,"N",1.06,0,0,0,0,0,0,"N",0,0.0,0,0,0,0,0,0,0,0,0,0,0,0
"39059","5","541380","78","0","2021","A","N","Guernsey County, Ohio","Private","NAICS 541380 Testing laboratories","County, NAICS 6-digit -- by ownership sector","All establishment sizes",1,0,0,0,0,0,0,"N",1.06,0,0,0,0,0,0,"N",0,0.0,0,0,0,0,0,0,0,0,0,0,0,0
"39059","5","5414","76","0","2021","A","N","Guernsey County, Ohio","Private","NAICS 5414 Specialized design services","County, NAICS 4-digit -- by ownership sector","All establishment sizes",1,0,0,0,0,0,0,"N",0.27,0,0,0,0,0,0,"N",1,100.0,0,0,0,0,0,0,0,0,0,0,0,0
"39059","5","54142","77","0","2021","A","N","Guernsey County, Ohio","Private","NAICS 54142 Industrial design services","County, NAICS 5-digit -- by ownership sector","All establishment sizes",1,0,0,0,0,0,0,"N",4.42,0,0,0,0,0,0,"N",1,100.0,0,0,0,0,0,0,0,0,0,0,0,0
"39059","5","541420","78","0","2021","A","N","Guernsey County, Ohio","Private","NAICS 541420 Industrial design services","County, NAICS 6-digit -- by ownership sector","All establishment sizes",1,0,0,0,0,0,0,"N",4.42,0,0,0,0,0,0,"N",1,100.0,0,0,0,0,0,0,0,0,0,0,0,0
"39059","5","5415","76","0","2021","A","N","Guernsey County, Ohio","Private","NAICS 5415 Computer systems design and related services","County, NAICS 4-digit -- by ownership sector","All establishment sizes",2,0,0,0,0,0,0,"N",0.07,0,0,0,0,0,0,"N",-1,-33.3,0,0,0,0,0,0,0,0,0,0,0,0
"39059","5","54151","77","0","2021","A","N","Guernsey County, Ohio","Private","NAICS 54151 Computer systems design and related services","County, NAICS 5-digit -- by ownership sector","All establishment sizes",2,0,0,0,0,0,0,"N",0.07,0,0,0,0,0,0,"N",-1,-33.3,0,0,0,0,0,0,0,0,0,0,0,0
"39059","5","541511","78","0","2021","A","N","Guernsey County, Ohio","Private","NAICS 541511 Custom computer programming services","County, NAICS 6-digit -- by ownership sector","All establishment sizes",2,0,0,0,0,0,0,"N",0.15,0,0,0,0,0,0,"N",-1,-33.3,0,0,0,0,0,0,0,0,0,0,0,0
"39059","5","5416","76","0","2021","A","","Guernsey County, Ohio","Private","NAICS 5416 Management and technical consulting services","County, NAICS 4-digit -- by ownership sector","All establishment sizes",6,11,761305,112728,4585,1331,69210,"",0.21,0.07,0.06,0.06,0.10,0.91,0.91,"N",1,20.0,0,0,0,0,0,0,0,0,0,0,0,0
"39059","5","54161","77","0","2021","A","N","Guernsey County, Ohio","Private","NAICS 54161 Management consulting services","County, NAICS 5-digit -- by ownership sector","All establishment sizes",4,0,0,0,0,0,0,"N",0.17,0,0,0,0,0,0,"N",0,0.0,0,0,0,0,0,0,0,0,0,0,0,0
"39059","5","541611","78","0","2021","A","N","Guernsey County, Ohio","Private","NAICS 541611 Administrative management consulting services","County, NAICS 6-digit -- by ownership sector","All establishment sizes",3,0,0,0,0,0,0,"N",0.25,0,0,0,0,0,0,"N",0,0.0,0,0,0,0,0,0,0,0,0,0,0,0
"39059","5","541614","78","0","2021","A","N","Guernsey County, Ohio","Private","NAICS 541614 Process and logistics consulting services","County, NAICS 6-digit -- by ownership sector","All establishment sizes",1,0,0,0,0,0,0,"N",0.67,0,0,0,0,0,0,"N",0,0.0,0,0,0,0,0,0,0,0,0,0,0,0
"39059","5","54162","77","0","2021","A","N","Guernsey County, Ohio","Private","NAICS 54162 Environmental consulting services","County, NAICS 5-digit -- by ownership sector","All establishment sizes",1,0,0,0,0,0,0,"N",0.85,0,0,0,0,0,0,"N",0,0.0,0,0,0,0,0,0,0,0,0,0,0,0
"39059","5","541620","78","0","2021","A","N","Guernsey County, Ohio","Private","NAICS 541620 Environmental consulting services","County, NAICS 6-digit -- by ownership sector","All establishment sizes",1,0,0,0,0,0,0,"N",0.85,0,0,0,0,0,0,"N",0,0.0,0,0,0,0,0,0,0,0,0,0,0,0
"39059","5","54169","77","0","2021","A","N","Guernsey County, Ohio","Private","NAICS 54169 Other technical consulting services","County, NAICS 5-digit -- by ownership sector","All establishment sizes",1,0,0,0,0,0,0,"N",0.23,0,0,0,0,0,0,"N",1,100.0,0,0,0,0,0,0,0,0,0,0,0,0
"39059","5","541690","78","0","2021","A","N","Guernsey County, Ohio","Private","NAICS 541690 Other technical consulting services","County, NAICS 6-digit -- by ownership sector","All establishment sizes",1,0,0,0,0,0,0,"N",0.23,0,0,0,0,0,0,"N",1,100.0,0,0,0,0,0,0,0,0,0,0,0,0
"39059","5","5418","76","0","2021","A","N","Guernsey County, Ohio","Private","NAICS 5418 Advertising, pr, and related services","County, NAICS 4-digit -- by ownership sector","All establishment sizes",1,0,0,0,0,0,0,"N",0.18,0,0,0,0,0,0,"N",0,0.0,0,0,0,0,0,0,0,0,0,0,0,0
"39059","5","54181","77","0","2021","A","N","Guernsey County, Ohio","Private","NAICS 54181 Advertising agencies","County, NAICS 5-digit -- by ownership sector","All establishment sizes",0,0,0,0,0,0,0,"N",0.00,0,0,0,0,0,0,"N",0,0,0,0,0,0,0,0,0,0,0,0,0,0
"39059","5","541810","78","0","2021","A","N","Guernsey County, Ohio","Private","NAICS 541810 Advertising agencies","County, NAICS 6-digit -- by ownership sector","All establishment sizes",0,0,0,0,0,0,0,"N",0.00,0,0,0,0,0,0,"N",0,0,0,0,0,0,0,0,0,0,0,0,0,0
"39059","5","54185","77","0","2021","A","N","Guernsey County, Ohio","Private","NAICS 54185 Outdoor advertising","County, NAICS 5-digit -- by ownership sector","All establishment sizes",1,0,0,0,0,0,0,"N",3.61,0,0,0,0,0,0,"N",0,0.0,0,0,0,0,0,0,0,0,0,0,0,0
"39059","5","541850","78","0","2021","A","N","Guernsey County, Ohio","Private","NAICS 541850 Outdoor advertising","County, NAICS 6-digit -- by ownership sector","All establishment sizes",1,0,0,0,0,0,0,"N",3.61,0,0,0,0,0,0,"N",0,0.0,0,0,0,0,0,0,0,0,0,0,0,0
"39059","5","5419","76","0","2021","A","N","Guernsey County, Ohio","Private","NAICS 5419 Other professional and technical services","County, NAICS 4-digit -- by ownership sector","All establishment sizes",6,0,0,0,0,0,0,"N",0.62,0,0,0,0,0,0,"N",0,0.0,0,0,0,0,0,0,0,0,0,0,0,0
"39059","5","54192","77","0","2021","A","N","Guernsey County, Ohio","Private","NAICS 54192 Photographic services","County, NAICS 5-digit -- by ownership sector","All establishment sizes",2,0,0,0,0,0,0,"N",1.57,0,0,0,0,0,0,"N",0,0.0,0,0,0,0,0,0,0,0,0,0,0,0
"39059","5","541921","78","0","2021","A","N","Guernsey County, Ohio","Private","NAICS 541921 Photography studios, portrait","County, NAICS 6-digit -- by ownership sector","All establishment sizes",2,0,0,0,0,0,0,"N",2.17,0,0,0,0,0,0,"N",0,0.0,0,0,0,0,0,0,0,0,0,0,0,0
"39059","5","54194","77","0","2021","A","N","Guernsey County, Ohio","Private","NAICS 54194 Veterinary services","County, NAICS 5-digit -- by ownership sector","All establishment sizes",3,0,0,0,0,0,0,"N",1.03,0,0,0,0,0,0,"N",0,0.0,0,0,0,0,0,0,0,0,0,0,0,0
"39059","5","541940","78","0","2021","A","N","Guernsey County, Ohio","Private","NAICS 541940 Veterinary services","County, NAICS 6-digit -- by ownership sector","All establishment sizes",3,0,0,0,0,0,0,"N",1.03,0,0,0,0,0,0,"N",0,0.0,0,0,0,0,0,0,0,0,0,0,0,0
"39059","5","54199","77","0","2021","A","N","Guernsey County, Ohio","Private","NAICS 54199 All other professional and technical services","County, NAICS 5-digit -- by ownership sector","All establishment sizes",1,0,0,0,0,0,0,"N",0.23,0,0,0,0,0,0,"N",0,0.0,0,0,0,0,0,0,0,0,0,0,0,0
"39059","5","541990","78","0","2021","A","N","Guernsey County, Ohio","Private","NAICS 541990 All other professional and technical services","County, NAICS 6-digit -- by ownership sector","All establishment sizes",1,0,0,0,0,0,0,"N",0.23,0,0,0,0,0,0,"N",0,0.0,0,0,0,0,0,0,0,0,0,0,0,0
"39059","5","55","74","0","2021","A","N","Guernsey County, Ohio","Private","NAICS 55 Management of companies and enterprises","County, NAICS Sector -- by ownership sector","All establishment sizes",3,0,0,0,0,0,0,"N",0.43,0,0,0,0,0,0,"N",0,0.0,0,0,0,0,0,0,0,0,0,0,0,0
"39059","5","551","75","0","2021","A","N","Guernsey County, Ohio","Private","NAICS 551 Management of companies and enterprises","County, NAICS 3-digit -- by ownership sector","All establishment sizes",3,0,0,0,0,0,0,"N",0.43,0,0,0,0,0,0,"N",0,0.0,0,0,0,0,0,0,0,0,0,0,0,0
"39059","5","5511","76","0","2021","A","N","Guernsey County, Ohio","Private","NAICS 5511 Management of companies and enterprises","County, NAICS 4-digit -- by ownership sector","All establishment sizes",3,0,0,0,0,0,0,"N",0.43,0,0,0,0,0,0,"N",0,0.0,0,0,0,0,0,0,0,0,0,0,0,0
"39059","5","55111","77","0","2021","A","N","Guernsey County, Ohio","Private","NAICS 55111 Management of companies and enterprises","County, NAICS 5-digit -- by ownership sector","All establishment sizes",3,0,0,0,0,0,0,"N",0.43,0,0,0,0,0,0,"N",0,0.0,0,0,0,0,0,0,0,0,0,0,0,0
"39059","5","551112","78","0","2021","A","N","Guernsey County, Ohio","Private","NAICS 551112 Offices of other holding companies","County, NAICS 6-digit -- by ownership sector","All establishment sizes",1,0,0,0,0,0,0,"N",1.01,0,0,0,0,0,0,"N",0,0.0,0,0,0,0,0,0,0,0,0,0,0,0
"39059","5","551114","78","0","2021","A","N","Guernsey County, Ohio","Private","NAICS 551114 Managing offices","County, NAICS 6-digit -- by ownership sector","All establishment sizes",2,0,0,0,0,0,0,"N",0.34,0,0,0,0,0,0,"N",0,0.0,0,0,0,0,0,0,0,0,0,0,0,0
"39059","5","56","74","0","2021","A","N","Guernsey County, Ohio","Private","NAICS 56 Administrative and waste services","County, NAICS Sector -- by ownership sector","All establishment sizes",40,0,0,0,0,0,0,"N",0.74,0,0,0,0,0,0,"N",2,5.3,0,0,0,0,0,0,0,0,0,0,0,0
"39059","5","561","75","0","2021","A","","Guernsey County, Ohio","Private","NAICS 561 Administrative and support services","County, NAICS 3-digit -- by ownership sector","All establishment sizes",37,297,7915976,3847271,74224,513,26698,"",0.72,0.35,0.28,0.41,0.28,0.79,0.79,"",2,5.7,49,19.8,2238361,39.4,822619,27.2,25513,52.4,73,16.6,3843,16.8
"39059","5","5611","76","0","2021","A","","Guernsey County, Ohio","Private","NAICS 5611 Office administrative services","County, NAICS 4-digit -- by ownership sector","All establishment sizes",4,13,1103725,133406,1527,1612,83827,"",0.73,0.25,0.31,0.26,0.12,1.25,1.25,"",0,0.0,0,0.0,313330,39.6,11428,9.4,495,48.0,428,36.1,22238,36.1
"39059","5","56111","77","0","2021","A","","Guernsey County, Ohio","Private","NAICS 56111 Office administrative services","County, NAICS 5-digit -- by ownership sector","All establishment sizes",4,13,1103725,133406,1527,1612,83827,"",0.73,0.25,0.31,0.26,0.12,1.25,1.25,"",0,0.0,0,0.0,313330,39.6,11428,9.4,495,48.0,428,36.1,22238,36.1
"39059","5","561110","78","0","2021","A","","Guernsey County, Ohio","Private","NAICS 561110 Office administrative services","County, NAICS 6-digit -- by ownership sector","All establishment sizes",4,13,1103725,133406,1527,1612,83827,"",0.73,0.25,0.31,0.26,0.12,1.25,1.25,"",0,0.0,0,0.0,313330,39.6,11428,9.4,495,48.0,428,36.1,22238,36.1
"39059","5","5613","76","0","2021","A","","Guernsey County, Ohio","Private","NAICS 5613 Employment services","County, NAICS 4-digit -- by ownership sector","All establishment sizes",7,151,3543980,2239153,29795,451,23470,"",0.59,0.43,0.30,0.49,0.22,0.70,0.70,"N",1,16.7,0,0,0,0,0,0,0,0,0,0,0,0
"39059","5","56131","77","0","2021","A","N","Guernsey County, Ohio","Private","NAICS 56131 Employment placement and executive search","County, NAICS 5-digit -- by ownership sector","All establishment sizes",1,0,0,0,0,0,0,"N",0.41,0,0,0,0,0,0,"N",0,0.0,0,0,0,0,0,0,0,0,0,0,0,0
"39059","5","561312","78","0","2021","A","N","Guernsey County, Ohio","Private","NAICS 561312 Executive search services","County, NAICS 6-digit -- by ownership sector","All establishment sizes",1,0,0,0,0,0,0,"N",1.38,0,0,0,0,0,0,"N",1,100.0,0,0,0,0,0,0,0,0,0,0,0,0
"39059","5","56132","77","0","2021","A","N","Guernsey County, Ohio","Private","NAICS 56132 Temporary help services","County, NAICS 5-digit -- by ownership sector","All establishment sizes",7,0,0,0,0,0,0,"N",0.88,0,0,0,0,0,0,"N",2,40.0,0,0,0,0,0,0,0,0,0,0,0,0
"39059","5","561320","78","0","2021","A","N","Guernsey County, Ohio","Private","NAICS 561320 Temporary help services","County, NAICS 6-digit -- by ownership sector","All establishment sizes",7,0,0,0,0,0,0,"N",0.88,0,0,0,0,0,0,"N",2,40.0,0,0,0,0,0,0,0,0,0,0,0,0
"39059","5","5614","76","0","2021","A","N","Guernsey County, Ohio","Private","NAICS 5614 Business support services","County, NAICS 4-digit -- by ownership sector","All establishment sizes",1,0,0,0,0,0,0,"N",0.21,0,0,0,0,0,0,"N",0,0.0,0,0,0,0,0,0,0,0,0,0,0,0
"39059","5","56143","77","0","2021","A","N","Guernsey County, Ohio","Private","NAICS 56143 Business service centers","County, NAICS 5-digit -- by ownership sector","All establishment sizes",1,0,0,0,0,0,0,"N",1.03,0,0,0,0,0,0,"N",0,0.0,0,0,0,0,0,0,0,0,0,0,0,0
"39059","5","561439","78","0","2021","A","N","Guernsey County, Ohio","Private","NAICS 561439 Other business service centers","County, NAICS 6-digit -- by ownership sector","All establishment sizes",1,0,0,0,0,0,0,"N",2.05,0,0,0,0,0,0,"N",0,0.0,0,0,0,0,0,0,0,0,0,0,0,0
"39059","5","5615","76","0","2021","A","N","Guernsey County, Ohio","Private","NAICS 5615 Travel arrangement and reservation services","County, NAICS 4-digit -- by ownership sector","All establishment sizes",1,0,0,0,0,0,0,"N",0.55,0,0,0,0,0,0,"N",-1,-50.0,0,0,0,0,0,0,0,0,0,0,0,0
"39059","5","56159","77","0","2021","A","N","Guernsey County, Ohio","Private","NAICS 56159 Other travel arrangement services","County, NAICS 5-digit -- by ownership sector","All establishment sizes",1,0,0,0,0,0,0,"N",2.20,0,0,0,0,0,0,"N",0,0.0,0,0,0,0,0,0,0,0,0,0,0,0
"39059","5","561591","78","0","2021","A","N","Guernsey County, Ohio","Private","NAICS 561591 Convention and visitors bureaus","County, NAICS 6-digit -- by ownership sector","All establishment sizes",1,0,0,0,0,0,0,"N",11.47,0,0,0,0,0,0,"N",0,0.0,0,0,0,0,0,0,0,0,0,0,0,0
"39059","5","5616","76","0","2021","A","N","Guernsey County, Ohio","Private","NAICS 5616 Investigation and security services","County, NAICS 4-digit -- by ownership sector","All establishment sizes",3,0,0,0,0,0,0,"N",0.94,0,0,0,0,0,0,"N",1,50.0,0,0,0,0,0,0,0,0,0,0,0,0
"39059","5","56161","77","0","2021","A","N","Guernsey County, Ohio","Private","NAICS 56161 Security and armored car services","County, NAICS 5-digit -- by ownership sector","All establishment sizes",2,0,0,0,0,0,0,"N",1.04,0,0,0,0,0,0,"N",1,100.0,0,0,0,0,0,0,0,0,0,0,0,0
"39059","5","561612","78","0","2021","A","N","Guernsey County, Ohio","Private","NAICS 561612 Security guards and patrol services","County, NAICS 6-digit -- by ownership sector","All establishment sizes",2,0,0,0,0,0,0,"N",1.46,0,0,0,0,0,0,"N",1,100.0,0,0,0,0,0,0,0,0,0,0,0,0
"39059","5","56162","77","0","2021","A","N","Guernsey County, Ohio","Private","NAICS 56162 Security systems services","County, NAICS 5-digit -- by ownership sector","All establishment sizes",1,0,0,0,0,0,0,"N",0.79,0,0,0,0,0,0,"N",0,0.0,0,0,0,0,0,0,0,0,0,0,0,0
"39059","5","561621","78","0","2021","A","N","Guernsey County, Ohio","Private","NAICS 561621 Security systems services, except locksmiths","County, NAICS 6-digit -- by ownership sector","All establishment sizes",1,0,0,0,0,0,0,"N",1.11,0,0,0,0,0,0,"N",0,0.0,0,0,0,0,0,0,0,0,0,0,0,0
"39059","5","5617","76","0","2021","A","","Guernsey County, Ohio","Private","NAICS 5617 Services to buildings and dwellings","County, NAICS 4-digit -- by ownership sector","All establishment sizes",19,64,1391828,719933,31700,417,21663,"",0.91,0.31,0.26,0.35,0.53,0.85,0.85,"",1,5.6,5,8.5,171474,14.1,67450,10.3,8980,39.5,18,4.5,891,4.3
"39059","5","56172","77","0","2021","A","N","Guernsey County, Ohio","Private","NAICS 56172 Janitorial services","County, NAICS 5-digit -- by ownership sector","All establishment sizes",7,0,0,0,0,0,0,"N",1.02,0,0,0,0,0,0,"N",0,0.0,0,0,0,0,0,0,0,0,0,0,0,0
"39059","5","561720","78","0","2021","A","N","Guernsey County, Ohio","Private","NAICS 561720 Janitorial services","County, NAICS 6-digit -- by ownership sector","All establishment sizes",7,0,0,0,0,0,0,"N",1.02,0,0,0,0,0,0,"N",0,0.0,0,0,0,0,0,0,0,0,0,0,0,0
"39059","5","56173","77","0","2021","A","","Guernsey County, Ohio","Private","NAICS 56173 Landscaping services","County, NAICS 5-digit -- by ownership sector","All establishment sizes",11,32,763099,421318,27229,465,24161,"",1.07,0.39,0.31,0.46,0.81,0.80,0.80,"N",1,10.0,0,0,0,0,0,0,0,0,0,0,0,0
"39059","5","561730","78","0","2021","A","","Guernsey County, Ohio","Private","NAICS 561730 Landscaping services","County, NAICS 6-digit -- by ownership sector","All establishment sizes",11,32,763099,421318,27229,465,24161,"",1.07,0.39,0.31,0.46,0.81,0.80,0.80,"N",1,10.0,0,0,0,0,0,0,0,0,0,0,0,0
"39059","5","56179","77","0","2021","A","N","Guernsey County, Ohio","Private","NAICS 56179 Other services to buildings and dwellings","County, NAICS 5-digit -- by ownership sector","All establishment sizes",1,0,0,0,0,0,0,"N",0.62,0,0,0,0,0,0,"N",0,0.0,0,0,0,0,0,0,0,0,0,0,0,0
"39059","5","561790","78","0","2021","A","N","Guernsey County, Ohio","Private","NAICS 561790 Other services to buildings and dwellings","County, NAICS 6-digit -- by ownership sector","All establishment sizes",1,0,0,0,0,0,0,"N",0.62,0,0,0,0,0,0,"N",0,0.0,0,0,0,0,0,0,0,0,0,0,0,0
"39059","5","5619","76","0","2021","A","N","Guernsey County, Ohio","Private","NAICS 5619 Other support services","County, NAICS 4-digit -- by ownership sector","All establishment sizes",2,0,0,0,0,0,0,"N",0.76,0,0,0,0,0,0,"N",0,0.0,0,0,0,0,0,0,0,0,0,0,0,0
"39059","5","56199","77","0","2021","A","N","Guernsey County, Ohio","Private","NAICS 56199 All other support services","County, NAICS 5-digit -- by ownership sector","All establishment sizes",2,0,0,0,0,0,0,"N",1.11,0,0,0,0,0,0,"N",0,0.0,0,0,0,0,0,0,0,0,0,0,0,0
"39059","5","561990","78","0","2021","A","N","Guernsey County, Ohio","Private","NAICS 561990 All other support services","County, NAICS 6-digit -- by ownership sector","All establishment sizes",2,0,0,0,0,0,0,"N",1.11,0,0,0,0,0,0,"N",0,0.0,0,0,0,0,0,0,0,0,0,0,0,0
"39059","5","562","75","0","2021","A","N","Guernsey County, Ohio","Private","NAICS 562 Waste management and remediation services","County, NAICS 3-digit -- by ownership sector","All establishment sizes",3,0,0,0,0,0,0,"N",1.07,0,0,0,0,0,0,"N",0,0.0,0,0,0,0,0,0,0,0,0,0,0,0
"39059","5","5621","76","0","2021","A","N","Guernsey County, Ohio","Private","NAICS 5621 Waste collection","County, NAICS 4-digit -- by ownership sector","All establishment sizes",1,0,0,0,0,0,0,"N",0.92,0,0,0,0,0,0,"N",0,0.0,0,0,0,0,0,0,0,0,0,0,0,0
"39059","5","56211","77","0","2021","A","N","Guernsey County, Ohio","Private","NAICS 56211 Waste collection","County, NAICS 5-digit -- by ownership sector","All establishment sizes",1,0,0,0,0,0,0,"N",0.92,0,0,0,0,0,0,"N",0,0.0,0,0,0,0,0,0,0,0,0,0,0,0
"39059","5","562111","78","0","2021","A","N","Guernsey County, Ohio","Private","NAICS 562111 Solid waste collection","County, NAICS 6-digit -- by ownership sector","All establishment sizes",1,0,0,0,0,0,0,"N",1.17,0,0,0,0,0,0,"N",0,0.0,0,0,0,0,0,0,0,0,0,0,0,0
"39059","5","5622","76","0","2021","A","N","Guernsey County, Ohio","Private","NAICS 5622 Waste treatment and disposal","County, NAICS 4-digit -- by ownership sector","All establishment sizes",1,0,0,0,0,0,0,"N",2.74,0,0,0,0,0,0,"N",0,0.0,0,0,0,0,0,0,0,0,0,0,0,0
"39059","5","56221","77","0","2021","A","N","Guernsey County, Ohio","Private","NAICS 56221 Waste treatment and disposal","County, NAICS 5-digit -- by ownership sector","All establishment sizes",1,0,0,0,0,0,0,"N",2.74,0,0,0,0,0,0,"N",0,0.0,0,0,0,0,0,0,0,0,0,0,0,0
"39059","5","562213","78","0","2021","A","N","Guernsey County, Ohio","Private","NAICS 562213 Solid waste combustors and incinerators","County, NAICS 6-digit -- by ownership sector","All establishment sizes",1,0,0,0,0,0,0,"N",64.04,0,0,0,0,0,0,"N",0,0.0,0,0,0,0,0,0,0,0,0,0,0,0
"39059","5","5629","76","0","2021","A","N","Guernsey County, Ohio","Private","NAICS 5629 Remediation and other waste services","County, NAICS 4-digit -- by ownership sector","All establishment sizes",1,0,0,0,0,0,0,"N",0.74,0,0,0,0,0,0,"N",0,0.0,0,0,0,0,0,0,0,0,0,0,0,0
"39059","5","56291","77","0","2021","A","N","Guernsey County, Ohio","Private","NAICS 56291 Remediation services","County, NAICS 5-digit -- by ownership sector","All establishment sizes",1,0,0,0,0,0,0,"N",1.49,0,0,0,0,0,0,"N",0,0.0,0,0,0,0,0,0,0,0,0,0,0,0
"39059","5","562910","78","0","2021","A","N","Guernsey County, Ohio","Private","NAICS 562910 Remediation services","County, NAICS 6-digit -- by ownership sector","All establishment sizes",1,0,0,0,0,0,0,"N",1.49,0,0,0,0,0,0,"N",0,0.0,0,0,0,0,0,0,0,0,0,0,0,0
"39059","5","61","74","0","2021","A","","Guernsey County, Ohio","Private","NAICS 61 Educational services","County, NAICS Sector -- by ownership sector","All establishment sizes",9,61,1617130,332026,18755,508,26438,"",0.73,0.22,0.15,0.28,0.72,0.66,0.66,"",0,0.0,14,29.8,277109,20.7,54307,19.6,8987,92.0,-38,-7.0,-1972,-6.9
"39059","5","611","75","0","2021","A","","Guernsey County, Ohio","Private","NAICS 611 Educational services","County, NAICS 3-digit -- by ownership sector","All establishment sizes",9,61,1617130,332026,18755,508,26438,"",0.73,0.22,0.15,0.28,0.72,0.66,0.66,"",0,0.0,14,29.8,277109,20.7,54307,19.6,8987,92.0,-38,-7.0,-1972,-6.9
"39059","5","6111","76","0","2021","A","N","Guernsey County, Ohio","Private","NAICS 6111 Elementary and secondary schools","County, NAICS 4-digit -- by ownership sector","All establishment sizes",1,0,0,0,0,0,0,"N",0.58,0,0,0,0,0,0,"N",0,0.0,0,0,0,0,0,0,0,0,0,0,0,0
"39059","5","61111","77","0","2021","A","N","Guernsey County, Ohio","Private","NAICS 61111 Elementary and secondary schools","County, NAICS 5-digit -- by ownership sector","All establishment sizes",1,0,0,0,0,0,0,"N",0.58,0,0,0,0,0,0,"N",0,0.0,0,0,0,0,0,0,0,0,0,0,0,0
"39059","5","611110","78","0","2021","A","N","Guernsey County, Ohio","Private","NAICS 611110 Elementary and secondary schools","County, NAICS 6-digit -- by ownership sector","All establishment sizes",1,0,0,0,0,0,0,"N",0.58,0,0,0,0,0,0,"N",0,0.0,0,0,0,0,0,0,0,0,0,0,0,0
"39059","5","6114","76","0","2021","A","N","Guernsey County, Ohio","Private","NAICS 6114 Business, computer and management training","County, NAICS 4-digit -- by ownership sector","All establishment sizes",1,0,0,0,0,0,0,"N",0.79,0,0,0,0,0,0,"N",0,0.0,0,0,0,0,0,0,0,0,0,0,0,0
"39059","5","61142","77","0","2021","A","N","Guernsey County, Ohio","Private","NAICS 61142 Computer training","County, NAICS 5-digit -- by ownership sector","All establishment sizes",1,0,0,0,0,0,0,"N",3.33,0,0,0,0,0,0,"N",0,0.0,0,0,0,0,0,0,0,0,0,0,0,0
"39059","5","611420","78","0","2021","A","N","Guernsey County, Ohio","Private","NAICS 611420 Computer training","County, NAICS 6-digit -- by ownership sector","All establishment sizes",1,0,0,0,0,0,0,"N",3.33,0,0,0,0,0,0,"N",0,0.0,0,0,0,0,0,0,0,0,0,0,0,0
"39059","5","6115","76","0","2021","A","N","Guernsey County, Ohio","Private","NAICS 6115 Technical and trade schools","County, NAICS 4-digit -- by ownership sector","All establishment sizes",1,0,0,0,0,0,0,"N",1.02,0,0,0,0,0,0,"N",0,0.0,0,0,0,0,0,0,0,0,0,0,0,0
"39059","5","61151","77","0","2021","A","N","Guernsey County, Ohio","Private","NAICS 61151 Technical and trade schools","County, NAICS 5-digit -- by ownership sector","All establishment sizes",1,0,0,0,0,0,0,"N",1.02,0,0,0,0,0,0,"N",0,0.0,0,0,0,0,0,0,0,0,0,0,0,0
"39059","5","611513","78","0","2021","A","N","Guernsey County, Ohio","Private","NAICS 611513 Apprenticeship training","County, NAICS 6-digit -- by ownership sector","All establishment sizes",1,0,0,0,0,0,0,"N",7.50,0,0,0,0,0,0,"N",0,0.0,0,0,0,0,0,0,0,0,0,0,0,0
"39059","5","6116","76","0","2021","A","","Guernsey County, Ohio","Private","NAICS 6116 Other schools and instruction","County, NAICS 4-digit -- by ownership sector","All establishment sizes",6,28,556851,182823,5950,377,19596,"",1.15,0.70,0.79,0.69,1.01,1.10,1.10,"",0,0.0,8,40.0,96358,20.9,33114,22.1,4550,325.0,-57,-13.1,-2959,-13.1
"39059","5","61161","77","0","2021","A","N","Guernsey County, Ohio","Private","NAICS 61161 Fine arts schools","County, NAICS 5-digit -- by ownership sector","All establishment sizes",2,0,0,0,0,0,0,"N",1.52,0,0,0,0,0,0,"N",0,0.0,0,0,0,0,0,0,0,0,0,0,0,0
"39059","5","611610","78","0","2021","A","N","Guernsey County, Ohio","Private","NAICS 611610 Fine arts schools","County, NAICS 6-digit -- by ownership sector","All establishment sizes",2,0,0,0,0,0,0,"N",1.52,0,0,0,0,0,0,"N",0,0.0,0,0,0,0,0,0,0,0,0,0,0,0
"39059","5","61169","77","0","2021","A","N","Guernsey County, Ohio","Private","NAICS 61169 All other schools and instruction","County, NAICS 5-digit -- by ownership sector","All establishment sizes",4,0,0,0,0,0,0,"N",1.90,0,0,0,0,0,0,"N",0,0.0,0,0,0,0,0,0,0,0,0,0,0,0
"39059","5","611691","78","0","2021","A","N","Guernsey County, Ohio","Private","NAICS 611691 Exam preparation and tutoring","County, NAICS 6-digit -- by ownership sector","All establishment sizes",2,0,0,0,0,0,0,"N",2.15,0,0,0,0,0,0,"N",0,0.0,0,0,0,0,0,0,0,0,0,0,0,0
"39059","5","611692","78","0","2021","A","N","Guernsey County, Ohio","Private","NAICS 611692 Automobile driving schools","County, NAICS 6-digit -- by ownership sector","All establishment sizes",1,0,0,0,0,0,0,"N",4.49,0,0,0,0,0,0,"N",0,0.0,0,0,0,0,0,0,0,0,0,0,0,0
"39059","5","611699","78","0","2021","A","N","Guernsey County, Ohio","Private","NAICS 611699 Miscellaneous schools and instruction","County, NAICS 6-digit -- by ownership sector","All establishment sizes",1,0,0,0,0,0,0,"N",1.05,0,0,0,0,0,0,"N",0,0.0,0,0,0,0,0,0,0,0,0,0,0,0
"39059","5","62","74","0","2021","A","","Guernsey County, Ohio","Private","NAICS 62 Health care and social assistance","County, NAICS Sector -- by ownership sector","All establishment sizes",122,2441,107659290,18467965,368888,848,44102,"",0.77,1.26,1.39,1.51,1.50,1.10,1.10,"",-6,-4.7,-84,-3.3,6425611,6.3,-1004308,-5.2,73110,24.7,77,10.0,4005,10.0
"39059","5","621","75","0","2021","A","","Guernsey County, Ohio","Private","NAICS 621 Ambulatory health care services","County, NAICS 3-digit -- by ownership sector","All establishment sizes",73,804,42167103,7875950,127894,1008,52430,"",1.28,1.05,1.14,1.22,1.01,1.08,1.08,"",-5,-6.4,-30,-3.6,760598,1.8,-415079,-5.0,28197,28.3,53,5.5,2762,5.6
"39059","5","6211","76","0","2021","A","","Guernsey County, Ohio","Private","NAICS 6211 Offices of physicians","County, NAICS 4-digit -- by ownership sector","All establishment sizes",29,191,19236976,1964325,31466,1936,100673,"",1.49,0.72,1.04,0.92,0.82,1.45,1.45,"",-2,-6.5,-7,-3.5,-12294,-0.1,-136193,-6.5,6623,26.7,65,3.5,3373,3.5
"39059","5","62111","77","0","2021","A","","Guernsey County, Ohio","Private","NAICS 62111 Offices of physicians","County, NAICS 5-digit -- by ownership sector","All establishment sizes",29,191,19236976,1964325,31466,1936,100673,"",1.49,0.72,1.04,0.92,0.82,1.45,1.45,"",-2,-6.5,-7,-3.5,-12294,-0.1,-136193,-6.5,6623,26.7,65,3.5,3373,3.5
"39059","5","621111","78","0","2021","A","N","Guernsey County, Ohio","Private","NAICS 621111 Offices of physicians, except mental health","County, NAICS 6-digit -- by ownership sector","All establishment sizes",28,0,0,0,0,0,0,"N",1.52,0,0,0,0,0,0,"N",-2,-6.7,0,0,0,0,0,0,0,0,0,0,0,0
"39059","5","621112","78","0","2021","A","N","Guernsey County, Ohio","Private","NAICS 621112 Offices of mental health physicians","County, NAICS 6-digit -- by ownership sector","All establishment sizes",1,0,0,0,0,0,0,"N",0.93,0,0,0,0,0,0,"N",0,0.0,0,0,0,0,0,0,0,0,0,0,0,0
"39059","5","6212","76","0","2021","A","","Guernsey County, Ohio","Private","NAICS 6212 Offices of dentists","County, NAICS 4-digit -- by ownership sector","All establishment sizes",10,118,5954128,1192728,18405,971,50494,"",0.86,1.23,1.55,1.20,1.02,1.26,1.26,"",-2,-16.7,14,13.5,1152111,24.0,57336,5.0,6001,48.4,84,9.5,4395,9.5
"39059","5","62121","77","0","2021","A","","Guernsey County, Ohio","Private","NAICS 62121 Offices of dentists","County, NAICS 5-digit -- by ownership sector","All establishment sizes",10,118,5954128,1192728,18405,971,50494,"",0.86,1.23,1.55,1.20,1.02,1.26,1.26,"",-2,-16.7,14,13.5,1152111,24.0,57336,5.0,6001,48.4,84,9.5,4395,9.5
"39059","5","621210","78","0","2021","A","","Guernsey County, Ohio","Private","NAICS 621210 Offices of dentists","County, NAICS 6-digit -- by ownership sector","All establishment sizes",10,118,5954128,1192728,18405,971,50494,"",0.86,1.23,1.55,1.20,1.02,1.26,1.26,"",-2,-16.7,14,13.5,1152111,24.0,57336,5.0,6001,48.4,84,9.5,4395,9.5
"39059","5","6213","76","0","2021","A","","Guernsey County, Ohio","Private","NAICS 6213 Offices of other health practitioners","County, NAICS 4-digit -- by ownership sector","All establishment sizes",15,81,2757812,718789,8641,653,33942,"",1.03,0.83,0.85,0.75,0.47,1.03,1.03,"",-2,-11.8,-12,-12.9,-181820,-6.2,-63003,-8.1,2924,51.1,48,7.9,2474,7.9
"39059","5","62131","77","0","2021","A","","Guernsey County, Ohio","Private","NAICS 62131 Offices of chiropractors","County, NAICS 5-digit -- by ownership sector","All establishment sizes",6,24,853905,212134,2876,680,35334,"",1.75,1.73,2.30,1.57,1.30,1.32,1.32,"",0,0.0,-4,-14.3,69640,8.9,-55513,-20.7,458,18.9,148,27.8,7654,27.7
"39059","5","621310","78","0","2021","A","","Guernsey County, Ohio","Private","NAICS 621310 Offices of chiropractors","County, NAICS 6-digit -- by ownership sector","All establishment sizes",6,24,853905,212134,2876,680,35334,"",1.75,1.73,2.30,1.57,1.30,1.32,1.32,"",0,0.0,-4,-14.3,69640,8.9,-55513,-20.7,458,18.9,148,27.8,7654,27.7
"39059","5","62132","77","0","2021","A","N","Guernsey County, Ohio","Private","NAICS 62132 Offices of optometrists","County, NAICS 5-digit -- by ownership sector","All establishment sizes",2,0,0,0,0,0,0,"N",1.09,0,0,0,0,0,0,"N",0,0.0,0,0,0,0,0,0,0,0,0,0,0,0
"39059","5","621320","78","0","2021","A","N","Guernsey County, Ohio","Private","NAICS 621320 Offices of optometrists","County, NAICS 6-digit -- by ownership sector","All establishment sizes",2,0,0,0,0,0,0,"N",1.09,0,0,0,0,0,0,"N",0,0.0,0,0,0,0,0,0,0,0,0,0,0,0
"39059","5","62133","77","0","2021","A","N","Guernsey County, Ohio","Private","NAICS 62133 Offices of mental health practitioners","County, NAICS 5-digit -- by ownership sector","All establishment sizes",1,0,0,0,0,0,0,"N",0.41,0,0,0,0,0,0,"N",0,0.0,0,0,0,0,0,0,0,0,0,0,0,0
"39059","5","621330","78","0","2021","A","N","Guernsey County, Ohio","Private","NAICS 621330 Offices of mental health practitioners","County, NAICS 6-digit -- by ownership sector","All establishment sizes",1,0,0,0,0,0,0,"N",0.41,0,0,0,0,0,0,"N",0,0.0,0,0,0,0,0,0,0,0,0,0,0,0
"39059","5","62134","77","0","2021","A","N","Guernsey County, Ohio","Private","NAICS 62134 Offices of specialty therapists","County, NAICS 5-digit -- by ownership sector","All establishment sizes",2,0,0,0,0,0,0,"N",0.52,0,0,0,0,0,0,"N",-1,-33.3,0,0,0,0,0,0,0,0,0,0,0,0
"39059","5","621340","78","0","2021","A","N","Guernsey County, Ohio","Private","NAICS 621340 Offices of specialty therapists","County, NAICS 6-digit -- by ownership sector","All establishment sizes",2,0,0,0,0,0,0,"N",0.52,0,0,0,0,0,0,"N",-1,-33.3,0,0,0,0,0,0,0,0,0,0,0,0
"39059","5","62139","77","0","2021","A","","Guernsey County, Ohio","Private","NAICS 62139 Offices of all other health practitioners","County, NAICS 5-digit -- by ownership sector","All establishment sizes",4,10,377774,101753,2101,697,36266,"",1.32,0.64,0.63,0.64,0.63,0.94,0.94,"",-1,-20.0,1,11.1,-53488,-12.4,18777,22.6,912,76.7,-200,-22.3,-10357,-22.2
"39059","5","621391","78","0","2021","A","N","Guernsey County, Ohio","Private","NAICS 621391 Offices of podiatrists","County, NAICS 6-digit -- by ownership sector","All establishment sizes",1,0,0,0,0,0,0,"N",1.66,0,0,0,0,0,0,"N",0,0.0,0,0,0,0,0,0,0,0,0,0,0,0
"39059","5","621399","78","0","2021","A","N","Guernsey County, Ohio","Private","NAICS 621399 Offices of miscellaneous health practitioners","County, NAICS 6-digit -- by ownership sector","All establishment sizes",3,0,0,0,0,0,0,"N",1.23,0,0,0,0,0,0,"N",-1,-25.0,0,0,0,0,0,0,0,0,0,0,0,0
"39059","5","6214","76","0","2021","A","","Guernsey County, Ohio","Private","NAICS 6214 Outpatient care centers","County, NAICS 4-digit -- by ownership sector","All establishment sizes",7,178,6949968,1751491,44581,752,39100,"",1.82,1.84,1.42,2.74,3.30,0.77,0.77,"",0,0.0,-4,-2.2,-297116,-4.1,-2530,-0.1,7376,19.8,-14,-1.8,-756,-1.9
"39059","5","62141","77","0","2021","A","N","Guernsey County, Ohio","Private","NAICS 62141 Family planning centers","County, NAICS 5-digit -- by ownership sector","All establishment sizes",1,0,0,0,0,0,0,"N",4.91,0,0,0,0,0,0,"N",0,0.0,0,0,0,0,0,0,0,0,0,0,0,0
"39059","5","621410","78","0","2021","A","N","Guernsey County, Ohio","Private","NAICS 621410 Family planning centers","County, NAICS 6-digit -- by ownership sector","All establishment sizes",1,0,0,0,0,0,0,"N",4.91,0,0,0,0,0,0,"N",0,0.0,0,0,0,0,0,0,0,0,0,0,0,0
"39059","5","62142","77","0","2021","A","","Guernsey County, Ohio","Private","NAICS 62142 Outpatient mental health centers","County, NAICS 5-digit -- by ownership sector","All establishment sizes",3,147,5699971,1409605,39166,747,38841,"",2.59,5.75,6.61,9.01,10.49,1.15,1.15,"",0,0.0,5,3.5,398727,7.5,37369,2.7,6303,19.2,28,3.9,1442,3.9
"39059","5","621420","78","0","2021","A","","Guernsey County, Ohio","Private","NAICS 621420 Outpatient mental health centers","County, NAICS 6-digit -- by ownership sector","All establishment sizes",3,147,5699971,1409605,39166,747,38841,"",2.59,5.75,6.61,9.01,10.49,1.15,1.15,"",0,0.0,5,3.5,398727,7.5,37369,2.7,6303,19.2,28,3.9,1442,3.9
"39059","5","62149","77","0","2021","A","N","Guernsey County, Ohio","Private","NAICS 62149 Other outpatient care centers","County, NAICS 5-digit -- by ownership sector","All establishment sizes",3,0,0,0,0,0,0,"N",1.21,0,0,0,0,0,0,"N",0,0.0,0,0,0,0,0,0,0,0,0,0,0,0
"39059","5","621492","78","0","2021","A","N","Guernsey County, Ohio","Private","NAICS 621492 Kidney dialysis centers","County, NAICS 6-digit -- by ownership sector","All establishment sizes",1,0,0,0,0,0,0,"N",1.42,0,0,0,0,0,0,"N",0,0.0,0,0,0,0,0,0,0,0,0,0,0,0
"39059","5","621498","78","0","2021","A","N","Guernsey County, Ohio","Private","NAICS 621498 All other outpatient care centers","County, NAICS 6-digit -- by ownership sector","All establishment sizes",2,0,0,0,0,0,0,"N",2.44,0,0,0,0,0,0,"N",0,0.0,0,0,0,0,0,0,0,0,0,0,0,0
"39059","5","6215","76","0","2021","A","N","Guernsey County, Ohio","Private","NAICS 6215 Medical and diagnostic laboratories","County, NAICS 4-digit -- by ownership sector","All establishment sizes",1,0,0,0,0,0,0,"N",0.46,0,0,0,0,0,0,"N",0,0.0,0,0,0,0,0,0,0,0,0,0,0,0
"39059","5","62151","77","0","2021","A","N","Guernsey County, Ohio","Private","NAICS 62151 Medical and diagnostic laboratories","County, NAICS 5-digit -- by ownership sector","All establishment sizes",1,0,0,0,0,0,0,"N",0.46,0,0,0,0,0,0,"N",0,0.0,0,0,0,0,0,0,0,0,0,0,0,0
"39059","5","621511","78","0","2021","A","N","Guernsey County, Ohio","Private","NAICS 621511 Medical laboratories","County, NAICS 6-digit -- by ownership sector","All establishment sizes",1,0,0,0,0,0,0,"N",0.62,0,0,0,0,0,0,"N",0,0.0,0,0,0,0,0,0,0,0,0,0,0,0
"39059","5","6216","76","0","2021","A","","Guernsey County, Ohio","Private","NAICS 6216 Home health care services","County, NAICS 4-digit -- by ownership sector","All establishment sizes",8,208,5737353,1951582,21487,531,27628,"",2.09,1.42,1.56,1.68,0.80,1.10,1.10,"",0,0.0,-16,-7.1,255657,4.7,-233007,-10.7,4529,26.7,60,12.7,3120,12.7
"39059","5","62161","77","0","2021","A","","Guernsey County, Ohio","Private","NAICS 62161 Home health care services","County, NAICS 5-digit -- by ownership sector","All establishment sizes",8,208,5737353,1951582,21487,531,27628,"",2.09,1.42,1.56,1.68,0.80,1.10,1.10,"",0,0.0,-16,-7.1,255657,4.7,-233007,-10.7,4529,26.7,60,12.7,3120,12.7
"39059","5","621610","78","0","2021","A","","Guernsey County, Ohio","Private","NAICS 621610 Home health care services","County, NAICS 6-digit -- by ownership sector","All establishment sizes",8,208,5737353,1951582,21487,531,27628,"",2.09,1.42,1.56,1.68,0.80,1.10,1.10,"",0,0.0,-16,-7.1,255657,4.7,-233007,-10.7,4529,26.7,60,12.7,3120,12.7
"39059","5","6219","76","0","2021","A","N","Guernsey County, Ohio","Private","NAICS 6219 Other ambulatory health care services","County, NAICS 4-digit -- by ownership sector","All establishment sizes",2,0,0,0,0,0,0,"N",1.36,0,0,0,0,0,0,"N",-1,-33.3,0,0,0,0,0,0,0,0,0,0,0,0
"39059","5","62191","77","0","2021","A","N","Guernsey County, Ohio","Private","NAICS 62191 Ambulance services","County, NAICS 5-digit -- by ownership sector","All establishment sizes",2,0,0,0,0,0,0,"N",4.09,0,0,0,0,0,0,"N",0,0.0,0,0,0,0,0,0,0,0,0,0,0,0
"39059","5","621910","78","0","2021","A","N","Guernsey County, Ohio","Private","NAICS 621910 Ambulance services","County, NAICS 6-digit -- by ownership sector","All establishment sizes",2,0,0,0,0,0,0,"N",4.09,0,0,0,0,0,0,"N",0,0.0,0,0,0,0,0,0,0,0,0,0,0,0
"39059","5","622","75","0","2021","A","N","Guernsey County, Ohio","Private","NAICS 622 Hospitals","County, NAICS 3-digit -- by ownership sector","All establishment sizes",2,0,0,0,0,0,0,"N",1.87,0,0,0,0,0,0,"N",0,0.0,0,0,0,0,0,0,0,0,0,0,0,0
"39059","5","6221","76","0","2021","A","N","Guernsey County, Ohio","Private","NAICS 6221 General medical and surgical hospitals","County, NAICS 4-digit -- by ownership sector","All establishment sizes",1,0,0,0,0,0,0,"N",1.29,0,0,0,0,0,0,"N",0,0.0,0,0,0,0,0,0,0,0,0,0,0,0
"39059","5","62211","77","0","2021","A","N","Guernsey County, Ohio","Private","NAICS 62211 General medical and surgical hospitals","County, NAICS 5-digit -- by ownership sector","All establishment sizes",1,0,0,0,0,0,0,"N",1.29,0,0,0,0,0,0,"N",0,0.0,0,0,0,0,0,0,0,0,0,0,0,0
"39059","5","622110","78","0","2021","A","N","Guernsey County, Ohio","Private","NAICS 622110 General medical and surgical hospitals","County, NAICS 6-digit -- by ownership sector","All establishment sizes",1,0,0,0,0,0,0,"N",1.29,0,0,0,0,0,0,"N",0,0.0,0,0,0,0,0,0,0,0,0,0,0,0
"39059","5","6222","76","0","2021","A","N","Guernsey County, Ohio","Private","NAICS 6222 Psychiatric and substance abuse hospitals","County, NAICS 4-digit -- by ownership sector","All establishment sizes",1,0,0,0,0,0,0,"N",8.43,0,0,0,0,0,0,"N",0,0.0,0,0,0,0,0,0,0,0,0,0,0,0
"39059","5","62221","77","0","2021","A","N","Guernsey County, Ohio","Private","NAICS 62221 Psychiatric and substance abuse hospitals","County, NAICS 5-digit -- by ownership sector","All establishment sizes",1,0,0,0,0,0,0,"N",8.43,0,0,0,0,0,0,"N",0,0.0,0,0,0,0,0,0,0,0,0,0,0,0
"39059","5","622210","78","0","2021","A","N","Guernsey County, Ohio","Private","NAICS 622210 Psychiatric and substance abuse hospitals","County, NAICS 6-digit -- by ownership sector","All establishment sizes",1,0,0,0,0,0,0,"N",8.43,0,0,0,0,0,0,"N",0,0.0,0,0,0,0,0,0,0,0,0,0,0,0
"39059","5","623","75","0","2021","A","N","Guernsey County, Ohio","Private","NAICS 623 Nursing and residential care facilities","County, NAICS 3-digit -- by ownership sector","All establishment sizes",24,0,0,0,0,0,0,"N",3.19,0,0,0,0,0,0,"N",0,0.0,0,0,0,0,0,0,0,0,0,0,0,0
"39059","5","6231","76","0","2021","A","","Guernsey County, Ohio","Private","NAICS 6231 Nursing care facilities, skilled nursing","County, NAICS 4-digit -- by ownership sector","All establishment sizes",4,184,5639055,2115690,34597,590,30661,"",2.42,1.38,1.46,1.91,1.75,1.06,1.06,"",-1,-20.0,-44,-19.3,-835950,-12.9,-735474,-25.8,-4542,-11.6,43,7.9,2231,7.8
"39059","5","62311","77","0","2021","A","","Guernsey County, Ohio","Private","NAICS 62311 Nursing care facilities, skilled nursing","County, NAICS 5-digit -- by ownership sector","All establishment sizes",4,184,5639055,2115690,34597,590,30661,"",2.42,1.38,1.46,1.91,1.75,1.06,1.06,"",-1,-20.0,-44,-19.3,-835950,-12.9,-735474,-25.8,-4542,-11.6,43,7.9,2231,7.8
"39059","5","623110","78","0","2021","A","","Guernsey County, Ohio","Private","NAICS 623110 Nursing care facilities, skilled nursing","County, NAICS 6-digit -- by ownership sector","All establishment sizes",4,184,5639055,2115690,34597,590,30661,"",2.42,1.38,1.46,1.91,1.75,1.06,1.06,"",-1,-20.0,-44,-19.3,-835950,-12.9,-735474,-25.8,-4542,-11.6,43,7.9,2231,7.8
"39059","5","6232","76","0","2021","A","","Guernsey County, Ohio","Private","NAICS 6232 Residential mental health facilities","County, NAICS 4-digit -- by ownership sector","All establishment sizes",16,90,2970731,587890,6776,638,33162,"",5.73,1.53,1.86,1.77,1.05,1.23,1.22,"",0,0.0,-12,-11.8,186072,6.7,-50023,-7.8,-263,-3.7,110,20.8,5727,20.9
"39059","5","62321","77","0","2021","A","","Guernsey County, Ohio","Private","NAICS 62321 Residential developmental disability homes","County, NAICS 5-digit -- by ownership sector","All establishment sizes",16,90,2970731,587890,6776,638,33162,"",8.00,2.48,3.25,3.16,2.27,1.32,1.32,"",0,0.0,-12,-11.8,186072,6.7,-50023,-7.8,-263,-3.7,110,20.8,5727,20.9
"39059","5","623210","78","0","2021","A","","Guernsey County, Ohio","Private","NAICS 623210 Residential developmental disability homes","County, NAICS 6-digit -- by ownership sector","All establishment sizes",16,90,2970731,587890,6776,638,33162,"",8.00,2.48,3.25,3.16,2.27,1.32,1.32,"",0,0.0,-12,-11.8,186072,6.7,-50023,-7.8,-263,-3.7,110,20.8,5727,20.9
"39059","5","6233","76","0","2021","A","N","Guernsey County, Ohio","Private","NAICS 6233 Continuing care, assisted living facilities","County, NAICS 4-digit -- by ownership sector","All establishment sizes",3,0,0,0,0,0,0,"N",1.22,0,0,0,0,0,0,"N",1,50.0,0,0,0,0,0,0,0,0,0,0,0,0
"39059","5","62331","77","0","2021","A","N","Guernsey County, Ohio","Private","NAICS 62331 Continuing care, assisted living facilities","County, NAICS 5-digit -- by ownership sector","All establishment sizes",3,0,0,0,0,0,0,"N",1.22,0,0,0,0,0,0,"N",1,50.0,0,0,0,0,0,0,0,0,0,0,0,0
"39059","5","623311","78","0","2021","A","N","Guernsey County, Ohio","Private","NAICS 623311 Continuing care retirement communities","County, NAICS 6-digit -- by ownership sector","All establishment sizes",2,0,0,0,0,0,0,"N",3.11,0,0,0,0,0,0,"N",1,100.0,0,0,0,0,0,0,0,0,0,0,0,0
"39059","5","623312","78","0","2021","A","N","Guernsey County, Ohio","Private","NAICS 623312 Assisted living facilities for the elderly","County, NAICS 6-digit -- by ownership sector","All establishment sizes",1,0,0,0,0,0,0,"N",0.55,0,0,0,0,0,0,"N",0,0.0,0,0,0,0,0,0,0,0,0,0,0,0
"39059","5","6239","76","0","2021","A","N","Guernsey County, Ohio","Private","NAICS 6239 Other residential care facilities","County, NAICS 4-digit -- by ownership sector","All establishment sizes",1,0,0,0,0,0,0,"N",1.66,0,0,0,0,0,0,"N",0,0.0,0,0,0,0,0,0,0,0,0,0,0,0
"39059","5","62399","77","0","2021","A","N","Guernsey County, Ohio","Private","NAICS 62399 Other residential care facilities","County, NAICS 5-digit -- by ownership sector","All establishment sizes",1,0,0,0,0,0,0,"N",1.66,0,0,0,0,0,0,"N",0,0.0,0,0,0,0,0,0,0,0,0,0,0,0
"39059","5","623990","78","0","2021","A","N","Guernsey County, Ohio","Private","NAICS 623990 Other residential care facilities","County, NAICS 6-digit -- by ownership sector","All establishment sizes",1,0,0,0,0,0,0,"N",1.66,0,0,0,0,0,0,"N",0,0.0,0,0,0,0,0,0,0,0,0,0,0,0
"39059","5","624","75","0","2021","A","","Guernsey County, Ohio","Private","NAICS 624 Social assistance","County, NAICS 3-digit -- by ownership sector","All establishment sizes",23,681,22049845,7173441,186414,622,32367,"",0.25,1.76,2.86,2.69,2.90,1.62,1.62,"",-1,-4.2,28,4.3,1455620,7.1,472094,7.0,52897,39.6,15,2.5,809,2.6
"39059","5","6241","76","0","2021","A","","Guernsey County, Ohio","Private","NAICS 6241 Individual and family services","County, NAICS 4-digit -- by ownership sector","All establishment sizes",12,539,18112913,5592194,113400,646,33610,"",0.14,2.06,3.64,3.19,2.57,1.76,1.76,"",-1,-7.7,15,2.9,1013336,5.9,315247,6.0,38544,51.5,18,2.9,977,3.0
"39059","5","62411","77","0","2021","A","N","Guernsey County, Ohio","Private","NAICS 62411 Child and youth services","County, NAICS 5-digit -- by ownership sector","All establishment sizes",3,0,0,0,0,0,0,"N",2.75,0,0,0,0,0,0,"N",0,0.0,0,0,0,0,0,0,0,0,0,0,0,0
"39059","5","624110","78","0","2021","A","N","Guernsey County, Ohio","Private","NAICS 624110 Child and youth services","County, NAICS 6-digit -- by ownership sector","All establishment sizes",3,0,0,0,0,0,0,"N",2.75,0,0,0,0,0,0,"N",0,0.0,0,0,0,0,0,0,0,0,0,0,0,0
"39059","5","62412","77","0","2021","A","","Guernsey County, Ohio","Private","NAICS 62412 Services for the elderly and disabled","County, NAICS 5-digit -- by ownership sector","All establishment sizes",5,422,13205963,4320862,86528,601,31263,"",0.06,2.13,4.22,3.19,2.56,1.98,1.98,"",-1,-16.7,5,1.2,471478,3.7,103037,2.4,27175,45.8,14,2.4,749,2.5
"39059","5","624120","78","0","2021","A","","Guernsey County, Ohio","Private","NAICS 624120 Services for the elderly and disabled","County, NAICS 6-digit -- by ownership sector","All establishment sizes",5,422,13205963,4320862,86528,601,31263,"",0.06,2.13,4.22,3.19,2.56,1.98,1.98,"",-1,-16.7,5,1.2,471478,3.7,103037,2.4,27175,45.8,14,2.4,749,2.5
"39059","5","62419","77","0","2021","A","N","Guernsey County, Ohio","Private","NAICS 62419 Other individual and family services","County, NAICS 5-digit -- by ownership sector","All establishment sizes",4,0,0,0,0,0,0,"N",1.25,0,0,0,0,0,0,"N",0,0.0,0,0,0,0,0,0,0,0,0,0,0,0
"39059","5","624190","78","0","2021","A","N","Guernsey County, Ohio","Private","NAICS 624190 Other individual and family services","County, NAICS 6-digit -- by ownership sector","All establishment sizes",4,0,0,0,0,0,0,"N",1.25,0,0,0,0,0,0,"N",0,0.0,0,0,0,0,0,0,0,0,0,0,0,0
"39059","5","6242","76","0","2021","A","N","Guernsey County, Ohio","Private","NAICS 6242 Emergency and other relief services","County, NAICS 4-digit -- by ownership sector","All establishment sizes",1,0,0,0,0,0,0,"N",0.88,0,0,0,0,0,0,"N",0,0.0,0,0,0,0,0,0,0,0,0,0,0,0
"39059","5","62422","77","0","2021","A","N","Guernsey County, Ohio","Private","NAICS 62422 Community housing services","County, NAICS 5-digit -- by ownership sector","All establishment sizes",1,0,0,0,0,0,0,"N",1.62,0,0,0,0,0,0,"N",0,0.0,0,0,0,0,0,0,0,0,0,0,0,0
"39059","5","624221","78","0","2021","A","N","Guernsey County, Ohio","Private","NAICS 624221 Temporary shelters","County, NAICS 6-digit -- by ownership sector","All establishment sizes",1,0,0,0,0,0,0,"N",2.89,0,0,0,0,0,0,"N",0,0.0,0,0,0,0,0,0,0,0,0,0,0,0
"39059","5","6243","76","0","2021","A","N","Guernsey County, Ohio","Private","NAICS 6243 Vocational rehabilitation services","County, NAICS 4-digit -- by ownership sector","All establishment sizes",1,0,0,0,0,0,0,"N",1.21,0,0,0,0,0,0,"N",0,0.0,0,0,0,0,0,0,0,0,0,0,0,0
"39059","5","62431","77","0","2021","A","N","Guernsey County, Ohio","Private","NAICS 62431 Vocational rehabilitation services","County, NAICS 5-digit -- by ownership sector","All establishment sizes",1,0,0,0,0,0,0,"N",1.21,0,0,0,0,0,0,"N",0,0.0,0,0,0,0,0,0,0,0,0,0,0,0
"39059","5","624310","78","0","2021","A","N","Guernsey County, Ohio","Private","NAICS 624310 Vocational rehabilitation services","County, NAICS 6-digit -- by ownership sector","All establishment sizes",1,0,0,0,0,0,0,"N",1.21,0,0,0,0,0,0,"N",0,0.0,0,0,0,0,0,0,0,0,0,0,0,0
"39059","5","6244","76","0","2021","A","","Guernsey County, Ohio","Private","NAICS 6244 Child day care services","County, NAICS 4-digit -- by ownership sector","All establishment sizes",9,117,3040339,1321421,64653,502,26079,"",1.38,1.47,2.00,1.93,4.47,1.37,1.37,"",0,0.0,11,10.4,388226,14.6,119827,10.0,18241,39.3,19,3.9,980,3.9
"39059","5","62441","77","0","2021","A","","Guernsey County, Ohio","Private","NAICS 62441 Child day care services","County, NAICS 5-digit -- by ownership sector","All establishment sizes",9,117,3040339,1321421,64653,502,26079,"",1.38,1.47,2.00,1.93,4.47,1.37,1.37,"",0,0.0,11,10.4,388226,14.6,119827,10.0,18241,39.3,19,3.9,980,3.9
"39059","5","624410","78","0","2021","A","","Guernsey County, Ohio","Private","NAICS 624410 Child day care services","County, NAICS 6-digit -- by ownership sector","All establishment sizes",9,117,3040339,1321421,64653,502,26079,"",1.38,1.47,2.00,1.93,4.47,1.37,1.37,"",0,0.0,11,10.4,388226,14.6,119827,10.0,18241,39.3,19,3.9,980,3.9
"39059","5","71","74","0","2021","A","","Guernsey County, Ohio","Private","NAICS 71 Arts, entertainment, and recreation","County, NAICS Sector -- by ownership sector","All establishment sizes",9,54,1157374,485885,14990,416,21633,"",0.63,0.28,0.19,0.32,0.37,0.68,0.68,"",1,12.5,3,5.9,211040,22.3,43633,9.9,972,6.9,61,17.2,3198,17.3
"39059","5","711","75","0","2021","A","N","Guernsey County, Ohio","Private","NAICS 711 Performing arts and spectator sports","County, NAICS 3-digit -- by ownership sector","All establishment sizes",3,0,0,0,0,0,0,"N",0.51,0,0,0,0,0,0,"N",0,0.0,0,0,0,0,0,0,0,0,0,0,0,0
"39059","5","7112","76","0","2021","A","N","Guernsey County, Ohio","Private","NAICS 7112 Spectator sports","County, NAICS 4-digit -- by ownership sector","All establishment sizes",1,0,0,0,0,0,0,"N",1.56,0,0,0,0,0,0,"N",0,0.0,0,0,0,0,0,0,0,0,0,0,0,0
"39059","5","71121","77","0","2021","A","N","Guernsey County, Ohio","Private","NAICS 71121 Spectator sports","County, NAICS 5-digit -- by ownership sector","All establishment sizes",1,0,0,0,0,0,0,"N",1.56,0,0,0,0,0,0,"N",0,0.0,0,0,0,0,0,0,0,0,0,0,0,0
"39059","5","711219","78","0","2021","A","N","Guernsey County, Ohio","Private","NAICS 711219 Other spectator sports","County, NAICS 6-digit -- by ownership sector","All establishment sizes",1,0,0,0,0,0,0,"N",3.04,0,0,0,0,0,0,"N",0,0.0,0,0,0,0,0,0,0,0,0,0,0,0
"39059","5","7113","76","0","2021","A","N","Guernsey County, Ohio","Private","NAICS 7113 Promoters of performing arts and sports","County, NAICS 4-digit -- by ownership sector","All establishment sizes",2,0,0,0,0,0,0,"N",2.48,0,0,0,0,0,0,"N",0,0.0,0,0,0,0,0,0,0,0,0,0,0,0
"39059","5","71131","77","0","2021","A","N","Guernsey County, Ohio","Private","NAICS 71131 Promoters with facilities","County, NAICS 5-digit -- by ownership sector","All establishment sizes",1,0,0,0,0,0,0,"N",2.91,0,0,0,0,0,0,"N",0,0.0,0,0,0,0,0,0,0,0,0,0,0,0
"39059","5","711310","78","0","2021","A","N","Guernsey County, Ohio","Private","NAICS 711310 Promoters with facilities","County, NAICS 6-digit -- by ownership sector","All establishment sizes",1,0,0,0,0,0,0,"N",2.91,0,0,0,0,0,0,"N",0,0.0,0,0,0,0,0,0,0,0,0,0,0,0
"39059","5","71132","77","0","2021","A","N","Guernsey County, Ohio","Private","NAICS 71132 Promoters without facilities","County, NAICS 5-digit -- by ownership sector","All establishment sizes",1,0,0,0,0,0,0,"N",2.16,0,0,0,0,0,0,"N",0,0.0,0,0,0,0,0,0,0,0,0,0,0,0
"39059","5","711320","78","0","2021","A","N","Guernsey County, Ohio","Private","NAICS 711320 Promoters without facilities","County, NAICS 6-digit -- by ownership sector","All establishment sizes",1,0,0,0,0,0,0,"N",2.16,0,0,0,0,0,0,"N",0,0.0,0,0,0,0,0,0,0,0,0,0,0,0
"39059","5","712","75","0","2021","A","N","Guernsey County, Ohio","Private","NAICS 712 Museums, historical sites, zoos, and parks","County, NAICS 3-digit -- by ownership sector","All establishment sizes",1,0,0,0,0,0,0,"N",1.59,0,0,0,0,0,0,"N",0,0.0,0,0,0,0,0,0,0,0,0,0,0,0
"39059","5","7121","76","0","2021","A","N","Guernsey County, Ohio","Private","NAICS 7121 Museums, historical sites, zoos, and parks","County, NAICS 4-digit -- by ownership sector","All establishment sizes",1,0,0,0,0,0,0,"N",1.59,0,0,0,0,0,0,"N",0,0.0,0,0,0,0,0,0,0,0,0,0,0,0
"39059","5","71211","77","0","2021","A","N","Guernsey County, Ohio","Private","NAICS 71211 Museums","County, NAICS 5-digit -- by ownership sector","All establishment sizes",1,0,0,0,0,0,0,"N",2.38,0,0,0,0,0,0,"N",0,0.0,0,0,0,0,0,0,0,0,0,0,0,0
"39059","5","712110","78","0","2021","A","N","Guernsey County, Ohio","Private","NAICS 712110 Museums","County, NAICS 6-digit -- by ownership sector","All establishment sizes",1,0,0,0,0,0,0,"N",2.38,0,0,0,0,0,0,"N",0,0.0,0,0,0,0,0,0,0,0,0,0,0,0
"39059","5","713","75","0","2021","A","","Guernsey County, Ohio","Private","NAICS 713 Amusements, gambling, and recreation","County, NAICS 3-digit -- by ownership sector","All establishment sizes",5,43,787460,361839,10478,354,18420,"",0.64,0.30,0.30,0.33,0.37,0.98,0.98,"",1,25.0,-2,-4.4,56989,7.8,5623,1.6,95,0.9,41,13.1,2157,13.3
"39059","5","7139","76","0","2021","A","","Guernsey County, Ohio","Private","NAICS 7139 Other amusement and recreation industries","County, NAICS 4-digit -- by ownership sector","All establishment sizes",5,43,787460,361839,10478,354,18420,"",0.69,0.37,0.39,0.42,0.44,1.05,1.05,"",1,25.0,-2,-4.4,56989,7.8,5623,1.6,95,0.9,41,13.1,2157,13.3
"39059","5","71391","77","0","2021","A","N","Guernsey County, Ohio","Private","NAICS 71391 Golf courses and country clubs","County, NAICS 5-digit -- by ownership sector","All establishment sizes",2,0,0,0,0,0,0,"N",2.11,0,0,0,0,0,0,"N",0,0.0,0,0,0,0,0,0,0,0,0,0,0,0
"39059","5","713910","78","0","2021","A","N","Guernsey County, Ohio","Private","NAICS 713910 Golf courses and country clubs","County, NAICS 6-digit -- by ownership sector","All establishment sizes",2,0,0,0,0,0,0,"N",2.11,0,0,0,0,0,0,"N",0,0.0,0,0,0,0,0,0,0,0,0,0,0,0
"39059","5","71394","77","0","2021","A","N","Guernsey County, Ohio","Private","NAICS 71394 Fitness and recreational sports centers","County, NAICS 5-digit -- by ownership sector","All establishment sizes",2,0,0,0,0,0,0,"N",0.55,0,0,0,0,0,0,"N",1,100.0,0,0,0,0,0,0,0,0,0,0,0,0
"39059","5","713940","78","0","2021","A","N","Guernsey County, Ohio","Private","NAICS 713940 Fitness and recreational sports centers","County, NAICS 6-digit -- by ownership sector","All establishment sizes",2,0,0,0,0,0,0,"N",0.55,0,0,0,0,0,0,"N",1,100.0,0,0,0,0,0,0,0,0,0,0,0,0
"39059","5","71399","77","0","2021","A","N","Guernsey County, Ohio","Private","NAICS 71399 All other amusement and recreation industries","County, NAICS 5-digit -- by ownership sector","All establishment sizes",1,0,0,0,0,0,0,"N",0.51,0,0,0,0,0,0,"N",0,0.0,0,0,0,0,0,0,0,0,0,0,0,0
"39059","5","713990","78","0","2021","A","N","Guernsey County, Ohio","Private","NAICS 713990 All other amusement and recreation industries","County, NAICS 6-digit -- by ownership sector","All establishment sizes",1,0,0,0,0,0,0,"N",0.51,0,0,0,0,0,0,"N",0,0.0,0,0,0,0,0,0,0,0,0,0,0,0
"39059","5","72","74","0","2021","A","","Guernsey County, Ohio","Private","NAICS 72 Accommodation and food services","County, NAICS Sector -- by ownership sector","All establishment sizes",90,1701,30442445,16878024,324222,344,17893,"",1.39,1.44,1.46,1.63,1.59,1.01,1.01,"",3,3.4,164,10.7,4748904,18.5,2191599,14.9,110733,51.9,23,7.2,1178,7.0
"39059","5","721","75","0","2021","A","","Guernsey County, Ohio","Private","NAICS 721 Accommodation","County, NAICS 3-digit -- by ownership sector","All establishment sizes",17,353,7993213,4165849,130203,436,22654,"",2.60,2.42,2.06,2.60,3.66,0.85,0.85,"",0,0.0,33,10.3,994437,14.2,611376,17.2,50248,62.8,16,3.8,789,3.6
"39059","5","7211","76","0","2021","A","","Guernsey County, Ohio","Private","NAICS 7211 Traveler accommodation","County, NAICS 4-digit -- by ownership sector","All establishment sizes",12,266,5633398,3170602,85974,407,21165,"",2.12,1.92,1.51,2.06,2.55,0.78,0.78,"",0,0.0,24,9.9,767214,15.8,581821,22.5,38007,79.2,21,5.4,1091,5.4
"39059","5","72111","77","0","2021","A","","Guernsey County, Ohio","Private","NAICS 72111 Hotels and motels, except casino hotels","County, NAICS 5-digit -- by ownership sector","All establishment sizes",12,266,5633398,3170602,85974,407,21165,"",2.31,2.31,2.05,2.73,3.20,0.89,0.89,"",0,0.0,24,9.9,767214,15.8,581821,22.5,38007,79.2,21,5.4,1091,5.4
"39059","5","721110","78","0","2021","A","","Guernsey County, Ohio","Private","NAICS 721110 Hotels and motels, except casino hotels","County, NAICS 6-digit -- by ownership sector","All establishment sizes",12,266,5633398,3170602,85974,407,21165,"",2.31,2.31,2.05,2.73,3.20,0.89,0.89,"",0,0.0,24,9.9,767214,15.8,581821,22.5,38007,79.2,21,5.4,1091,5.4
"39059","5","7212","76","0","2021","A","","Guernsey County, Ohio","Private","NAICS 7212 Rv parks and recreational camps","County, NAICS 4-digit -- by ownership sector","All establishment sizes",5,87,2359815,995247,44229,524,27229,"",7.00,13.38,17.98,17.20,26.88,1.35,1.35,"",0,0.0,9,11.5,227223,10.7,29555,3.1,12241,38.3,-4,-0.8,-229,-0.8
"39059","5","72121","77","0","2021","A","","Guernsey County, Ohio","Private","NAICS 72121 Rv parks and recreational camps","County, NAICS 5-digit -- by ownership sector","All establishment sizes",5,87,2359815,995247,44229,524,27229,"",7.00,13.38,17.98,17.20,26.88,1.35,1.35,"",0,0.0,9,11.5,227223,10.7,29555,3.1,12241,38.3,-4,-0.8,-229,-0.8
"39059","5","721211","78","0","2021","A","","Guernsey County, Ohio","Private","NAICS 721211 Rv parks and campgrounds","County, NAICS 6-digit -- by ownership sector","All establishment sizes",5,87,2359815,995247,44229,524,27229,"",11.16,25.43,37.07,32.47,44.19,1.47,1.46,"",0,0.0,9,11.5,227223,10.7,29555,3.1,12241,38.3,-4,-0.8,-229,-0.8
"39059","5","722","75","0","2021","A","","Guernsey County, Ohio","Private","NAICS 722 Food services and drinking places","County, NAICS 3-digit -- by ownership sector","All establishment sizes",73,1349,22449232,12712175,194019,320,16648,"",1.25,1.30,1.32,1.45,1.15,1.02,1.02,"",3,4.3,132,10.8,3754467,20.1,1580223,14.2,60485,45.3,25,8.5,1288,8.4
"39059","5","7223","76","0","2021","A","N","Guernsey County, Ohio","Private","NAICS 7223 Special food services","County, NAICS 4-digit -- by ownership sector","All establishment sizes",1,0,0,0,0,0,0,"N",0.26,0,0,0,0,0,0,"N",0,0.0,0,0,0,0,0,0,0,0,0,0,0,0
"39059","5","72231","77","0","2021","A","N","Guernsey County, Ohio","Private","NAICS 72231 Food service contractors","County, NAICS 5-digit -- by ownership sector","All establishment sizes",1,0,0,0,0,0,0,"N",0.50,0,0,0,0,0,0,"N",0,0.0,0,0,0,0,0,0,0,0,0,0,0,0
"39059","5","722310","78","0","2021","A","N","Guernsey County, Ohio","Private","NAICS 722310 Food service contractors","County, NAICS 6-digit -- by ownership sector","All establishment sizes",1,0,0,0,0,0,0,"N",0.50,0,0,0,0,0,0,"N",0,0.0,0,0,0,0,0,0,0,0,0,0,0,0
"39059","5","7224","76","0","2021","A","N","Guernsey County, Ohio","Private","NAICS 7224 Drinking places, alcoholic beverages","County, NAICS 4-digit -- by ownership sector","All establishment sizes",2,0,0,0,0,0,0,"N",0.55,0,0,0,0,0,0,"N",0,0.0,0,0,0,0,0,0,0,0,0,0,0,0
"39059","5","72241","77","0","2021","A","N","Guernsey County, Ohio","Private","NAICS 72241 Drinking places, alcoholic beverages","County, NAICS 5-digit -- by ownership sector","All establishment sizes",2,0,0,0,0,0,0,"N",0.55,0,0,0,0,0,0,"N",0,0.0,0,0,0,0,0,0,0,0,0,0,0,0
"39059","5","722410","78","0","2021","A","N","Guernsey County, Ohio","Private","NAICS 722410 Drinking places, alcoholic beverages","County, NAICS 6-digit -- by ownership sector","All establishment sizes",2,0,0,0,0,0,0,"N",0.55,0,0,0,0,0,0,"N",0,0.0,0,0,0,0,0,0,0,0,0,0,0,0
"39059","5","7225","76","0","2021","A","","Guernsey County, Ohio","Private","NAICS 7225 Restaurants and other eating places","County, NAICS 4-digit -- by ownership sector","All establishment sizes",70,1317,21889517,12387263,189524,320,16625,"",1.37,1.38,1.43,1.56,1.33,1.04,1.04,"",3,4.5,117,9.8,3524209,19.2,1423843,13.0,58458,44.6,26,8.8,1318,8.6
"39059","5","72251","77","0","2021","A","","Guernsey County, Ohio","Private","NAICS 72251 Restaurants and other eating places","County, NAICS 5-digit -- by ownership sector","All establishment sizes",70,1317,21889517,12387263,189524,320,16625,"",1.37,1.38,1.43,1.56,1.33,1.04,1.04,"",3,4.5,117,9.8,3524209,19.2,1423843,13.0,58458,44.6,26,8.8,1318,8.6
"39059","5","722511","78","0","2021","A","","Guernsey County, Ohio","Private","NAICS 722511 Full-service restaurants","County, NAICS 6-digit -- by ownership sector","All establishment sizes",28,604,10704287,5786775,69966,341,17715,"",1.27,1.35,1.29,1.43,0.91,0.96,0.96,"",2,7.7,72,13.5,2150430,25.1,821127,16.5,27539,64.9,32,10.4,1646,10.2
"39059","5","722513","78","0","2021","A","","Guernsey County, Ohio","Private","NAICS 722513 Limited-service restaurants","County, NAICS 6-digit -- by ownership sector","All establishment sizes",34,620,9693028,5820110,106421,301,15634,"",1.54,1.48,1.67,1.80,2.04,1.13,1.12,"",0,0.0,26,4.4,1071853,12.4,416599,7.7,25654,31.8,22,7.9,1120,7.7
"39059","5","722514","78","0","2021","A","N","Guernsey County, Ohio","Private","NAICS 722514 Cafeterias, grill buffets, and buffets","County, NAICS 6-digit -- by ownership sector","All establishment sizes",2,0,0,0,0,0,0,"N",4.12,0,0,0,0,0,0,"N",-1,-33.3,0,0,0,0,0,0,0,0,0,0,0,0
"39059","5","722515","78","0","2021","A","N","Guernsey County, Ohio","Private","NAICS 722515 Snack and nonalcoholic beverage bars","County, NAICS 6-digit -- by ownership sector","All establishment sizes",6,0,0,0,0,0,0,"N",0.96,0,0,0,0,0,0,"N",1,20.0,0,0,0,0,0,0,0,0,0,0,0,0
"39059","5","81","74","0","2021","A","","Guernsey County, Ohio","Private","NAICS 81 Other services, except public administration","County, NAICS Sector -- by ownership sector","All establishment sizes",66,294,8846012,2667395,53900,578,30071,"",0.90,0.73,0.69,0.75,0.70,0.95,0.95,"",3,4.8,21,7.7,1203285,15.7,236954,9.7,6612,14.0,39,7.2,2033,7.3
"39059","5","811","75","0","2021","A","","Guernsey County, Ohio","Private","NAICS 811 Repair and maintenance","County, NAICS 3-digit -- by ownership sector","All establishment sizes",21,106,4544643,1149809,32907,825,42908,"",1.01,0.82,0.99,0.85,1.15,1.21,1.21,"",1,5.0,15,16.5,595548,15.1,137991,13.6,10064,44.1,-9,-1.1,-449,-1.0
"39059","5","8111","76","0","2021","A","","Guernsey County, Ohio","Private","NAICS 8111 Automotive repair and maintenance","County, NAICS 4-digit -- by ownership sector","All establishment sizes",18,92,3785430,995366,19240,788,40997,"",1.23,1.01,1.32,1.07,1.07,1.30,1.30,"",1,5.9,15,19.5,522123,16.0,124345,14.3,7739,67.3,-30,-3.7,-1522,-3.6
"39059","5","81111","77","0","2021","A","","Guernsey County, Ohio","Private","NAICS 81111 Automotive mechanical and electrical repair","County, NAICS 5-digit -- by ownership sector","All establishment sizes",10,40,1674532,446287,10753,802,41690,"",1.21,1.01,1.25,1.06,1.36,1.24,1.24,"",1,11.1,6,17.6,178800,12.0,62834,16.4,4165,63.2,-40,-4.8,-2088,-4.8
"39059","5","811111","78","0","2021","A","","Guernsey County, Ohio","Private","NAICS 811111 General automotive repair","County, NAICS 6-digit -- by ownership sector","All establishment sizes",10,40,1674532,446287,10753,802,41690,"",1.36,1.13,1.41,1.18,1.51,1.24,1.24,"",1,11.1,6,17.6,178800,12.0,62834,16.4,4165,63.2,-40,-4.8,-2088,-4.8
"39059","5","81112","77","0","2021","A","","Guernsey County, Ohio","Private","NAICS 81112 Automotive body, interior, and glass repair","County, NAICS 5-digit -- by ownership sector","All establishment sizes",3,16,834240,157975,1699,982,51076,"",0.83,0.61,0.85,0.56,0.29,1.35,1.35,"",0,0.0,-1,-5.9,87188,11.7,-233,-0.1,615,56.7,116,13.4,6028,13.4
"39059","5","811121","78","0","2021","A","N","Guernsey County, Ohio","Private","NAICS 811121 Automotive body and interior repair","County, NAICS 6-digit -- by ownership sector","All establishment sizes",2,0,0,0,0,0,0,"N",0.65,0,0,0,0,0,0,"N",0,0.0,0,0,0,0,0,0,0,0,0,0,0,0
"39059","5","811122","78","0","2021","A","N","Guernsey County, Ohio","Private","NAICS 811122 Automotive glass replacement shops","County, NAICS 6-digit -- by ownership sector","All establishment sizes",1,0,0,0,0,0,0,"N",1.81,0,0,0,0,0,0,"N",0,0.0,0,0,0,0,0,0,0,0,0,0,0,0
"39059","5","81119","77","0","2021","A","","Guernsey County, Ohio","Private","NAICS 81119 Other automotive repair and maintenance","County, NAICS 5-digit -- by ownership sector","All establishment sizes",5,36,1276658,391104,6788,685,35628,"",1.81,1.43,2.32,1.71,1.59,1.62,1.62,"",0,0.0,10,38.5,256135,25.1,61744,18.7,2959,77.3,-70,-9.3,-3623,-9.2
"39059","5","811191","78","0","2021","A","N","Guernsey County, Ohio","Private","NAICS 811191 Automotive oil change and lubrication shops","County, NAICS 6-digit -- by ownership sector","All establishment sizes",1,0,0,0,0,0,0,"N",1.52,0,0,0,0,0,0,"N",0,0.0,0,0,0,0,0,0,0,0,0,0,0,0
"39059","5","811192","78","0","2021","A","N","Guernsey County, Ohio","Private","NAICS 811192 Car washes","County, NAICS 6-digit -- by ownership sector","All establishment sizes",2,0,0,0,0,0,0,"N",1.30,0,0,0,0,0,0,"N",0,0.0,0,0,0,0,0,0,0,0,0,0,0,0
"39059","5","811198","78","0","2021","A","N","Guernsey County, Ohio","Private","NAICS 811198 All other automotive repair and maintenance","County, NAICS 6-digit -- by ownership sector","All establishment sizes",2,0,0,0,0,0,0,"N",3.54,0,0,0,0,0,0,"N",0,0.0,0,0,0,0,0,0,0,0,0,0,0,0
"39059","5","8112","76","0","2021","A","N","Guernsey County, Ohio","Private","NAICS 8112 Electronic equipment repair and maintenance","County, NAICS 4-digit -- by ownership sector","All establishment sizes",1,0,0,0,0,0,0,"N",0.69,0,0,0,0,0,0,"N",0,0.0,0,0,0,0,0,0,0,0,0,0,0,0
"39059","5","81121","77","0","2021","A","N","Guernsey County, Ohio","Private","NAICS 81121 Electronic equipment repair and maintenance","County, NAICS 5-digit -- by ownership sector","All establishment sizes",1,0,0,0,0,0,0,"N",0.69,0,0,0,0,0,0,"N",0,0.0,0,0,0,0,0,0,0,0,0,0,0,0
"39059","5","811211","78","0","2021","A","N","Guernsey County, Ohio","Private","NAICS 811211 Consumer electronics repair and maintenance","County, NAICS 6-digit -- by ownership sector","All establishment sizes",1,0,0,0,0,0,0,"N",4.95,0,0,0,0,0,0,"N",0,0.0,0,0,0,0,0,0,0,0,0,0,0,0
"39059","5","8113","76","0","2021","A","N","Guernsey County, Ohio","Private","NAICS 8113 Commercial machinery repair and maintenance","County, NAICS 4-digit -- by ownership sector","All establishment sizes",2,0,0,0,0,0,0,"N",0.77,0,0,0,0,0,0,"N",0,0.0,0,0,0,0,0,0,0,0,0,0,0,0
"39059","5","81131","77","0","2021","A","N","Guernsey County, Ohio","Private","NAICS 81131 Commercial machinery repair and maintenance","County, NAICS 5-digit -- by ownership sector","All establishment sizes",2,0,0,0,0,0,0,"N",0.77,0,0,0,0,0,0,"N",0,0.0,0,0,0,0,0,0,0,0,0,0,0,0
"39059","5","811310","78","0","2021","A","N","Guernsey County, Ohio","Private","NAICS 811310 Commercial machinery repair and maintenance","County, NAICS 6-digit -- by ownership sector","All establishment sizes",2,0,0,0,0,0,0,"N",0.77,0,0,0,0,0,0,"N",0,0.0,0,0,0,0,0,0,0,0,0,0,0,0
"39059","5","812","75","0","2021","A","","Guernsey County, Ohio","Private","NAICS 812 Personal and laundry services","County, NAICS 3-digit -- by ownership sector","All establishment sizes",21,68,2102026,625830,7565,592,30761,"",0.99,0.51,0.69,0.53,0.31,1.33,1.33,"N",0,0.0,0,0,0,0,0,0,0,0,0,0,0,0
"39059","5","8121","76","0","2021","A","","Guernsey County, Ohio","Private","NAICS 8121 Personal care services","County, NAICS 4-digit -- by ownership sector","All establishment sizes",10,35,751568,311322,4280,410,21321,"",0.82,0.54,0.57,0.54,0.36,1.05,1.05,"",1,11.1,-2,-5.4,159837,27.0,-15738,-4.8,1289,43.1,104,34.0,5400,33.9
"39059","5","81211","77","0","2021","A","N","Guernsey County, Ohio","Private","NAICS 81211 Hair, nail, and skin care services","County, NAICS 5-digit -- by ownership sector","All establishment sizes",9,0,0,0,0,0,0,"N",0.91,0,0,0,0,0,0,"N",1,12.5,0,0,0,0,0,0,0,0,0,0,0,0
"39059","5","812112","78","0","2021","A","N","Guernsey County, Ohio","Private","NAICS 812112 Beauty salons","County, NAICS 6-digit -- by ownership sector","All establishment sizes",9,0,0,0,0,0,0,"N",1.37,0,0,0,0,0,0,"N",1,12.5,0,0,0,0,0,0,0,0,0,0,0,0
"39059","5","81219","77","0","2021","A","N","Guernsey County, Ohio","Private","NAICS 81219 Other personal care services","County, NAICS 5-digit -- by ownership sector","All establishment sizes",1,0,0,0,0,0,0,"N",0.41,0,0,0,0,0,0,"N",0,0.0,0,0,0,0,0,0,0,0,0,0,0,0
"39059","5","812199","78","0","2021","A","N","Guernsey County, Ohio","Private","NAICS 812199 Other personal care services","County, NAICS 6-digit -- by ownership sector","All establishment sizes",1,0,0,0,0,0,0,"N",0.46,0,0,0,0,0,0,"N",0,0.0,0,0,0,0,0,0,0,0,0,0,0,0
"39059","5","8122","76","0","2021","A","","Guernsey County, Ohio","Private","NAICS 8122 Death care services","County, NAICS 4-digit -- by ownership sector","All establishment sizes",5,25,1052948,203955,1717,821,42687,"",3.12,1.92,2.51,1.86,0.83,1.33,1.32,"",0,0.0,1,4.2,158435,17.7,3897,1.9,888,107.1,112,15.8,5800,15.7
"39059","5","81221","77","0","2021","A","N","Guernsey County, Ohio","Private","NAICS 81221 Funeral homes and funeral services","County, NAICS 5-digit -- by ownership sector","All establishment sizes",3,0,0,0,0,0,0,"N",2.48,0,0,0,0,0,0,"N",0,0.0,0,0,0,0,0,0,0,0,0,0,0,0
"39059","5","812210","78","0","2021","A","N","Guernsey County, Ohio","Private","NAICS 812210 Funeral homes and funeral services","County, NAICS 6-digit -- by ownership sector","All establishment sizes",3,0,0,0,0,0,0,"N",2.48,0,0,0,0,0,0,"N",0,0.0,0,0,0,0,0,0,0,0,0,0,0,0
"39059","5","81222","77","0","2021","A","N","Guernsey County, Ohio","Private","NAICS 81222 Cemeteries and crematories","County, NAICS 5-digit -- by ownership sector","All establishment sizes",2,0,0,0,0,0,0,"N",5.13,0,0,0,0,0,0,"N",0,0.0,0,0,0,0,0,0,0,0,0,0,0,0
"39059","5","812220","78","0","2021","A","N","Guernsey County, Ohio","Private","NAICS 812220 Cemeteries and crematories","County, NAICS 6-digit -- by ownership sector","All establishment sizes",2,0,0,0,0,0,0,"N",5.13,0,0,0,0,0,0,"N",0,0.0,0,0,0,0,0,0,0,0,0,0,0,0
"39059","5","8123","76","0","2021","A","N","Guernsey County, Ohio","Private","NAICS 8123 Drycleaning and laundry services","County, NAICS 4-digit -- by ownership sector","All establishment sizes",3,0,0,0,0,0,0,"N",1.17,0,0,0,0,0,0,"N",-1,-25.0,0,0,0,0,0,0,0,0,0,0,0,0
"39059","5","81231","77","0","2021","A","N","Guernsey County, Ohio","Private","NAICS 81231 Coin-operated laundries and drycleaners","County, NAICS 5-digit -- by ownership sector","All establishment sizes",1,0,0,0,0,0,0,"N",1.19,0,0,0,0,0,0,"N",-1,-50.0,0,0,0,0,0,0,0,0,0,0,0,0
"39059","5","812310","78","0","2021","A","N","Guernsey County, Ohio","Private","NAICS 812310 Coin-operated laundries and drycleaners","County, NAICS 6-digit -- by ownership sector","All establishment sizes",1,0,0,0,0,0,0,"N",1.19,0,0,0,0,0,0,"N",-1,-50.0,0,0,0,0,0,0,0,0,0,0,0,0
"39059","5","81232","77","0","2021","A","N","Guernsey County, Ohio","Private","NAICS 81232 Drycleaning and laundry services","County, NAICS 5-digit -- by ownership sector","All establishment sizes",1,0,0,0,0,0,0,"N",0.67,0,0,0,0,0,0,"N",0,0.0,0,0,0,0,0,0,0,0,0,0,0,0
"39059","5","812320","78","0","2021","A","N","Guernsey County, Ohio","Private","NAICS 812320 Drycleaning and laundry services","County, NAICS 6-digit -- by ownership sector","All establishment sizes",1,0,0,0,0,0,0,"N",0.67,0,0,0,0,0,0,"N",0,0.0,0,0,0,0,0,0,0,0,0,0,0,0
"39059","5","81233","77","0","2021","A","N","Guernsey County, Ohio","Private","NAICS 81233 Linen and uniform supply","County, NAICS 5-digit -- by ownership sector","All establishment sizes",1,0,0,0,0,0,0,"N",4.02,0,0,0,0,0,0,"N",0,0.0,0,0,0,0,0,0,0,0,0,0,0,0
"39059","5","812332","78","0","2021","A","N","Guernsey County, Ohio","Private","NAICS 812332 Industrial launderers","County, NAICS 6-digit -- by ownership sector","All establishment sizes",1,0,0,0,0,0,0,"N",8.03,0,0,0,0,0,0,"N",0,0.0,0,0,0,0,0,0,0,0,0,0,0,0
"39059","5","8129","76","0","2021","A","N","Guernsey County, Ohio","Private","NAICS 8129 Other personal services","County, NAICS 4-digit -- by ownership sector","All establishment sizes",3,0,0,0,0,0,0,"N",0.63,0,0,0,0,0,0,"N",0,0.0,0,0,0,0,0,0,0,0,0,0,0,0
"39059","5","81291","77","0","2021","A","N","Guernsey County, Ohio","Private","NAICS 81291 Pet care, except veterinary, services","County, NAICS 5-digit -- by ownership sector","All establishment sizes",1,0,0,0,0,0,0,"N",0.51,0,0,0,0,0,0,"N",0,0.0,0,0,0,0,0,0,0,0,0,0,0,0
"39059","5","812910","78","0","2021","A","N","Guernsey County, Ohio","Private","NAICS 812910 Pet care, except veterinary, services","County, NAICS 6-digit -- by ownership sector","All establishment sizes",1,0,0,0,0,0,0,"N",0.51,0,0,0,0,0,0,"N",0,0.0,0,0,0,0,0,0,0,0,0,0,0,0
"39059","5","81299","77","0","2021","A","N","Guernsey County, Ohio","Private","NAICS 81299 All other personal services","County, NAICS 5-digit -- by ownership sector","All establishment sizes",2,0,0,0,0,0,0,"N",0.98,0,0,0,0,0,0,"N",0,0.0,0,0,0,0,0,0,0,0,0,0,0,0
"39059","5","812990","78","0","2021","A","N","Guernsey County, Ohio","Private","NAICS 812990 All other personal services","County, NAICS 6-digit -- by ownership sector","All establishment sizes",2,0,0,0,0,0,0,"N",0.98,0,0,0,0,0,0,"N",0,0.0,0,0,0,0,0,0,0,0,0,0,0,0
"39059","5","813","75","0","2021","A","","Guernsey County, Ohio","Private","NAICS 813 Membership associations and organizations","County, NAICS 3-digit -- by ownership sector","All establishment sizes",21,116,2140632,853865,12644,354,18427,"",1.50,0.96,0.46,1.05,0.66,0.48,0.48,"",0,0.0,8,7.4,251832,13.3,110201,14.8,-5697,-31.1,17,5.0,911,5.2
"39059","5","8133","76","0","2021","A","N","Guernsey County, Ohio","Private","NAICS 8133 Social advocacy organizations","County, NAICS 4-digit -- by ownership sector","All establishment sizes",2,0,0,0,0,0,0,"N",0.81,0,0,0,0,0,0,"N",0,0.0,0,0,0,0,0,0,0,0,0,0,0,0
"39059","5","81331","77","0","2021","A","N","Guernsey County, Ohio","Private","NAICS 81331 Social advocacy organizations","County, NAICS 5-digit -- by ownership sector","All establishment sizes",2,0,0,0,0,0,0,"N",0.81,0,0,0,0,0,0,"N",0,0.0,0,0,0,0,0,0,0,0,0,0,0,0
"39059","5","813311","78","0","2021","A","N","Guernsey County, Ohio","Private","NAICS 813311 Human rights organizations","County, NAICS 6-digit -- by ownership sector","All establishment sizes",1,0,0,0,0,0,0,"N",2.04,0,0,0,0,0,0,"N",0,0.0,0,0,0,0,0,0,0,0,0,0,0,0
"39059","5","813319","78","0","2021","A","N","Guernsey County, Ohio","Private","NAICS 813319 Other social advocacy organizations","County, NAICS 6-digit -- by ownership sector","All establishment sizes",1,0,0,0,0,0,0,"N",0.78,0,0,0,0,0,0,"N",0,0.0,0,0,0,0,0,0,0,0,0,0,0,0
"39059","5","8134","76","0","2021","A","","Guernsey County, Ohio","Private","NAICS 8134 Civic and social organizations","County, NAICS 4-digit -- by ownership sector","All establishment sizes",12,66,1027902,471792,5304,299,15555,"",5.32,2.42,2.01,4.34,2.21,0.83,0.83,"",0,0.0,3,4.8,142576,16.1,49604,11.7,1776,50.3,30,11.2,1576,11.3
"39059","5","81341","77","0","2021","A","","Guernsey County, Ohio","Private","NAICS 81341 Civic and social organizations","County, NAICS 5-digit -- by ownership sector","All establishment sizes",12,66,1027902,471792,5304,299,15555,"",5.32,2.42,2.01,4.34,2.21,0.83,0.83,"",0,0.0,3,4.8,142576,16.1,49604,11.7,1776,50.3,30,11.2,1576,11.3
"39059","5","813410","78","0","2021","A","","Guernsey County, Ohio","Private","NAICS 813410 Civic and social organizations","County, NAICS 6-digit -- by ownership sector","All establishment sizes",12,66,1027902,471792,5304,299,15555,"",5.32,2.42,2.01,4.34,2.21,0.83,0.83,"",0,0.0,3,4.8,142576,16.1,49604,11.7,1776,50.3,30,11.2,1576,11.3
"39059","5","8139","76","0","2021","A","N","Guernsey County, Ohio","Private","NAICS 8139 Professional and similar organizations","County, NAICS 4-digit -- by ownership sector","All establishment sizes",7,0,0,0,0,0,0,"N",1.30,0,0,0,0,0,0,"N",0,0.0,0,0,0,0,0,0,0,0,0,0,0,0
"39059","5","81391","77","0","2021","A","N","Guernsey County, Ohio","Private","NAICS 81391 Business associations","County, NAICS 5-digit -- by ownership sector","All establishment sizes",2,0,0,0,0,0,0,"N",1.13,0,0,0,0,0,0,"N",0,0.0,0,0,0,0,0,0,0,0,0,0,0,0
"39059","5","813910","78","0","2021","A","N","Guernsey County, Ohio","Private","NAICS 813910 Business associations","County, NAICS 6-digit -- by ownership sector","All establishment sizes",2,0,0,0,0,0,0,"N",1.13,0,0,0,0,0,0,"N",0,0.0,0,0,0,0,0,0,0,0,0,0,0,0
"39059","5","81393","77","0","2021","A","","Guernsey County, Ohio","Private","NAICS 81393 Labor unions and similar labor organizations","County, NAICS 5-digit -- by ownership sector","All establishment sizes",5,22,378100,92582,1917,327,16993,"",4.39,2.23,1.06,1.24,1.20,0.47,0.47,"",0,0.0,1,4.8,1340,0.4,3084,3.4,-641,-25.1,-11,-3.3,-599,-3.4
"39059","5","813930","78","0","2021","A","","Guernsey County, Ohio","Private","NAICS 813930 Labor unions and similar labor organizations","County, NAICS 6-digit -- by ownership sector","All establishment sizes",5,22,378100,92582,1917,327,16993,"",4.39,2.23,1.06,1.24,1.20,0.47,0.47,"",0,0.0,1,4.8,1340,0.4,3084,3.4,-641,-25.1,-11,-3.3,-599,-3.4
"39059","5","814","75","0","2021","A","","Guernsey County, Ohio","Private","NAICS 814 Private households","County, NAICS 3-digit -- by ownership sector","All establishment sizes",3,4,58711,37891,784,301,15656,"",0.17,0.19,0.11,0.20,0.17,0.64,0.64,"N",1,50.0,0,0,0,0,0,0,0,0,0,0,0,0
"39059","5","8141","76","0","2021","A","","Guernsey County, Ohio","Private","NAICS 8141 Private households","County, NAICS 4-digit -- by ownership sector","All establishment sizes",3,4,58711,37891,784,301,15656,"",0.17,0.19,0.11,0.20,0.17,0.64,0.64,"N",1,50.0,0,0,0,0,0,0,0,0,0,0,0,0
"39059","5","81411","77","0","2021","A","","Guernsey County, Ohio","Private","NAICS 81411 Private households","County, NAICS 5-digit -- by ownership sector","All establishment sizes",3,4,58711,37891,784,301,15656,"",0.17,0.19,0.11,0.20,0.17,0.64,0.64,"N",1,50.0,0,0,0,0,0,0,0,0,0,0,0,0
"39059","5","814110","78","0","2021","A","","Guernsey County, Ohio","Private","NAICS 814110 Private households","County, NAICS 6-digit -- by ownership sector","All establishment sizes",3,4,58711,37891,784,301,15656,"",0.17,0.19,0.11,0.20,0.17,0.64,0.64,"N",1,50.0,0,0,0,0,0,0,0,0,0,0,0,0
